# Simulated data from SIR age-structured hybrid model
# random seed = 1041473
# Flag=0 if no issues, =1 if negative pop #'s, =2 if NaN, or=3 if NA. Flag:
0

# True SSB
19692.2465054719
18922.2959184502
15585.8903541267
14570.0933983516
11276.4013847587
10824.9487410928
12572.2109903949
21523.9887988353
56065.9214295162
68418.8329863895
62440.8730757106
64058.3033670256
63519.7732824796
59232.903122297
57653.1673180817
58195.8906700144
54115.2441939892
50025.4989639052
52050.8154667353
53725.0194405835
43633.5966011056
36285.4420781933
32883.2878874162
29356.1824191246
25802.8149298301
22848.6298886002
19936.0481300117
19297.936362914
17628.1512444379
19044.3851612276
21692.8210747163
23751.9217551844
26087.9149197633
30290.7989818523
27907.2782444824
28217.0156362815
27508.830367721
33022.0495872362
58290.1845803488
92733.0883104373
92308.1302544415
87063.8711989105
78007.2497505794
77847.9593310811
98150.4351664081
103845.898131987
90216.530632532
75382.1414960804
69218.6249125383
61964.6755349099

# True R (numbers)
12.2260653227766
13.2765361725445
61.8556627680569
59.7036402056259
220.205241821047
1283.05281317732
73.9253597815212
260.897973671287
130.154523920834
165.361885870716
97.5930067691884
109.0425437876
228.315243004167
42.9233186080203
76.1620673671836
189.590230685086
203.521800226646
59.6057420714764
75.3653618210688
61.0248375907134
44.6069764176989
38.1617040258154
31.8781914037912
41.0544064260259
43.1165312258542
17.751280334976
57.175149769392
225.684822283509
92.2668940607391
240.987758001128
71.9125478185653
69.9015436851763
66.205340779101
63.9077781595767
251.385617988309
740.133986521237
803.409511523265
179.935621913797
56.3508868902472
67.5832053534523
284.392043511651
892.390473351271
54.4143782739665
136.055343479004
35.2351915697124
70.4116587159794
155.259687717861
79.2859642506002
10.7865160466565
20.6187428968712

# True infection rate given (selected) susceptible
-999 -999 0.00823926185596552 0.00823926185596546 0.00823926185596606 0.00823926185596421 0.00823926185596481 0.00823926185596497
-999 -999 0.0378104467893765 0.0378104467893763 0.0378104467893766 0.0378104467893773 0.0378104467893766 0.0378104467893772
-999 -999 0.0671062401554347 0.0671062401554339 0.0671062401554336 0.0671062401554337 0.0671062401554345 0.0671062401554339
-999 -999 0.114883534541441 0.114883534541441 0.114883534541441 0.114883534541441 0.114883534541441 0.114883534541442
-999 -999 0.042058556020612 0.0420585560206128 0.0420585560206123 0.042058556020613 0.0420585560206119 0.0420585560206115
-999 -999 0.03859520838591 0.0385952083859099 0.0385952083859096 0.03859520838591 0.0385952083859105 0.03859520838591
-999 -999 0.0155961320767046 0.015596132076704 0.0155961320767044 0.0155961320767044 0.0155961320767042 0.0155961320767047
-999 -999 0.665241282835036 0.665241282835036 0.665241282835036 0.665241282835036 0.665241282835036 0.665241282835036
-999 -999 0.951261132503549 0.95126113250355 0.95126113250355 0.95126113250355 0.951261132503549 0.95126113250355
-999 -999 0.900804492864315 0.900804492864315 0.900804492864316 0.900804492864315 0.900804492864315 0.900804492864316
-999 -999 0.0126884034078972 0.0126884034078975 0.0126884034078975 0.0126884034078983 0.0126884034078973 0.0126884034078974
-999 -999 0.561691593610546 0.561691593610545 0.561691593610545 0.561691593610546 0.561691593610545 0.561691593610546
-999 -999 0.0138206532808386 0.0138206532808382 0.0138206532808384 0.0138206532808389 0.0138206532808382 0.0138206532808378
-999 -999 0.314437501073985 0.314437501073985 0.314437501073984 0.314437501073985 0.314437501073985 0.314437501073985
-999 -999 0.0325822282506135 0.0325822282506136 0.0325822282506133 0.032582228250613 0.0325822282506141 0.0325822282506134
-999 -999 0.536952959761659 0.536952959761659 0.53695295976166 0.536952959761659 0.536952959761659 0.536952959761659
-999 -999 0.271418617071243 0.271418617071242 0.271418617071241 0.271418617071241 0.271418617071242 0.271418617071242
-999 -999 0.0104152726407869 0.0104152726407879 0.010415272640787 0.0104152726407878 0.0104152726407862 0.0104152726407868
-999 -999 0.359257135058312 0.359257135058311 0.359257135058312 0.359257135058312 0.359257135058311 0.359257135058312
-999 -999 0.570468834993795 0.570468834993795 0.570468834993795 0.570468834993795 0.570468834993795 0.570468834993794
-999 -999 0.0205257243299537 0.0205257243299542 0.0205257243299536 0.020525724329954 0.0205257243299546 0.0205257243299553
-999 -999 0.00770858371614797 0.0077085837161481 0.00770858371614777 0.00770858371614763 0.00770858371614761 0.00770858371614729
-999 -999 0.0121202847191527 0.0121202847191533 0.0121202847191528 0.0121202847191529 0.012120284719153 0.0121202847191527
-999 -999 0.0836133740600918 0.0836133740600921 0.0836133740600919 0.0836133740600924 0.0836133740600919 0.0836133740600924
-999 -999 0.0483716167241892 0.0483716167241888 0.0483716167241891 0.048371616724189 0.0483716167241893 0.0483716167241898
-999 -999 0.0754837657664915 0.0754837657664911 0.0754837657664906 0.0754837657664907 0.0754837657664906 0.0754837657664911
-999 -999 0.0421420748598343 0.0421420748598343 0.042142074859834 0.0421420748598341 0.0421420748598338 0.0421420748598348
-999 -999 0.0585744620594593 0.0585744620594601 0.0585744620594606 0.0585744620594611 0.0585744620594604 0.0585744620594607
-999 -999 0.0498568881453069 0.049856888145307 0.0498568881453077 0.0498568881453072 0.049856888145307 0.0498568881453072
-999 -999 0.0375497766397498 0.0375497766397507 0.0375497766397498 0.0375497766397501 0.0375497766397493 0.0375497766397504
-999 -999 0.644824511335941 0.644824511335942 0.644824511335941 0.644824511335942 0.644824511335942 0.644824511335941
-999 -999 0.440441769919895 0.440441769919895 0.440441769919895 0.440441769919895 0.440441769919895 0.440441769919895
-999 -999 0.355485479703536 0.355485479703536 0.355485479703535 0.355485479703536 0.355485479703536 0.355485479703536
-999 -999 0.536660515780967 0.536660515780967 0.536660515780967 0.536660515780967 0.536660515780968 0.536660515780967
-999 -999 0.00235401022330221 0.00235401022330338 0.00235401022330195 0.00235401022330208 0.0023540102233023 0.00235401022330203
-999 -999 0.00480544571768962 0.00480544571768892 0.00480544571768917 0.00480544571769027 0.00480544571768937 0.00480544571768939
-999 -999 0.0194102357533443 0.0194102357533439 0.0194102357533441 0.019410235753343 0.0194102357533448 0.019410235753345
-999 -999 0.638782485445216 0.638782485445216 0.638782485445216 0.638782485445216 0.638782485445216 0.638782485445217
-999 -999 0.898510107012396 0.898510107012397 0.898510107012396 0.898510107012396 0.898510107012397 0.898510107012396
-999 -999 0.908097193759999 0.908097193759999 0.908097193759999 0.908097193759999 0.908097193759999 0.908097193759999
-999 -999 0.796037287138961 0.796037287138961 0.796037287138961 0.796037287138961 0.796037287138961 0.796037287138961
-999 -999 0.00393508436590255 0.00393508436590241 0.00393508436590212 0.00393508436590212 0.00393508436590238 0.00393508436590221
-999 -999 0.00316638737418425 0.00316638737418286 0.00316638737418397 0.00316638737418356 0.00316638737418405 0.00316638737418406
-999 -999 0.422300824617553 0.422300824617552 0.422300824617553 0.422300824617552 0.422300824617553 0.422300824617553
-999 -999 0.89718113526458 0.897181135264579 0.897181135264579 0.897181135264579 0.897181135264579 0.89718113526458
-999 -999 0.831986130815599 0.831986130815599 0.831986130815599 0.831986130815599 0.831986130815598 0.831986130815598
-999 -999 0.00245690813294001 0.00245690813294052 0.00245690813293988 0.00245690813293996 0.00245690813294019 0.00245690813293985
-999 -999 0.00357206898299102 0.00357206898299227 0.0035720689829924 0.00357206898299222 0.00357206898299148 0.00357206898299157
-999 -999 0.00608615822335423 0.00608615822335454 0.00608615822335419 0.0060861582233555 0.00608615822335465 0.00608615822335548
-999 -999 0.0179348383880333 0.0179348383880343 0.0179348383880347 0.0179348383880341 0.0179348383880345 0.017934838388034

# Duration of outbreak (days) based on incidence
0
0
0
0
0
0
0
0
4
0
0
0
0
0
0
0
0
0
0
0
0
0
0
0
0
0
0
0
0
0
0
0
0
0
0
0
0
0
0
0
0
0
0
0
0
0
0
0
0
0

# Duration of outbreak (days) based on prevalence
0
0
0
0
0
0
0
32
26
21
0
0
0
0
0
0
0
0
0
0
0
0
0
0
0
0
0
0
0
0
27
0
0
0
0
0
0
23
26
23
11
0
0
0
22
11
0
0
0
0

# Peak (point) prevalence
0.00113584112779716
0.00762197900903263
0.0139512352927538
0.0228593895303793
0.00715090215807156
0.00747007820228027
0.00318597032722041
0.191289905570868
0.566653425236876
0.259758998125425
0.000461268295866128
0.0516626032711622
0.000870272731406012
0.0305479339824188
0.0028532789543186
0.0655563827156284
0.021843714485643
0.000553459527012777
0.0373029002137023
0.0758671879930458
0.00155498251519921
0.000532046524682581
0.00102042228802109
0.0106081984375178
0.00593887427902902
0.0105210509944442
0.0057285479418987
0.00929583833438063
0.00813196246935159
0.00661895361673122
0.156924822708455
0.0578920648470119
0.0467548545143956
0.0724994588291715
0.000104545501871774
0.000372198121419782
0.00255739113408162
0.135346555904928
0.364104316312191
0.319803387177265
0.119260437423554
7.32317816620987e-05
8.0546484943601e-05
0.036281995002703
0.279602158229477
0.129205634741908
3.63427555766169e-05
8.52152246718646e-05
0.000181551759298701
0.00109837380933295

# Day of peak prevalence
119
119
119
119
119
119
119
69
15
19
119
74
119
109
119
76
110
119
100
67
119
119
119
119
119
119
119
119
119
119
66
91
107
80
110
119
119
68
24
19
34
93
94
91
23
29
70
119
107
119

# Total immunity
0.20210579945513
0.187795197619665
0.133300562333989
0.111566210427739
0.0571982532651552
0.0109746210936915
0.0112522051295794
0.00937054394880365
0.0582412506229947
0.248232856766362
0.393170836561866
0.335904831291374
0.319198664430642
0.301133296040777
0.320807572753368
0.239621482916936
0.267479269970557
0.280393217402654
0.248850603794439
0.292368726414786
0.405439228675627
0.36426767721608
0.327716576684524
0.282775493996403
0.257612785213396
0.250030456106307
0.20534351865933
0.0988279129832425
0.0840002316361185
0.0546560056471238
0.050255244589111
0.145474975679276
0.186494714179112
0.219047058322648
0.188594064874538
0.0707012085434185
0.0378322856114166
0.0340799592234218
0.0844965264037573
0.230634829743164
0.366234133406252
0.253421254134854
0.244294944741544
0.218921211809306
0.265826270662612
0.494262887480196
0.567008255200592
0.50420554460425
0.495859288372924
0.476550480118627

# Observed immunity (based on survey selectivity)
0.296782743002161
0.246462888640525
0.244698536425599
0.270391878186377
0.308872773940158
0.249561250908917
0.178042317197281
0.0757921217624743
0.135177039447852
0.472991722414019
0.748725696191724
0.607981233413942
0.664581758881988
0.560820886575741
0.576853739025923
0.462390615076715
0.60137206282497
0.619158146869297
0.48666912629968
0.476036166057012
0.617974003660588
0.553339697126449
0.489700598561861
0.439813515524377
0.42786735943424
0.401383425224254
0.382576431729647
0.3429236213175
0.32587411261261
0.274697604683124
0.169922762668858
0.388280437483072
0.407256831758146
0.424233196278531
0.576401918355043
0.471671649342719
0.374002149750722
0.229922511565581
0.258699984148305
0.384299320927629
0.618727307722323
0.812060716010699
0.746946865249796
0.575031652892767
0.428760822694829
0.648326186823244
0.844020483450114
0.778437666032311
0.721459075268907
0.625570963567341

# True total proportion of susceptible
1 1 1 0.999745550635429 0.984554807307683 0.847161199141827 0.607886422349566 0.379929045373224
1 1 1 0.999695073289225 0.99669396957083 0.978802282503764 0.841645843942673 0.475442009862337
1 1 1 0.998573016458474 0.985353453518807 0.969350485591126 0.950308297194247 0.554924531937859
1 1 1 0.997581907775714 0.974186213305626 0.938950859143041 0.920935756120783 0.595544837479802
1 1 1 0.995627814129062 0.953184814701412 0.889629239764535 0.851831361614357 0.601932689012562
1 1 1 0.998421669783405 0.979791120365805 0.923698015954169 0.859890284155824 0.617751056397143
1 1 1 0.998567053402225 0.984028823150752 0.952601724433321 0.896072292595216 0.601960206475707
1 1 1 0.999415494314988 0.99271498599098 0.972983023442492 0.941194258221392 0.61354133927852
1 1 1 0.975446297311365 0.728181673053496 0.420053548834654 0.372477799916328 0.226310271343484
1 1 1 0.965972395043198 0.59063918624574 0.0804362032227193 0.0193203157640209 0.0121408263573167
1 1 1 0.967788139006468 0.607110104701789 0.0950643646774227 0.00746440514737675 0.00127952632360155
1 1 1 0.999537025276368 0.963229579053027 0.600846946188453 0.093840616550756 0.0047759328276313
1 1 1 0.979621037944625 0.778334647626326 0.516507760113844 0.283070696086214 0.033312538951912
1 1 1 0.999488624096801 0.974552254337351 0.770022386954797 0.510113393571307 0.0478145090443334
1 1 1 0.988508672828018 0.879267077060484 0.739061518946112 0.560602104764157 0.107155757803015
1 1 1 0.998800708592591 0.976539544461747 0.858022822573884 0.719206958218884 0.16307244609186
1 1 1 0.980381641622938 0.7866480781566 0.544860389331649 0.444293048406085 0.126048667083428
1 1 1 0.990051060139091 0.878170855478438 0.613978815033544 0.409445183048243 0.119107212562477
1 1 1 0.999621779268934 0.986283254762989 0.87151147739796 0.608552983056307 0.158410688065234
1 1 1 0.986707482120662 0.859529959432074 0.707480385858307 0.60167583150857 0.179865163316719
1 1 1 0.978677221252751 0.756397833925988 0.429906888827566 0.321251896498131 0.0848767856713627
1 1 1 0.999227707496812 0.971020859234523 0.744078199134674 0.421617996359256 0.108589874323186
1 1 1 0.999717236522291 0.996398769854794 0.965729619753699 0.739400123114957 0.189102904163667
1 1 1 0.999554594756366 0.995257376875693 0.987928989147298 0.956973981562623 0.337223328085436
1 1 1 0.996905606074815 0.968251081222232 0.935220498617652 0.924928574905235 0.365394083395499
1 1 1 0.9982131396944 0.978948410001587 0.934493266197928 0.900409018085101 0.417137617923935
1 1 1 0.997186995061796 0.969810307097018 0.925032158345553 0.87928259990879 0.439103015748211
1 1 1 0.998459558753779 0.981717799955915 0.940731127546939 0.895278608603145 0.466934540744381
1 1 1 0.997835909560003 0.976660151193294 0.940373442113026 0.898290803397568 0.487537752150797
1 1 1 0.99819629617236 0.979696950811102 0.942395122826602 0.90510050549378 0.507885147279635
1 1 1 0.998560132601134 0.983737493040818 0.952385377608931 0.914297565532526 0.547382497144119
1 1 1 0.976223155551827 0.736936390111566 0.437315973097967 0.385541291005306 0.22658771054385
1 1 1 0.983522826751576 0.802968983782711 0.454040610423227 0.24788383537878 0.131224842973103
1 1 1 0.987032293332474 0.848413685207853 0.569767256601847 0.301690913361281 0.101899504324861
1 1 1 0.980236327106806 0.774860276161726 0.458929306886273 0.276904172968703 0.095223062730716
1 1 1 0.999914700987521 0.979387658510605 0.773477581687777 0.457963685782693 0.134881588059628
1 1 1 0.99982299922489 0.998144089246843 0.976061564498115 0.770470320327439 0.266873417779581
1 1 1 0.999276301651524 0.992568755694122 0.984340204961943 0.961715364183644 0.344966294889364
1 1 1 0.976860639793647 0.745197656992072 0.459956374722729 0.420716220216938 0.174290607574635
1 1 1 0.967890318094401 0.616295232036161 0.128238312483873 0.0491779125886211 0.0215418072016601
1 1 1 0.967411724707311 0.603752629828254 0.0929930662553923 0.010697216005708 0.00209131481321413
1 1 1 0.971537710570712 0.654926220227623 0.165083949728649 0.0185652872898978 0.00113082612912567
1 1 1 0.999857339248442 0.970126295897335 0.652879609848495 0.164443386187614 0.0116863210547151
1 1 1 0.999884708662675 0.998704290682604 0.967972235834236 0.651148565406452 0.0834291390300311
1 1 1 0.984423688992102 0.834145119658289 0.662507808417796 0.619410417315481 0.0932576743551419
1 1 1 0.967945305449712 0.622519062957397 0.149264209088128 0.0768400729077094 0.0117204611959866
1 1 1 0.970177271627082 0.638537906901489 0.146078832875264 0.0244011471119976 0.00243427344252244
1 1 1 0.99991008452676 0.969282700554837 0.637268328862786 0.145719512573498 0.00767461165116696
1 1 1 0.999871324458227 0.998622995380546 0.966879517710996 0.635371034067927 0.0724489668930433
1 1 1 0.999777689784731 0.997647088203243 0.994397609658664 0.962514176198622 0.0945341442962284

# True vulnerable proportion of susceptible
0 0 0.05 0.499872775317715 0.935327066942299 0.847161199141827 0.607886422349566 0.379929045373224
0 0 0.05 0.499847536644613 0.946859271092288 0.978802282503764 0.841645843942673 0.475442009862337
0 0 0.05 0.499286508229237 0.936085780842866 0.969350485591126 0.950308297194247 0.554924531937859
0 0 0.05 0.498790953887857 0.925476902640345 0.938950859143041 0.920935756120783 0.595544837479802
0 0 0.05 0.497813907064531 0.905525573966341 0.889629239764535 0.851831361614357 0.601932689012562
0 0 0.05 0.499210834891702 0.930801564347515 0.923698015954169 0.859890284155824 0.617751056397143
0 0 0.05 0.499283526701113 0.934827381993214 0.952601724433321 0.896072292595216 0.601960206475707
0 0 0.05 0.499707747157494 0.943079236691431 0.972983023442492 0.941194258221392 0.61354133927852
0 0 0.05 0.487723148655682 0.691772589400821 0.420053548834654 0.372477799916328 0.226310271343484
0 0 0.05 0.482986197521599 0.561107226933453 0.0804362032227193 0.0193203157640209 0.0121408263573167
0 0 0.05 0.483894069503234 0.576754599466699 0.0950643646774227 0.00746440514737675 0.00127952632360155
0 0 0.05 0.499768512638184 0.915068100100376 0.600846946188453 0.093840616550756 0.0047759328276313
0 0 0.05 0.489810518972312 0.739417915245009 0.516507760113844 0.283070696086214 0.033312538951912
0 0 0.05 0.499744312048401 0.925824641620484 0.770022386954797 0.510113393571307 0.0478145090443334
0 0 0.05 0.494254336414009 0.83530372320746 0.739061518946112 0.560602104764157 0.107155757803015
0 0 0.05 0.499400354296295 0.92771256723866 0.858022822573884 0.719206958218884 0.16307244609186
0 0 0.05 0.490190820811469 0.74731567424877 0.544860389331649 0.444293048406085 0.126048667083428
0 0 0.05 0.495025530069546 0.834262312704516 0.613978815033544 0.409445183048243 0.119107212562477
0 0 0.05 0.499810889634467 0.936969092024839 0.87151147739796 0.608552983056307 0.158410688065234
0 0 0.05 0.493353741060331 0.816553461460471 0.707480385858307 0.60167583150857 0.179865163316719
0 0 0.05 0.489338610626376 0.718577942229688 0.429906888827566 0.321251896498131 0.0848767856713627
0 0 0.05 0.499613853748406 0.922469816272796 0.744078199134674 0.421617996359256 0.108589874323186
0 0 0.05 0.499858618261146 0.946578831362054 0.965729619753699 0.739400123114957 0.189102904163667
0 0 0.05 0.499777297378183 0.945494508031909 0.987928989147298 0.956973981562623 0.337223328085436
0 0 0.05 0.498452803037408 0.91983852716112 0.935220498617652 0.924928574905235 0.365394083395499
0 0 0.05 0.4991065698472 0.930000989501508 0.934493266197928 0.900409018085101 0.417137617923935
0 0 0.05 0.498593497530898 0.921319791742167 0.925032158345553 0.87928259990879 0.439103015748211
0 0 0.05 0.499229779376889 0.932631909958119 0.940731127546939 0.895278608603145 0.466934540744381
0 0 0.05 0.498917954780001 0.927827143633629 0.940373442113026 0.898290803397568 0.487537752150797
0 0 0.05 0.49909814808618 0.930712103270547 0.942395122826602 0.90510050549378 0.507885147279635
0 0 0.05 0.499280066300567 0.934550618388777 0.952385377608931 0.914297565532526 0.547382497144119
0 0 0.05 0.488111577775913 0.700089570605988 0.437315973097967 0.385541291005306 0.22658771054385
0 0 0.05 0.491761413375788 0.762820534593576 0.454040610423227 0.24788383537878 0.131224842973103
0 0 0.05 0.493516146666237 0.80599300094746 0.569767256601847 0.301690913361281 0.101899504324861
0 0 0.05 0.490118163553403 0.73611726235364 0.458929306886273 0.276904172968703 0.095223062730716
0 0 0.05 0.499957350493761 0.930418275585074 0.773477581687777 0.457963685782693 0.134881588059628
0 0 0.05 0.499911499612445 0.948236884784501 0.976061564498115 0.770470320327439 0.266873417779581
0 0 0.05 0.499638150825762 0.942940317909416 0.984340204961943 0.961715364183644 0.344966294889364
0 0 0.05 0.488430319896824 0.707937774142469 0.459956374722729 0.420716220216938 0.174290607574635
0 0 0.05 0.483945159047201 0.585480470434352 0.128238312483873 0.0491779125886211 0.0215418072016601
0 0 0.05 0.483705862353655 0.573564998336841 0.0929930662553923 0.010697216005708 0.00209131481321413
0 0 0.05 0.485768855285356 0.622179909216242 0.165083949728649 0.0185652872898978 0.00113082612912567
0 0 0.05 0.499928669624221 0.921619981102468 0.652879609848495 0.164443386187614 0.0116863210547151
0 0 0.05 0.499942354331337 0.948769076148474 0.967972235834236 0.651148565406452 0.0834291390300311
0 0 0.05 0.492211844496051 0.792437863675374 0.662507808417796 0.619410417315481 0.0932576743551419
0 0 0.05 0.483972652724856 0.591393109809527 0.149264209088128 0.0768400729077094 0.0117204611959866
0 0 0.05 0.485088635813541 0.606611011556415 0.146078832875264 0.0244011471119976 0.00243427344252244
0 0 0.05 0.49995504226338 0.920818565527095 0.637268328862786 0.145719512573498 0.00767461165116696
0 0 0.05 0.499935662229113 0.948691845611519 0.966879517710996 0.635371034067927 0.0724489668930433
0 0 0.05 0.499888844892365 0.947764733793081 0.994397609658664 0.962514176198622 0.0945341442962284

# True survival by age
0.77689708834265 0.77689708834265 0.776821612149733 0.776142654859058 0.775493469172773 0.775700207119089 0.776189660688671 0.776655963712206
0.737682739384124 0.737682739384124 0.73725914989936 0.733448323234805 0.729663174891288 0.72940353628033 0.730649636998933 0.7339766908769
0.889661484451645 0.889661484451645 0.888747757796415 0.880537662229741 0.872559116950194 0.871955768636425 0.872309168231708 0.879647004603847
0.72066687193263 0.72066687193263 0.719341132160319 0.707443092219375 0.696144698854518 0.695810177094983 0.696299469046768 0.705137118072608
0.749590796668772 0.749590796668772 0.749109805591702 0.744804497677163 0.740907448534119 0.741097900607436 0.741483830648048 0.74403538670319
0.785722061256374 0.785722061256374 0.785262093372131 0.78113045959846 0.777169750337333 0.777264147446065 0.777884181806667 0.78023710420382
0.75218654803019 0.75218654803019 0.75202602479282 0.750584454824561 0.749194668415664 0.749156004326973 0.749370586699047 0.750487018742367
0.776285406378815 0.776285406378815 0.768168207975928 0.695161181889198 0.623186095117301 0.618341997639556 0.623519791931931 0.676888313854146
0.755356067679706 0.755356067679706 0.744447152680644 0.648959683178142 0.604583753145551 0.664045437231591 0.674452991893635 0.7064282435297
0.806308275009174 0.806308275009174 0.795270886263722 0.699706290226999 0.68263931521703 0.788988428504265 0.802508619731752 0.804096882190674
0.810792431308344 0.810792431308344 0.810653615712227 0.809463961638822 0.809373785271494 0.810949092672208 0.811233011584391 0.811253057302186
0.856259581876596 0.856259581876596 0.848808784887579 0.781786275411194 0.719913201260336 0.766868752240474 0.842604883931794 0.855909283149689
0.775659278302136 0.775659278302136 0.775514969786426 0.774256577318405 0.773644575641417 0.77442894568128 0.775228408129182 0.776083766161199
0.850881304098717 0.850881304098717 0.846698940362274 0.8090792463561 0.773448151570082 0.786557386464243 0.8083956611758 0.847239296048603
0.801332595037246 0.801332595037246 0.800942091136967 0.797478004106154 0.794867370593626 0.795687037918878 0.797167383508224 0.800928783840097
0.826985759090217 0.826985759090217 0.820060560704697 0.757817343457823 0.698503960337542 0.708207151425201 0.727493299762941 0.8047589116327
0.83430373084653 0.83430373084653 0.830755618924392 0.799526796391909 0.781360663782934 0.79582721551558 0.803005238950193 0.825720024943775
0.827247709266018 0.827247709266018 0.827134068287993 0.826126871345525 0.825403818003656 0.826017759742963 0.826570325262051 0.827354698716017
0.801362773540712 0.801362773540712 0.796813700504416 0.755889432150752 0.716122609465796 0.722133702763085 0.74618558462098 0.787358505562257
0.709484603140699 0.709484603140699 0.703045046235794 0.64595386125926 0.604413254763471 0.618562109246841 0.632259225030395 0.686865471391622
0.724369695318837 0.724369695318837 0.724160136881673 0.722332408488397 0.721513545494518 0.722931867805849 0.723456631681072 0.724598237018337
0.793548847760457 0.793548847760457 0.793477045964629 0.792831771646504 0.792238681752511 0.79260867606947 0.793233462540129 0.793839973774384
0.791315065154606 0.791315065154606 0.791188214911803 0.79004706455109 0.78891541304987 0.788882352508429 0.789571122320647 0.791245796270753
0.792444915869796 0.792444915869796 0.791412690729748 0.78212748646894 0.772928041392199 0.772055694991431 0.772710342224051 0.785817043913706
0.792412335519497 0.792412335519497 0.791826605274941 0.786574717178076 0.781652789279587 0.781489240077061 0.781614992123459 0.788451673904679
0.770819759874609 0.770819759874609 0.769912034138007 0.761759702222905 0.753947588010861 0.753890412338466 0.75452788730113 0.763566473593371
0.829340375488 0.829340375488 0.828810306982895 0.824055794355373 0.819585927591345 0.819565562943217 0.82006997446736 0.824923172236465
0.799406697864412 0.799406697864412 0.798684846573704 0.792200058165009 0.785951209712483 0.785854329884787 0.786532762345515 0.792926302830148
0.870250829610318 0.870250829610318 0.869590107040218 0.863658617787172 0.857997816860677 0.857844017367583 0.858414024897057 0.863977657290642
0.684130814802404 0.684130814802404 0.683741220220138 0.680243176618527 0.676893220717444 0.676828669642343 0.677145741887855 0.680522796663791
0.769230549808241 0.769230549808241 0.761440805363524 0.691446061604594 0.62364131069701 0.620880040670739 0.626834936939271 0.684200825198504
0.759366894533643 0.759366894533643 0.754030833224529 0.707288613055375 0.684802775368874 0.713017480445582 0.718572518849188 0.735627056089488
0.858461598200167 0.858461598200167 0.853699410916385 0.811630298579873 0.785878256772286 0.815412541139899 0.835121495477577 0.846274302625958
0.802895451535223 0.802895451535223 0.796125670088998 0.736081769404491 0.69384054591765 0.725958711446987 0.762384216919567 0.789531345887602
0.817284490894086 0.817284490894086 0.817276923675103 0.81721922127382 0.817274548709565 0.81745888199212 0.817568464796556 0.817677840491793
0.774046298232274 0.774046298232274 0.774014236186899 0.773725751347286 0.773460844984154 0.773673056290413 0.774046341188122 0.774428580035174
0.757731907376757 0.757731907376757 0.757523923254268 0.75565253598535 0.753788609406262 0.753685555610884 0.754658877209395 0.75704303390912
0.857458130363451 0.857458130363451 0.848993653257746 0.772874877376132 0.697830873593718 0.69082527087489 0.694663572797443 0.799294989283516
0.849511871080285 0.849511871080285 0.837913560804919 0.736221304504196 0.685390709110449 0.743022015869 0.752139263331946 0.80939498314152
0.749122195359373 0.749122195359373 0.738756622335369 0.648813809006469 0.627972327212437 0.723052529404376 0.739489416868098 0.745235043689904
0.875323171695734 0.875323171695734 0.864712134305244 0.772681132131797 0.753726994550403 0.855877020365178 0.873368120745527 0.875197212749128
0.809210981612044 0.809210981612044 0.809184546090697 0.808967476189453 0.809043587208219 0.809514595743729 0.809660659627642 0.809678039974069
0.790347590261752 0.790347590261752 0.790333658426058 0.790208364285534 0.790105976016678 0.790342093413628 0.790726430975872 0.790846631475311
0.805533445192704 0.805533445192704 0.800175571567996 0.751960940998702 0.703866365884806 0.701823235018354 0.735924094992094 0.797029758710635
0.846950801789854 0.846950801789854 0.835407365900997 0.733320473220717 0.664065456854428 0.69412823393473 0.704094643620981 0.825769150122736
0.828123624022612 0.828123624022612 0.817616505637132 0.7264341466588 0.704007994469612 0.797120006115588 0.812370298097526 0.826082482249512
0.756907970149725 0.756907970149725 0.756907393870525 0.756919563092041 0.75710925325605 0.757398316341722 0.757469829496101 0.757482740001573
0.846080553698798 0.846080553698798 0.846052870162689 0.845803777978823 0.845582594630652 0.84586790057923 0.846330023995065 0.846459805166414
0.78352361854895 0.78352361854895 0.783474533855538 0.783032901998127 0.782593012962696 0.78259174181803 0.783090369933052 0.783937071550382
0.743065153135095 0.743065153135095 0.742881044300544 0.741224608172299 0.73957673512017 0.739406984606625 0.739543616045416 0.743263207937877

# True Numbers-at-age
12.2260653227766 3.59742714562926 26.6377360202454 32.6695097388262 20.9954385776903 23.5583925123059 27.6134857413862 35.9095501442597
13.2765361725445 9.49839455115216 2.79483067496418 20.6927690392661 25.3562000216364 16.2818254994169 18.2742499511885 49.3226684017998
61.8556627680569 9.79387157329508 7.00680171224517 2.06051448753674 15.1770767549348 18.5014854109658 11.8760210963739 49.5537630320353
59.7036402056259 55.0306007599698 8.71323032242647 6.22727931108197 1.81436060984612 13.2428966911712 16.1324769324342 53.9493813024589
220.205241821047 43.0264356299796 39.6587309102609 6.26778496490788 4.40544573194557 1.26305752035483 9.2145422919344 49.2747463758793
1283.05281317732 165.063822647278 32.2522201616941 29.7087442021992 4.66827443233669 3.26402755691132 0.936049276681396 43.4945890907709
73.9253597815212 1008.12290107047 129.694286969276 25.3264459200707 23.2064050127569 3.62804167508526 2.53701159626314 34.6642301664402
260.897973671287 55.6056611859523 758.296484946381 97.533479067844 19.00963660356 17.386114908652 2.71796920483861 27.9162166229649
130.154523920834 202.531289514824 43.1658632906996 582.499251955706 67.8014885825678 11.8465412045715 10.7505650238068 20.5908683921842
165.361885870716 98.3130093795657 152.983238430018 32.1347040197633 378.01853000068 40.9916784361041 7.86664163387172 21.7967217358954
97.5930067691884 133.332656948681 79.2705930037983 121.663115609735 22.4848545372112 258.050310459012 32.3419599510539 23.8397237093339
109.0425437876 79.127671237082 108.105109100223 64.2609928381815 98.4819075467778 18.1986518280615 209.265665130518 45.5769143160718
228.315243004167 93.3687229503312 67.7538266883326 91.7605662954991 50.2383622451873 70.8984253282252 13.9559774198444 215.337975538653
42.9233186080203 177.094836613989 72.422316259646 52.544106857117 71.0462219927517 38.8666364400977 54.9057927774005 177.939377212639
76.1620673671836 36.5226493134371 150.68668552726 61.3198984356237 42.5123463764106 54.9505690763315 30.5708399789792 195.142837343631
189.590230685086 61.0311470867468 29.2667893519718 120.691309012702 48.9012702164333 33.7916769819829 43.723455540303 180.665591906432
203.521800226646 156.788420839195 50.47188950168 24.0005396860043 91.4619671744532 34.1577309117149 23.9315072972907 177.200766060151
59.6057420714764 169.798997237693 130.809164459676 41.9298058012517 19.1890746068279 71.4647833823236 27.1836518798006 165.535346706943
75.3653618210688 49.30871358773 140.465831500548 108.196716368885 34.6393392827135 15.8387354444327 59.0311802699831 159.425646877671
61.0248375907134 60.394995377831 39.5141674803879 111.925098992382 81.7847544966525 24.8060140373078 11.4376846735731 169.573354834523
44.6069764176989 43.2961826797729 42.8493193273248 27.7802397032182 72.2984498659538 49.4317896553532 15.3440603649239 123.705663951729
38.1617040258154 32.3119419167831 31.3624426562158 31.029768949362 20.0665674532106 52.164310896542 35.7358160245303 100.737668236524
31.8781914037912 30.2831762582614 25.641104276966 24.8853783530892 24.6013866899044 15.8975109464294 41.3458853977844 108.31643299281
41.0544064260259 25.2256931077021 23.9635335938945 20.2869395212601 19.6606201181013 19.4084131420655 12.5412658344477 118.350439409473
43.1165312258542 32.5333556463565 19.9899722524903 18.9650446009368 15.8669730159106 15.1962446004401 14.9843758970782 102.692558257499
17.751280334976 34.1660712081785 25.7798323300158 15.8285918682296 14.9174245932514 12.4024637153104 11.8757016448231 92.680132304449
57.175149769392 13.6830376452731 26.3358828045469 19.8482031489392 12.0575834281505 11.2469562914158 9.35009848434826 79.7279898681621
225.684822283509 47.4176601783302 11.3478955785472 21.8274511119021 16.3560268124259 9.88222569847074 9.21761806437197 73.4372013434078
92.2668940607391 180.413958539777 37.9059951436158 9.06339223908639 17.2917080404427 12.855039059316 7.76598985404194 65.4802471498379
240.987758001128 80.2953411019256 157.005397092522 32.9626783744028 7.82767681367233 14.836247748492 11.0276183500608 63.239905139247
71.9125478185653 164.867151238716 54.9325171328973 107.351061789189 22.4226370472586 5.29850136914193 10.0415978260961 50.5035019150212
69.9015436851763 55.3173286965864 126.820849392676 41.8278600863189 74.2274688832059 13.9836827574357 3.28973374556681 40.8489620257622
66.205340779101 53.0809181513202 42.0061481062236 95.6268307378023 29.5843691475268 50.8311766998261 9.97061024705713 32.4135139432179
63.9077781595767 56.8347426546137 45.5679298301146 35.8606238931495 77.6136331839694 23.2497124533662 41.4483789619364 35.7573948482998
251.385617988309 51.3112644020462 45.6323563665643 36.2777986705684 26.3963514872185 53.8514856190176 16.8783312941587 59.8311740174939
740.133986521237 205.45356681567 41.9359006039582 37.2942718313117 29.6469143790903 21.5730662492955 44.0213752277369 62.7218165692061
803.409511523265 572.897972462659 159.030572852287 32.4589840747824 28.8555384936316 22.9307274468241 16.690500098648 82.6481517720161
179.935621913797 608.769021571152 434.103073406408 120.469463464438 24.5277136316174 21.7509762347834 17.2825580563213 75.1638416289775
56.3508868902472 154.287261951989 521.993947059588 368.550754181722 93.1078218026458 17.1161958308081 15.0261240491875 72.0836455158249
67.5832053534523 47.8707473591674 131.068860584689 437.385806899313 271.334917019673 63.8152360090447 12.7177103302156 69.6458789201507
284.392043511651 50.6280791638015 35.8610393551934 96.8279887388898 283.781951379711 170.390819294837 46.141767810877 61.3071618158688
892.390473351271 248.93494553165 44.3159308305215 31.0094758792336 74.8171599608103 213.894117321078 145.833586715647 93.9546061836702
54.4143782739665 722.132170921819 201.440891631207 35.8597663736822 25.0856574399814 60.5303434794251 173.150409915135 194.148699397385
136.055343479004 43.0062727444208 570.735421138547 159.205516839499 28.3366873298088 19.8203278556365 47.8396783805748 290.456450577938
35.2351915697124 109.597129569519 34.6429910487104 456.688541823638 119.716330254814 19.9452411320466 13.9103666147672 266.708806737019
70.4116587159794 29.8424737511871 92.8233767627704 28.941009898935 334.899057604589 79.4994795435988 13.8445550023898 230.034119293739
155.259687717861 58.3095579893202 24.7132575126327 75.8939249502153 21.0237378293767 235.77161389397 63.3706256199795 201.274061542571
79.2859642506002 117.517295076606 44.134969178024 18.705647337938 57.4455965146571 15.9172664486504 178.573023404463 200.462964611939
10.7865160466565 67.0823125336909 99.4290980876 37.340517347609 15.8213071879675 48.5749965509693 13.4639047538801 320.815553151274
20.6187428968712 8.45149008441265 52.5605762570291 77.900166275859 29.2388536608097 12.3816444612398 38.0143911596279 262.042659399685

