# Simulated data from SIR age-structured hybrid model
# random seed = 9110455
# Flag=0 if no issues, =1 if negative pop #'s, =2 if NaN, or=3 if NA. Flag:
0

# Number of years (nyr)
50

# Starting age
0

# Ending age
8

# Sample size for comp data
200

# Sample size for fishery age comp data
200

# Sample size for antibody prevalence data
200

# Survey data
6330.27999753167
12129.7753448846
8996.92004413735
30459.7453095363
22536.3947555835
35614.290606953
25778.1011995866
15987.0989459412
27381.9754191434
21154.2186804577
27447.1642673567
16020.2341303648
29685.9343588676
22928.5954803165
15830.6910751154
14945.1175382742
16100.7117436506
13248.4320569452
19447.9066553563
20509.3908395888
21403.3826279982
5921.88509099311
11927.7650849683
13095.8192193392
12257.9359742905
32514.3482076225
53831.3621852753
32317.7020817323
30575.6823410306
30126.99846535
20532.4583927527
34012.7229749039
18859.2891647104
9068.40672780885
21328.6089462781
12826.0096183692
12949.7046946597
14145.0996324786
28496.5619010165
27144.4264304075
24216.0790525196
28076.1257336961
14889.1768933612
11940.1753688183
14217.165099929
13295.7740273943
8947.29964081427
8845.56911705443
8124.35597846408
5287.3751438259

# Catches
0
0
0
0
0
0
0
0
0
0
0
0
0
0
0
0
0
0
0
0
0
0
0
0
0
0
0
0
0
0
0
0
0
0
0
0
0
0
0
0
0
0
0
0
0
0
0
0
0
0

# Catch compositions
-999 -999 -999 -999 -999 -999 -999 -999
-999 -999 -999 -999 -999 -999 -999 -999
-999 -999 -999 -999 -999 -999 -999 -999
-999 -999 -999 -999 -999 -999 -999 -999
-999 -999 -999 -999 -999 -999 -999 -999
-999 -999 -999 -999 -999 -999 -999 -999
-999 -999 -999 -999 -999 -999 -999 -999
-999 -999 -999 -999 -999 -999 -999 -999
-999 -999 -999 -999 -999 -999 -999 -999
-999 -999 -999 -999 -999 -999 -999 -999
-999 -999 -999 -999 -999 -999 -999 -999
-999 -999 -999 -999 -999 -999 -999 -999
-999 -999 -999 -999 -999 -999 -999 -999
-999 -999 -999 -999 -999 -999 -999 -999
-999 -999 -999 -999 -999 -999 -999 -999
-999 -999 -999 -999 -999 -999 -999 -999
-999 -999 -999 -999 -999 -999 -999 -999
-999 -999 -999 -999 -999 -999 -999 -999
-999 -999 -999 -999 -999 -999 -999 -999
-999 -999 -999 -999 -999 -999 -999 -999
-999 -999 -999 -999 -999 -999 -999 -999
-999 -999 -999 -999 -999 -999 -999 -999
-999 -999 -999 -999 -999 -999 -999 -999
-999 -999 -999 -999 -999 -999 -999 -999
-999 -999 -999 -999 -999 -999 -999 -999
-999 -999 -999 -999 -999 -999 -999 -999
-999 -999 -999 -999 -999 -999 -999 -999
-999 -999 -999 -999 -999 -999 -999 -999
-999 -999 -999 -999 -999 -999 -999 -999
-999 -999 -999 -999 -999 -999 -999 -999
-999 -999 -999 -999 -999 -999 -999 -999
-999 -999 -999 -999 -999 -999 -999 -999
-999 -999 -999 -999 -999 -999 -999 -999
-999 -999 -999 -999 -999 -999 -999 -999
-999 -999 -999 -999 -999 -999 -999 -999
-999 -999 -999 -999 -999 -999 -999 -999
-999 -999 -999 -999 -999 -999 -999 -999
-999 -999 -999 -999 -999 -999 -999 -999
-999 -999 -999 -999 -999 -999 -999 -999
-999 -999 -999 -999 -999 -999 -999 -999
-999 -999 -999 -999 -999 -999 -999 -999
-999 -999 -999 -999 -999 -999 -999 -999
-999 -999 -999 -999 -999 -999 -999 -999
-999 -999 -999 -999 -999 -999 -999 -999
-999 -999 -999 -999 -999 -999 -999 -999
-999 -999 -999 -999 -999 -999 -999 -999
-999 -999 -999 -999 -999 -999 -999 -999
-999 -999 -999 -999 -999 -999 -999 -999
-999 -999 -999 -999 -999 -999 -999 -999
-999 -999 -999 -999 -999 -999 -999 -999

# Age composition from fishery-independent survey
0 0 13 15 17 31 6 118
0 0 9 70 22 14 25 60
0 0 15 46 92 13 4 30
0 0 5 73 42 43 7 30
0 0 12 34 77 30 28 19
0 0 2 68 35 42 21 32
0 0 0 13 87 24 46 30
0 0 8 13 15 77 19 68
0 0 11 26 18 12 58 75
0 0 1 66 33 16 11 73
0 0 1 15 92 22 10 60
0 0 4 13 23 73 14 73
0 0 3 35 14 20 62 66
0 0 3 15 53 8 17 104
0 0 5 23 32 37 9 94
0 0 3 30 36 19 35 77
0 0 0 22 50 27 17 84
0 0 2 16 30 39 28 85
0 0 7 12 21 33 33 94
0 0 3 56 17 14 20 90
0 0 2 32 82 12 6 66
0 0 1 11 47 65 6 70
0 0 3 13 27 40 50 67
0 0 12 32 23 16 35 82
0 0 32 64 35 12 7 50
0 0 5 98 52 12 3 30
0 0 2 35 109 28 9 17
0 0 1 14 49 89 21 26
0 0 2 7 25 56 71 39
0 0 0 7 15 30 30 118
0 0 0 6 13 10 27 144
0 0 0 3 11 8 9 169
0 0 1 3 6 18 7 165
0 0 1 6 5 12 23 153
0 0 1 35 10 5 6 143
0 0 1 8 61 15 3 112
0 0 23 8 15 47 13 94
0 0 10 85 9 7 26 63
0 0 11 43 88 5 3 50
0 0 4 65 54 41 2 34
0 0 0 13 86 33 42 26
0 0 0 6 37 79 27 51
0 0 1 11 17 25 70 76
0 0 2 21 14 12 32 119
0 0 1 15 33 19 12 120
0 0 2 6 19 40 11 122
0 0 2 22 11 18 26 121
0 0 12 18 38 13 12 107
0 0 1 66 26 26 4 77
0 0 1 6 80 20 19 74

# Antibody prevalence values
0 0 0 0 0 13 0 18 0 25 1 21 0 11 31 80
0 0 0 0 0 5 0 78 0 9 3 14 0 14 26 51
0 0 0 0 0 11 3 49 17 65 2 4 3 2 26 18
0 0 0 0 0 6 0 70 6 34 33 14 11 3 18 5
0 0 0 0 0 4 1 35 22 58 23 12 20 0 24 1
0 0 0 0 0 0 0 64 9 30 37 17 14 0 28 1
0 0 0 0 0 0 0 2 34 70 16 9 30 3 36 0
0 0 0 0 0 1 0 12 4 10 53 27 18 2 68 5
0 0 0 0 0 19 0 31 0 18 3 16 41 16 53 3
0 0 0 0 0 1 0 58 0 28 0 20 1 7 77 8
0 0 0 0 0 2 0 11 20 64 15 10 9 1 60 8
0 0 0 0 0 1 0 5 9 12 46 32 15 3 72 5
0 0 0 0 0 3 0 33 0 9 4 19 38 26 63 5
0 0 0 0 0 3 0 17 0 54 0 11 3 12 83 17
0 0 0 0 0 4 0 25 3 27 7 27 2 7 81 17
0 0 0 0 0 4 0 28 0 41 1 18 9 20 60 19
0 0 0 0 0 2 0 23 0 46 4 23 6 12 61 23
0 0 0 0 0 1 0 11 1 25 10 25 12 18 73 24
0 0 0 0 0 12 0 17 0 13 1 26 6 28 59 38
0 0 0 0 0 1 0 59 0 25 0 9 2 12 52 40
0 0 0 0 0 1 0 30 17 61 4 7 4 2 55 19
0 0 0 0 0 3 1 11 5 42 21 34 8 8 46 21
0 0 0 0 0 7 0 9 0 20 6 51 19 25 49 14
0 0 0 0 0 14 0 32 0 17 0 15 5 34 51 32
0 0 0 0 0 23 0 72 1 21 0 7 1 8 30 37
0 0 0 0 0 11 1 85 13 35 9 11 3 4 21 7
0 0 0 0 0 6 0 35 33 65 30 3 4 2 22 0
0 0 0 0 0 2 0 15 18 32 69 12 26 0 26 0
0 0 0 0 0 1 0 7 3 25 11 32 69 12 40 0
0 0 0 0 0 1 0 3 0 11 2 30 23 27 95 8
0 0 0 0 0 0 0 8 0 9 0 16 3 23 111 30
0 0 0 0 0 1 0 1 0 14 0 10 0 6 121 47
0 0 0 0 0 0 0 3 0 13 1 14 2 7 112 48
0 0 0 0 0 7 0 10 0 6 0 12 4 18 96 47
0 0 0 0 0 0 0 35 0 17 0 5 0 5 95 43
0 0 0 0 0 0 0 10 3 52 0 10 0 7 75 43
0 0 0 0 0 16 0 10 1 8 8 46 5 12 60 34
0 0 0 0 0 6 0 110 0 5 0 2 5 21 32 19
0 0 0 0 0 8 1 40 26 60 3 0 5 0 55 2
0 0 0 0 0 2 3 67 13 40 34 13 0 0 26 2
0 0 0 0 0 1 1 25 28 61 19 6 37 1 21 0
0 0 0 0 0 4 0 8 10 26 57 20 24 2 48 1
0 0 0 0 0 4 0 14 0 18 8 17 58 22 56 3
0 0 0 0 0 0 0 22 0 19 2 8 4 20 114 11
0 0 0 0 0 0 0 10 0 29 0 16 0 11 113 21
0 0 0 0 0 5 0 9 0 23 0 30 1 12 73 47
0 0 0 0 0 3 0 23 0 18 0 15 0 32 76 33
0 0 0 0 0 20 0 16 0 36 0 14 0 8 57 49
0 0 0 0 0 0 0 67 1 24 0 26 1 5 36 40
0 0 0 0 0 3 0 7 13 73 7 7 6 18 42 24

# Average weight-at-age
70
94
115
134
150
160
165
168

# Maturity logistic function parameter age-at-50%
3

# Maturity logistic function parameter age-at-95%
4

# Infection prevalence index (avg of 3 different samples)
0.0166666666666667
0
0.0611111111111111
0.122222222222222
0.00555555555555556
0.0111111111111111
0.0388888888888889
0
0
0.111111111111111
0.0166666666666667
0
0
0.00555555555555556
0
0
0
0
0
0.00555555555555556
0
0
0
0
0
0.0555555555555556
0.0111111111111111
0
0
0
0
0.00555555555555556
0
0
0.00555555555555556
0
0
0.116666666666667
0.0666666666666667
0.00555555555555556
0.0722222222222222
0
0
0
0
0
0
0
0.0944444444444444
0.0111111111111111

