# Simulated data from SIR age-structured hybrid model
# random seed = 2198950
# Flag=0 if no issues, =1 if negative pop #'s, =2 if NaN, or=3 if NA. Flag:
0

# True SSB
42089.7450690748
46980.4720773531
44568.0212718929
47666.7630680616
47544.6596593507
41566.2869401943
42835.4414714179
48679.5361748389
46469.8505005947
43234.651278234
38719.202739021
37619.6739969218
28254.3841537686
22085.7296027742
19683.4667536662
17217.3148690758
14088.1721281626
12900.4192391335
13410.7207087075
15426.0916083511
16953.7883658111
18743.2015901396
17206.2258749766
16129.2564142349
14749.450715836
16911.4164819507
15005.6859692694
12830.5114433213
14870.2374585552
17366.0028462335
22470.0489940518
50907.0819492119
63118.578150843
50891.9231937962
45797.5397218882
44273.8855298177
41844.4920999549
35526.536800975
31303.879416186
24492.7768846793
21548.2442097753
22047.000120408
24847.2701876847
30493.1223785806
29181.2013405967
25974.9606452984
22967.468751202
19258.9213537394
15899.1096449299
14460.0423207804

# True R (numbers)
334.607535275464
64.6961845736445
42.2379595280785
296.431093033793
139.491149791365
156.556950780464
72.8728878377716
40.6973457949927
99.4381616620852
44.8733565047464
11.4766098924295
53.771495939849
34.2317082732067
6.61792576084625
54.4891868242124
70.4656554363954
77.2425724173273
73.1626140539132
96.5909744465455
93.6890444086175
37.8509756151936
83.3955201829192
106.325530421691
29.9549247824549
31.2793087218843
133.689183905049
42.4706680953485
128.857899270277
1015.20531026837
105.171703724142
71.0625777604506
114.298455627734
164.254565123966
61.7391223297443
7.35223954705393
10.4990711268491
30.0338062478052
11.2238206174561
77.797125701991
131.150629793444
142.849458162466
49.4135049067252
12.9320950457553
12.9967809130811
7.32370194873935
15.581174374304
8.86071234985909
60.1205248564646
70.9704752412817
407.708510420364

# True infection rate given (selected) susceptible
-999 -999 0.539779349979309 0.539779349979309 0.539779349979308 0.539779349979309 0.539779349979309 0.539779349979309
-999 -999 0.658388927393239 0.658388927393239 0.658388927393239 0.65838892739324 0.658388927393239 0.658388927393239
-999 -999 0.368859314887889 0.368859314887888 0.368859314887889 0.368859314887888 0.368859314887888 0.368859314887888
-999 -999 0.548117355415607 0.548117355415607 0.548117355415607 0.548117355415607 0.548117355415607 0.548117355415607
-999 -999 0.495433100692437 0.495433100692437 0.495433100692437 0.495433100692437 0.495433100692437 0.495433100692436
-999 -999 0.00215520998960547 0.00215520998960508 0.00215520998960464 0.00215520998960464 0.00215520998960634 0.00215520998960462
-999 -999 0.55378538707149 0.553785387071491 0.553785387071491 0.55378538707149 0.553785387071491 0.553785387071491
-999 -999 0.627408084671137 0.627408084671136 0.627408084671137 0.627408084671137 0.627408084671136 0.627408084671136
-999 -999 0.014660047808541 0.0146600478085409 0.0146600478085421 0.0146600478085414 0.0146600478085407 0.0146600478085411
-999 -999 0.221743300580403 0.221743300580402 0.221743300580402 0.221743300580403 0.221743300580403 0.221743300580403
-999 -999 0.0112173096310917 0.011217309631091 0.0112173096310919 0.0112173096310913 0.0112173096310921 0.0112173096310919
-999 -999 0.0292466959850126 0.029246695985012 0.0292466959850126 0.0292466959850128 0.0292466959850122 0.0292466959850129
-999 -999 0.11314622142782 0.11314622142782 0.113146221427821 0.11314622142782 0.113146221427821 0.113146221427821
-999 -999 0.027092604316385 0.0270926043163845 0.0270926043163847 0.0270926043163851 0.0270926043163858 0.027092604316385
-999 -999 0.015413915644058 0.0154139156440578 0.0154139156440576 0.0154139156440573 0.0154139156440576 0.0154139156440578
-999 -999 0.0790089526160869 0.079008952616087 0.0790089526160864 0.0790089526160866 0.0790089526160871 0.0790089526160873
-999 -999 0.0208231098030209 0.0208231098030211 0.0208231098030204 0.0208231098030205 0.0208231098030206 0.0208231098030204
-999 -999 0.00508947545565098 0.00508947545565194 0.00508947545565167 0.00508947545565125 0.00508947545565189 0.005089475455652
-999 -999 0.0195971936108791 0.0195971936108778 0.0195971936108778 0.0195971936108783 0.0195971936108774 0.0195971936108778
-999 -999 0.114167984423913 0.114167984423912 0.114167984423912 0.114167984423913 0.114167984423913 0.114167984423912
-999 -999 0.0413596322090154 0.0413596322090153 0.0413596322090148 0.0413596322090161 0.0413596322090152 0.0413596322090157
-999 -999 0.139774511968494 0.139774511968494 0.139774511968494 0.139774511968494 0.139774511968494 0.139774511968495
-999 -999 0.0744108379002683 0.0744108379002679 0.0744108379002682 0.0744108379002683 0.0744108379002687 0.0744108379002682
-999 -999 0.0467854393042626 0.0467854393042617 0.0467854393042615 0.0467854393042617 0.0467854393042622 0.0467854393042612
-999 -999 0.011665919046485 0.0116659190464857 0.0116659190464856 0.0116659190464847 0.0116659190464857 0.011665919046485
-999 -999 0.240698892169605 0.240698892169605 0.240698892169605 0.240698892169605 0.240698892169605 0.240698892169605
-999 -999 0.0465913929237235 0.0465913929237239 0.0465913929237235 0.0465913929237241 0.0465913929237227 0.0465913929237232
-999 -999 0.00357783270597153 0.00357783270597154 0.00357783270597157 0.00357783270597144 0.00357783270597025 0.00357783270597144
-999 -999 0.0996159845564377 0.0996159845564372 0.0996159845564386 0.0996159845564371 0.0996159845564372 0.0996159845564372
-999 -999 0.543065877504428 0.543065877504428 0.543065877504428 0.543065877504428 0.543065877504428 0.543065877504428
-999 -999 0.251382326577043 0.251382326577043 0.251382326577044 0.251382326577044 0.251382326577044 0.251382326577043
-999 -999 0.944463003407472 0.944463003407472 0.944463003407472 0.944463003407472 0.944463003407472 0.944463003407472
-999 -999 0.888293407422087 0.888293407422087 0.888293407422087 0.888293407422087 0.888293407422087 0.888293407422087
-999 -999 0.00227218304418802 0.00227218304418895 0.00227218304418825 0.00227218304418835 0.00227218304418889 0.00227218304418846
-999 -999 0.0022182943295625 0.0022182943295619 0.0022182943295622 0.00221829432956238 0.00221829432956317 0.00221829432956197
-999 -999 0.0188589220086689 0.018858922008669 0.018858922008669 0.0188589220086689 0.0188589220086686 0.0188589220086696
-999 -999 0.350494409093708 0.350494409093708 0.350494409093708 0.350494409093708 0.350494409093708 0.350494409093708
-999 -999 0.00519434451929443 0.00519434451929438 0.00519434451929496 0.00519434451929389 0.00519434451929365 0.00519434451929416
-999 -999 0.00837574939021088 0.00837574939021129 0.00837574939021028 0.00837574939021031 0.00837574939021026 0.00837574939021028
-999 -999 0.0385529509741171 0.0385529509741171 0.0385529509741173 0.0385529509741187 0.0385529509741172 0.0385529509741173
-999 -999 0.0915508230722838 0.091550823072284 0.0915508230722844 0.0915508230722838 0.0915508230722843 0.0915508230722843
-999 -999 0.0235151144054363 0.0235151144054358 0.0235151144054354 0.0235151144054365 0.0235151144054358 0.0235151144054363
-999 -999 0.389960716690809 0.389960716690809 0.389960716690809 0.389960716690808 0.389960716690808 0.389960716690808
-999 -999 0.535942681372159 0.535942681372159 0.535942681372159 0.53594268137216 0.535942681372159 0.53594268137216
-999 -999 0.0428095059451097 0.0428095059451101 0.0428095059451101 0.042809505945111 0.04280950594511 0.0428095059451103
-999 -999 0.0135110621209934 0.0135110621209934 0.0135110621209933 0.0135110621209933 0.0135110621209927 0.0135110621209931
-999 -999 0.0102265383439499 0.0102265383439493 0.0102265383439491 0.01022653834395 0.0102265383439491 0.010226538343949
-999 -999 0.103802878682559 0.103802878682559 0.103802878682559 0.103802878682559 0.103802878682559 0.103802878682559
-999 -999 0.095242902818114 0.0952429028181135 0.0952429028181139 0.0952429028181142 0.0952429028181138 0.0952429028181139
-999 -999 0.0170133414082466 0.0170133414082481 0.0170133414082471 0.0170133414082474 0.0170133414082476 0.0170133414082474

# Duration of outbreak (days) based on incidence
0
0
0
0
0
0
0
0
0
0
0
0
0
0
0
0
0
0
0
0
0
0
0
0
0
0
0
0
0
0
0
3
0
0
0
0
0
0
0
0
0
0
0
0
0
0
0
0
0
0

# Duration of outbreak (days) based on prevalence
0
9
0
0
0
0
0
0
0
0
0
0
0
0
0
0
0
0
0
0
0
0
0
0
0
0
0
0
0
17
0
27
20
0
0
0
0
0
0
0
0
0
0
0
0
0
0
0
0
0

# Peak (point) prevalence
0.0653313486655736
0.106754824847052
0.0332463142408288
0.0637881717511083
0.0446439948094172
6.68952412241844e-05
0.0664523642596043
0.0819640647907951
0.00105140600031737
0.0273131272444937
0.00084589076674822
0.00312640209742672
0.0156992118969271
0.00294903296060857
0.00156689330409645
0.0124400269911447
0.00262697226641862
0.000490558629721005
0.00361730792510317
0.0297022388239824
0.0104871174364818
0.0394958500511497
0.0198747946614916
0.0118506085081387
0.00238535201317671
0.0614667370432332
0.0102952977550297
0.000449172761987599
0.0274143624351809
0.112481054503264
0.0479886054490147
0.55774138557534
0.252246077681799
3.92953302310524e-05
6.4243810319614e-05
0.00173800603610296
0.0382286889080554
0.000238679663008029
0.000415111676107255
0.00315118980277224
0.00944285205977088
0.00231111169813336
0.0564653019066464
0.0813807584302359
0.00519859869162229
0.00135697793144856
0.000866787788961382
0.0130639369443653
0.0114830565024468
0.00147985120414805

# Day of peak prevalence
75
58
100
78
83
84
80
62
119
119
119
119
119
119
119
119
119
119
119
119
119
119
119
119
119
119
119
119
119
85
118
17
21
63
82
119
103
119
119
119
119
119
101
80
119
119
119
119
119
119

# Total immunity
0.142438766519459
0.188286492250547
0.282181776195685
0.210765878068844
0.244286549698143
0.246125252459523
0.217492550529965
0.29623756830782
0.357293279289389
0.323080077953382
0.367633488496167
0.31388258515017
0.280572163974386
0.307539074802685
0.234317496450086
0.165615968089414
0.126991697637281
0.0944477062093681
0.0643552224655406
0.0486712319930551
0.0616224858643207
0.0523774784392741
0.0594830060616056
0.06787669990426
0.0684011610065464
0.0405978527866489
0.0838158037598974
0.055331320387664
0.0110843158889941
0.0144217297916846
0.0444550729088862
0.0571340330729229
0.26898190637567
0.443797894002019
0.437039136613627
0.425012896946236
0.390088283414961
0.500541547361519
0.371555845796697
0.23400262922998
0.159974561345243
0.150319062376825
0.147882740721269
0.236912837621056
0.422287096064184
0.402133090913665
0.385816694045266
0.269771840636225
0.203716965114624
0.070150999944306

# Observed immunity (based on survey selectivity)
0.490557855316388
0.465225882078292
0.563846954491998
0.507483046838316
0.588173443673822
0.685266758301773
0.491205570117224
0.519982992901735
0.620942090637776
0.520263222582454
0.5461942424009
0.473258309751615
0.419204581816164
0.440318119845828
0.407353551890931
0.359716013862163
0.363810268878479
0.308983784400331
0.223189628135714
0.16283042476553
0.167156992700571
0.134784263183835
0.165537796240245
0.170533839088713
0.156248293140916
0.11505805684751
0.226206521138538
0.212755647755733
0.145895492859397
0.147462217547019
0.283206594771102
0.125578148712878
0.46591953776423
0.81302360622318
0.702028206998211
0.563878687167269
0.480104928151463
0.604508167694002
0.587944376105948
0.554163993644934
0.523208511548619
0.457307416011795
0.31592727140559
0.353002229067117
0.513925052535645
0.486151471138253
0.468697472795087
0.45357572473715
0.475268992327377
0.475715569989618

# True total proportion of susceptible
1 1 1 0.973195112237254 0.678095739167613 0.220996125308749 0.0757499244126883 0.0172290808912997
1 1 1 0.979876686009253 0.758900949541878 0.349055508436711 0.0985930143633804 0.00933290554857071
1 1 1 0.9756440301645 0.714706878715802 0.307851835516228 0.116820792515894 0.0214151131211778
1 1 1 0.986312114126948 0.833365495662341 0.489302459642233 0.195017061393213 0.0323787918791827
1 1 1 0.979899658905141 0.770325028518195 0.442007233514369 0.229554693174276 0.0382841134609852
1 1 1 0.981726485280278 0.785861286608012 0.441105846187759 0.228461794880865 0.0517038654712821
1 1 1 0.999921012895573 0.980938155896573 0.784566743764705 0.440241244365697 0.0791142750065392
1 1 1 0.979882290530462 0.781738425089922 0.534701645578067 0.389235666201828 0.0909760941468568
1 1 1 0.977060031382332 0.731569129311405 0.349883468095842 0.209015238579685 0.0415651317188867
1 1 1 0.999454625306623 0.971660853843153 0.723082549659423 0.344992440127441 0.0521327927755953
1 1 1 0.991782578103132 0.914620892940648 0.808047525547557 0.583444471626614 0.127924286600049
1 1 1 0.999592713262465 0.987721394916965 0.90726236296049 0.800904090005371 0.214990734048085
1 1 1 0.998869862411697 0.988250025025562 0.966236134747691 0.88577926499841 0.339964808697689
1 1 1 0.995715410261363 0.95534436923552 0.904709064647892 0.879357455110551 0.365314021706188
1 1 1 0.999005478400445 0.985757575794974 0.936816298620952 0.885845660452979 0.395167194512531
1 1 1 0.99942839436154 0.993281504924938 0.974945331058671 0.925773803020556 0.483292095970468
1 1 1 0.997028060080588 0.969382513794219 0.935753298125098 0.914991406302978 0.491439782309657
1 1 1 0.999227697242402 0.989296401621443 0.954894043866788 0.920820495356147 0.495714691359061
1 1 1 0.999812052879021 0.99734802418367 0.985744167768882 0.951231968313977 0.558912489600857
1 1 1 0.999278430805192 0.992578709892526 0.983589160369751 0.971355076815281 0.601036989469179
1 1 1 0.995747908703296 0.956073865073613 0.909453730832719 0.896414867137289 0.551743964091228
1 1 1 0.998452582184143 0.980221785862992 0.927116141668216 0.879887534981451 0.618266253087124
1 1 1 0.99454066577803 0.94275490754561 0.873344093220536 0.818318356181622 0.609649773131618
1 1 1 0.997176361308759 0.966090464250171 0.889874114180296 0.820304057831212 0.630733840981631
1 1 1 0.998214988327812 0.979237006843715 0.932421405442981 0.856187884668437 0.65592288746855
1 1 1 0.999571232366549 0.993925122872474 0.971165277974967 0.924169719073176 0.715627295259134
1 1 1 0.990791998593533 0.904139187846554 0.806398027688924 0.775958038314925 0.610243834570937
1 1 1 0.998220685367724 0.972973987442839 0.871930807709163 0.774965202038802 0.60551601730339
1 1 1 0.999869138747688 0.996912558067905 0.970524695800051 0.869521686022083 0.64969594519608
1 1 1 0.996333525968184 0.962686018684188 0.925373260495677 0.896324618031565 0.666131116248871
1 1 1 0.980059656801333 0.780761219061691 0.527500794352259 0.47709065254998 0.341915225013483
1 1 1 0.990422486637136 0.881842518017913 0.615927627741282 0.400950365223958 0.271104946402079
1 1 1 0.966210581957721 0.604341049345801 0.109835375094359 0.0351300048084451 0.0169846484308477
1 1 1 0.968133925865079 0.611680308957532 0.104109320353065 0.0113771481588739 0.00200767542550366
1 1 1 0.999917062136064 0.96730865228997 0.61054642526766 0.103869982668537 0.00578246874934007
1 1 1 0.999919085215688 0.999107920618944 0.96579947037924 0.609392534946535 0.0843046175801361
1 1 1 0.99930350982207 0.992937610396722 0.985817131002942 0.952080243749699 0.13749690377043
1 1 1 0.987095806221359 0.863542671755813 0.721897237965513 0.700195485721405 0.137034768419198
1 1 1 0.999812649217984 0.985232295455413 0.860282219414663 0.718865493017154 0.224133980856115
1 1 1 0.999689577442603 0.996706105455785 0.979374229655034 0.854611202010956 0.332654332024522
1 1 1 0.998589242225965 0.985510248775886 0.969670056037191 0.951190740705013 0.37316438883557
1 1 1 0.996686345280937 0.96505372183624 0.921473010119051 0.902831095837358 0.350372316379702
1 1 1 0.99913314956133 0.988006557878374 0.948822455057774 0.904857685033723 0.358528944791181
1 1 1 0.985825158460946 0.849231408820178 0.688009694029284 0.640029587699559 0.258360178854577
1 1 1 0.980217449492882 0.773610468411104 0.459028029402197 0.341578992611862 0.125848869203588
1 1 1 0.998412544314412 0.964427167512667 0.747763134487743 0.44095994550692 0.169159834167791
1 1 1 0.999507290869959 0.993481208555828 0.955229496475074 0.73957166860602 0.263403512698354
1 1 1 0.999625123430991 0.995755000407157 0.986368229335021 0.947912021952665 0.425542683325548
1 1 1 0.996156231278923 0.960624320417453 0.920710973012037 0.90769663393885 0.447300193831029
1 1 1 0.996534657856603 0.961114959526206 0.894621559015805 0.852978123271842 0.426307806243852

# True vulnerable proportion of susceptible
0 0 0.05 0.486597556118627 0.644190952209232 0.220996125308749 0.0757499244126883 0.0172290808912997
0 0 0.05 0.489938343004626 0.720955902064785 0.349055508436711 0.0985930143633804 0.00933290554857071
0 0 0.05 0.48782201508225 0.678971534780012 0.307851835516228 0.116820792515894 0.0214151131211778
0 0 0.05 0.493156057063474 0.791697220879224 0.489302459642233 0.195017061393213 0.0323787918791827
0 0 0.05 0.489949829452571 0.731808777092285 0.442007233514369 0.229554693174276 0.0382841134609852
0 0 0.05 0.490863242640139 0.746568222277611 0.441105846187759 0.228461794880865 0.0517038654712821
0 0 0.05 0.499960506447787 0.931891248101744 0.784566743764705 0.440241244365697 0.0791142750065392
0 0 0.05 0.489941145265231 0.742651503835426 0.534701645578067 0.389235666201828 0.0909760941468568
0 0 0.05 0.488530015691166 0.694990672845835 0.349883468095842 0.209015238579685 0.0415651317188867
0 0 0.05 0.499727312653311 0.923077811150995 0.723082549659423 0.344992440127441 0.0521327927755953
0 0 0.05 0.495891289051566 0.868889848293616 0.808047525547557 0.583444471626614 0.127924286600049
0 0 0.05 0.499796356631233 0.938335325171117 0.90726236296049 0.800904090005371 0.214990734048085
0 0 0.05 0.499434931205848 0.938837523774284 0.966236134747691 0.88577926499841 0.339964808697689
0 0 0.05 0.497857705130681 0.907577150773744 0.904709064647892 0.879357455110551 0.365314021706188
0 0 0.05 0.499502739200223 0.936469697005225 0.936816298620952 0.885845660452979 0.395167194512531
0 0 0.05 0.49971419718077 0.943617429678691 0.974945331058671 0.925773803020556 0.483292095970468
0 0 0.05 0.498514030040294 0.920913388104508 0.935753298125098 0.914991406302978 0.491439782309657
0 0 0.05 0.499613848621201 0.939831581540371 0.954894043866788 0.920820495356147 0.495714691359061
0 0 0.05 0.49990602643951 0.947480622974486 0.985744167768882 0.951231968313977 0.558912489600857
0 0 0.05 0.499639215402596 0.9429497743979 0.983589160369751 0.971355076815281 0.601036989469179
0 0 0.05 0.497873954351648 0.908270171819932 0.909453730832719 0.896414867137289 0.551743964091228
0 0 0.05 0.499226291092071 0.931210696569842 0.927116141668216 0.879887534981451 0.618266253087124
0 0 0.05 0.497270332889015 0.89561716216833 0.873344093220536 0.818318356181622 0.609649773131618
0 0 0.05 0.49858818065438 0.917785941037662 0.889874114180296 0.820304057831212 0.630733840981631
0 0 0.05 0.499107494163906 0.930275156501529 0.932421405442981 0.856187884668437 0.65592288746855
0 0 0.05 0.499785616183274 0.944228866728851 0.971165277974967 0.924169719073176 0.715627295259134
0 0 0.05 0.495395999296767 0.858932228454227 0.806398027688924 0.775958038314925 0.610243834570937
0 0 0.05 0.499110342683862 0.924325288070697 0.871930807709163 0.774965202038802 0.60551601730339
0 0 0.05 0.499934569373844 0.94706693016451 0.970524695800051 0.869521686022083 0.64969594519608
0 0 0.05 0.498166762984092 0.914551717749979 0.925373260495677 0.896324618031565 0.666131116248871
0 0 0.05 0.490029828400667 0.741723158108606 0.527500794352259 0.47709065254998 0.341915225013483
0 0 0.05 0.495211243318568 0.837750392117018 0.615927627741282 0.400950365223958 0.271104946402079
0 0 0.05 0.483105290978861 0.57412399687851 0.109835375094359 0.0351300048084451 0.0169846484308477
0 0 0.05 0.484066962932539 0.581096293509656 0.104109320353065 0.0113771481588739 0.00200767542550366
0 0 0.05 0.499958531068032 0.918943219675472 0.61054642526766 0.103869982668537 0.00578246874934007
0 0 0.05 0.499959542607844 0.949152524587997 0.96579947037924 0.609392534946535 0.0843046175801361
0 0 0.05 0.499651754911035 0.943290729876886 0.985817131002942 0.952080243749699 0.13749690377043
0 0 0.05 0.493547903110679 0.820365538168023 0.721897237965513 0.700195485721405 0.137034768419198
0 0 0.05 0.499906324608992 0.935970680682643 0.860282219414663 0.718865493017154 0.224133980856115
0 0 0.05 0.499844788721301 0.946870800182996 0.979374229655034 0.854611202010956 0.332654332024522
0 0 0.05 0.499294621112983 0.936234736337092 0.969670056037191 0.951190740705013 0.37316438883557
0 0 0.05 0.498343172640468 0.916801035744428 0.921473010119051 0.902831095837358 0.350372316379702
0 0 0.05 0.499566574780665 0.938606229984455 0.948822455057774 0.904857685033723 0.358528944791181
0 0 0.05 0.492912579230473 0.806769838379169 0.688009694029284 0.640029587699559 0.258360178854577
0 0 0.05 0.490108724746441 0.734929944990549 0.459028029402197 0.341578992611862 0.125848869203588
0 0 0.05 0.499206272157206 0.916205809137034 0.747763134487743 0.44095994550692 0.169159834167791
0 0 0.05 0.49975364543498 0.943807148128037 0.955229496475074 0.73957166860602 0.263403512698354
0 0 0.05 0.499812561715496 0.945967250386799 0.986368229335021 0.947912021952665 0.425542683325548
0 0 0.05 0.498078115639462 0.91259310439658 0.920710973012037 0.90769663393885 0.447300193831029
0 0 0.05 0.498267328928302 0.913059211549896 0.894621559015805 0.852978123271842 0.426307806243852

# True survival by age
0.743783817306917 0.743783817306917 0.737406616928061 0.681737345655121 0.661814838213471 0.716065877319092 0.734678566599339 0.742177766372978
0.725889911192662 0.725889911192662 0.718366952240503 0.652186981583389 0.617568731172767 0.673785074822145 0.711628661008089 0.725115401341797
0.793726085433192 0.793726085433192 0.789087456768709 0.748481787853323 0.730879124456674 0.76551275056968 0.783330927781854 0.792229771005466
0.817150444733867 0.817150444733867 0.810141747746792 0.748028990110584 0.70625027308073 0.748793299644506 0.790177156712557 0.813048148407728
0.798750528336935 0.798750528336935 0.792521872297008 0.737725809178119 0.707699491158378 0.743962028653705 0.770532122251871 0.794453122195774
0.757426976322516 0.757426976322516 0.757429902622453 0.757466215071507 0.757593837426275 0.757774254997769 0.75788411755142 0.757975439539427
0.858660020173594 0.858660020173594 0.851283201352939 0.784897686946288 0.72117897822069 0.742984918886477 0.793908576918487 0.847317070700909
0.796620762446246 0.796620762446246 0.78883202312879 0.720310244537835 0.681042434005332 0.713558074879636 0.73629002000985 0.78289899521895
0.757815418511694 0.757815418511694 0.757665720214786 0.756365953200234 0.755888829110751 0.757141311853445 0.757643982457018 0.758241507154909
0.806232130414958 0.806232130414958 0.803405248245512 0.777978984650328 0.754056935808281 0.765482169578725 0.787037931479079 0.803734514302554
0.83729953996456 0.83729953996456 0.837172631135315 0.83604421932294 0.835128836520481 0.835326569449181 0.8359879154916 0.837329199442776
0.645803555214664 0.645803555214664 0.645527153071916 0.643040973962661 0.640625876433328 0.640859763639182 0.641529825536812 0.645221106000768
0.726499991454544 0.726499991454544 0.725190098756148 0.713416585142856 0.701911918572527 0.70120810177588 0.703366949712101 0.718012441342789
0.806631706600343 0.806631706600343 0.806309148182931 0.803421972484532 0.800797928477425 0.800840418621063 0.801015976027369 0.804575676320353
0.761475017302665 0.761475017302665 0.761315473950241 0.759881734516403 0.758494944623433 0.758521595805167 0.758713144432416 0.760557123435815
0.745478259541062 0.745478259541062 0.744552745558469 0.736228752120126 0.728015658157319 0.727446744427589 0.728386353088058 0.736841645421486
0.771422958587444 0.771422958587444 0.77119314883961 0.76913331711599 0.767207014529204 0.767157208792771 0.767263995079168 0.769442481770615
0.760621237737671 0.760621237737671 0.760587956358778 0.760289120305572 0.76000174865209 0.760011292416307 0.760053355421518 0.760578138675122
0.806688240184644 0.806688240184644 0.806460657531617 0.804412930403442 0.802376893115071 0.802208226460942 0.802381659413997 0.804353168816711
0.791295380956055 0.791295380956055 0.789870499011261 0.777057208314261 0.764427295842758 0.763273720287706 0.763628556331247 0.774369222305973
0.771955902889139 0.771955902889139 0.77146775024699 0.767097455251079 0.763112401478601 0.763126305807992 0.763260725509172 0.766813992179858
0.66480000474725 0.66480000474725 0.663273595935326 0.649560684719936 0.636386515743223 0.636550918944563 0.638027765372002 0.646208706598369
0.736275359870897 0.736275359870897 0.735409551250564 0.727667904746787 0.720801969448587 0.721230420259123 0.722217158751649 0.725959068159075
0.716129125797688 0.716129125797688 0.715610255556154 0.710956919958816 0.706627053116293 0.706966521133053 0.707733949384598 0.709825101062442
0.813177092315749 0.813177092315749 0.81304954850707 0.811904751312291 0.810813618489603 0.810829660651885 0.81105916070823 0.81166205596578
0.718778042851655 0.718778042851655 0.715963895272047 0.690648911380792 0.665637996446806 0.664136701602898 0.666812239640678 0.678684918686186
0.708867558667903 0.708867558667903 0.708356678051111 0.703811933728591 0.700155236282839 0.700757178230133 0.701088497771044 0.702892189396306
0.80610441480933 0.80610441480933 0.806082611190973 0.805887611514668 0.805714175795804 0.805785005433243 0.805873335010288 0.806027692575682
0.828071575193747 0.828071575193747 0.826784016151844 0.815197725560732 0.803684801567178 0.80309200248224 0.805736071653604 0.811490696844161
0.82373803366095 0.82373803366095 0.816727876611958 0.753895089258515 0.695531298649355 0.694030372237695 0.698115763548551 0.730490100255011
0.727465710656175 0.727465710656175 0.724501222688138 0.69842457650236 0.683627837636804 0.696489270400057 0.699509970570337 0.70761001596554
0.781839344209236 0.781839344209236 0.770622433110709 0.670749571214915 0.593962050019922 0.643865219694001 0.69220589346216 0.721403469792134
0.766889427593495 0.766889427593495 0.756508219521495 0.666603894659382 0.647907530252466 0.744580173270216 0.760132373805169 0.763909882973284
0.764872778480589 0.764872778480588 0.764873405912537 0.7648967097046 0.765097673768721 0.765376116590491 0.7654269174022 0.765432050214349
0.776942081987819 0.776942081987819 0.776941735107461 0.776938657922917 0.776953227820838 0.777146575952308 0.77742164698395 0.777474897996581
0.789773279244634 0.789773279244634 0.789561303019507 0.787653729734459 0.785749778318362 0.785696171745854 0.787388734616064 0.789882357001528
0.822353888452268 0.822353888452268 0.817819109147298 0.777037985851208 0.736804687258557 0.73295086033286 0.736025476818999 0.810262656664141
0.845135680385127 0.845135680385127 0.845086747654738 0.844657682237261 0.844385855430338 0.844537267628275 0.844566939805498 0.845336933141563
0.734994961510257 0.734994961510257 0.734927383011289 0.734319419017659 0.733739066390458 0.733918654120723 0.734197263859516 0.735171950665573
0.815728895603034 0.815728895603034 0.815254990905189 0.810991460684174 0.806755860841243 0.806455660108107 0.807694826525955 0.812878985944533
0.867651284155119 0.867651284155119 0.866428440016394 0.85544056901598 0.844758778397269 0.84394638671713 0.844404553543143 0.858735847437309
0.787030001354456 0.787030001354457 0.786761279659452 0.784353395958499 0.782120717529408 0.782118059122474 0.78222785232919 0.785481607284755
0.868045885950606 0.868045885950606 0.862782023561296 0.815453182862361 0.769236031348446 0.768173648893585 0.772816897293906 0.830516279044179
0.792715615217778 0.792715615217778 0.786026685434519 0.726781596437398 0.684862957398343 0.700831661718607 0.707274520189855 0.758525802692114
0.788600916121199 0.788600916121199 0.788086324443616 0.78356692507101 0.781153024588894 0.784153590834966 0.78542247703166 0.787753164309176
0.829440809115661 0.829440809115661 0.829285578216278 0.827891637268599 0.826611419461329 0.827226213852241 0.828308774918426 0.829267826939033
0.798308898345315 0.798308898345315 0.798204270134366 0.797263373905881 0.79633712514143 0.796332023144075 0.796889292781688 0.798119732957716
0.793277967636469 0.793277967636469 0.791988622570648 0.780389538654397 0.768886534894526 0.767849431886498 0.768860406974049 0.78259297250248
0.851782116874315 0.851782116874315 0.850528157160278 0.839292154437473 0.828909721310395 0.828721036689963 0.829052285819086 0.840770585071913
0.87148436557503 0.87148436557503 0.871270336229434 0.869352624214399 0.867588675004982 0.86768938221961 0.867881282956736 0.86984745954339

# True Numbers-at-age
334.607535275464 105.289201767476 203.793099498048 129.32422572215 75.2155131051935 88.1171587361626 3.36045719248541 40.962977211552
64.6961845736445 248.875669886843 78.3124044118113 150.278380054139 88.1651543727225 49.7787426368568 63.0976905772759 32.8706668041505
42.2379595280785 46.9623076746669 180.656337912175 56.2570432799386 98.0096030847505 54.4480425196134 33.5401738321269 68.7371518102736
296.431093033793 33.5253702729073 37.2752086335225 142.553650232267 42.1073723335102 71.6331728909286 41.6806707923241 80.7286735241056
139.491149791365 242.22879950551 27.3952712283738 30.1982026699882 106.63426301982 29.7383432092536 53.6384398930038 98.5714124687369
156.556950780464 111.418629594179 193.480381583448 21.7113516459951 22.2779935004419 75.4650136791752 22.1241981427564 119.640507320071
72.8728878377716 118.58045785192 84.3914757195176 146.547826582106 16.4456153553785 16.8776705861574 57.1854445191334 107.452144508607
40.6973457949927 62.573035340889 101.820298331324 71.8410456174097 115.025050111301 11.8602320782023 12.5398547114488 136.4460512042
99.4381616620852 32.4203506367456 49.8469791218349 80.319111928275 51.7478411365302 78.3369400993855 8.46296436934775 116.056446265775
44.8733565047464 75.3557720959865 24.5686415860812 37.7673473368764 60.7506416538261 39.115615045701 59.3121335934335 94.4107287597881
11.4766098924295 36.1783418136916 60.7542446760112 19.7385755925206 29.3822025340794 45.809442693871 29.9423058695894 122.562060159685
53.771495939849 9.60936018328394 30.2921089572846 50.861790868055 16.5023220217957 24.5379246166949 38.2658446138501 127.656197584496
34.2317082732067 34.7258232471653 6.205758969703 19.5543788557402 32.7062155372793 10.5718145083979 15.7253685700511 106.915153612463
6.61792576084625 24.8693357679591 25.2283102923176 4.50035496009577 13.9504181878518 22.9568824970183 7.41304198376039 87.8271149860395
54.4891868242124 5.33822875062579 20.0603947525258 20.3418173818933 3.61568405892069 11.1714659862256 18.3847993891467 76.6015254991119
70.4656554363954 41.4921544797753 4.06492783024836 15.2722889386481 15.457375475369 2.74247808004688 8.47379820735496 72.2086248386984
77.2425724173273 52.5306141721442 30.9314991061918 3.02655317650845 11.2438982273189 11.2532113800856 1.99500675099413 59.3785209128287
73.1626140539132 59.5866937430795 40.523321801091 23.8541601940336 2.32782288407588 8.62639759065154 8.63298223230149 47.219053345013
96.5909744465455 55.649038057811 45.3229047475567 30.8215505135609 18.13605846955 1.76914946245002 6.55615958176799 42.4753068161064
93.6890444086175 77.9188031940037 44.8914245788238 36.5511395639574 24.7932537681913 14.5519542481508 1.41922625261636 39.4256898385992
37.8509756151936 74.1357080867257 61.656789057039 35.458411933402 28.4023264702736 18.9526399331617 11.1071242564426 31.6138024735854
83.3955201829192 29.2192840562615 57.229497472414 47.5662243412871 27.2000575613571 21.6741675603098 14.4632580975027 32.7195378010483
106.325530421691 55.441342213504 19.4249801793139 37.9588145820997 30.8971492526685 17.3097498594872 13.7967112778736 30.3716104468601
29.9549247824549 78.2848681746943 40.8200941899732 14.2853159567203 27.6214110736283 22.2707260316704 12.4843181657382 32.0127676377157
31.2793087218843 21.4515940977949 56.0620742091311 29.211278035113 10.1562442332284 19.5180363098717 15.7446577057173 31.5590418245418
133.689183905049 25.4356173161085 17.4439449139825 45.5812441241039 23.7167754286126 8.2348211370081 15.8258027577244 38.3851256360551
42.4706680953485 96.092849957706 18.2825632331961 12.489234749526 31.4806366336945 15.7867868784805 5.46904694822239 36.604244852055
128.857899270277 30.1060788077445 68.1171039549602 12.9505757581262 8.79007245985418 22.0413325805985 11.0627042262845 29.5631237144279
1015.20531026837 103.872921484826 24.2686430395205 54.9080130227812 10.4367085654561 7.08228598717681 17.7605752932135 32.7438347419381
105.171703724142 840.662660418982 86.0142137139164 20.0649261587702 44.7608873312303 8.38782405244305 5.68772723559374 40.8816534391473
71.0625777604506 86.633932422497 692.485806865715 70.2502061250141 15.1268492974316 31.1325980941881 5.82140464938134 33.8343351612857
114.298455627734 51.6955886315659 63.0232152166708 501.706813768393 49.0644704620664 10.341135275461 21.6835205322793 28.0136450386276
164.254565123966 89.3630295921163 40.4176451142139 48.5671034527307 336.519630210751 29.1424334587909 6.65829733602005 35.2186014358426
61.7391223297443 125.965089427537 68.5315626119186 30.5762807426056 32.3750203139154 218.033602491321 21.6988781542623 31.9650250608668
7.35223954705393 47.2225740373045 96.3472679419959 52.4179697074865 23.3876965350232 24.7700527303917 166.877711961042 41.0759600841952
10.4990711268491 5.71226430096126 36.6892049893673 74.8562135277177 40.7255470355787 18.1711463141805 19.2499616655821 161.669873554237
30.0338062478052 8.29188583287427 4.51139370888224 28.9683764981546 58.960775778906 32.0000895551 14.2770000952854 142.85738373643
11.2238206174561 24.6984173529046 6.81886455726642 3.6895039840108 22.5095289275055 43.4425759582987 23.4544931701391 126.260239073046
77.797125701991 9.48565127405433 20.8735137539828 5.76253207139845 3.1163678837397 19.0067278387857 36.6888743985554 126.541332797123
131.150629793444 57.1804954109435 6.97190589307328 15.3405168374647 4.23153920273994 2.28660086154437 13.9493921146805 119.966509669787
142.849458162466 106.983358399048 46.6437823716033 5.68388107544929 12.4410281576657 3.41381905218993 1.84404220720053 108.785106571891
49.4135049067252 123.943515815527 92.8242482981614 40.4134995966924 4.8622224614015 10.5096677484757 2.88108025400178 94.9747883172565
12.9320950457553 38.8899108336683 97.5472654201703 73.0305243744882 31.6984656512331 3.80284492029894 8.21980094145988 76.8546105984439
12.9967809130811 11.2256519011901 33.7582271041517 84.1620270520854 59.5529735472836 24.3836019173896 2.92124525860247 70.1814062815615
7.32370194873935 10.3027511773638 8.89874955307252 26.5348673568221 61.1674123803221 40.785625585458 17.0888002504492 55.3005298724178
15.581174374304 5.77547806617446 8.12475901703782 7.01298282742519 20.7918444219522 47.7811091871648 31.9821947572873 56.9850952171782
8.86071234985909 12.9236618799949 4.7904172002375 6.73774547931213 5.80598983513361 17.186776030849 39.5257860465589 73.7470386372745
60.1205248564646 7.07358551457074 10.3170742780061 3.82373146495469 5.37175769335549 4.62352525391066 13.6863801279701 90.3566424728865
70.9704752412817 47.692287771374 5.61131954090144 8.17100544639712 2.98400003387429 4.13027215913711 3.55017123952818 81.2353892133927
407.708510420364 60.4513816365951 40.62343783648 4.77258526836036 6.85786076502696 2.47346663646894 3.4228434255318 71.2436032986688

