# Simulated data from SIR age-structured hybrid model
# random seed = 4902635
# Flag=0 if no issues, =1 if negative pop #'s, =2 if NaN, or=3 if NA. Flag:
0

# True SSB
24895.0786857515
30842.2572186033
29057.4562630559
25542.4840666889
25428.7550556912
25326.3077952671
28681.5760693453
29131.9089378589
26545.015078939
24596.3675090447
22862.0617794219
20799.6581117238
18696.2373728563
15537.6968240428
13014.9164201297
12160.1095485377
15245.1127290705
28113.9691904756
59068.6756572537
121848.812037349
148129.053511048
122433.900416954
111946.181687178
96521.4273646682
85568.6745773341
81331.4356294699
76085.7979787888
79734.3484532617
74751.0552117679
73442.7074958106
60533.4850811077
53185.0924806822
48232.4532825991
48535.036028275
46171.1967534386
47969.2254332507
56291.1191437191
56638.8135313171
46609.8419803421
39093.1649435982
33661.6626752442
28995.9949474742
24781.2634899156
22097.1815383915
19355.4583392632
18589.8801155384
25321.1863216381
38807.0934805728
60104.8450127518
84730.8516797511

# True R (numbers)
88.1962642060473
84.1819601682452
63.6909189050654
223.561400381588
60.1714285086988
31.1395195976948
83.5984612732982
30.7225440764451
74.0924107358986
7.00477668055007
10.4553073523893
13.2012121197144
48.1828141311952
110.67702407941
337.756871810607
909.620297339212
1830.64233250637
392.586491445826
260.57435697739
187.551695134337
215.515209589657
71.5114569052168
359.809762193277
290.851504212751
401.268075229701
155.111799356721
296.241671892451
73.5925594033693
79.7036279602548
108.189942255433
230.83817669517
212.161065935007
156.372050701051
478.218599687249
153.203258297308
37.5620012760802
12.5950190759916
80.5072071145023
7.56957496371977
49.5994908012208
43.0821010399056
17.4669616652054
63.5212793217856
269.004830976244
333.682683956207
789.019073774395
797.058607432832
54.998190086779
74.8981007651259
82.0929659174014

# True infection rate given (selected) susceptible
-999 -999 0.244785174699773 0.244785174699773 0.244785174699773 0.244785174699773 0.244785174699773 0.244785174699773
-999 -999 0.567230603564698 0.567230603564698 0.567230603564698 0.567230603564698 0.567230603564697 0.567230603564698
-999 -999 0.447960933736851 0.447960933736851 0.447960933736851 0.447960933736851 0.447960933736851 0.447960933736851
-999 -999 0.00176414490535639 0.00176414490535716 0.00176414490535683 0.00176414490535665 0.00176414490535679 0.00176414490535673
-999 -999 0.00336805513156858 0.0033680551315691 0.00336805513156924 0.00336805513156891 0.003368055131569 0.00336805513156994
-999 -999 0.00273990273846129 0.00273990273846111 0.00273990273846119 0.00273990273846178 0.00273990273846036 0.00273990273846125
-999 -999 0.454777398796748 0.454777398796749 0.454777398796748 0.454777398796748 0.454777398796748 0.454777398796749
-999 -999 0.040264762641206 0.0402647626412065 0.0402647626412057 0.0402647626412055 0.0402647626412052 0.0402647626412063
-999 -999 0.00622271645044455 0.00622271645044473 0.00622271645044464 0.00622271645044494 0.00622271645044432 0.00622271645044444
-999 -999 0.02171401076603 0.0217140107660297 0.0217140107660301 0.0217140107660299 0.0217140107660287 0.0217140107660292
-999 -999 0.198594873186551 0.19859487318655 0.19859487318655 0.19859487318655 0.198594873186551 0.19859487318655
-999 -999 0.0138315556545854 0.0138315556545849 0.0138315556545859 0.0138315556545869 0.0138315556545857 0.0138315556545863
-999 -999 0.00386930500474942 0.00386930500474944 0.00386930500474872 0.00386930500474896 0.00386930500474863 0.0038693050047492
-999 -999 0.0204966448200063 0.0204966448200071 0.0204966448200054 0.0204966448200056 0.0204966448200058 0.0204966448200046
-999 -999 0.0863514590761438 0.0863514590761435 0.0863514590761441 0.0863514590761443 0.0863514590761434 0.086351459076144
-999 -999 0.00498243400162568 0.00498243400162573 0.00498243400162634 0.00498243400162578 0.00498243400162559 0.00498243400162459
-999 -999 0.00262353869385829 0.0026235386938574 0.00262353869385759 0.00262353869385805 0.0026235386938573 0.00262353869385796
-999 -999 0.75070278796097 0.750702787960971 0.75070278796097 0.750702787960971 0.750702787960971 0.75070278796097
-999 -999 0.850008260575214 0.850008260575214 0.850008260575214 0.850008260575214 0.850008260575214 0.850008260575213
-999 -999 0.944775799092427 0.944775799092427 0.944775799092427 0.944775799092427 0.944775799092427 0.944775799092427
-999 -999 0.911461191402223 0.911461191402223 0.911461191402223 0.911461191402223 0.911461191402223 0.911461191402223
-999 -999 0.00518260759552706 0.00518260759552821 0.00518260759552696 0.00518260759552818 0.00518260759552809 0.00518260759552816
-999 -999 0.412410613340738 0.412410613340738 0.412410613340738 0.412410613340738 0.412410613340738 0.412410613340738
-999 -999 0.011171693054999 0.0111716930549989 0.0111716930549988 0.0111716930549985 0.0111716930549989 0.0111716930549983
-999 -999 0.0160816051837226 0.0160816051837215 0.0160816051837214 0.0160816051837213 0.0160816051837215 0.0160816051837217
-999 -999 0.626734582344381 0.626734582344381 0.626734582344381 0.626734582344381 0.626734582344381 0.626734582344381
-999 -999 0.287518055010083 0.287518055010084 0.287518055010083 0.287518055010084 0.287518055010083 0.287518055010083
-999 -999 0.656007492673921 0.656007492673921 0.656007492673921 0.656007492673921 0.656007492673921 0.656007492673922
-999 -999 0.0114849156970399 0.0114849156970396 0.0114849156970403 0.0114849156970405 0.0114849156970397 0.0114849156970391
-999 -999 0.606707122630395 0.606707122630395 0.606707122630394 0.606707122630395 0.606707122630395 0.606707122630395
-999 -999 0.027385280141005 0.0273852801410053 0.0273852801410051 0.0273852801410058 0.0273852801410055 0.0273852801410064
-999 -999 0.00492630055453385 0.00492630055453313 0.00492630055453395 0.00492630055453438 0.00492630055453442 0.00492630055453499
-999 -999 0.00699410084741168 0.00699410084741149 0.00699410084741129 0.00699410084741104 0.00699410084741069 0.00699410084741164
-999 -999 0.535312266544387 0.535312266544387 0.535312266544387 0.535312266544387 0.535312266544387 0.535312266544387
-999 -999 0.289227214550123 0.289227214550123 0.289227214550123 0.289227214550123 0.289227214550123 0.289227214550122
-999 -999 0.140081426323615 0.140081426323614 0.140081426323614 0.140081426323614 0.140081426323614 0.140081426323615
-999 -999 0.68900887540993 0.68900887540993 0.68900887540993 0.68900887540993 0.68900887540993 0.68900887540993
-999 -999 0.635301911166628 0.635301911166629 0.635301911166629 0.635301911166629 0.635301911166629 0.635301911166628
-999 -999 0.00217714414208765 0.00217714414208687 0.00217714414208844 0.00217714414208848 0.00217714414208768 0.00217714414208801
-999 -999 0.00168371198914048 0.00168371198913973 0.00168371198914016 0.00168371198913999 0.00168371198914001 0.00168371198914083
-999 -999 0.00493218225842575 0.00493218225842531 0.00493218225842524 0.00493218225842635 0.00493218225842708 0.00493218225842641
-999 -999 0.00950360028209881 0.00950360028209929 0.00950360028209912 0.00950360028209975 0.00950360028209901 0.00950360028209842
-999 -999 0.00663919283903332 0.00663919283903253 0.00663919283903217 0.00663919283903284 0.00663919283903328 0.00663919283903367
-999 -999 0.0164292941567694 0.0164292941567704 0.0164292941567698 0.0164292941567707 0.0164292941567702 0.0164292941567702
-999 -999 0.00519248858260641 0.00519248858260731 0.00519248858260668 0.00519248858260589 0.00519248858260683 0.00519248858260676
-999 -999 0.00221684070344106 0.00221684070344065 0.00221684070344105 0.00221684070344197 0.00221684070344173 0.00221684070344128
-999 -999 0.424270137661658 0.424270137661659 0.424270137661659 0.424270137661659 0.42427013766166 0.424270137661659
-999 -999 0.785918933132459 0.785918933132459 0.785918933132458 0.785918933132459 0.785918933132459 0.785918933132459
-999 -999 0.864491105771553 0.864491105771554 0.864491105771553 0.864491105771553 0.864491105771553 0.864491105771553
-999 -999 0.816311310467679 0.81631131046768 0.81631131046768 0.816311310467679 0.816311310467679 0.816311310467679

# Duration of outbreak (days) based on incidence
0
0
0
0
0
0
0
0
0
0
0
0
0
0
0
0
0
0
1
3
0
0
0
0
0
0
0
0
0
0
0
0
0
0
0
0
0
0
0
0
0
0
0
0
0
0
0
0
0
0

# Duration of outbreak (days) based on prevalence
0
5
0
0
0
0
0
0
0
0
0
0
0
0
0
0
0
28
15
18
18
0
0
0
0
0
0
0
0
0
0
0
0
0
0
0
14
0
0
0
0
0
0
0
0
0
0
29
21
13

# Peak (point) prevalence
0.0251192152841765
0.101677409075072
0.0509573379491701
5.44409671718621e-05
0.000167238051596853
8.90645108996851e-05
0.066263033515903
0.00237637232731087
0.00020814883834673
0.00221108671534425
0.0203107618231944
0.00100053463217098
0.000140784785634182
0.00158001448622437
0.0156439219182991
0.000211834186900323
0.000122746768734558
0.260936038340009
0.324517377389632
0.442181080812972
0.23136876087077
5.98681822353508e-05
0.0279217941981341
0.000439045129874821
0.000416198356598089
0.0852049470119659
0.0147322051621883
0.0938782930309217
0.000214362991809435
0.077980811956869
0.00146040901601577
0.000102988034079863
0.000208092467198005
0.0715874832355896
0.0223199136960682
0.0107212525463472
0.142763561229377
0.0822404898485385
3.34323155948811e-05
2.94427524441483e-05
0.000197927511184192
0.000316319413060841
0.000219475827456534
0.00166005933348704
0.000170567273982581
7.30453086805757e-05
0.0548895974159882
0.243838458756638
0.297065691857008
0.203727018839465

# Day of peak prevalence
98
63
86
62
110
59
81
119
84
119
107
119
71
119
119
85
87
47
20
12
18
56
94
119
101
58
85
49
86
62
119
59
78
66
95
115
41
50
45
43
99
90
77
119
66
49
69
41
24
21

# Total immunity
0.0550247319557474
0.0978370334807963
0.209435430989245
0.171165817867496
0.148693202280887
0.137240498978181
0.107750099563821
0.236628589607824
0.191098880914061
0.187572107294726
0.185218071209403
0.25448004565669
0.191586668711497
0.108583472924369
0.0414932565777877
0.0151330656022543
0.00551302468262393
0.00474793459674793
0.0362637848322233
0.137075189297578
0.349102674327431
0.513481456697741
0.370249081607158
0.329639959491286
0.235022028372018
0.207424512115282
0.230860155907461
0.256266146950832
0.361125394893082
0.310935500143179
0.316227967199021
0.23562316135273
0.189108356940555
0.106479752289879
0.144118274349069
0.177481686893517
0.197196750379771
0.368707959935953
0.542381390443814
0.464693414988195
0.400713811247069
0.374876448250052
0.287140328526186
0.125482394672563
0.0669172540161011
0.0276019564368527
0.0156966957673273
0.0430501365693681
0.113259254204634
0.256413128537173

# Observed immunity (based on survey selectivity)
0.157472684893175
0.20866709125085
0.422174277780459
0.531869313926647
0.419202234096899
0.328139613065163
0.221542371486182
0.398886785829827
0.36911855861398
0.312928529528817
0.272863256686703
0.33797699446464
0.303633705342125
0.290551684625601
0.279375217209392
0.26176909770681
0.155674238452638
0.0630740277340584
0.176899355138874
0.281986048133522
0.558537970886672
0.782540255647205
0.68291428439627
0.695950840493606
0.616132832788789
0.500304072118727
0.569666400963153
0.500162360825987
0.62276267629503
0.50197092834759
0.634413837002761
0.576158149446101
0.493054539164364
0.376089360566412
0.465218123689912
0.44642491058298
0.326477305069279
0.518005857173292
0.705621019814852
0.669951334997465
0.605645865409757
0.550462446291406
0.502372895099931
0.438679936481377
0.395671234862788
0.313426934240524
0.170076887851365
0.23096421707909
0.305463663704118
0.404179723171926

# True total proportion of susceptible
1 1 1 0.999838934719954 0.998109699986483 0.99409353316916 0.990889449812707 0.564891460162252
1 1 1 0.989052208853747 0.888328781747756 0.782521957931816 0.767460669021482 0.471109564604175
1 1 1 0.981427940176684 0.783557114519011 0.480672829442164 0.388411507280426 0.235756160159189
1 1 1 0.985357643313378 0.823234307324329 0.499699250752763 0.277923239465791 0.16120722308942
1 1 1 0.999924399011353 0.984605516029053 0.822001852898614 0.498861959423903 0.200385869690873
1 1 1 0.999857628886244 0.998500743628359 0.981931746634533 0.819561279732093 0.331060578694245
1 1 1 0.999893549717375 0.998793154946346 0.996480048414684 0.979828174450589 0.380740619806087
1 1 1 0.980803552982502 0.799202599615553 0.59965863707319 0.57493730236928 0.283983747645077
1 1 1 0.998442538478894 0.965339360479889 0.773597062903845 0.578090569457657 0.332192999655002
1 1 1 0.999758016228742 0.996023554732397 0.960842757896124 0.769556825552972 0.372044747285021
1 1 1 0.99917213556883 0.991458938106158 0.980250582378078 0.944605596453606 0.538730703091247
1 1 1 0.991366265124528 0.911389824298661 0.822790051727897 0.804007099482482 0.48069490006758
1 1 1 0.999480130197408 0.986183504995702 0.902036926434493 0.813600073422425 0.501569615122879
1 1 1 0.999840768626222 0.99788811817264 0.98318787361285 0.899088034841769 0.569950210020757
1 1 1 0.999247637072517 0.992297602327092 0.98353355073631 0.968201224906258 0.591524576802874
1 1 1 0.996878455799335 0.967631046288782 0.931655575979683 0.919923455375945 0.630510846912704
1 1 1 0.99980877766637 0.994968365148593 0.964070781880698 0.928001681846185 0.635764132150068
1 1 1 0.999885775461759 0.998666754742345 0.99280707713477 0.961852808246901 0.648968248741198
1 1 1 0.974493746335553 0.709094496432921 0.356749441420087 0.308034009066501 0.186796473203129
1 1 1 0.96328579127022 0.593239362287805 0.142458325407502 0.0524817367475451 0.0312791084804564
1 1 1 0.962040598254695 0.558929878107949 0.0645853503490522 0.00719923416673634 0.00198999669321068
1 1 1 0.973704671924166 0.645015161079878 0.0894961986174257 0.00528351771142532 0.000426119858922203
1 1 1 0.999781296563126 0.971552856605571 0.642102393029157 0.089020817656133 0.00379957486083097
1 1 1 0.986681666732058 0.855347149078992 0.676502853822522 0.407019906655064 0.0319706970572114
1 1 1 0.999589737484379 0.982600494114768 0.848240256555883 0.670159408541933 0.085949627808922
1 1 1 0.999276032561931 0.992346778217083 0.969024167762906 0.835631870764638 0.157267078616293
1 1 1 0.979773937072594 0.771060285972407 0.497097044783431 0.44806060728884 0.0874304161473347
1 1 1 0.987508129444228 0.853869314740529 0.571675304055301 0.355994843206152 0.0939753498555631
1 1 1 0.975276786653271 0.719839222790365 0.359606457907765 0.207045069468587 0.0355191634930853
1 1 1 0.999539357090298 0.970737680086298 0.712981929665311 0.35564084390803 0.078734870545156
1 1 1 0.983404537686505 0.806857963275857 0.54058815981843 0.336065390231701 0.054387226695741
1 1 1 0.999050418601756 0.973939876657101 0.790703834237777 0.527775042320802 0.125610593262408
1 1 1 0.999793971824023 0.996990973429645 0.970100788184218 0.787276246669207 0.171668921137759
1 1 1 0.999733274654044 0.997125435307814 0.991926800471818 0.964862111337826 0.325607663667461
1 1 1 0.983433064959596 0.8146846372194 0.599515819412605 0.568482265306853 0.184379162465981
1 1 1 0.987618281364534 0.857907026621766 0.605564154033025 0.431326323790941 0.154877071946382
1 1 1 0.99505208161683 0.93733111894059 0.768008996167867 0.531584908182924 0.166188572612588
1 1 1 0.974628682767541 0.71629556907039 0.376498965060356 0.267080060603688 0.0850544251019093
1 1 1 0.979087330585588 0.74294151952039 0.323669254572868 0.14275243073819 0.0470590057332116
1 1 1 0.999904933550114 0.978145914097329 0.741526878483453 0.322973763985996 0.0651782132841363
1 1 1 0.9999327600233 0.999232629089415 0.976887548738787 0.740451571136865 0.177532251373161
1 1 1 0.999814987591215 0.998082042488929 0.995716550352683 0.973237276795785 0.273805241425742
1 1 1 0.999642316878871 0.996235092790089 0.991281043137799 0.988567327782634 0.311605581828828
1 1 1 0.999729888217775 0.996940730017008 0.991112767634609 0.985908315781747 0.326193330348289
1 1 1 0.99949803848367 0.994695494762014 0.987354151866047 0.981035205205509 0.431067050504905
1 1 1 0.999795269928216 0.997450667501389 0.990817190342909 0.983292312754798 0.439864374431984
1 1 1 0.999913485227421 0.998930210255904 0.995809741878206 0.989097673828111 0.516810095242079
1 1 1 0.981147281371309 0.805464162805624 0.617798795640401 0.594287896030548 0.337232114014351
1 1 1 0.973066969381751 0.677038762172194 0.239167137706207 0.144527890024989 0.0761862408047692
1 1 1 0.969094205675941 0.628059738550967 0.136611723245516 0.0314996478436186 0.0115332573198109

# True vulnerable proportion of susceptible
0 0 0.05 0.499919467359977 0.948204214987159 0.99409353316916 0.990889449812707 0.564891460162252
0 0 0.05 0.494526104426873 0.843912342660368 0.782521957931816 0.767460669021482 0.471109564604175
0 0 0.05 0.490713970088342 0.74437925879306 0.480672829442164 0.388411507280426 0.235756160159189
0 0 0.05 0.492678821656689 0.782072591958112 0.499699250752763 0.277923239465791 0.16120722308942
0 0 0.05 0.499962199505676 0.9353752402276 0.822001852898614 0.498861959423903 0.200385869690873
0 0 0.05 0.499928814443122 0.948575706446941 0.981931746634533 0.819561279732093 0.331060578694245
0 0 0.05 0.499946774858688 0.948853497199029 0.996480048414684 0.979828174450589 0.380740619806087
0 0 0.05 0.490401776491251 0.759242469634775 0.59965863707319 0.57493730236928 0.283983747645077
0 0 0.05 0.499221269239447 0.917072392455895 0.773597062903845 0.578090569457657 0.332192999655002
0 0 0.05 0.499879008114371 0.946222376995778 0.960842757896124 0.769556825552972 0.372044747285021
0 0 0.05 0.499586067784415 0.94188599120085 0.980250582378078 0.944605596453606 0.538730703091247
0 0 0.05 0.495683132562264 0.865820333083728 0.822790051727897 0.804007099482482 0.48069490006758
0 0 0.05 0.499740065098704 0.936874329745916 0.902036926434493 0.813600073422425 0.501569615122879
0 0 0.05 0.499920384313111 0.947993712264008 0.98318787361285 0.899088034841769 0.569950210020757
0 0 0.05 0.499623818536258 0.942682722210737 0.98353355073631 0.968201224906258 0.591524576802874
0 0 0.05 0.498439227899668 0.919249493974343 0.931655575979683 0.919923455375945 0.630510846912704
0 0 0.05 0.499904388833185 0.945219946891163 0.964070781880698 0.928001681846185 0.635764132150068
0 0 0.05 0.49994288773088 0.948733417005228 0.99280707713477 0.961852808246901 0.648968248741198
0 0 0.05 0.487246873167776 0.673639771611275 0.356749441420087 0.308034009066501 0.186796473203129
0 0 0.05 0.48164289563511 0.563577394173415 0.142458325407502 0.0524817367475451 0.0312791084804564
0 0 0.05 0.481020299127348 0.530983384202551 0.0645853503490522 0.00719923416673634 0.00198999669321068
0 0 0.05 0.486852335962083 0.612764403025884 0.0894961986174257 0.00528351771142532 0.000426119858922203
0 0 0.05 0.499890648281563 0.922975213775293 0.642102393029157 0.089020817656133 0.00379957486083097
0 0 0.05 0.493340833366029 0.812579791625043 0.676502853822522 0.407019906655064 0.0319706970572114
0 0 0.05 0.499794868742189 0.933470469409029 0.848240256555883 0.670159408541933 0.085949627808922
0 0 0.05 0.499638016280966 0.942729439306229 0.969024167762906 0.835631870764638 0.157267078616293
0 0 0.05 0.489886968536297 0.732507271673786 0.497097044783431 0.44806060728884 0.0874304161473347
0 0 0.05 0.493754064722114 0.811175849003502 0.571675304055301 0.355994843206152 0.0939753498555631
0 0 0.05 0.487638393326636 0.683847261650847 0.359606457907765 0.207045069468587 0.0355191634930853
0 0 0.05 0.499769678545149 0.922200796081983 0.712981929665311 0.35564084390803 0.078734870545156
0 0 0.05 0.491702268843252 0.766515065112064 0.54058815981843 0.336065390231701 0.054387226695741
0 0 0.05 0.499525209300878 0.925242882824246 0.790703834237777 0.527775042320802 0.125610593262408
0 0 0.05 0.499896985912011 0.947141424758163 0.970100788184218 0.787276246669207 0.171668921137759
0 0 0.05 0.499866637327022 0.947269163542424 0.991926800471818 0.964862111337826 0.325607663667461
0 0 0.05 0.491716532479798 0.77395040535843 0.599515819412605 0.568482265306853 0.184379162465981
0 0 0.05 0.493809140682267 0.815011675290677 0.605564154033025 0.431326323790941 0.154877071946382
0 0 0.05 0.497526040808415 0.89046456299356 0.768008996167867 0.531584908182924 0.166188572612588
0 0 0.05 0.48731434138377 0.680480790616871 0.376498965060356 0.267080060603688 0.0850544251019093
0 0 0.05 0.489543665292794 0.70579444354437 0.323669254572868 0.14275243073819 0.0470590057332116
0 0 0.05 0.499952466775057 0.929238618392463 0.741526878483453 0.322973763985996 0.0651782132841363
0 0 0.05 0.49996638001165 0.949270997634944 0.976887548738787 0.740451571136865 0.177532251373161
0 0 0.05 0.499907493795607 0.948177940364483 0.995716550352683 0.973237276795785 0.273805241425742
0 0 0.05 0.499821158439436 0.946423338150584 0.991281043137799 0.988567327782634 0.311605581828828
0 0 0.05 0.499864944108887 0.947093693516158 0.991112767634609 0.985908315781747 0.326193330348289
0 0 0.05 0.499749019241835 0.944960720023913 0.987354151866047 0.981035205205509 0.431067050504905
0 0 0.05 0.499897634964108 0.94757813412632 0.990817190342909 0.983292312754798 0.439864374431984
0 0 0.05 0.499956742613711 0.948983699743108 0.995809741878206 0.989097673828111 0.516810095242079
0 0 0.05 0.490573640685654 0.765190954665343 0.617798795640401 0.594287896030548 0.337232114014351
0 0 0.05 0.486533484690875 0.643186824063584 0.239167137706207 0.144527890024989 0.0761862408047692
0 0 0.05 0.484547102837971 0.596656751623418 0.136611723245516 0.0314996478436186 0.0115332573198109

# True survival by age
0.778267540515681 0.778267540515681 0.776683468569144 0.762429458327088 0.748228074573103 0.746776376532605 0.746879595057389 0.760602984607851
0.778267540515681 0.778267540515681 0.769597497341681 0.692522124822797 0.631991959442775 0.64269352586522 0.645313197687584 0.696858762107103
0.778267540515681 0.778267540515681 0.771185427302663 0.708771606100822 0.672947393389204 0.710460879932742 0.723578180170608 0.745282031515755
0.778267540515681 0.778267540515681 0.778281414318335 0.778412055018253 0.778578805921448 0.778672976741665 0.778729699616441 0.77875955166375
0.778267540515681 0.778267540515681 0.77826753146259 0.778267490305283 0.778275580148922 0.77836230786941 0.778534678320356 0.778693892515887
0.778267540515681 0.778267540515681 0.778265755276006 0.778249766578935 0.778234471283266 0.778242115607041 0.778334495853777 0.778612427032722
0.778267540515681 0.778267540515681 0.774518595950023 0.740782142385012 0.707124200818234 0.703554448257853 0.704811866793797 0.750050246419287
0.778267540515681 0.778267540515681 0.777846000726314 0.774143299646801 0.771973596020075 0.773425420055928 0.773647023048106 0.776255141868703
0.778267540515681 0.778267540515681 0.778228885147783 0.77788241938395 0.777577027629303 0.777790194615063 0.778045594505898 0.77836682277498
0.778267540515681 0.778267540515681 0.778042752612149 0.776020334466659 0.774015674037534 0.773968704240123 0.774930681313688 0.776929769804277
0.778267540515681 0.778267540515681 0.776791143531967 0.763516234696583 0.750460142245138 0.749333291683482 0.750404822100943 0.762605901232885
0.778267540515681 0.778267540515681 0.778131082275526 0.776919343431653 0.775951824853375 0.776116506751879 0.776177784393507 0.777232560492073
0.778267540515681 0.778267540515681 0.778260735867106 0.778199806621945 0.778147406047329 0.778197017709672 0.778256211637309 0.778465064708623
0.778267540515681 0.778267540515681 0.778036524457653 0.77595783269439 0.773888631252098 0.773733861719669 0.774167275597304 0.775863508348956
0.778267540515681 0.778267540515681 0.777138075425445 0.766981788481867 0.756977103243784 0.756058984914516 0.756413507298671 0.765123229803984
0.778267540515681 0.778267540515681 0.778239986101874 0.777994521041023 0.777778213400304 0.777790560205689 0.777803281705783 0.77811710072027
0.778267540515681 0.778267540515681 0.778276153392807 0.778353754785087 0.778433044862711 0.778452767967486 0.778465788372039 0.77857128174777
0.778267540515681 0.778267540515681 0.767780573889276 0.67340991385022 0.57928153782901 0.570040682400833 0.576549516229722 0.642340558260952
0.778267540515681 0.778267540515681 0.773203010380875 0.728927612090608 0.710189285243294 0.742475183154562 0.74743557579991 0.759780447890376
0.778267540515681 0.778267540515681 0.770514277967074 0.703601041603571 0.691093172527978 0.756634482247493 0.770634703895757 0.773933800912947
0.778267540515681 0.778267540515681 0.762506670969202 0.626661818408991 0.611127540879441 0.758407917784817 0.776527620322645 0.778172440354885
0.778267540515681 0.778267540515681 0.778253990170966 0.778149621964078 0.77829077016063 0.778728805802885 0.778796533805187 0.778800440364739
0.778267540515681 0.778267540515681 0.771581839122929 0.71142526506887 0.654867976298875 0.692600289483026 0.766849981291332 0.778290700517613
0.778267540515681 0.778267540515681 0.778155087375689 0.777165087901792 0.776517132590363 0.776918545558168 0.7776683294053 0.778711830829757
0.778267540515681 0.778267540515681 0.778200391602532 0.777596545640447 0.777023188123125 0.777209297042798 0.777543416037252 0.778639522590346
0.778267540515681 0.778267540515681 0.768527685720655 0.680939891992904 0.594630664542453 0.589520964410005 0.615576526930131 0.748081751377257
0.778267540515681 0.778267540515681 0.776186766212443 0.757891441600737 0.747905974757218 0.75784877463278 0.759915598129255 0.775115702188031
0.778267540515681 0.778267540515681 0.771011120739663 0.706616466517886 0.660620814165016 0.695529621835066 0.726945991063357 0.765112179672667
0.778267540515681 0.778267540515681 0.778184089949714 0.777466849986945 0.777275585344139 0.778008838355976 0.778344817264851 0.778722560855959
0.778267540515681 0.778267540515681 0.766446586955481 0.660112702932522 0.560257288756655 0.609858065168342 0.694530862239937 0.760144373322155
0.778267540515681 0.778267540515681 0.777903963512642 0.774700957176546 0.772796787065804 0.774581609998962 0.776177865755713 0.778376302589926
0.778267540515681 0.778267540515681 0.778254446229702 0.77813722835401 0.778039128984306 0.778172072095415 0.778381134212257 0.778700906537021
0.778267540515681 0.778267540515681 0.77821704022861 0.777762751552786 0.777312526779765 0.77730367668199 0.777585820344357 0.778535855301185
0.778267540515681 0.778267540515681 0.769307114822105 0.688687325535664 0.608510374321162 0.600510117707359 0.605374772469459 0.720275489697646
0.778267540515681 0.778267540515681 0.775979401993174 0.755774063908053 0.742948243813138 0.751045590898659 0.752482320723157 0.770264762967867
0.778267540515681 0.778267540515681 0.776338927368797 0.759226806959543 0.746906465899363 0.755119890719256 0.761933549146945 0.772744236883599
0.778267540515681 0.778267540515681 0.770306000602173 0.699048710318215 0.636511575033238 0.656100562453004 0.693872630098049 0.75224982517173
0.778267540515681 0.778267540515681 0.768848920173865 0.686484494209414 0.650235019457127 0.707678001581249 0.7283478507834 0.762733521663859
0.778267540515681 0.778267540515681 0.778279897647891 0.778399679156861 0.778579046941824 0.778708181326308 0.778759941613598 0.778787319494024
0.778267540515681 0.778267540515681 0.778278265164321 0.778374827500018 0.778478509198006 0.778564421688165 0.778697835318838 0.778780007543102
0.778267540515681 0.778267540515681 0.778237364883111 0.777965840335294 0.777695052653843 0.777690301063617 0.777959070892303 0.778598972360223
0.778267540515681 0.778267540515681 0.778185316669659 0.777445552836273 0.776709306512855 0.776632391746971 0.776681345298807 0.778204512064476
0.778267540515681 0.778267540515681 0.778234299651941 0.777935441507109 0.777640349539961 0.777613169072876 0.777616420266234 0.77842746094085
0.778267540515681 0.778267540515681 0.778008994866896 0.775682926425193 0.773371832779629 0.773147321695647 0.773177008698471 0.776940125581785
0.778267540515681 0.778267540515681 0.778242470425749 0.778017233125806 0.777796564098947 0.77777922267242 0.777785760534907 0.778354781981246
0.778267540515681 0.778267540515681 0.778271582435047 0.778308060605111 0.778345500616495 0.778352533244382 0.778355937530369 0.778601786594883
0.778267540515681 0.778267540515681 0.775636631567522 0.751960773292351 0.728334316826889 0.725872079728221 0.726228835686414 0.751331591853974
0.778267540515681 0.778267540515681 0.767590323347669 0.673518367617492 0.614969075343491 0.646543908318926 0.651577064950115 0.706606946209877
0.778267540515681 0.778267540515681 0.767887126498173 0.677273522264323 0.644908846703824 0.729020170800194 0.748718527939227 0.762943262885823
0.778267540515681 0.778267540515681 0.772926022666353 0.726519680827455 0.714724821116908 0.764133656724089 0.775418867494596 0.777562531051098

# True Numbers-at-age
88.1962642060473 33.9983550191405 152.060971690632 68.8895348394981 45.6766748466534 10.3010511149483 8.69311645135438 58.4147065819687
84.1819601682452 68.6402896263116 26.4598161423254 118.103242926675 52.5234107320835 34.1765704734131 7.69258162609821 50.9231114662116
63.6909189050654 65.5160870959292 53.4205093877535 20.3634082832547 81.7891087400436 33.1943732651872 21.9650605795391 40.4503408665964
223.561400381588 49.5685748094289 50.98904396836 41.1971183589206 14.4330055946092 55.0397675342385 23.5833036388007 46.0403507780417
60.1714285086988 173.99058122922 38.5776128038018 39.683825254435 32.0683335625976 11.2372322617084 42.8579796250548 54.2193818889562
31.1395195976948 46.8294696747801 135.411221726159 30.0237034865344 30.8846310864825 24.9580009078398 8.74663803728794 75.5867249137691
83.5984612732982 24.2348773301377 36.4458561874448 105.385916749556 23.3659402302306 24.0354845443674 19.4233674278397 65.6605734437325
30.7225440764451 65.0619688460652 18.8612183744255 28.2279933624962 78.0680051869444 16.5226218116684 16.9102720672226 62.9385491477408
74.0924107358986 23.9103588167595 50.635618474935 14.6711232813726 21.8525119240508 60.2664386982794 12.7790157151149 61.9389540414302
7.00477668055007 57.6637182743054 18.6086561491668 39.4061009145172 11.4124088731943 16.9920112681373 46.8746450838915 58.1538837425003
10.4553073523893 5.45159031903329 44.8778001983328 14.4783300527108 30.5799356117105 8.8333833463774 13.1512849436338 81.5060841604828
13.2012121197144 8.13702633847955 4.24279578949314 34.8606777352621 11.0544400465401 22.9490228290115 6.61914821964303 72.0258084056947
48.1828141311952 10.2740748882359 6.33278347555979 3.30145127955234 27.0839348576622 8.57771292684503 17.8111154314215 61.1184392883643
110.67702407941 37.4991202490095 7.99597899434126 4.92855672777621 2.5691887473194 21.0752936550447 6.6751506184405 61.4401810161995
337.756871810607 86.1363353218773 29.1843480876984 6.22116370639367 3.82435219679658 1.9882659630913 16.3066683465938 52.8368775653032
909.620297339212 262.865209916311 67.0371138399914 22.6802681054202 4.7715192659683 2.89494704771508 1.50324634579489 52.7613066119256
1830.64233250637 707.927951613331 204.579460408705 52.1709625431446 17.6451243217583 3.71118372988995 2.25166248600812 42.2237048720563
392.586491445826 1424.72950568362 550.957345764411 159.219315510063 40.6074645862087 13.7355478527674 2.88898124696873 34.6270062346945
260.57435697739 305.537323137223 1108.82072828851 423.014347119511 107.219865540923 23.5231545328361 7.82982107114083 23.9079712560357
187.551695134337 202.796563926248 237.789781013752 857.343525085391 308.346837925893 76.14639967239 17.4653584701405 24.0170959297794
215.515209589657 145.965396491747 157.829983031912 183.22042142576 603.227797262158 213.096394461176 57.6149916911295 32.047053692895
71.5114569052168 167.728492111064 113.600130128028 120.346414940789 114.817242460328 368.649120330945 161.613992810752 69.6777663712059
359.809762193277 55.6550456843162 130.537641029682 88.4097545560791 93.6475172909071 89.3612000621686 287.077689235601 180.129492548957
290.851504212751 280.028258675694 43.3145155220206 100.72047314045 62.8969330697323 61.3267601337103 61.8915930316085 360.338629559289
401.268075229701 226.360284838944 217.936904154421 33.7054106106736 78.2764353617082 48.8405461160365 47.6458972868768 328.731085699923
155.111799356721 312.293917996481 176.168862152034 169.598584157614 26.2092108602527 60.8226053596682 37.9593265140311 293.009769366593
296.241671892451 120.718478590317 243.048219477127 135.390647925743 115.486441578435 15.5848004709653 35.8562009695607 242.562131818521
73.5925594033693 230.555277381991 93.9512734272808 188.650811509643 102.6114133357 86.372999659962 11.8109219398174 215.261403535165
79.7036279602548 57.2747002071144 179.433688680992 72.4374766200863 133.303769834676 67.7872354204528 60.0749797902536 173.2850240131
108.189942255433 62.0307465028044 44.5750400639638 139.632441732538 56.3177367688215 103.613765726828 52.7390682848296 181.700006824502
230.83817669517 84.2007202676691 48.2765165170892 34.1643873204289 92.1731485291338 31.5524225110109 63.1896906909691 174.747148389836
212.161065935007 179.653860033674 65.5306874723677 37.5544935432272 26.4671835584865 71.2311130370537 24.4399262279463 185.065478510094
156.372050701051 165.118070978423 139.818767792556 50.9995488898592 29.2225495179654 20.5925044425126 55.4300628297068 163.13423338189
478.218599687249 121.6992913045 128.506034995071 108.809347639934 39.6655494725277 22.7150538047565 16.0066294152552 170.10748079205
153.203258297308 372.182013407448 94.7146081260547 98.8606070192864 74.9356186194264 24.1368983571824 13.6406196340233 132.21425866899
37.5620012760802 119.233123034034 289.657180198789 73.4965849736738 74.716282727383 55.6732862523539 18.1279110891309 112.104309732953
12.5950190759916 29.2332863499818 92.7952694117013 224.872144580198 55.8005775319931 55.8060746770473 42.0400058308594 100.440222910715
80.5072071145023 9.80229451902004 22.751317868791 71.4807528553288 157.196582655279 35.5177134926532 36.6143969839051 104.726549539991
7.56957496371977 62.6561460747902 7.62880764672806 17.4923261759523 49.0704284695986 102.214722981449 25.1351045052162 106.546467293299
49.5994908012208 5.89115448976326 48.7632447038182 5.93734763447096 13.6160210830684 38.205207430887 79.5954410376565 102.55125018184
43.0821010399056 38.6016737166962 4.58489431554596 37.9513734918709 4.62148194078898 10.5997797939557 29.7452152289049 141.845661027439
17.4669616652054 33.5294008165754 30.042429663282 3.56813607039805 29.5248721704819 3.59410364128067 8.24334593916947 133.581445912691
63.5212793217856 13.5939692954611 26.0948443084806 23.378577641047 2.77403151984566 22.9322429884157 2.79129730711431 110.356136951151
269.004830976244 49.4365498281757 10.5797450494242 20.3079028849368 18.1870241189961 2.15719884072765 17.8324141441712 88.074806105982
333.682683956207 209.357728190718 38.4748620463552 8.23113681185052 15.7524935393464 14.0653321757154 1.66783250607353 82.2164635424356
789.019073774395 259.694401755268 162.93632420694 29.9427716882453 6.40396628783591 12.2522353508945 10.9397231262573 65.2907939300228
797.058607432832 614.067933966359 202.111723339764 126.808710876685 23.3047005618198 4.9844983462368 9.53655842327512 59.3505272523747
54.998190086779 620.324842053604 477.909140677543 156.765256291561 95.3551762910384 16.9736131625483 3.61810818098478 51.5176498380899
74.8981007651259 42.8033061316514 482.778689145836 366.838431823482 105.58427951663 58.6404845929155 10.9741861924075 38.7602055372406
82.0929659174014 58.2907606717701 33.3124237890201 370.719540342751 248.449956823011 68.0922359331241 42.7500960937334 37.7884142140178

