# Simulated data from SIR age-structured hybrid model
# random seed = 1407326
# Flag=0 if no issues, =1 if negative pop #'s, =2 if NaN, or=3 if NA. Flag:
0

# Number of years (nyr)
50

# Starting age
0

# Ending age
8

# Sample size for comp data
200

# Sample size for fishery age comp data
200

# Sample size for antibody prevalence data
200

# Survey data
17395.8674659953
11092.5574455526
12405.3399529258
10302.5460085643
10512.6022081926
12976.2346006318
17056.0290096014
20776.0740419853
14838.4894339854
20125.2112122327
11297.6990129577
8375.24847855413
12271.0800162171
42957.7090619785
71285.6161019951
44087.5128954989
91575.4966482542
92315.3148117049
153129.985789473
40582.8053108924
26525.2653943201
44725.6073888289
36595.9026208742
38479.6437814703
29125.6058414994
18065.73267428
17356.2199727604
21489.1437918417
32349.0016469023
19524.7012798458
13452.9227285663
24556.0462413109
15790.4125850707
20410.119411884
31740.9467186733
15326.9239267764
16215.8283077192
11797.427406951
17103.9656929584
9807.56889508861
11338.4127622678
12892.9342389488
17114.1115784855
11348.6694474063
15219.5839146041
15642.8995120104
13045.9226227016
10337.1800109817
9163.0860184276
10026.8158514877

# Catches
0
0
0
0
0
0
0
0
0
0
0
0
0
0
0
0
0
0
0
0
0
0
0
0
0
0
0
0
0
0
0
0
0
0
0
0
0
0
0
0
0
0
0
0
0
0
0
0
0
0

# Catch compositions
-999 -999 -999 -999 -999 -999 -999 -999
-999 -999 -999 -999 -999 -999 -999 -999
-999 -999 -999 -999 -999 -999 -999 -999
-999 -999 -999 -999 -999 -999 -999 -999
-999 -999 -999 -999 -999 -999 -999 -999
-999 -999 -999 -999 -999 -999 -999 -999
-999 -999 -999 -999 -999 -999 -999 -999
-999 -999 -999 -999 -999 -999 -999 -999
-999 -999 -999 -999 -999 -999 -999 -999
-999 -999 -999 -999 -999 -999 -999 -999
-999 -999 -999 -999 -999 -999 -999 -999
-999 -999 -999 -999 -999 -999 -999 -999
-999 -999 -999 -999 -999 -999 -999 -999
-999 -999 -999 -999 -999 -999 -999 -999
-999 -999 -999 -999 -999 -999 -999 -999
-999 -999 -999 -999 -999 -999 -999 -999
-999 -999 -999 -999 -999 -999 -999 -999
-999 -999 -999 -999 -999 -999 -999 -999
-999 -999 -999 -999 -999 -999 -999 -999
-999 -999 -999 -999 -999 -999 -999 -999
-999 -999 -999 -999 -999 -999 -999 -999
-999 -999 -999 -999 -999 -999 -999 -999
-999 -999 -999 -999 -999 -999 -999 -999
-999 -999 -999 -999 -999 -999 -999 -999
-999 -999 -999 -999 -999 -999 -999 -999
-999 -999 -999 -999 -999 -999 -999 -999
-999 -999 -999 -999 -999 -999 -999 -999
-999 -999 -999 -999 -999 -999 -999 -999
-999 -999 -999 -999 -999 -999 -999 -999
-999 -999 -999 -999 -999 -999 -999 -999
-999 -999 -999 -999 -999 -999 -999 -999
-999 -999 -999 -999 -999 -999 -999 -999
-999 -999 -999 -999 -999 -999 -999 -999
-999 -999 -999 -999 -999 -999 -999 -999
-999 -999 -999 -999 -999 -999 -999 -999
-999 -999 -999 -999 -999 -999 -999 -999
-999 -999 -999 -999 -999 -999 -999 -999
-999 -999 -999 -999 -999 -999 -999 -999
-999 -999 -999 -999 -999 -999 -999 -999
-999 -999 -999 -999 -999 -999 -999 -999
-999 -999 -999 -999 -999 -999 -999 -999
-999 -999 -999 -999 -999 -999 -999 -999
-999 -999 -999 -999 -999 -999 -999 -999
-999 -999 -999 -999 -999 -999 -999 -999
-999 -999 -999 -999 -999 -999 -999 -999
-999 -999 -999 -999 -999 -999 -999 -999
-999 -999 -999 -999 -999 -999 -999 -999
-999 -999 -999 -999 -999 -999 -999 -999
-999 -999 -999 -999 -999 -999 -999 -999
-999 -999 -999 -999 -999 -999 -999 -999

# Age composition from fishery-independent survey
0 0 2 33 52 56 14 43
0 0 4 29 63 44 27 33
0 0 2 29 45 35 26 63
0 0 10 12 53 33 22 70
0 0 3 54 14 36 18 75
0 0 17 38 55 13 26 51
0 0 5 104 27 25 5 34
0 0 0 43 117 15 11 14
0 0 0 11 68 72 14 35
0 0 1 8 21 70 63 37
0 0 2 6 18 22 69 83
0 0 17 14 21 10 16 122
0 0 41 75 8 5 7 64
0 0 20 125 30 0 3 22
0 0 17 119 52 7 0 5
0 0 1 83 84 24 3 5
0 0 11 22 75 65 23 4
0 0 3 65 25 52 43 12
0 0 0 21 88 12 24 55
0 0 1 3 42 65 14 75
0 0 7 15 10 50 57 61
0 0 4 24 17 6 30 119
0 0 9 15 35 20 8 113
0 0 7 54 20 25 11 83
0 0 2 39 63 14 3 79
0 0 2 10 61 26 7 94
0 0 3 17 27 41 25 87
0 0 4 49 24 16 28 79
0 0 1 21 65 23 8 82
0 0 8 15 27 60 11 79
0 0 6 75 10 15 36 58
0 0 5 36 87 7 8 57
0 0 14 37 39 56 2 52
0 0 6 55 40 23 33 43
0 0 0 31 78 14 17 60
0 0 2 4 56 69 14 55
0 0 1 20 13 57 39 70
0 0 5 15 44 9 34 93
0 0 3 37 12 32 7 109
0 0 2 20 43 10 27 98
0 0 8 15 36 30 12 99
0 0 12 49 24 20 20 75
0 0 3 55 64 9 10 59
0 0 1 24 86 31 9 49
0 0 8 9 32 73 23 55
0 0 5 47 8 36 45 59
0 0 0 40 67 6 18 69
0 0 1 8 52 62 5 72
0 0 2 19 11 52 47 69
0 0 5 54 20 6 28 87

# Antibody prevalence values
0 0 0 0 0 5 0 33 5 38 16 43 11 10 32 7
0 0 0 0 0 7 0 26 0 47 4 38 13 26 30 9
0 0 0 0 0 1 1 42 2 34 2 27 7 15 56 13
0 0 0 0 0 7 0 17 0 59 3 32 6 17 35 24
0 0 0 0 0 5 0 48 0 20 0 29 1 22 41 34
0 0 0 0 0 24 0 21 0 65 0 13 0 33 15 29
0 0 0 0 0 6 1 107 2 26 4 15 1 4 24 10
0 0 0 0 0 1 1 46 23 84 12 5 6 2 16 4
0 0 0 0 0 2 0 11 7 66 43 27 5 4 35 0
0 0 0 0 0 0 0 3 1 18 5 66 37 30 38 2
0 0 0 0 0 1 0 12 0 6 0 18 8 51 73 31
0 0 0 0 0 18 0 19 0 11 0 11 0 14 59 68
0 0 0 0 0 29 0 88 0 10 0 10 0 1 29 33
0 0 0 0 0 26 1 113 2 37 1 3 0 0 11 6
0 0 0 0 0 13 2 115 9 45 5 1 1 0 9 0
0 0 0 0 0 2 0 51 28 81 24 4 3 0 7 0
0 0 0 0 0 13 0 22 21 55 61 4 19 0 5 0
0 0 0 0 0 4 0 66 7 14 29 13 42 1 24 0
0 0 0 0 0 0 1 27 23 65 9 3 23 0 49 0
0 0 0 0 0 3 0 9 6 21 45 15 15 0 86 0
0 0 0 0 0 0 0 17 0 7 6 30 41 19 78 2
0 0 0 0 0 2 0 17 0 25 0 6 9 25 98 18
0 0 0 0 0 5 0 10 0 26 1 23 1 8 90 36
0 0 0 0 0 6 0 52 1 14 3 14 1 2 88 19
0 0 0 0 0 0 0 45 4 57 5 5 11 2 66 5
0 0 0 0 0 2 0 12 2 62 11 22 6 1 77 5
0 0 0 0 0 7 0 12 1 16 8 46 10 12 83 5
0 0 0 0 0 1 0 46 0 23 0 12 6 17 84 11
0 0 0 0 0 1 0 27 2 62 0 16 0 9 62 21
0 0 0 0 0 8 1 14 3 26 17 34 3 6 72 16
0 0 0 0 0 1 0 68 0 14 3 22 8 26 43 15
0 0 0 0 0 3 1 24 9 70 4 6 3 4 60 16
0 0 0 0 0 15 2 38 6 23 15 30 1 4 61 5
0 0 0 0 0 6 0 53 1 44 4 16 14 12 42 8
0 0 0 0 0 0 0 37 5 68 3 19 3 8 51 6
0 0 0 0 0 1 0 4 10 68 32 28 6 11 34 6
0 0 0 0 0 0 0 15 0 8 13 52 27 21 54 10
0 0 0 0 0 5 0 4 0 39 0 10 9 40 59 34
0 0 0 0 0 2 0 15 0 11 0 31 0 8 74 59
0 0 0 0 0 3 0 19 0 35 0 12 0 27 56 48
0 0 0 0 0 10 0 14 0 21 0 27 0 10 53 65
0 0 0 0 0 12 0 56 0 12 0 20 0 20 27 53
0 0 0 0 0 1 0 47 1 61 0 13 0 11 25 41
0 0 0 0 0 0 0 23 13 72 10 22 5 4 32 19
0 0 0 0 0 4 0 10 0 27 9 66 10 28 31 15
0 0 0 0 0 2 0 53 0 18 0 25 8 41 29 24
0 0 0 0 0 1 0 31 0 72 0 10 2 21 20 43
0 0 0 0 0 1 0 5 2 48 9 45 2 4 38 46
0 0 0 0 0 11 0 15 0 13 4 47 4 42 28 36
0 0 0 0 0 8 0 41 0 26 0 8 0 28 35 54

# Average weight-at-age
70
94
115
134
150
160
165
168

# Maturity logistic function parameter age-at-50%
3

# Maturity logistic function parameter age-at-95%
4

# Infection prevalence index (avg of 3 different samples)
0.00555555555555556
0
0
0
0
0.122222222222222
0
0.0277777777777778
0
0
0
0
0.00555555555555556
0.0722222222222222
0
0.1
0.0888888888888889
0.188888888888889
0
0
0
0
0
0.0777777777777778
0.0333333333333333
0.0111111111111111
0
0
0.0444444444444444
0
0.1
0.0166666666666667
0
0.0388888888888889
0.0222222222222222
0
0
0
0.00555555555555556
0
0
0
0.0444444444444444
0
0.00555555555555556
0
0.0111111111111111
0
0
0

