# Simulated data from SIR age-structured hybrid model
# random seed = 1787769
# Flag=0 if no issues, =1 if negative pop #'s, =2 if NaN, or=3 if NA. Flag:
0

# True SSB
50858.5159995086
54018.8372117073
45361.3912449916
36865.1386980943
34653.4909951456
45298.6904909435
53477.7841059106
47560.2366848487
46219.0736173969
42982.0474439648
37835.0997130066
28040.8027492978
22761.9949308844
19836.4663498916
17079.302946333
14673.6699096161
14019.4493329106
19074.7170725723
24208.2861464465
20301.5961244951
19003.5338335536
17476.3390220563
15810.9497190375
14998.4253066014
13744.7999511718
10665.1749952034
10314.7876342605
11047.5603180213
11569.1455393827
13007.7799956102
14231.2928977104
12616.4350421988
13443.7658872357
19076.0311738957
30775.3788261847
49637.2775949079
85619.7148199046
114942.109838953
152040.02628031
122134.255305272
107398.756400538
105173.487697601
101975.961633522
83493.2456736042
67314.3843652629
54367.9738249823
43619.7595910382
34036.9503523914
29345.4278735779
27203.6745213604

# True R (numbers)
16.4077603077626
80.9600570554794
460.611840017357
184.337637703212
80.8851055502267
121.778050733569
47.6909169539683
27.329033832032
28.2881563715887
58.9311796926918
26.7997489197043
30.8760274922737
22.73567492898
36.9102998549007
247.931579586354
104.694997351789
30.9132489629826
25.3825015330827
30.14405206732
16.7800162649097
80.6299474148057
5.93422798557655
10.8359578794812
51.1215596686064
12.1347119631016
55.3048428185182
62.9518110375813
48.1814821731812
22.4832992953848
127.798637637857
286.597373878863
322.575198392837
538.045702181395
749.365403269015
1020.62306048042
672.192349490341
144.296899294085
107.771115616919
504.904226764456
38.9555952839442
83.2411660744887
8.15867175581693
3.06827707402407
8.47327964819422
26.018980817556
44.3490254427898
109.326750183401
15.7230891053817
14.3443668721639
13.7651067507376

# True infection rate given (selected) susceptible
-999 -999 0.907633256269391 0.907633256269391 0.907633256269391 0.907633256269391 0.907633256269391 0.907633256269391
-999 -999 0.816854064704257 0.816854064704257 0.816854064704258 0.816854064704257 0.816854064704258 0.816854064704257
-999 -999 0.00305843540394867 0.0030584354039491 0.00305843540394926 0.00305843540394852 0.00305843540394844 0.00305843540394951
-999 -999 0.00190572171057468 0.00190572171057404 0.00190572171057336 0.00190572171057465 0.00190572171057372 0.00190572171057348
-999 -999 0.00225921637755538 0.0022592163775553 0.00225921637755478 0.00225921637755396 0.00225921637755474 0.00225921637755538
-999 -999 0.801995199550629 0.801995199550629 0.801995199550629 0.801995199550629 0.801995199550629 0.801995199550629
-999 -999 0.737120778672468 0.737120778672467 0.737120778672467 0.737120778672467 0.737120778672467 0.737120778672467
-999 -999 0.00634964951888666 0.00634964951888609 0.00634964951888659 0.00634964951888597 0.0063496495188869 0.0063496495188862
-999 -999 0.0184322416373558 0.0184322416373556 0.0184322416373561 0.0184322416373558 0.0184322416373559 0.0184322416373564
-999 -999 0.112207547446344 0.112207547446344 0.112207547446344 0.112207547446344 0.112207547446344 0.112207547446344
-999 -999 0.0384259522811567 0.0384259522811566 0.0384259522811567 0.0384259522811553 0.0384259522811552 0.0384259522811557
-999 -999 0.0182838416199521 0.0182838416199519 0.0182838416199516 0.018283841619952 0.0182838416199513 0.0182838416199519
-999 -999 0.0933249339084501 0.0933249339084498 0.0933249339084497 0.0933249339084503 0.0933249339084488 0.0933249339084497
-999 -999 0.0387510291424645 0.0387510291424636 0.0387510291424637 0.0387510291424644 0.0387510291424643 0.0387510291424639
-999 -999 0.0117475395530726 0.0117475395530726 0.0117475395530723 0.0117475395530725 0.0117475395530722 0.011747539553073
-999 -999 0.0063458189039491 0.00634581890394924 0.00634581890394957 0.00634581890394931 0.00634581890394896 0.0063458189039493
-999 -999 0.00952773856026147 0.00952773856026087 0.00952773856026111 0.00952773856026057 0.00952773856026088 0.00952773856026046
-999 -999 0.685187351650637 0.685187351650637 0.685187351650638 0.685187351650637 0.685187351650638 0.685187351650637
-999 -999 0.581828529877058 0.581828529877058 0.581828529877058 0.581828529877057 0.581828529877058 0.581828529877058
-999 -999 0.0024250271912665 0.00242502719126713 0.00242502719126691 0.00242502719126585 0.00242502719126641 0.0024250271912662
-999 -999 0.00159258794065672 0.00159258794065637 0.00159258794065589 0.00159258794065696 0.00159258794065644 0.00159258794065667
-999 -999 0.00182595825971983 0.00182595825972055 0.00182595825971948 0.00182595825972031 0.00182595825972022 0.00182595825972013
-999 -999 0.00454012827261462 0.00454012827261485 0.00454012827261369 0.00454012827261459 0.00454012827261491 0.00454012827261418
-999 -999 0.0101516187135942 0.0101516187135951 0.0101516187135945 0.010151618713594 0.010151618713594 0.010151618713594
-999 -999 0.0677273397603068 0.0677273397603065 0.0677273397603071 0.0677273397603069 0.0677273397603058 0.0677273397603064
-999 -999 0.00724366319559223 0.00724366319559324 0.00724366319559311 0.00724366319559316 0.00724366319559273 0.00724366319559242
-999 -999 0.00402266842116551 0.00402266842116475 0.00402266842116496 0.00402266842116497 0.00402266842116531 0.00402266842116495
-999 -999 0.171227249793788 0.171227249793788 0.171227249793787 0.171227249793788 0.171227249793788 0.171227249793788
-999 -999 0.0051137194584779 0.00511371945847781 0.00511371945847859 0.00511371945847861 0.0051137194584785 0.00511371945847766
-999 -999 0.0163922041079872 0.0163922041079859 0.0163922041079871 0.0163922041079869 0.0163922041079878 0.0163922041079863
-999 -999 0.104432571120001 0.104432571120001 0.104432571120001 0.104432571120002 0.10443257112 0.10443257112
-999 -999 0.00269211002267741 0.00269211002267831 0.00269211002267786 0.00269211002267836 0.0026921100226777 0.00269211002267811
-999 -999 0.0150600227140872 0.0150600227140868 0.0150600227140865 0.0150600227140864 0.0150600227140866 0.0150600227140867
-999 -999 0.697022256381367 0.697022256381367 0.697022256381367 0.697022256381367 0.697022256381367 0.697022256381367
-999 -999 0.720016975043663 0.720016975043662 0.720016975043662 0.720016975043663 0.720016975043662 0.720016975043662
-999 -999 0.844873892809593 0.844873892809593 0.844873892809593 0.844873892809593 0.844873892809593 0.844873892809593
-999 -999 0.903287845596269 0.903287845596268 0.903287845596269 0.903287845596268 0.903287845596269 0.903287845596269
-999 -999 0.919535237360019 0.919535237360018 0.919535237360018 0.919535237360018 0.919535237360018 0.919535237360018
-999 -999 0.876554744970166 0.876554744970166 0.876554744970166 0.876554744970166 0.876554744970166 0.876554744970167
-999 -999 0.570398505132665 0.570398505132664 0.570398505132664 0.570398505132664 0.570398505132664 0.570398505132664
-999 -999 0.00319101961643423 0.00319101961643438 0.00319101961643467 0.00319101961643414 0.00319101961643454 0.0031910196164345
-999 -999 0.586174502035815 0.586174502035815 0.586174502035815 0.586174502035815 0.586174502035815 0.586174502035815
-999 -999 0.603527271685046 0.603527271685045 0.603527271685045 0.603527271685046 0.603527271685045 0.603527271685045
-999 -999 0.00226103754468857 0.00226103754468793 0.00226103754468748 0.00226103754468675 0.00226103754468779 0.00226103754468703
-999 -999 0.00234614659644811 0.00234614659644773 0.00234614659644866 0.00234614659644715 0.00234614659644886 0.00234614659644876
-999 -999 0.00575836494413659 0.00575836494413617 0.0057583649441364 0.00575836494413552 0.00575836494413579 0.00575836494413608
-999 -999 0.00514348148593841 0.00514348148593878 0.00514348148593876 0.00514348148593821 0.00514348148593876 0.00514348148593826
-999 -999 0.00987357701274319 0.00987357701274182 0.00987357701274239 0.00987357701274235 0.00987357701274224 0.00987357701274216
-999 -999 0.00610901845313526 0.00610901845313458 0.00610901845313459 0.00610901845313489 0.00610901845313512 0.00610901845313521
-999 -999 0.00645114329063489 0.00645114329063542 0.00645114329063571 0.00645114329063454 0.00645114329063563 0.00645114329063496

# Duration of outbreak (days) based on incidence
1
0
0
0
0
0
0
0
0
0
0
0
0
0
0
0
0
0
0
0
0
0
0
0
0
0
0
0
0
0
0
0
0
0
0
0
0
0
0
0
0
0
0
0
0
0
0
0
0
0

# Duration of outbreak (days) based on prevalence
27
20
0
0
0
25
15
0
0
0
0
0
0
0
0
0
0
29
0
0
0
0
0
0
0
0
0
0
0
0
0
0
0
34
26
26
24
22
18
0
0
0
0
0
0
0
0
0
0
0

# Peak (point) prevalence
0.420559868624144
0.180086993131922
6.9090505634806e-05
4.83927190363372e-05
8.39951829472373e-05
0.210070916566073
0.127448083227789
0.000256980366730876
0.00164264246779074
0.0145515864628734
0.00373757417128156
0.00149736335712508
0.0117541153106887
0.00458375164079472
0.0011020374631941
0.000554183977893325
0.00115245259142331
0.177282336801602
0.0933098224391625
0.000106082150965716
7.70854686058592e-05
9.78712417150599e-05
0.000312375153662145
0.00121825662176564
0.014114829940582
0.000917113054563226
0.000482193890232874
0.0395456680845737
0.000677435205356589
0.00380261220029274
0.0306799324955119
0.000386287116243841
0.00399047991934477
0.208477962928929
0.175917178290803
0.265681177354697
0.333766388293788
0.30638681465373
0.202669974929923
0.0342807408839942
6.34252108460183e-05
0.0499789049317664
0.0449420614150425
3.74746029117948e-05
4.71420318754487e-05
0.000120955390961751
0.000112609193454441
0.000264734231107833
0.000200368340845416
0.000335104178131275

# Day of peak prevalence
21
31
80
77
88
37
43
119
119
119
119
119
119
119
119
119
119
63
69
108
98
92
119
119
119
119
119
119
119
119
119
119
119
68
51
32
21
19
22
66
94
71
62
72
80
79
74
100
90
110

# Total immunity
0.114976971946024
0.344894095752174
0.266862961208788
0.205887576715228
0.183215724377785
0.152247511507315
0.298402505414389
0.449192949876149
0.418621257161505
0.357526533162771
0.359303757542654
0.326563252913279
0.295934949488071
0.26487303896571
0.105646767676598
0.0797487538043848
0.0733237753286745
0.0681997588415289
0.23872393898276
0.393918089411465
0.259715137075607
0.25225775734179
0.236384125677404
0.169048202536068
0.157620039346152
0.118138298782219
0.0800440825161971
0.0624834236171703
0.0858110065531856
0.04673390195541
0.0216134718256544
0.0181893681699794
0.00861164824732697
0.00461838192534215
0.026329037427412
0.0454027173213057
0.097898542972817
0.205647233019583
0.301170243372821
0.460366293132075
0.497050905813506
0.492849719636983
0.630882620578563
0.767680924245674
0.723159565489272
0.642654796911032
0.477274678179161
0.455545638713235
0.43346661146323
0.408574608412316

# Observed immunity (based on survey selectivity)
0.218503961806693
0.487012106749404
0.769116905996364
0.731661814593501
0.618063437804996
0.365497505265493
0.510199752260263
0.686060983904406
0.579288799505201
0.508614041910117
0.515166573187793
0.493992335806604
0.444930668395017
0.432975800436032
0.404543989077795
0.361913611523647
0.287554855171931
0.156107845574163
0.379971377258613
0.579503611369031
0.519199533269677
0.461713717553582
0.405453559044957
0.3165878162854
0.266295205239283
0.28435033645847
0.235359341877581
0.191857583582445
0.224368186390173
0.153119019558275
0.119734429698508
0.154424821916776
0.097963020603636
0.0513339083572576
0.270554307252359
0.313613977105338
0.34898279573273
0.42304180958681
0.559859824586502
0.747745428941068
0.800800500492883
0.652461450007706
0.711331801757858
0.825862384064939
0.79076804109198
0.782143173618505
0.773486295352757
0.74342050798314
0.674456899993804
0.55333226993555

# True total proportion of susceptible
1 1 1 0.97949578988848 0.763945129333939 0.42968514167367 0.287358751943727 0.161681815397198
1 1 1 0.967247130610331 0.610057975204096 0.117042757560982 0.037134777852282 0.0170815340717563
1 1 1 0.970536884138694 0.64250448278011 0.149255688339148 0.0201935595257467 0.00358304444988212
1 1 1 0.999887717011779 0.969421887826331 0.640913390398753 0.148797687685559 0.0114386434151624
1 1 1 0.99993096616572 0.999197387212628 0.968132706756655 0.639891505684179 0.105822649352081
1 1 1 0.99991822521694 0.999113177868052 0.997644151625594 0.966527358590484 0.212795561042
1 1 1 0.971168306532032 0.675321472888238 0.294055622166116 0.244414059766111 0.0493751251383942
1 1 1 0.973195672168185 0.678159201298998 0.221306025147136 0.0762109672970101 0.0131898800810173
1 1 1 0.999768384463425 0.970906367484505 0.674751406289204 0.219936485948245 0.0217075392564008
1 1 1 0.999320692912899 0.992960068234981 0.958158632130749 0.66426445320236 0.121381405711921
1 1 1 0.995864253219532 0.957314935952503 0.912159250951531 0.874813522029352 0.2254794050511
1 1 1 0.998536539356971 0.981185718579356 0.929931143065327 0.884170603496361 0.295946975917624
1 1 1 0.999315656861707 0.991682679907186 0.96826625532051 0.916760731121797 0.401129933907751
1 1 1 0.996533429480522 0.964201208427586 0.92437418812622 0.898337710924341 0.405376642740227
1 1 1 0.998562034830267 0.982105207291734 0.937175933775244 0.896638997222473 0.418743190918827
1 1 1 0.999564945345741 0.994208632727055 0.97390203697032 0.928778276237075 0.447607721209065
1 1 1 0.9997665583644 0.99722957245156 0.989782507827008 0.969298299259222 0.520520355907119
1 1 1 0.99964737553419 0.996237012594687 0.990526230282855 0.982756008859902 0.552664231320207
1 1 1 0.975203517718545 0.725365926123172 0.414713286317955 0.373212102564414 0.206561646838858
1 1 1 0.978267252491311 0.741924632167993 0.34501606794489 0.172535419170258 0.0894759281544564
1 1 1 0.999912064894385 0.977392876589918 0.740541540378339 0.344237925254717 0.103314437342372
1 1 1 0.999942243728985 0.99933452646589 0.976309296964894 0.739590484764132 0.249571408351876
1 1 1 0.999933590901728 0.99927817304218 0.998073273751898 0.974999403184679 0.386397427684642
1 1 1 0.999832638751864 0.998259512977348 0.996097678594444 0.994727606212291 0.446530294720218
1 1 1 0.999622019734888 0.996048920745451 0.991068969359688 0.988537222891553 0.497871070466763
1 1 1 0.997419811600652 0.973575131302902 0.946180577739522 0.938675574708075 0.524018571541848
1 1 1 0.999734304779532 0.994763974901424 0.968596178028922 0.94102817984787 0.556528618446235
1 1 1 0.999855086028027 0.998284773660381 0.992016633093315 0.96574864803838 0.684868582256809
1 1 1 0.993690556940462 0.935196125897371 0.872421458420346 0.859677729206822 0.590747020652659
1 1 1 0.99981041582924 0.991798462086675 0.931728512737449 0.868929060976056 0.605444091191414
1 1 1 0.999392343349381 0.993721812064273 0.98025945030385 0.92002421022924 0.672250758661439
1 1 1 0.996002801054819 0.958820747674359 0.915703267658778 0.898676551571819 0.629393289465888
1 1 1 0.999898183416396 0.99498501737977 0.956931213078441 0.913771093387705 0.723791480501799
1 1 1 0.999422273800222 0.994110794811288 0.984000108448731 0.945628207804086 0.777937275886939
1 1 1 0.974844735439067 0.720774419801562 0.403129313028385 0.358902982854804 0.285018438812696
1 1 1 0.973848946364833 0.688975690603017 0.252604526458926 0.115141731941494 0.0816066118369078
1 1 1 0.969738216903154 0.637471570688301 0.155573786344351 0.0391691128776307 0.0144049470429574
1 1 1 0.967542064016789 0.606749700652392 0.099407079983378 0.0136706703721322 0.00240384286112623
1 1 1 0.967288546367191 0.601841409240381 0.0887052571169491 0.00782841224378887 0.000590239381085412
1 1 1 0.968347598771136 0.615216607575459 0.107653852086849 0.00969693482277507 0.00047329964753463
1 1 1 0.979153347501287 0.746427483109546 0.300983537401348 0.0448592783838838 0.00213778081670087
1 1 1 0.999884145384506 0.978002435295961 0.744598642836168 0.300075924986338 0.0211301109916151
1 1 1 0.978755378627165 0.768386844576152 0.503067996805166 0.342222212792173 0.0405352717767156
1 1 1 0.977931697308182 0.740927737436581 0.361484152706498 0.208097470232402 0.0231799903658243
1 1 1 0.999917346181618 0.977107737046791 0.739627177579087 0.360722209333128 0.034645385282015
1 1 1 0.999914701577056 0.999064339087266 0.975507687379639 0.738223683596869 0.11709106885104
1 1 1 0.999790628946366 0.997819965219187 0.995084201211196 0.971375227769313 0.135954913617252
1 1 1 0.999811463087676 0.997904681500941 0.994239395909242 0.991321024700026 0.205496641695184
1 1 1 0.999640130780094 0.996209099625887 0.991060104461949 0.987048956826243 0.211523849424479
1 1 1 0.99977674064388 0.997406636007201 0.991971555309707 0.986612648088209 0.213720086869551

# True vulnerable proportion of susceptible
0 0 0.05 0.48974789494424 0.725747872867242 0.42968514167367 0.287358751943727 0.161681815397198
0 0 0.05 0.483623565305165 0.579555076443891 0.117042757560982 0.037134777852282 0.0170815340717563
0 0 0.05 0.485268442069347 0.610379258641104 0.149255688339148 0.0201935595257467 0.00358304444988212
0 0 0.05 0.499943858505889 0.920950793435015 0.640913390398753 0.148797687685559 0.0114386434151624
0 0 0.05 0.49996548308286 0.949237517851996 0.968132706756655 0.639891505684179 0.105822649352081
0 0 0.05 0.49995911260847 0.949157518974649 0.997644151625594 0.966527358590484 0.212795561042
0 0 0.05 0.485584153266016 0.641555399243826 0.294055622166116 0.244414059766111 0.0493751251383942
0 0 0.05 0.486597836084093 0.644251241234048 0.221306025147136 0.0762109672970101 0.0131898800810173
0 0 0.05 0.499884192231712 0.922361049110279 0.674751406289204 0.219936485948245 0.0217075392564008
0 0 0.05 0.499660346456449 0.943312064823231 0.958158632130749 0.66426445320236 0.121381405711921
0 0 0.05 0.497932126609766 0.909449189154878 0.912159250951531 0.874813522029352 0.2254794050511
0 0 0.05 0.499268269678485 0.932126432650388 0.929931143065327 0.884170603496361 0.295946975917624
0 0 0.05 0.499657828430854 0.942098545911827 0.96826625532051 0.916760731121797 0.401129933907751
0 0 0.05 0.498266714740261 0.915991148006206 0.92437418812622 0.898337710924341 0.405376642740227
0 0 0.05 0.499281017415133 0.932999946927148 0.937175933775244 0.896638997222473 0.418743190918827
0 0 0.05 0.499782472672871 0.944498201090702 0.97390203697032 0.928778276237075 0.447607721209065
0 0 0.05 0.4998832791822 0.947368093828982 0.989782507827008 0.969298299259222 0.520520355907119
0 0 0.05 0.499823687767095 0.946425161964952 0.990526230282855 0.982756008859902 0.552664231320207
0 0 0.05 0.487601758859272 0.689097629817013 0.414713286317955 0.373212102564414 0.206561646838858
0 0 0.05 0.489133626245655 0.704828400559593 0.34501606794489 0.172535419170258 0.0894759281544564
0 0 0.05 0.499956032447193 0.928523232760422 0.740541540378339 0.344237925254717 0.103314437342372
0 0 0.05 0.499971121864493 0.949367800142595 0.976309296964894 0.739590484764132 0.249571408351876
0 0 0.05 0.499966795450864 0.949314264390071 0.998073273751898 0.974999403184679 0.386397427684642
0 0 0.05 0.499916319375932 0.94834653732848 0.996097678594444 0.994727606212291 0.446530294720218
0 0 0.05 0.499811009867444 0.946246474708178 0.991068969359688 0.988537222891553 0.497871070466763
0 0 0.05 0.498709905800326 0.924896374737757 0.946180577739522 0.938675574708075 0.524018571541848
0 0 0.05 0.499867152389766 0.945025776156353 0.968596178028922 0.94102817984787 0.556528618446235
0 0 0.05 0.499927543014014 0.948370534977362 0.992016633093315 0.96574864803838 0.684868582256809
0 0 0.05 0.496845278470231 0.888436319602502 0.872421458420346 0.859677729206822 0.590747020652659
0 0 0.05 0.49990520791462 0.942208538982342 0.931728512737449 0.868929060976056 0.605444091191414
0 0 0.05 0.49969617167469 0.94403572146106 0.98025945030385 0.92002421022924 0.672250758661439
0 0 0.05 0.498001400527409 0.910879710290641 0.915703267658778 0.898676551571819 0.629393289465888
0 0 0.05 0.499949091708198 0.945235766510781 0.956931213078441 0.913771093387705 0.723791480501799
0 0 0.05 0.499711136900111 0.944405255070723 0.984000108448731 0.945628207804086 0.777937275886939
0 0 0.05 0.487422367719533 0.684735698811484 0.403129313028385 0.358902982854804 0.285018438812696
0 0 0.05 0.486924473182417 0.654526906072866 0.252604526458926 0.115141731941494 0.0816066118369078
0 0 0.05 0.484869108451577 0.605597992153886 0.155573786344351 0.0391691128776307 0.0144049470429574
0 0 0.05 0.483771032008394 0.576412215619772 0.099407079983378 0.0136706703721322 0.00240384286112623
0 0 0.05 0.483644273183596 0.571749338778362 0.0887052571169491 0.00782841224378887 0.000590239381085412
0 0 0.05 0.484173799385568 0.584455777196686 0.107653852086849 0.00969693482277507 0.00047329964753463
0 0 0.05 0.489576673750643 0.709106108954068 0.300983537401348 0.0448592783838838 0.00213778081670087
0 0 0.05 0.499942072692253 0.929102313531163 0.744598642836168 0.300075924986338 0.0211301109916151
0 0 0.05 0.489377689313582 0.729967502347345 0.503067996805166 0.342222212792173 0.0405352717767156
0 0 0.05 0.488965848654091 0.703881350564752 0.361484152706498 0.208097470232402 0.0231799903658243
0 0 0.05 0.499958673090809 0.928252350194452 0.739627177579087 0.360722209333128 0.034645385282015
0 0 0.05 0.499957350788528 0.949111122132902 0.975507687379639 0.738223683596869 0.11709106885104
0 0 0.05 0.499895314473183 0.947928966958227 0.995084201211196 0.971375227769313 0.135954913617252
0 0 0.05 0.499905731543838 0.948009447425894 0.994239395909242 0.991321024700026 0.205496641695184
0 0 0.05 0.499820065390047 0.946398644644593 0.991060104461949 0.987048956826243 0.211523849424479
0 0 0.05 0.49988837032194 0.947536304206841 0.991971555309707 0.986612648088209 0.213720086869551

# True survival by age
0.687526837735133 0.687526837735133 0.67797399680219 0.593971600906752 0.549033974709797 0.605834145550493 0.633126791112496 0.657226721497798
0.77173191567882 0.77173191567882 0.76206445828865 0.678241612833992 0.659888561735768 0.74958438617955 0.765078200357634 0.768966438227441
0.748423749118562 0.748423749118562 0.748417104771181 0.748376729315198 0.748554564708251 0.748908244979773 0.749001905011942 0.749013959217082
0.806435298023049 0.806435298023049 0.806434967725938 0.806432048662345 0.806443713039441 0.806601326889862 0.80683791688817 0.806903953748756
0.814243100175812 0.814243100175811 0.814237215036547 0.814184284414911 0.814131739308984 0.814143721097455 0.81433245992527 0.814639549740891
0.836957296339694 0.836957296339694 0.826686152619353 0.734254291632547 0.641978991555148 0.632019326150888 0.638424094962817 0.793564693932981
0.76636776846039 0.76636776846039 0.757627078286612 0.681497025791949 0.654395996743312 0.715356262618055 0.724061961928361 0.758266169785273
0.803986499818777 0.803986499818777 0.803930070222537 0.803450179416145 0.803413693441635 0.804110041256995 0.80434335288982 0.804444690268077
0.797044940107336 0.797044940107336 0.796835924143293 0.794955379034548 0.793203553221334 0.794384987320438 0.796511008398498 0.797437624699108
0.816081653720336 0.816081653720336 0.814649554520048 0.801770697997609 0.789066515836759 0.788657056127317 0.797207990248962 0.81300332580741
0.688759039430665 0.688759039430665 0.688359166426878 0.684779750559407 0.681515722183531 0.681525749364611 0.681850638283951 0.687499516097944
0.725154413869728 0.725154413869728 0.724972042906264 0.723334305401579 0.721766542845206 0.72180719966912 0.722003257468898 0.724523460055805
0.78135530160013 0.78135530160013 0.780213811554514 0.769948573432633 0.759851761746635 0.75926669624634 0.760469695330182 0.772513129239437
0.774647401724409 0.774647401724409 0.774193742743505 0.770128412480258 0.76635580366243 0.766301274795759 0.766551584713815 0.771290822039393
0.759836180133593 0.759836180133593 0.759721986593491 0.758696707022121 0.757715536121647 0.757731626704726 0.7578473304058 0.759211378067506
0.774085303504656 0.774085303504656 0.77403437247865 0.773576450526759 0.773126355908795 0.773107406286764 0.773177817473409 0.773928636758139
0.767183869028806 0.767183869028806 0.767094859471753 0.766294110975601 0.765498912367653 0.76542754520681 0.765475394829153 0.766523707485906
0.855120969902293 0.855120969902293 0.846080480601683 0.764748084846754 0.683999415214802 0.676027599225125 0.677435373279712 0.755357482902433
0.717988061124015 0.717988061124015 0.711345392018304 0.653224641387987 0.626617681684842 0.663272560831025 0.66881311816091 0.691061553518371
0.813437496026566 0.813437496026566 0.813429563174204 0.813369867870108 0.813444138612696 0.813683424838535 0.81378996673684 0.813841272874125
0.809087781738448 0.809087781738448 0.809091026937239 0.809120272065992 0.809158636921514 0.809257389450046 0.809417316665627 0.809514540665408
0.794363798623485 0.794363798623485 0.794366011170876 0.794385951686759 0.794406141659762 0.794418842119525 0.794526681856872 0.794749915185916
0.752372248673836 0.752372248673836 0.752347136603482 0.752121183503803 0.751895886092037 0.751872102300416 0.751897191767816 0.752537210529886
0.748581365154601 0.748581365154601 0.748488832261325 0.747656290248279 0.746827331421791 0.746740241292394 0.746743588601151 0.748082923431516
0.716851519137882 0.716851519137882 0.716086350996185 0.709202976458887 0.702373343261468 0.701690656743883 0.701731052416016 0.709559952058656
0.802076717710972 0.802076717710972 0.80200888241131 0.801401362451563 0.800834681041046 0.800819049239254 0.800832859809267 0.801595904081176
0.865081143971287 0.865081143971287 0.865044148195092 0.864711375540625 0.864383698750616 0.864375224528078 0.864405068153195 0.864821306600863
0.824126198887086 0.824126198887086 0.821908835840554 0.801955844824888 0.782069310581327 0.780136456502685 0.781312813788953 0.79389144558193
0.761225082171768 0.761225082171768 0.761191153783946 0.760891520535459 0.760659003791722 0.760705504942944 0.760721386392962 0.761056532372199
0.792435387722932 0.792435387722931 0.792252711879782 0.790609071140535 0.788997145396135 0.789065701427359 0.789326782659684 0.790422190002924
0.716862819058823 0.716862819058823 0.715660251971984 0.704844852026205 0.694161588390958 0.693299140219454 0.694787168271002 0.7009080676964
0.692650757362116 0.692650757362116 0.692655072540566 0.692696516017048 0.692758002540453 0.692788399539365 0.692798769192884 0.69296276876345
0.69595683138161 0.695956831381609 0.695817736170524 0.69456609110357 0.693330734250926 0.693324439833948 0.693474269568384 0.694133781060729
0.880705001180054 0.880705001180054 0.871256979734634 0.786279547050035 0.702251579632385 0.694772810307915 0.70203531259948 0.733773531370585
0.80605489111982 0.806054891119821 0.797078318580884 0.718559194323358 0.683255921777104 0.733963996992786 0.741925020437615 0.755224712838523
0.85354696048855 0.85354696048855 0.842556092712936 0.746522170089263 0.709785472492567 0.798296173108304 0.828563656844046 0.835947645405497
0.743041415090026 0.743041415090026 0.732801466852578 0.643758977900473 0.619234254614409 0.711689432433156 0.735599205706075 0.740685819265188
0.904602355664858 0.904602355664859 0.892015629992503 0.78282853452215 0.759596968295594 0.879801361397182 0.901405423257373 0.904244464915632
0.686588343600033 0.686588343600033 0.677366041953031 0.597405162109388 0.581412445968127 0.670870155524135 0.685844647412114 0.687184808010444
0.804941380956141 0.804941380956141 0.797784172213988 0.735649831456959 0.721463620033115 0.789957326787862 0.804026049297453 0.805350761910248
0.803047302111987 0.803047302111987 0.803031201315198 0.802899686320475 0.802941029922624 0.803286891189104 0.803492666983357 0.80352699036267
0.856666639300928 0.856666639300928 0.848897712707664 0.778986415989168 0.712312053067883 0.741064497982627 0.810294784886923 0.853738006027605
0.794895899646711 0.794895899646711 0.787417713572141 0.72171334571964 0.685834746824575 0.71990299340026 0.744039899788759 0.789311769975513
0.762864166186312 0.762864166186312 0.762865159762019 0.762886337693608 0.763024369832467 0.763231718089299 0.763315239182211 0.76341592921454
0.790762985722673 0.790762985722673 0.790759229984449 0.790725473380592 0.790704875067791 0.790839533640961 0.791060239256346 0.791250173387979
0.790976765190068 0.790976765190068 0.790930608455872 0.790515280458604 0.790101082100144 0.790088655867709 0.79042798511577 0.791316239105706
0.752370536895361 0.752370536895361 0.752338546726286 0.752050824689123 0.751765324310167 0.751736754971203 0.751765796552917 0.752789119109632
0.7907724658424 0.7907724658424 0.790674973250859 0.789797819390371 0.78892505094171 0.788836768967956 0.788843939989692 0.790774867663586
0.77365046238131 0.77365046238131 0.773603020237109 0.77317640695751 0.772754535951929 0.772714953424515 0.772720936083978 0.773877638116413
0.679312060186254 0.679312060186254 0.679276871181084 0.678960409011896 0.678647065190464 0.678619695282807 0.678627314815582 0.679726247855255

# True Numbers-at-age
16.4077603077626 28.2741999550132 122.71083247585 393.330854530187 80.4768226741489 16.4669268534862 22.9557629440659 35.1750300348515
80.9600570554794 11.280775558712 19.4392712845611 83.1947535445761 233.627357351316 44.1845098248035 9.97622656012431 37.6518781987076
460.611840017357 62.4794599248917 8.70573453226766 14.8139777409952 56.4261438233997 154.168020824688 33.1200186756696 36.5856241340136
184.337637703212 344.732840194189 46.7611116398904 6.51552063354625 11.0864362099541 42.2380475278902 115.457701907822 52.2101002651532
80.8851055502267 148.656377798055 278.004730720333 37.709795556144 5.25432465261249 8.94058678153028 34.0692651812332 135.284188025574
121.778050733569 65.8601391012643 121.042429919195 226.361797708709 30.7027229103117 4.27771246832548 7.27892259110978 137.951558543095
47.6909169539683 101.923028095486 55.1221239587503 100.064100693597 166.207121429278 19.710503091959 2.70359695169832 114.120525900363
27.329033832032 36.5487816018424 78.1105235962632 41.7620137238205 68.1933870112323 108.765274893549 14.1000318261854 88.4913057814594
28.2881563715887 21.9721742540443 29.3847269927062 62.795398719863 33.5536974191831 54.787500926989 87.4592496819802 82.527627945711
58.9311796926918 22.5469319009399 17.5128103123427 23.4148060889314 49.9195399909743 26.6149120166096 43.5223682292046 135.47289075905
26.7997489197043 48.0926545793022 18.4001374720388 14.2668031193441 18.7733054214012 39.3898374928519 20.9900381601068 144.836290450731
30.8760274922737 18.4585693229185 33.124250571711 12.6659032923926 9.76961788134462 12.7943028020382 26.8451885146661 113.886950515372
22.73567492898 22.3898876187853 13.3853130182347 24.0141556067123 9.16168236028637 7.05138332313682 9.235019877258 101.896080997557
36.9102998549007 17.7646401412157 17.494457393169 10.4434060888072 18.4896648515774 6.96152048202666 5.35388051972463 85.7390131410846
247.931579586354 28.5924678794677 13.7613323279619 13.5440994464843 8.04276375205974 14.1696619667796 5.33462201989382 70.2337395231968
104.694997351789 188.387384367383 21.7255915741272 10.4547867343724 10.2758636496278 6.09412704829169 10.736801011944 57.365083226741
30.9132489629826 81.0428588004787 145.827905604474 16.816354640807 8.08757681299008 7.94454101725237 4.7114147558868 52.69793703225
25.3825015330827 23.7161459436717 62.1747739717065 111.863836756724 12.8862735293276 6.19103125403375 6.08097052863029 44.0006901412855
30.14405206732 21.7051093295162 20.2801737216969 52.6048626432824 85.5476549233145 8.81420355835805 4.18530799539215 37.3557150910569
16.7800162649097 21.6430694982364 15.5840093639841 14.4262081262598 34.3627925354225 53.6056732016222 5.84621936583808 28.6142873944774
80.6299474148057 13.6494944138132 17.6052842589744 12.6764939294483 11.7338429975226 27.9522121743035 43.6180477614712 28.0450827387692
5.93422798557655 65.2367052955329 11.0436391571234 14.2442775206156 10.2568082170381 9.49454040572643 22.6205342535307 58.0081054484812
10.8359578794812 4.71393588452037 51.8216770282403 8.77269158605464 11.3154539543045 8.14807144144137 7.54264179557423 64.0745549075636
51.1215596686064 8.15267399632021 3.54663454154088 38.987890326187 6.59812717821726 8.50804327750543 6.1263076043705 53.8897780006847
12.1347119631016 38.2686469255578 6.1029398298258 2.65461634645561 29.1495414458838 4.92766171288959 6.35329828997053 44.8888035951897
55.3048428185182 8.69878670505003 27.4329376839373 4.37023191308923 1.88266181426274 20.4738608798841 3.45769418352918 36.3096040223071
62.9518110375813 44.3587268013983 6.97709428845437 22.0014596931537 3.50230980937901 1.50770087353326 16.3958578040856 31.8746649844323
48.1814821731812 54.4584247074551 38.3738981264634 6.03549458563286 19.0249124751685 3.02733950720159 1.30321928108149 41.7385520018722
22.4832992953848 39.7076217601297 44.8806145515336 31.5398459357856 4.84020015935723 14.8788001833251 2.36173791577884 34.1541013087487
127.798637637857 17.1148513536217 30.2264376372002 34.1627267730144 23.998401331534 3.6817418313692 11.3183852064015 27.7898264499132
286.597373878863 101.272162967018 13.5624138682276 23.946977188537 27.0093616816408 18.9346701446511 2.90513620064379 30.8996000622134
322.575198392837 205.451001373657 72.598248236721 9.70608052628409 16.8789035929293 18.7488614063537 13.1273905316256 23.6762303264845
538.045702181395 223.431955473033 142.305791702269 50.285544898724 6.7233681647379 11.6929955381105 12.9889936868931 25.5013861239464
749.365403269015 374.456582028657 155.498995760409 99.0188938262269 34.9266343593198 4.66151778629703 8.10703958144135 26.708906481951
1020.62306048042 659.96985837033 329.785784517427 135.479585397983 77.8565309870812 24.5272841500751 3.23869581268591 25.2897166951215
672.192349490341 822.678209889922 531.97193233106 262.865098615028 97.350101730837 53.1959358459458 18.0021435101669 21.5022884858589
144.296899294085 573.747736771138 702.194485511704 448.216192737808 196.234623858819 69.0976879542216 42.4661120107334 32.8907092883987
107.771115616919 107.21857224458 426.318330235126 514.569148998768 288.543198115333 121.515201034755 49.1760943225833 55.5997202200114
504.904226764456 97.4900050596949 96.9901730234697 380.282613922038 402.819412821015 219.176538510722 106.909239300829 94.6033373767958
38.9555952839442 346.661356730863 66.9355010914947 65.6978496092473 227.182796617477 234.204220091711 147.038998477929 138.333105765795
83.2411660744887 31.3569706638266 279.04207121107 53.4000833300066 48.3306119921274 163.904122856892 185.011339626084 229.629857164758
8.15867175581693 66.846593840774 25.1811306939906 224.079489662107 42.8749101551495 38.8066313697495 131.662033302789 333.169042723334
3.06827707402407 6.98926191421509 57.26524689429 21.3762042495214 174.554878548566 30.5403152777156 28.7582167944203 391.124133157604
8.47327964819422 2.43896086512174 5.5557356371665 45.0916697766459 15.4274918877085 119.71580093635 21.9860643878152 330.116142564591
26.018980817556 6.46396141368313 1.86059584673214 4.23827715444256 34.399818816395 11.7715522757143 91.3708964310872 268.798219721527
44.3490254427898 20.5748469567516 5.11146142708023 1.47128333907417 3.35131370926474 27.2001044395722 9.30940891195606 284.966521152881
109.326750183401 35.0790486840699 16.2742258901321 4.04281129661928 1.16307196142229 2.64787658814712 21.4904939561229 232.857053118631
15.7230891053817 82.2542257325103 26.3924426922121 12.2437274552773 3.04039956968503 0.874357170274691 1.99050615393794 191.448074202879
14.3443668721639 12.4333859425225 65.0443769084545 20.8678439196897 9.670069245388 2.39864738539692 0.689725085123452 152.962524259276
13.7651067507376 11.0975260632167 9.61909478339778 50.3185264258213 16.1345245827758 7.47258987234282 1.85347070268881 118.907242007511

# Simulated data from SIR age-structured hybrid model
# random seed = 1787769
# Flag=0 if no issues, =1 if negative pop #'s, =2 if NaN, or=3 if NA. Flag:
0

# True SSB
13908.8593495517
12210.3674783391
11769.6823589376
16443.8284919407
21479.1585288218
26620.3373906145
29915.2230814796
24024.6246500801
20994.1345638889
18334.759816375
16500.920670653
14944.0517934804
13963.2937881599
17905.0669267243
29500.8131764557
31945.1130880445
35127.6203816179
34629.8970035226
37220.2871812001
38121.370051351
34540.1476885648
31414.1809322523
26572.3304577309
23551.449798147
20789.2709033056
20228.5990125026
23626.1480736817
33509.049962296
36696.0147835832
31370.9366762043
26162.7019026724
22115.3924110948
19908.0779014394
23116.5591418137
40988.6406490076
69057.7634729882
73102.0643796462
57802.5094101452
47220.4043228408
38619.4867727488
31365.5552024665
25856.4128515116
22187.5725491143
19146.1170265125
16117.5410560231
13460.2648405416
12199.7288850716
12018.4680100765
12313.8553816645
14011.293571801

# True R (numbers)
200.590276137162
163.991092578949
223.291609998986
85.6073328315379
40.3903225200309
14.8189003200125
38.0383806399753
31.2414249945972
32.2430557511448
21.549011778624
173.945247182528
344.155544813338
187.826437014073
149.018961150768
171.583927395782
142.694593467857
145.778368890893
19.5382483833469
104.182980532427
46.2874038631847
31.3916008384544
34.2196307940622
81.280334867312
146.136687652566
354.875852430125
124.37238795992
13.2223343618384
10.4388709588232
33.9310974086153
37.3302553724274
156.451055618031
539.001588674263
1076.84018865385
29.1023275581179
25.4212980797448
7.16646458281912
37.5137672260748
1.56475007041714
37.2462032476278
30.2098740331762
27.7713992394935
6.90993483287345
13.6462631516111
38.6557596236845
41.7933343116848
43.6034998091743
94.0040224319435
71.2165922952255
84.9035218059394
455.372005107962

# True infection rate given (selected) susceptible
-999 -999 0.0211890673651106 0.0211890673651115 0.0211890673651116 0.0211890673651116 0.0211890673651108 0.0211890673651102
-999 -999 0.0631329308662143 0.063132930866214 0.0631329308662136 0.0631329308662141 0.0631329308662152 0.063132930866215
-999 -999 0.00180631186219006 0.00180631186218975 0.0018063118621897 0.00180631186219023 0.00180631186218992 0.00180631186218996
-999 -999 0.595435451794772 0.595435451794771 0.595435451794772 0.595435451794771 0.595435451794772 0.595435451794772
-999 -999 0.574172502747937 0.574172502747937 0.574172502747937 0.574172502747936 0.574172502747936 0.574172502747937
-999 -999 0.200754864930922 0.200754864930922 0.200754864930923 0.200754864930923 0.200754864930923 0.200754864930922
-999 -999 0.686826821730397 0.686826821730396 0.686826821730397 0.686826821730397 0.686826821730397 0.686826821730396
-999 -999 0.000859386187701871 0.00085938618770191 0.000859386187701306 0.000859386187701383 0.000859386187701803 0.00085938618770166
-999 -999 0.00090253784161133 0.000902537841611247 0.000902537841611394 0.000902537841611068 0.000902537841611147 0.000902537841610787
-999 -999 0.0015941940561099 0.00159419405611105 0.00159419405611077 0.0015941940561104 0.00159419405611023 0.00159419405611009
-999 -999 0.00228326494991183 0.00228326494991155 0.00228326494991157 0.00228326494991058 0.00228326494991013 0.00228326494991142
-999 -999 0.00175360267652378 0.00175360267652331 0.00175360267652346 0.00175360267652334 0.00175360267652367 0.00175360267652384
-999 -999 0.00146010506689989 0.00146010506689996 0.00146010506689954 0.00146010506689889 0.0014601050668983 0.00146010506689898
-999 -999 0.00576323299784399 0.00576323299784493 0.00576323299784418 0.00576323299784424 0.00576323299784441 0.00576323299784485
-999 -999 0.840687385073193 0.840687385073193 0.840687385073193 0.840687385073193 0.840687385073193 0.840687385073192
-999 -999 0.358725092388588 0.358725092388589 0.358725092388589 0.358725092388588 0.358725092388589 0.358725092388588
-999 -999 0.443669077462294 0.443669077462295 0.443669077462294 0.443669077462295 0.443669077462295 0.443669077462295
-999 -999 0.00528831463354787 0.0052883146335481 0.0052883146335478 0.00528831463354687 0.00528831463354744 0.00528831463354837
-999 -999 0.0553252925286312 0.055325292528631 0.0553252925286312 0.0553252925286304 0.0553252925286309 0.0553252925286315
-999 -999 0.200300587583416 0.200300587583417 0.200300587583416 0.200300587583417 0.200300587583416 0.200300587583417
-999 -999 0.0347844934778449 0.034784493477845 0.0347844934778452 0.034784493477845 0.0347844934778445 0.0347844934778443
-999 -999 0.4311696242412 0.4311696242412 0.4311696242412 0.4311696242412 0.431169624241201 0.4311696242412
-999 -999 0.00280970654107669 0.00280970654107646 0.00280970654107704 0.00280970654107588 0.00280970654107711 0.00280970654107728
-999 -999 0.00971534533968345 0.00971534533968257 0.0097153453396827 0.0097153453396818 0.00971534533968262 0.00971534533968408
-999 -999 0.00509576352200066 0.00509576352200153 0.00509576352200014 0.00509576352200049 0.00509576352200076 0.00509576352200039
-999 -999 0.0150984538428179 0.015098453842817 0.0150984538428178 0.0150984538428176 0.0150984538428183 0.0150984538428177
-999 -999 0.0338419050691374 0.0338419050691371 0.0338419050691378 0.0338419050691362 0.0338419050691389 0.0338419050691375
-999 -999 0.581823772034956 0.581823772034956 0.581823772034956 0.581823772034956 0.581823772034956 0.581823772034956
-999 -999 0.638321719071073 0.638321719071074 0.638321719071074 0.638321719071074 0.638321719071074 0.638321719071073
-999 -999 0.00222133274597934 0.00222133274598025 0.00222133274598003 0.0022213327459792 0.00222133274597998 0.00222133274597948
-999 -999 0.00152309118583239 0.00152309118583218 0.00152309118583265 0.0015230911858329 0.00152309118583261 0.00152309118583335
-999 -999 0.00236338633662098 0.00236338633662153 0.00236338633662161 0.00236338633662115 0.00236338633662019 0.00236338633662151
-999 -999 0.00316208982975846 0.00316208982975767 0.00316208982975839 0.00316208982975755 0.00316208982975805 0.00316208982975819
-999 -999 0.156767039527239 0.15676703952724 0.156767039527239 0.156767039527239 0.156767039527239 0.156767039527239
-999 -999 0.85765488630166 0.85765488630166 0.85765488630166 0.85765488630166 0.857654886301661 0.85765488630166
-999 -999 0.899644331582935 0.899644331582935 0.899644331582935 0.899644331582935 0.899644331582935 0.899644331582935
-999 -999 0.796027576746341 0.796027576746341 0.796027576746341 0.796027576746341 0.796027576746341 0.796027576746341
-999 -999 0.0027591221227278 0.00275912212272722 0.00275912212272736 0.00275912212272685 0.00275912212272774 0.00275912212272788
-999 -999 0.00199583637841359 0.00199583637841329 0.00199583637841419 0.00199583637841418 0.00199583637841439 0.0019958363784143
-999 -999 0.00244180335634366 0.00244180335634288 0.00244180335634266 0.00244180335634341 0.00244180335634325 0.00244180335634393
-999 -999 0.00219151890481292 0.00219151890481261 0.00219151890481236 0.00219151890481172 0.00219151890481224 0.00219151890481272
-999 -999 0.0021876395539933 0.00218763955399381 0.00218763955399314 0.00218763955399374 0.0021876395539938 0.00218763955399381
-999 -999 0.00168605041909557 0.00168605041909575 0.0016860504190945 0.00168605041909522 0.00168605041909614 0.00168605041909476
-999 -999 0.00180525650365043 0.00180525650365043 0.00180525650365083 0.00180525650364965 0.00180525650365034 0.00180525650365
-999 -999 0.00175430765187572 0.00175430765187614 0.00175430765187659 0.00175430765187605 0.0017543076518766 0.00175430765187569
-999 -999 0.00196576707607788 0.00196576707607813 0.00196576707607749 0.00196576707607753 0.00196576707607745 0.00196576707607898
-999 -999 0.00152585695026306 0.0015258569502628 0.00152585695026271 0.00152585695026247 0.00152585695026282 0.00152585695026353
-999 -999 0.00127774720816474 0.00127774720816352 0.00127774720816338 0.0012777472081637 0.00127774720816332 0.00127774720816307
-999 -999 0.00234973082309083 0.00234973082309087 0.00234973082309089 0.00234973082309114 0.00234973082309129 0.00234973082309038
-999 -999 0.000652729872108693 0.00065272987210848 0.000652729872109967 0.000652729872109788 0.000652729872108582 0.000652729872109167

# Duration of outbreak (days) based on incidence
0
0
0
0
0
0
0
0
0
0
0
0
0
0
0
0
0
0
0
0
0
0
0
0
0
0
0
0
0
0
0
0
0
0
0
2
0
0
0
0
0
0
0
0
0
0
0
0
0
0

# Duration of outbreak (days) based on prevalence
0
0
0
22
9
0
25
0
0
0
0
0
0
0
36
0
0
0
0
0
0
0
0
0
0
0
0
10
10
0
0
0
0
0
29
17
10
0
0
0
0
0
0
0
0
0
0
0
0
0

# Peak (point) prevalence
0.00252506232593706
0.00882094664216464
8.39044536165684e-05
0.140814990760781
0.10446693721506
0.0163181372957255
0.146394162589826
1.34360708652843e-05
2.34479916577264e-05
6.37987335621526e-05
9.11878170121077e-05
5.03746034536158e-05
5.92412480101962e-05
0.000319786842867548
0.372180379789867
0.0276992739503775
0.0509414042971898
0.000193996461806789
0.00427929007005786
0.0155856145673518
0.00226367668306783
0.0570518070826409
6.75565255766038e-05
0.000483728080273915
0.000282122254061046
0.00124856006618032
0.00317686483403158
0.117612753211841
0.110180461338347
4.6268890841305e-05
2.87435524270367e-05
6.43902607411036e-05
7.75109617241775e-05
0.0276561846963982
0.363877168524005
0.373100172704792
0.143048276710753
1.99775963582767e-05
1.55996566561523e-05
2.34768025556846e-05
2.54632307523203e-05
3.75771678678122e-05
3.55358995829562e-05
3.75498335694812e-05
8.01070169196661e-05
8.33247509351828e-05
4.80924738527664e-05
3.85888758858035e-05
0.000221414679090488
2.39176309216861e-05

# Day of peak prevalence
119
119
78
70
72
105
62
31
47
66
66
41
54
119
40
73
88
106
119
100
119
87
45
115
107
119
119
46
49
52
40
53
44
119
32
17
23
35
32
33
34
43
43
38
79
71
45
40
119
46

# Total immunity
0.0283717611888689
0.0195898831750656
0.0164099860303512
0.0138342706204372
0.0914954541525552
0.198843087270816
0.229385062121439
0.416701475034515
0.353529450754408
0.312926417700049
0.142578497328674
0.0599209331934105
0.0427075981893387
0.0330784643895499
0.0253107128050954
0.140107964959678
0.155499272047769
0.209606567763623
0.164866992236223
0.162027142887028
0.213968404969713
0.201040030254471
0.262193247233319
0.162508835231983
0.0748394504250272
0.060457697997221
0.0603409747823941
0.06623378303545
0.274809662226728
0.47599417975226
0.273670293481438
0.0949964874551422
0.0355574738619024
0.0349196617473366
0.0410720406565803
0.166196453079259
0.477769850657065
0.769507224250313
0.687590847872519
0.618990229956752
0.553913091031193
0.536217972068002
0.495606493286386
0.387942619613696
0.298197130233195
0.227706943973533
0.137603830319969
0.0994744341313799
0.0698967588173576
0.0229425803845981

# Observed immunity (based on survey selectivity)
0.108064961335521
0.108575029696407
0.120026413388246
0.0640817502919708
0.255821749930697
0.357264860956516
0.341275739123838
0.634613885813465
0.579602028062244
0.518108931922037
0.446962198323069
0.384086415016724
0.316460423046126
0.181007324490317
0.0856898244133862
0.397611481527513
0.418762905479607
0.447273295724616
0.330596819897413
0.278862165945589
0.346479698903713
0.314081310958481
0.479652008825945
0.428201166631429
0.380403032380546
0.299495205339498
0.196836155005641
0.11822294549762
0.363627945992733
0.654325957097479
0.629489780842892
0.582145840465775
0.495972371089528
0.31378215421493
0.153042135265584
0.251873895177354
0.545866889376998
0.857211992168329
0.836991550136531
0.802960540239959
0.770427058183266
0.723598398386328
0.652361335795761
0.588054921686415
0.547319545540478
0.510517888533101
0.431374093352861
0.336323308387471
0.253028123975051
0.170643178101663

# True total proportion of susceptible
1 1 1 0.99970897821686 0.996964606008772 0.992310872665775 0.982411335742733 0.801109193761291
1 1 1 0.99918776296211 0.991567492656758 0.98148321952058 0.97605766203863 0.832029430303826
1 1 1 0.997501143888275 0.974023376472933 0.943638102588937 0.931336875403638 0.800421614897363
1 1 1 0.999920012998181 0.996702200163489 0.972535802395272 0.942113694653879 0.827683829179793
1 1 1 0.979218885864528 0.770042050188808 0.509181272503422 0.462128120050204 0.380519953745331
1 1 1 0.978856094203159 0.751988587180117 0.38122397561481 0.223971886714453 0.1696604288782
1 1 1 0.991101049363029 0.889999039897648 0.61531813710133 0.304054952042889 0.141177490674244
1 1 1 0.977336282671876 0.734404434561651 0.369904299387537 0.210678782688729 0.0741736589159527
1 1 1 0.99996448183685 0.97697960206574 0.733868206875801 0.369598686808359 0.12882291684479
1 1 1 0.999970221204204 0.999666731771287 0.976418868405211 0.733363996949719 0.229447645478595
1 1 1 0.999940154817396 0.999371829092268 0.998530117752405 0.97523971854993 0.325433359774223
1 1 1 0.999920656800321 0.999146686525381 0.997864609845996 0.996944253431993 0.40041922730112
1 1 1 0.999925409075497 0.999174883623435 0.997730813335374 0.996375757694722 0.43116312612539
1 1 1 0.999944543303129 0.999370910305399 0.99812198146557 0.996623546812217 0.51422661885313
1 1 1 0.999753120389372 0.997475338663887 0.994680573540007 0.99318946441035 0.576297802353382
1 1 1 0.973669477142175 0.687363023193062 0.26920707108784 0.210007874266325 0.113909918620469
1 1 1 0.985522261777403 0.825913967797717 0.46876161761029 0.17207631581464 0.0778779203254557
1 1 1 0.987549736977919 0.847513428948329 0.555268425622051 0.278208595562936 0.0688594074117224
1 1 1 0.999808952171448 0.9856473170682 0.844217701815745 0.552718488015138 0.190559610991445
1 1 1 0.997483838160661 0.974562138919335 0.938080907192871 0.800343141191147 0.286848469192003
1 1 1 0.991831319235076 0.914101855034257 0.815283710137024 0.774817442492225 0.340596036210237
1 1 1 0.998552757700755 0.977396055700958 0.888223695342879 0.790362544669116 0.454908257556231
1 1 1 0.984698093157056 0.834441172418775 0.645762547177217 0.55938093836282 0.318605726488189
1 1 1 0.999875125846397 0.983460199230183 0.832400628335345 0.64405174334311 0.374569324193953
1 1 1 0.99967458442302 0.996616687750752 0.977305560167732 0.826454017523591 0.381925506173427
1 1 1 0.999848840591179 0.998161881687926 0.993742624399005 0.974295018754536 0.481095544315217
1 1 1 0.999496970548233 0.994807023379811 0.988566802192259 0.98365900933301 0.534478148993007
1 1 1 0.998467259989223 0.984144173318137 0.965690954479007 0.958072170314809 0.558927329148314
1 1 1 0.977704384858164 0.75873530701036 0.496845016292697 0.456213571196381 0.268694509706984
1 1 1 0.974496620635164 0.708578650063451 0.31920227370532 0.18360422671841 0.113606922185011
1 1 1 0.9999232087712 0.973730065305468 0.707384858425786 0.318542786263266 0.13895869713439
1 1 1 0.999939740401127 0.999320700448402 0.972605381346593 0.70645372186674 0.236264208360429
1 1 1 0.999905946673859 0.998999269013778 0.997534667530484 0.97076052919531 0.33659409504847
1 1 1 0.999863801969699 0.998544104986056 0.996413784405893 0.994816313304128 0.354987896429933
1 1 1 0.995483632012571 0.953083207631107 0.906385881039229 0.899051267048547 0.321174588503077
1 1 1 0.974322172989092 0.686985424166439 0.243407176213522 0.172041118291187 0.0563704441744221
1 1 1 0.970041575134669 0.629593744923644 0.119017720550013 0.02422592995957 0.00644087093726894
1 1 1 0.969742623419485 0.643672652385054 0.168010006665789 0.0235923266783335 0.00248333371366791
1 1 1 0.999895536728087 0.968708018431548 0.64221663724973 0.167549628820405 0.0157033652725521
1 1 1 0.999926656801101 0.99916213802197 0.967339574796668 0.641134413391025 0.114304664920609
1 1 1 0.999894830597931 0.998875115099127 0.997165658257091 0.965291515222681 0.128093046343237
1 1 1 0.999918914573295 0.999083999919112 0.997335516849444 0.995546720472408 0.154956905628857
1 1 1 0.999917179851253 0.999090750665123 0.997511375749015 0.995681974689419 0.164471959974601
1 1 1 0.999943658308498 0.999353769289565 0.998020711609588 0.996385844577487 0.224931509869957
1 1 1 0.999930790554131 0.999251628420087 0.998039536907606 0.996638531570692 0.227540694452605
1 1 1 0.999942871241587 0.999359494186516 0.998166477118082 0.996897852924772 0.30904675427432
1 1 1 0.999935865818644 0.999301500553489 0.998141145373179 0.996884639472514 0.377140356844004
1 1 1 0.999942076939911 0.99935670265286 0.998201672303364 0.996984316293337 0.441934634437276
1 1 1 0.999950971122909 0.999451860340369 0.998425797332629 0.997222540078888 0.45950933443308
1 1 1 0.999931087529827 0.999261711110967 0.998142178397945 0.997047476254802 0.49966121905046

# True vulnerable proportion of susceptible
0 0 0.05 0.49985448910843 0.947116375708333 0.992310872665775 0.982411335742733 0.801109193761291
0 0 0.05 0.499593881481055 0.94198911802392 0.98148321952058 0.97605766203863 0.832029430303826
0 0 0.05 0.498750571944138 0.925322207649286 0.943638102588937 0.931336875403638 0.800421614897363
0 0 0.05 0.49996000649909 0.946867090155315 0.972535802395272 0.942113694653879 0.827683829179793
0 0 0.05 0.489609442932264 0.731539947679368 0.509181272503422 0.462128120050204 0.380519953745331
0 0 0.05 0.48942804710158 0.714389157821111 0.38122397561481 0.223971886714453 0.1696604288782
0 0 0.05 0.495550524681515 0.845499087902765 0.61531813710133 0.304054952042889 0.141177490674244
0 0 0.05 0.488668141335938 0.697684212833569 0.369904299387537 0.210678782688729 0.0741736589159527
0 0 0.05 0.499982240918425 0.928130621962453 0.733868206875801 0.369598686808359 0.12882291684479
0 0 0.05 0.499985110602102 0.949683395182722 0.976418868405211 0.733363996949719 0.229447645478595
0 0 0.05 0.499970077408698 0.949403237637655 0.998530117752405 0.97523971854993 0.325433359774223
0 0 0.05 0.499960328400161 0.949189352199112 0.997864609845996 0.996944253431993 0.40041922730112
0 0 0.05 0.499962704537748 0.949216139442263 0.997730813335374 0.996375757694722 0.43116312612539
0 0 0.05 0.499972271651564 0.949402364790129 0.99812198146557 0.996623546812217 0.51422661885313
0 0 0.05 0.499876560194686 0.947601571730692 0.994680573540007 0.99318946441035 0.576297802353382
0 0 0.05 0.486834738571088 0.652994872033409 0.26920707108784 0.210007874266325 0.113909918620469
0 0 0.05 0.492761130888701 0.784618269407831 0.46876161761029 0.17207631581464 0.0778779203254557
0 0 0.05 0.49377486848896 0.805137757500912 0.555268425622051 0.278208595562936 0.0688594074117224
0 0 0.05 0.499904476085724 0.93636495121479 0.844217701815745 0.552718488015138 0.190559610991445
0 0 0.05 0.49874191908033 0.925834031973368 0.938080907192871 0.800343141191147 0.286848469192003
0 0 0.05 0.495915659617538 0.868396762282545 0.815283710137024 0.774817442492225 0.340596036210237
0 0 0.05 0.499276378850378 0.92852625291591 0.888223695342879 0.790362544669116 0.454908257556231
0 0 0.05 0.492349046578528 0.792719113797837 0.645762547177217 0.55938093836282 0.318605726488189
0 0 0.05 0.499937562923199 0.934287189268674 0.832400628335345 0.64405174334311 0.374569324193953
0 0 0.05 0.49983729221151 0.946785853363214 0.977305560167732 0.826454017523591 0.381925506173427
0 0 0.05 0.499924420295589 0.94825378760353 0.993742624399005 0.974295018754536 0.481095544315217
0 0 0.05 0.499748485274117 0.94506667221082 0.988566802192259 0.98365900933301 0.534478148993007
0 0 0.05 0.499233629994612 0.93493696465223 0.965690954479007 0.958072170314809 0.558927329148314
0 0 0.05 0.488852192429082 0.720798541659842 0.496845016292697 0.456213571196381 0.268694509706984
0 0 0.05 0.487248310317582 0.673149717560279 0.31920227370532 0.18360422671841 0.113606922185011
0 0 0.05 0.4999616043856 0.925043562040194 0.707384858425786 0.318542786263266 0.13895869713439
0 0 0.05 0.499969870200564 0.949354665425982 0.972605381346593 0.70645372186674 0.236264208360429
0 0 0.05 0.499952973336929 0.949049305563089 0.997534667530484 0.97076052919531 0.33659409504847
0 0 0.05 0.49993190098485 0.948616899736753 0.996413784405893 0.994816313304128 0.354987896429933
0 0 0.05 0.497741816006285 0.905429047249552 0.906385881039229 0.899051267048547 0.321174588503077
0 0 0.05 0.487161086494546 0.652636152958117 0.243407176213522 0.172041118291187 0.0563704441744221
0 0 0.05 0.485020787567335 0.598114057677461 0.119017720550013 0.02422592995957 0.00644087093726894
0 0 0.05 0.484871311709742 0.611489019765802 0.168010006665789 0.0235923266783335 0.00248333371366791
0 0 0.05 0.499947768364043 0.92027261750997 0.64221663724973 0.167549628820405 0.0157033652725521
0 0 0.05 0.499963328400551 0.949204031120871 0.967339574796668 0.641134413391025 0.114304664920609
0 0 0.05 0.499947415298965 0.948931359344171 0.997165658257091 0.965291515222681 0.128093046343237
0 0 0.05 0.499959457286647 0.949129799923156 0.997335516849444 0.995546720472408 0.154956905628857
0 0 0.05 0.499958589925627 0.949136213131866 0.997511375749015 0.995681974689419 0.164471959974601
0 0 0.05 0.499971829154249 0.949386080825087 0.998020711609588 0.996385844577487 0.224931509869957
0 0 0.05 0.499965395277065 0.949289046999082 0.998039536907606 0.996638531570692 0.227540694452605
0 0 0.05 0.499971435620794 0.94939151947719 0.998166477118082 0.996897852924772 0.30904675427432
0 0 0.05 0.499967932909322 0.949336425525815 0.998141145373179 0.996884639472514 0.377140356844004
0 0 0.05 0.499971038469955 0.949388867520217 0.998201672303364 0.996984316293337 0.441934634437276
0 0 0.05 0.499975485561454 0.949479267323351 0.998425797332629 0.997222540078888 0.45950933443308
0 0 0.05 0.499965543764914 0.949298625555418 0.998142178397945 0.997047476254802 0.49966121905046

# True survival by age
0.778267540515681 0.778267540515681 0.778050129220308 0.776094215461382 0.774150883154701 0.773956848840819 0.774005173118109 0.774890193806498
0.778267540515681 0.778267540515681 0.777618683003976 0.771784668779019 0.766047702783966 0.765540559259063 0.765613860671747 0.767559738655307
0.778267540515681 0.778267540515681 0.778282913449107 0.77842221819888 0.778565890690726 0.778587724792499 0.77859050221139 0.7786200607678
0.778267540515681 0.778267540515681 0.770050488516611 0.696103635750991 0.622660176722616 0.618454640409827 0.623470463596956 0.642337005567814
0.778267540515681 0.778267540515681 0.771199825485449 0.709070221514978 0.674983846211978 0.706554303292627 0.713230559492164 0.724809741710984
0.778267540515681 0.778267540515681 0.776902139933628 0.764913508538339 0.758891243317281 0.768187029460405 0.772565124840453 0.774077223943871
0.778267540515681 0.778267540515681 0.767900618834895 0.675525616249949 0.603021741199498 0.65089357053346 0.715596370542019 0.749453981447267
0.778267540515681 0.778267540515681 0.778287018826995 0.778469994377954 0.778680961579712 0.77874763657942 0.778770513517212 0.778790126072347
0.778267540515681 0.778267540515681 0.778280784366431 0.778399993259012 0.7785256564402 0.778603838133257 0.778701595519972 0.778766211439667
0.778267540515681 0.778267540515681 0.778276069901478 0.778352847713025 0.778429722549736 0.778446680043125 0.778534825068589 0.778717572772292
0.778267540515681 0.778267540515681 0.778263235548289 0.778224525330081 0.778186132483555 0.778182351527524 0.778196776247701 0.77859922855488
0.778267540515681 0.778267540515681 0.778281146944433 0.778403636316601 0.778526297084607 0.778540226670956 0.778540466988882 0.778696228013024
0.778267540515681 0.778267540515681 0.778278111346387 0.778373280712921 0.778468660565125 0.778479687412948 0.778480123505005 0.778662023592357
0.778267540515681 0.778267540515681 0.778250197930214 0.778094153850515 0.777938574140016 0.777922341639701 0.777923660403445 0.778348215173216
0.778267540515681 0.778267540515681 0.764903850704242 0.644663766273379 0.524999817383727 0.512418324135187 0.512817653655705 0.624464175165129
0.778267540515681 0.778267540515681 0.774874493564877 0.745244518565908 0.734121406667343 0.760388585771011 0.764437466387325 0.771010007414446
0.778267540515681 0.778267540515681 0.76963930254205 0.693242054632547 0.642962907658223 0.697659083635488 0.749014716607489 0.765320270660942
0.778267540515681 0.778267540515681 0.778226808205033 0.777871927699092 0.777692950419493 0.77805234299691 0.778425788830095 0.778707968249534
0.778267540515681 0.778267540515681 0.77796232900738 0.77521611040747 0.772559406795413 0.773197311104401 0.775132129184407 0.777535948851582
0.778267540515681 0.778267540515681 0.776361230077281 0.759253743712039 0.742982563478197 0.742535089902064 0.747859956362246 0.767711378639388
0.778267540515681 0.778267540515681 0.777987183255937 0.775491225296003 0.773444118329159 0.773794624964418 0.774043103538577 0.776709391342755
0.778267540515681 0.778267540515681 0.772399315281832 0.719670987346179 0.669303570147673 0.674081210351784 0.685618819557819 0.725168124307974
0.778267540515681 0.778267540515681 0.778277413082102 0.778372915116893 0.778512346970116 0.778583941673149 0.778612947859587 0.778693798063482
0.778267540515681 0.778267540515681 0.778150364009636 0.777095988366614 0.776086830071692 0.776406155687804 0.776947992613821 0.777723232274059
0.778267540515681 0.778267540515681 0.778203947181793 0.77763198764485 0.777065159263887 0.777036639780813 0.777308943293324 0.778111365813707
0.778267540515681 0.778267540515681 0.778065389799899 0.776246419532323 0.774434717040458 0.774253161558143 0.774342158797104 0.776599166280953
0.778267540515681 0.778267540515681 0.77808940046411 0.776487304333612 0.774903225117302 0.774751570360834 0.7747716728943 0.776611537276758
0.778267540515681 0.778267540515681 0.772174510511051 0.717431448100339 0.664344015955965 0.660606156342006 0.661538648612171 0.710391519495785
0.778267540515681 0.778267540515681 0.77235028984862 0.720426210251574 0.693093280088107 0.719736714083437 0.724566909411058 0.74685884838835
0.778267540515681 0.778267540515681 0.778263843906513 0.778245116671458 0.778373171352772 0.778606971514153 0.77868930322295 0.778731803818066
0.778267540515681 0.778267540515681 0.778279355598184 0.778385723216117 0.778500138082887 0.778590731570891 0.778706194687957 0.778759520550025
0.778267540515681 0.778267540515681 0.778271527419299 0.778307439282351 0.778343602458116 0.77835970217042 0.778480403141248 0.778693636193651
0.778267540515681 0.778267540515681 0.778271955945434 0.778311740813592 0.778351883358852 0.778356946020889 0.778368858744302 0.778651020927558
0.778267540515681 0.778267540515681 0.775288131272163 0.748477578603793 0.721741957668202 0.7188949640459 0.718991006288811 0.757458404019053
0.778267540515681 0.778267540515681 0.763880393736341 0.635048257533338 0.517761746524809 0.517511325363075 0.51962571985246 0.686213800181239
0.778267540515681 0.778267540515681 0.765873250926656 0.657520921375434 0.616655223687477 0.718333807405932 0.736062494599382 0.764797291764487
0.778267540515681 0.778267540515681 0.770185558201137 0.699884927076617 0.68178611216921 0.759499335505868 0.774871994024862 0.777756248424815
0.778267540515681 0.778267540515681 0.778263686964494 0.778246305508122 0.778410421336436 0.778698244282847 0.778786384354058 0.778799267459112
0.778267540515681 0.778267540515681 0.778270409583783 0.77829628390384 0.778337033228146 0.778495177095797 0.778721052705029 0.778793310449258
0.778267540515681 0.778267540515681 0.778277110462892 0.778363272078608 0.778449663948764 0.77847010421762 0.77858161536808 0.778761708751935
0.778267540515681 0.778267540515681 0.778268501076535 0.778277201194812 0.778286370478532 0.778288208673255 0.778304592981666 0.778734939231319
0.778267540515681 0.778267540515681 0.778269982667553 0.77829200329237 0.778314387348255 0.778317674227471 0.778318540719575 0.778725722020959
0.778267540515681 0.778267540515681 0.778269704415552 0.778289221885475 0.778309102080707 0.778312037850786 0.778312934192468 0.77872019764018
0.778267540515681 0.778267540515681 0.778274892145379 0.778341082714419 0.778407475811534 0.778415337530542 0.778415968932475 0.778713912281577
0.778267540515681 0.778267540515681 0.778267416119545 0.778266333545842 0.778265577821478 0.778266102872803 0.778266853434062 0.778678882586299
0.778267540515681 0.778267540515681 0.778264301675435 0.778235184427014 0.778206383511386 0.77820386019294 0.778204618854769 0.778615967129
0.778267540515681 0.778267540515681 0.778277406319275 0.778366226423343 0.77845523231969 0.778465481026061 0.77846590311967 0.778674091637412
0.778267540515681 0.778267540515681 0.778280551748626 0.778397676195665 0.778514937943412 0.778528256150223 0.7785285885102 0.778680127006973
0.778267540515681 0.778267540515681 0.778251782106756 0.778109990296888 0.777968587155874 0.777953707907628 0.777954728763998 0.778410930419597
0.778267540515681 0.778267540515681 0.77828787144401 0.778470872535489 0.778653936649117 0.778674394327045 0.778674532942599 0.778737513974627

# True Numbers-at-age
200.590276137162 20.6253996207987 18.6097438953406 2.52651751901661 18.5265523110201 6.19708189584635 15.0242752284278 44.7738358811489
163.991092578949 156.11290086063 16.0520790350321 14.4793136425266 1.96081563177063 14.342346833388 4.79627397611773 46.3236731125572
223.291609998986 127.628944287898 121.497603395571 12.4823965586974 11.1749122837449 1.50207831030078 10.9796482159193 39.2282802635232
85.6073328315379 173.780612131697 99.3294645695551 94.5595087477892 9.71657481765926 8.70040553558458 1.16949973407725 39.0925757811377
40.3903225200309 66.6254083729083 135.247809593045 76.4887027158793 65.8232178341637 6.05012419310223 5.38080617692963 25.8397566085705
14.8189003200125 31.4344769682996 51.8523927102362 104.303087155446 54.2358613781419 44.4296087437527 4.27474128409122 22.5666627134231
38.0383806399753 11.5330691052031 24.4644330775153 40.2842348572613 79.7828403474523 41.1591202736418 34.1302491609514 20.7708556606888
31.2414249945972 29.6040369458728 8.97581332710383 18.7862532996689 27.2130325771091 48.1107873041623 26.7902067549268 39.9902828982413
32.2430557511448 24.3141869927503 23.0398610231998 6.98575899589925 14.624534500576 21.1902703746433 37.4661619070915 52.0074605317569
21.549011778624 25.0937236981534 18.9229425104861 17.9314811088295 5.43771475531706 11.3855753221933 16.4988258447788 69.6766130599761
173.945247182528 16.7708963974931 19.5296306249419 14.7272733280327 13.9570193847698 4.23287878828607 8.86306330994232 67.1033134939607
344.155544813338 135.375939709138 13.0522442915202 15.1991935192303 11.4611252951146 10.861158936032 3.29395156919943 59.1437954153505
187.826437014073 267.845089416711 105.35869964243 10.1583156574033 11.8311075044486 8.92278743642832 8.45584913996763 48.6195249932307
149.018961150768 146.179219178766 208.455138979546 81.9983697716216 7.90696148477044 9.21014641199007 6.9462087743629 44.4408882001499
171.583927395782 115.97662038501 113.766541384761 162.230253170402 63.8024521445716 6.15113034324234 7.1647786636598 39.994106166978
142.694593467857 133.538201166337 90.2608391043627 87.0204655865071 104.583966012315 33.4962757245341 3.15195190202134 28.649111502289
145.778368890893 111.054570303114 103.928447386613 69.9408219897339 64.8515249813977 76.7773282438104 25.4701857267743 24.498221797953
19.5382483833469 113.454572617103 86.4301672928301 79.9874177609109 48.4859191388524 41.6971250681093 53.5644004665578 37.8265296812012
104.182980532427 15.2059845152919 88.2980111909704 67.2622732249262 62.2199668453523 37.7071575088951 32.4425458554776 71.1517307603703
46.2874038631847 81.0822320225649 11.8343241698357 68.6925264328471 52.1427978265918 48.0686206768757 29.1550727952678 80.4702881343159
31.3916008384544 36.0239839614568 63.1036692957234 9.18771046962696 52.1550578591773 38.7411895961265 35.6926375757721 83.5818673115115
34.2196307940622 24.4310639773939 28.0362973972593 49.093845928494 7.12498884975592 40.3390227422977 29.9777242742101 92.5464612494433
81.280334867312 26.6320278954494 19.0139040738676 21.6552169126809 35.3314165719805 4.768780474404 27.1917772745362 87.6650356455131
146.136687652566 63.2578463094739 20.7268428491364 14.7980920752009 16.8558343158121 27.5059440372314 3.71289589873542 89.4360894254431
354.875852430125 113.73344047847 49.2315284655931 16.128600307826 11.4995379871184 13.0815910223722 21.3557842685107 72.4412515652139
124.37238795992 276.188356859199 88.5150449955658 38.3121697777174 12.5421155153041 8.93589031742128 10.164875531011 72.9674032996192
13.2223343618384 96.7949924856286 214.948433211876 68.8704929876305 29.7396846144676 9.71304968018326 6.91864132960023 64.5375162307572
10.4388709588232 10.2905136436639 75.332400736024 167.249097528528 53.4770634480921 23.0453775217223 7.52520049271477 55.4809470090821
33.9310974086153 8.12423442688387 8.00877274409739 58.1697596639617 119.989762233367 35.5271670926375 15.2239182660755 44.3914052133332
37.3302553724274 26.407471727201 6.32282794598373 6.18557795023534 41.9070195059528 83.1640978833163 25.5702065039481 44.1848611831475
156.451055618031 29.0529260355213 20.5520780723661 4.92082838160082 4.8138958335613 32.619299674791 64.7521463916355 54.3194029364296
539.001588674263 121.760778266927 22.6109492904492 15.9952580783647 3.83030255863475 3.74761857114411 25.3970843971256 92.7246497018455
1076.84018865385 419.487440751563 94.7624614330765 17.5974580406782 12.4492283556323 2.98129149199231 2.91699527488406 91.9752271411993
29.1023275581179 838.069765152073 326.473458790936 73.7509662097243 13.6963082015344 9.68988033697086 2.32050894090519 73.8871027966129
25.4212980797448 22.6493968919381 652.242494905458 253.110997775984 55.2009446083446 9.88520029420247 6.96600617645574 57.6348320204377
7.16646458281912 19.784571133239 17.6272904132522 498.235253819954 160.737698100163 28.5809374902357 5.11570310573218 43.1695330774894
37.5137672260748 5.57742676506337 15.3976895160234 13.5002702138257 327.60010315342 99.1197411769664 20.5306536465919 36.7814191740364
1.56475007041714 29.195747354515 4.3407302108522 11.8590780949063 9.44863563411805 223.353200675202 75.2813775594196 44.5156071183076
37.2462032476278 1.21779418882529 22.7221024871156 3.378232698016 9.22928371409312 7.35491644500829 173.924745220734 93.2968340529287
30.2098740331762 28.9875109950785 0.947769688191346 17.6839400092521 2.62926595502829 7.18349330484808 5.72576698038152 208.09781093626
27.7713992394935 23.5113643630885 22.560038887811 0.737627454309877 13.7645294088433 2.0467511991237 5.59213478167166 166.516583737065
6.90993483287345 21.6135785827997 18.2981317170289 17.557767649445 0.574078630664745 10.7127456349537 1.59296232436582 134.024665902638
13.6462631516111 5.37777798750405 16.8211466453779 14.2408866542607 13.6650701572285 0.446813657715556 8.33791926718762 105.608286835371
38.6557596236845 10.6204436602342 4.18535004777415 13.0913888276289 11.0835285931038 10.6356484839424 0.347760448476158 88.7288164067858
41.7933343116848 30.0845229690903 8.2655465666358 3.25735285702208 10.1895657543321 8.6275015152429 8.27895190448421 69.3650660426989
43.6034998091743 32.5263955047046 23.4138076987414 6.43280556923142 2.53508806509965 7.93018827954524 6.7144919817973 60.4563459650885
94.0040224319435 33.9351885543621 25.3142378312867 18.2221306982239 5.00623562855394 1.97282171502407 6.17130313119892 52.2975249561908
71.2165922952255 73.1602793366895 26.4106557331392 19.7014993622831 14.1834911089695 3.89713031927306 1.53577360536487 45.5268768056008
84.9035218059394 55.4255621295131 56.9382706628056 20.5548997160306 15.3356013211715 11.0420597005203 3.03402607145382 36.6465178704719
455.372005107962 66.0776550970279 43.1359159202352 44.3123106134052 15.9939728185941 11.9306160930176 8.59021128695717 30.8863850016732

