# Simulated data from SIR age-structured hybrid model
# random seed = 8827162
# Flag=0 if no issues, =1 if negative pop #'s, =2 if NaN, or=3 if NA. Flag:
0

# Number of years (nyr)
50

# Starting age
0

# Ending age
8

# Sample size for comp data
200

# Sample size for fishery age comp data
200

# Sample size for antibody prevalence data
200

# Survey data
14047.1440612758
10538.2636741637
8722.18026919188
13375.932190106
13392.620276965
13320.191027445
9346.06822604863
14575.5713362423
13485.8068520326
8092.90087048297
10855.8665016224
7805.97753992072
13315.7617613051
4277.63738075132
5429.57872179664
2580.45586929718
6755.63841124196
3606.88086365019
3864.96474482353
2634.64461109707
2992.13584398519
4837.16295440594
2411.76236080613
4861.41821614884
2523.4639131377
3049.88794681725
6358.27502640009
8277.0063190085
8461.98245249554
10787.6381340815
7183.92869235714
10427.6426990366
10439.8180745574
10392.4724443375
7875.91410250798
10170.0774849768
8027.33694646408
7581.80781425384
11166.4592343687
17110.2374583001
5918.91695151809
6731.0965612971
12035.8041482999
3814.52101146953
8439.81555007158
5605.39858762374
8514.11767846598
8850.45812715732
19026.7203485289
30663.4307061073

# Catches
0
0
0
0
0
0
0
0
0
0
0
0
0
0
0
0
0
0
0
0
0
0
0
0
0
0
0
0
0
0
0
0
0
0
0
0
0
0
0
0
0
0
0
0
0
0
0
0
0
0

# Catch compositions
-999 -999 -999 -999 -999 -999 -999 -999
-999 -999 -999 -999 -999 -999 -999 -999
-999 -999 -999 -999 -999 -999 -999 -999
-999 -999 -999 -999 -999 -999 -999 -999
-999 -999 -999 -999 -999 -999 -999 -999
-999 -999 -999 -999 -999 -999 -999 -999
-999 -999 -999 -999 -999 -999 -999 -999
-999 -999 -999 -999 -999 -999 -999 -999
-999 -999 -999 -999 -999 -999 -999 -999
-999 -999 -999 -999 -999 -999 -999 -999
-999 -999 -999 -999 -999 -999 -999 -999
-999 -999 -999 -999 -999 -999 -999 -999
-999 -999 -999 -999 -999 -999 -999 -999
-999 -999 -999 -999 -999 -999 -999 -999
-999 -999 -999 -999 -999 -999 -999 -999
-999 -999 -999 -999 -999 -999 -999 -999
-999 -999 -999 -999 -999 -999 -999 -999
-999 -999 -999 -999 -999 -999 -999 -999
-999 -999 -999 -999 -999 -999 -999 -999
-999 -999 -999 -999 -999 -999 -999 -999
-999 -999 -999 -999 -999 -999 -999 -999
-999 -999 -999 -999 -999 -999 -999 -999
-999 -999 -999 -999 -999 -999 -999 -999
-999 -999 -999 -999 -999 -999 -999 -999
-999 -999 -999 -999 -999 -999 -999 -999
-999 -999 -999 -999 -999 -999 -999 -999
-999 -999 -999 -999 -999 -999 -999 -999
-999 -999 -999 -999 -999 -999 -999 -999
-999 -999 -999 -999 -999 -999 -999 -999
-999 -999 -999 -999 -999 -999 -999 -999
-999 -999 -999 -999 -999 -999 -999 -999
-999 -999 -999 -999 -999 -999 -999 -999
-999 -999 -999 -999 -999 -999 -999 -999
-999 -999 -999 -999 -999 -999 -999 -999
-999 -999 -999 -999 -999 -999 -999 -999
-999 -999 -999 -999 -999 -999 -999 -999
-999 -999 -999 -999 -999 -999 -999 -999
-999 -999 -999 -999 -999 -999 -999 -999
-999 -999 -999 -999 -999 -999 -999 -999
-999 -999 -999 -999 -999 -999 -999 -999
-999 -999 -999 -999 -999 -999 -999 -999
-999 -999 -999 -999 -999 -999 -999 -999
-999 -999 -999 -999 -999 -999 -999 -999
-999 -999 -999 -999 -999 -999 -999 -999
-999 -999 -999 -999 -999 -999 -999 -999
-999 -999 -999 -999 -999 -999 -999 -999
-999 -999 -999 -999 -999 -999 -999 -999
-999 -999 -999 -999 -999 -999 -999 -999
-999 -999 -999 -999 -999 -999 -999 -999
-999 -999 -999 -999 -999 -999 -999 -999

# Age composition from fishery-independent survey
0 0 6 27 16 23 40 88
0 0 1 41 32 12 25 89
0 0 2 21 61 26 11 79
0 0 2 6 40 58 16 78
0 0 1 21 12 34 54 78
0 0 4 28 28 6 34 100
0 0 7 24 44 15 4 106
0 0 1 73 20 23 13 70
0 0 0 7 83 11 18 81
0 0 8 14 10 72 20 76
0 0 2 36 3 10 80 69
0 0 0 19 58 5 8 110
0 0 2 1 29 58 5 105
0 0 3 0 6 28 49 114
0 0 1 12 3 1 22 161
0 0 1 7 33 5 5 149
0 0 9 20 18 29 2 122
0 0 1 59 16 14 19 91
0 0 4 9 93 13 3 78
0 0 6 43 4 60 18 69
0 0 1 36 56 2 43 62
0 0 0 12 45 66 2 75
0 0 1 12 21 45 42 79
0 0 2 12 19 18 41 108
0 0 3 12 17 12 16 140
0 0 19 33 19 13 23 93
0 0 11 83 31 11 9 55
0 0 4 60 89 14 1 32
0 0 2 32 91 48 7 20
0 0 4 21 43 68 34 30
0 0 11 28 19 43 57 42
0 0 2 47 24 8 22 97
0 0 2 14 74 36 8 66
0 0 3 16 21 64 23 73
0 0 2 20 29 27 52 70
0 0 4 6 30 34 15 111
0 0 4 39 8 19 17 113
0 0 6 48 33 9 19 85
0 0 5 36 61 25 3 70
0 0 0 48 48 28 14 62
0 0 1 11 91 32 24 41
0 0 0 36 20 62 28 54
0 0 0 7 59 18 52 64
0 0 2 6 19 52 10 111
0 0 6 19 17 9 42 107
0 0 8 28 35 8 9 112
0 0 24 37 28 18 4 89
0 0 16 90 26 15 11 42
0 0 0 81 82 14 4 19
0 0 1 4 127 51 4 13

# Antibody prevalence values
0 0 0 0 0 4 0 20 0 29 5 32 7 17 45 41
0 0 0 0 0 0 0 49 1 43 0 11 0 21 38 37
0 0 0 0 0 0 1 25 16 55 9 15 6 4 54 15
0 0 0 0 0 2 0 3 7 37 27 39 11 8 47 19
0 0 0 0 0 2 0 13 0 3 3 31 27 29 63 29
0 0 0 0 0 1 0 27 1 28 1 11 3 31 65 32
0 0 0 0 0 4 0 21 0 37 0 17 0 4 54 63
0 0 0 0 0 1 0 63 0 21 7 16 1 12 51 28
0 0 0 0 0 0 1 7 15 72 6 10 10 9 54 16
0 0 0 0 0 8 0 2 2 11 36 44 14 6 65 12
0 0 0 0 0 5 0 37 0 13 2 4 39 23 65 12
0 0 0 0 0 0 0 25 0 59 0 5 1 2 77 31
0 0 0 0 0 0 0 0 1 34 4 51 0 4 65 41
0 0 0 0 0 1 0 1 0 2 2 16 6 57 62 53
0 0 0 0 0 2 0 15 0 7 0 6 0 21 65 84
0 0 0 0 0 0 0 10 0 25 0 4 0 1 59 101
0 0 0 0 0 9 0 14 0 18 0 21 0 1 50 87
0 0 0 0 0 0 1 74 0 22 0 2 0 18 31 52
0 0 0 0 0 4 0 3 0 93 0 14 0 14 23 49
0 0 0 0 0 3 0 40 0 6 2 77 0 10 17 45
0 0 0 0 0 2 0 28 0 58 0 4 0 46 18 44
0 0 0 0 0 1 0 7 0 56 0 50 0 3 16 67
0 0 0 0 0 2 0 20 0 21 0 41 0 40 8 68
0 0 0 0 0 1 0 20 0 23 0 11 0 39 11 95
0 0 0 0 0 1 0 13 0 19 0 17 0 20 9 121
0 0 0 0 0 15 0 40 0 22 0 19 0 10 9 85
0 0 0 0 0 13 0 77 0 39 0 8 0 8 3 52
0 0 0 0 0 4 0 71 1 73 0 14 0 4 1 32
0 0 0 0 0 2 0 25 13 71 18 30 9 3 15 14
0 0 0 0 0 3 0 22 0 48 14 44 21 23 8 17
0 0 0 0 0 6 0 24 0 25 3 30 9 49 32 22
0 0 0 0 0 1 0 64 0 35 0 18 0 23 23 36
0 0 0 0 0 2 0 21 2 61 4 23 3 10 21 53
0 0 0 0 0 2 0 23 5 28 18 35 7 5 50 27
0 0 0 0 0 1 0 16 0 34 7 22 27 32 40 21
0 0 0 0 0 1 0 5 0 39 1 23 3 18 48 62
0 0 0 0 0 8 0 35 0 9 0 27 0 26 49 46
0 0 0 0 0 6 0 41 0 47 0 4 1 15 25 61
0 0 0 0 0 6 0 38 0 56 0 31 0 3 20 46
0 0 0 0 0 3 0 51 2 54 0 34 1 18 14 23
0 0 0 0 0 2 0 11 0 69 3 29 4 24 11 47
0 0 0 0 0 0 0 35 3 15 6 46 6 24 22 43
0 0 0 0 0 0 0 9 0 42 1 26 11 41 17 53
0 0 0 0 0 3 0 11 0 13 1 50 1 14 30 77
0 0 0 0 0 2 0 22 0 16 0 13 4 35 34 74
0 0 0 0 0 2 0 19 0 28 0 12 0 13 33 93
0 0 0 0 0 23 0 21 0 35 0 25 0 7 26 63
0 0 0 0 0 28 0 81 0 30 0 10 0 8 9 34
0 0 0 0 0 0 4 94 10 43 9 11 5 3 15 6
0 0 0 0 0 1 0 5 42 78 36 9 9 1 17 2

# Average weight-at-age
70
94
115
134
150
160
165
168

# Maturity logistic function parameter age-at-50%
3

# Maturity logistic function parameter age-at-95%
4

# Infection prevalence index (avg of 3 different samples)
0.00555555555555556
0
0.00555555555555556
0
0
0.0111111111111111
0.0166666666666667
0.0222222222222222
0.00555555555555556
0
0
0
0
0
0
0
0
0
0
0
0
0
0
0
0
0
0
0.00555555555555556
0
0
0
0.00555555555555556
0
0
0
0
0
0
0
0
0.00555555555555556
0
0.00555555555555556
0
0
0
0
0.0166666666666667
0
0.0333333333333333

