# Simulated data from SIR age-structured hybrid model
# random seed = 1149561
# Flag=0 if no issues, =1 if negative pop #'s, =2 if NaN, or=3 if NA. Flag:
0

# Number of years (nyr)
50

# Starting age
0

# Ending age
8

# Sample size for comp data
200

# Sample size for fishery age comp data
200

# Sample size for antibody prevalence data
200

# Survey data
23292.058206897
18249.8450241354
22767.5901594175
12204.9895924969
9440.95591152097
9836.3257800696
14196.5012751891
16823.2710814126
15609.8987540939
8348.62850764985
17553.2009661124
8238.93803099494
14598.0232927802
6341.13467327484
4601.59158780412
9980.28644537909
16061.7855114275
12999.0070641241
16425.7749153472
12298.376869283
19820.0059461669
17265.1387384463
10778.4740310162
5058.59459937631
12785.5396022232
5833.84189478939
7832.31522578
3416.68759378221
12456.2403049755
9249.9087395646
5589.89244332172
2385.10859622489
3744.16397461575
10775.9241319341
10978.2281197362
9563.15414080686
6809.33253567273
16949.927090052
7389.16666713019
17756.2514839723
34293.2059003301
15965.5242126084
18440.7355991896
10596.4755435398
15959.2164732293
12039.4403310375
14523.1131470346
11461.084771264
7563.90469490961
13952.4939634342

# Catches
0
0
0
0
0
0
0
0
0
0
0
0
0
0
0
0
0
0
0
0
0
0
0
0
0
0
0
0
0
0
0
0
0
0
0
0
0
0
0
0
0
0
0
0
0
0
0
0
0
0

# Catch compositions
-999 -999 -999 -999 -999 -999 -999 -999
-999 -999 -999 -999 -999 -999 -999 -999
-999 -999 -999 -999 -999 -999 -999 -999
-999 -999 -999 -999 -999 -999 -999 -999
-999 -999 -999 -999 -999 -999 -999 -999
-999 -999 -999 -999 -999 -999 -999 -999
-999 -999 -999 -999 -999 -999 -999 -999
-999 -999 -999 -999 -999 -999 -999 -999
-999 -999 -999 -999 -999 -999 -999 -999
-999 -999 -999 -999 -999 -999 -999 -999
-999 -999 -999 -999 -999 -999 -999 -999
-999 -999 -999 -999 -999 -999 -999 -999
-999 -999 -999 -999 -999 -999 -999 -999
-999 -999 -999 -999 -999 -999 -999 -999
-999 -999 -999 -999 -999 -999 -999 -999
-999 -999 -999 -999 -999 -999 -999 -999
-999 -999 -999 -999 -999 -999 -999 -999
-999 -999 -999 -999 -999 -999 -999 -999
-999 -999 -999 -999 -999 -999 -999 -999
-999 -999 -999 -999 -999 -999 -999 -999
-999 -999 -999 -999 -999 -999 -999 -999
-999 -999 -999 -999 -999 -999 -999 -999
-999 -999 -999 -999 -999 -999 -999 -999
-999 -999 -999 -999 -999 -999 -999 -999
-999 -999 -999 -999 -999 -999 -999 -999
-999 -999 -999 -999 -999 -999 -999 -999
-999 -999 -999 -999 -999 -999 -999 -999
-999 -999 -999 -999 -999 -999 -999 -999
-999 -999 -999 -999 -999 -999 -999 -999
-999 -999 -999 -999 -999 -999 -999 -999
-999 -999 -999 -999 -999 -999 -999 -999
-999 -999 -999 -999 -999 -999 -999 -999
-999 -999 -999 -999 -999 -999 -999 -999
-999 -999 -999 -999 -999 -999 -999 -999
-999 -999 -999 -999 -999 -999 -999 -999
-999 -999 -999 -999 -999 -999 -999 -999
-999 -999 -999 -999 -999 -999 -999 -999
-999 -999 -999 -999 -999 -999 -999 -999
-999 -999 -999 -999 -999 -999 -999 -999
-999 -999 -999 -999 -999 -999 -999 -999
-999 -999 -999 -999 -999 -999 -999 -999
-999 -999 -999 -999 -999 -999 -999 -999
-999 -999 -999 -999 -999 -999 -999 -999
-999 -999 -999 -999 -999 -999 -999 -999
-999 -999 -999 -999 -999 -999 -999 -999
-999 -999 -999 -999 -999 -999 -999 -999
-999 -999 -999 -999 -999 -999 -999 -999
-999 -999 -999 -999 -999 -999 -999 -999
-999 -999 -999 -999 -999 -999 -999 -999
-999 -999 -999 -999 -999 -999 -999 -999

# Age composition from fishery-independent survey
0 0 0 7 37 30 43 83
0 0 3 4 22 31 20 120
0 0 2 16 7 15 24 136
0 0 1 21 25 6 22 125
0 0 2 12 29 24 4 129
0 0 4 31 27 20 16 102
0 0 4 35 45 19 22 75
0 0 8 40 45 21 14 72
0 0 3 44 43 39 26 45
0 0 2 25 65 35 27 46
0 0 6 8 42 64 21 59
0 0 1 32 10 33 46 78
0 0 1 12 42 6 31 108
0 0 8 14 19 40 6 113
0 0 25 36 16 14 24 85
0 0 6 109 22 7 6 50
0 0 6 17 112 23 4 38
0 0 3 20 22 106 14 35
0 0 6 27 28 19 68 52
0 0 1 29 32 19 23 96
0 0 2 13 57 23 18 87
0 0 0 11 24 46 25 94
0 0 0 16 19 14 50 101
0 0 6 4 25 10 24 131
0 0 0 44 4 18 18 116
0 0 1 16 59 5 19 100
0 0 0 17 25 48 4 106
0 0 4 11 14 26 41 104
0 0 0 17 10 12 28 133
0 0 0 2 29 10 14 145
0 0 0 6 7 25 9 153
0 0 19 11 10 6 27 127
0 0 1 110 3 4 2 80
0 0 13 36 94 5 0 52
0 0 11 71 26 61 2 29
0 0 4 36 80 21 43 16
0 0 3 40 50 47 9 51
0 0 9 16 43 26 44 62
0 0 9 63 20 26 28 54
0 0 1 42 70 10 19 58
0 0 4 27 48 56 12 53
0 0 1 22 35 43 45 54
0 0 0 14 44 23 32 87
0 0 4 4 17 28 29 118
0 0 7 26 10 15 23 119
0 0 5 47 44 9 13 82
0 0 1 25 77 27 5 65
0 0 1 23 40 49 24 63
0 0 3 15 33 33 41 75
0 0 4 5 30 36 25 100

# Antibody prevalence values
0 0 0 0 0 2 1 11 4 31 6 25 7 26 72 15
0 0 0 0 0 1 0 2 0 18 5 27 6 30 82 29
0 0 0 0 0 2 0 9 0 2 0 23 3 31 75 55
0 0 0 0 0 3 1 26 1 20 0 7 2 18 65 57
0 0 0 0 0 3 1 15 5 31 4 16 0 0 68 57
0 0 0 0 0 2 5 26 6 18 7 12 4 11 74 35
0 0 0 0 1 2 9 28 18 19 8 5 6 9 75 20
0 0 0 0 3 5 17 29 26 21 15 9 6 5 59 5
0 0 0 0 0 1 17 42 23 26 18 12 8 5 43 5
0 0 0 0 0 0 0 19 21 54 9 20 12 5 52 8
0 0 0 0 0 1 0 9 8 29 19 38 9 14 61 12
0 0 0 0 0 2 1 22 0 11 15 23 11 26 59 30
0 0 0 0 0 0 0 21 2 45 1 7 4 17 61 42
0 0 0 0 1 4 4 8 19 3 26 6 4 0 112 13
0 0 0 0 10 10 23 11 10 2 11 2 19 1 99 2
0 0 0 0 0 4 56 45 20 4 5 0 10 0 56 0
0 0 0 0 0 2 5 8 74 38 21 2 0 0 50 0
0 0 0 0 1 5 8 10 17 6 84 17 14 0 38 0
0 0 0 0 1 4 7 26 12 21 9 5 65 12 37 1
0 0 0 0 0 0 6 30 8 23 19 11 11 1 72 19
0 0 0 0 0 2 2 15 11 37 12 22 5 11 75 8
0 0 0 0 0 5 1 8 2 23 9 26 14 15 75 22
0 0 0 0 0 1 0 7 0 18 2 20 4 37 81 30
0 0 0 0 0 3 0 3 1 28 2 11 1 12 80 59
0 0 0 0 0 2 9 30 4 3 1 19 1 8 78 45
0 0 0 0 0 0 3 18 9 44 0 3 3 11 69 40
0 0 0 0 0 1 2 9 2 25 5 40 2 7 58 49
0 0 0 0 0 4 0 6 0 18 4 24 9 35 54 46
0 0 0 0 0 2 0 18 0 18 2 16 4 21 43 76
0 0 0 0 0 0 0 2 0 27 0 8 1 17 60 85
0 0 0 0 0 3 2 0 3 10 14 15 1 11 96 45
0 0 0 0 7 11 6 2 8 1 3 6 17 7 106 26
0 0 0 0 1 5 63 42 5 1 1 0 0 0 78 4
0 0 0 0 7 11 7 13 84 25 3 0 1 0 48 1
0 0 0 0 3 8 42 32 23 6 53 8 0 0 24 1
0 0 0 0 0 8 9 25 48 42 17 7 24 0 20 0
0 0 0 0 0 0 15 12 40 13 50 7 13 2 47 1
0 0 0 0 2 8 6 15 27 6 32 3 42 1 57 1
0 0 0 0 1 5 35 25 12 7 22 4 14 0 74 1
0 0 0 0 1 2 13 19 35 40 12 3 14 4 55 2
0 0 0 0 0 1 3 11 21 32 40 23 5 2 56 6
0 0 0 0 0 1 3 23 6 21 22 25 36 15 44 4
0 0 0 0 0 1 2 14 2 23 6 19 15 20 73 25
0 0 0 0 0 3 6 8 5 16 11 19 15 12 82 23
0 0 0 0 0 9 13 20 0 3 11 4 13 7 107 13
0 0 0 0 0 4 13 29 16 25 2 4 7 6 75 19
0 0 0 0 0 3 5 14 22 48 14 14 3 3 63 11
0 0 0 0 0 1 2 15 5 30 22 41 19 10 50 5
0 0 0 0 0 1 0 16 2 20 8 24 15 34 62 18
0 0 0 0 1 4 1 10 3 27 1 15 9 20 68 41

# Average weight-at-age
70
94
115
134
150
160
165
168

# Maturity logistic function parameter age-at-50%
3

# Maturity logistic function parameter age-at-95%
4

# Infection prevalence index (avg of 3 different samples)
0
0
0
0.00555555555555556
0
0.0777777777777778
0
0
0
0
0
0
0.138888888888889
0.127777777777778
0.0333333333333333
0
0.00555555555555556
0
0
0
0
0
0
0
0
0
0
0
0
0.0166666666666667
0.05
0.111111111111111
0
0.0277777777777778
0.00555555555555556
0
0.0166666666666667
0.0222222222222222
0
0
0
0
0
0
0.00555555555555556
0
0
0
0.00555555555555556
0.105555555555556

