# Simulated data from SIR age-structured hybrid model
# random seed = 5931761
# Flag=0 if no issues, =1 if negative pop #'s, =2 if NaN, or=3 if NA. Flag:
0

# Number of years (nyr)
50

# Starting age
0

# Ending age
8

# Sample size for comp data
20

# Sample size for fishery age comp data
20

# Sample size for antibody prevalence data
20

# Survey data
78111.2109746097
123909.004885185
180252.237233615
124899.234005316
64166.8907406131
56172.989152605
33746.782641754
43036.3870334811
37347.7202971631
40812.6366843526
19781.0476028083
16022.8072763751
11214.8670784489
9095.50518506764
8753.73778793326
20037.2847826059
19790.2585147311
10259.4505108049
10363.4440270016
15651.4769909994
17967.2038414694
27078.2974496782
40755.8860060176
40453.3398384857
92527.9862944036
86969.9783547012
111371.766558787
91253.6605796276
58685.87984692
40060.5761733448
59542.3122620454
27709.314157458
23609.5151973509
35848.2673759817
30852.8665520812
41837.4116045668
26929.9649516484
18946.8235887667
33775.3361232639
22483.4502330567
23286.9580392532
11328.9890697916
16703.0694553978
11990.9579824871
13727.411124298
14659.6062616893
38081.9313122822
39652.3107681394
8083.47644851553
33488.1649311957

# Catches
0
0
0
0
0
0
0
0
0
0
0
0
0
0
0
0
0
0
0
0
0
0
0
0
0
0
0
0
0
0
0
0
0
0
0
0
0
0
0
0
0
0
0
0
0
0
0
0
0
0

# Catch compositions
-999 -999 -999 -999 -999 -999 -999 -999
-999 -999 -999 -999 -999 -999 -999 -999
-999 -999 -999 -999 -999 -999 -999 -999
-999 -999 -999 -999 -999 -999 -999 -999
-999 -999 -999 -999 -999 -999 -999 -999
-999 -999 -999 -999 -999 -999 -999 -999
-999 -999 -999 -999 -999 -999 -999 -999
-999 -999 -999 -999 -999 -999 -999 -999
-999 -999 -999 -999 -999 -999 -999 -999
-999 -999 -999 -999 -999 -999 -999 -999
-999 -999 -999 -999 -999 -999 -999 -999
-999 -999 -999 -999 -999 -999 -999 -999
-999 -999 -999 -999 -999 -999 -999 -999
-999 -999 -999 -999 -999 -999 -999 -999
-999 -999 -999 -999 -999 -999 -999 -999
-999 -999 -999 -999 -999 -999 -999 -999
-999 -999 -999 -999 -999 -999 -999 -999
-999 -999 -999 -999 -999 -999 -999 -999
-999 -999 -999 -999 -999 -999 -999 -999
-999 -999 -999 -999 -999 -999 -999 -999
-999 -999 -999 -999 -999 -999 -999 -999
-999 -999 -999 -999 -999 -999 -999 -999
-999 -999 -999 -999 -999 -999 -999 -999
-999 -999 -999 -999 -999 -999 -999 -999
-999 -999 -999 -999 -999 -999 -999 -999
-999 -999 -999 -999 -999 -999 -999 -999
-999 -999 -999 -999 -999 -999 -999 -999
-999 -999 -999 -999 -999 -999 -999 -999
-999 -999 -999 -999 -999 -999 -999 -999
-999 -999 -999 -999 -999 -999 -999 -999
-999 -999 -999 -999 -999 -999 -999 -999
-999 -999 -999 -999 -999 -999 -999 -999
-999 -999 -999 -999 -999 -999 -999 -999
-999 -999 -999 -999 -999 -999 -999 -999
-999 -999 -999 -999 -999 -999 -999 -999
-999 -999 -999 -999 -999 -999 -999 -999
-999 -999 -999 -999 -999 -999 -999 -999
-999 -999 -999 -999 -999 -999 -999 -999
-999 -999 -999 -999 -999 -999 -999 -999
-999 -999 -999 -999 -999 -999 -999 -999
-999 -999 -999 -999 -999 -999 -999 -999
-999 -999 -999 -999 -999 -999 -999 -999
-999 -999 -999 -999 -999 -999 -999 -999
-999 -999 -999 -999 -999 -999 -999 -999
-999 -999 -999 -999 -999 -999 -999 -999
-999 -999 -999 -999 -999 -999 -999 -999
-999 -999 -999 -999 -999 -999 -999 -999
-999 -999 -999 -999 -999 -999 -999 -999
-999 -999 -999 -999 -999 -999 -999 -999
-999 -999 -999 -999 -999 -999 -999 -999

# Age composition from fishery-independent survey
0 0 0 13 6 0 0 1
0 0 0 0 15 3 0 2
0 0 0 0 0 17 2 1
0 0 0 0 3 0 13 4
0 0 0 0 0 1 1 18
0 0 0 0 0 0 0 20
0 0 1 0 0 0 2 17
0 0 0 2 0 1 0 17
0 0 0 1 4 0 1 14
0 0 0 0 6 1 1 12
0 0 0 0 1 2 1 16
0 0 0 0 1 0 3 16
0 0 0 3 1 0 0 16
0 0 0 1 2 2 0 15
0 0 2 1 2 1 0 14
0 0 1 4 3 2 1 9
0 0 0 0 11 1 2 6
0 0 1 2 1 4 3 9
0 0 1 5 1 4 6 3
0 0 0 1 8 1 0 10
0 0 0 8 0 5 0 7
0 0 1 5 4 3 3 4
0 0 1 6 5 5 0 3
0 0 0 8 4 3 2 3
0 0 3 6 4 2 3 2
0 0 0 13 4 3 0 0
0 0 0 0 11 3 2 4
0 0 0 0 2 8 5 5
0 0 1 0 2 1 3 13
0 0 1 1 1 1 1 15
0 0 0 1 0 1 1 17
0 0 0 0 1 2 1 16
0 0 0 0 1 1 1 17
0 0 1 1 1 2 0 15
0 0 1 2 1 0 0 16
0 0 0 2 5 4 0 9
0 0 2 1 4 3 1 9
0 0 1 2 1 2 1 13
0 0 0 2 7 0 0 11
0 0 0 3 6 3 0 8
0 0 0 1 1 12 2 4
0 0 1 2 2 1 4 10
0 0 0 1 1 2 4 12
0 0 2 0 2 1 4 11
0 0 0 3 0 2 2 13
0 0 2 4 2 0 1 11
0 0 0 7 1 3 0 9
0 0 1 1 9 3 1 5
0 0 3 5 0 8 2 2
0 0 0 3 8 1 5 3

# Antibody prevalence values
0 0 0 0 0 0 1 7 3 6 0 0 0 0 3 0
0 0 0 0 0 1 0 0 6 10 2 0 0 0 1 0
0 0 0 0 0 0 0 1 0 0 16 0 3 0 0 0
0 0 0 0 0 0 0 1 0 1 0 0 12 1 5 0
0 0 0 0 0 1 0 0 0 0 0 1 0 0 15 3
0 0 0 0 0 0 0 0 0 0 0 1 0 2 16 1
0 0 0 0 0 0 0 0 0 0 0 1 0 1 17 1
0 0 0 0 0 1 0 2 0 0 0 2 0 2 12 1
0 0 0 0 0 0 0 3 0 2 0 0 0 0 13 2
0 0 0 0 0 0 0 1 0 1 0 1 0 0 15 2
0 0 0 0 0 0 0 1 0 2 0 6 0 1 6 4
0 0 0 0 0 0 0 2 0 1 0 1 0 2 10 4
0 0 0 0 0 0 0 1 0 2 0 1 0 2 8 6
0 0 0 0 0 0 0 3 0 2 0 0 0 0 10 5
0 0 0 0 0 0 0 3 0 7 0 0 0 0 7 3
0 0 0 0 0 0 0 4 0 2 0 5 0 0 5 4
0 0 0 0 0 0 0 1 0 10 1 1 0 0 6 1
0 0 0 0 0 1 0 1 0 2 2 1 3 1 8 1
0 0 0 0 0 0 0 5 0 0 0 0 0 7 7 1
0 0 0 0 0 3 0 1 1 5 0 0 0 0 8 2
0 0 0 0 0 2 0 6 1 2 3 1 0 0 4 1
0 0 0 0 0 1 0 7 1 3 0 0 3 0 4 1
0 0 0 0 0 1 1 2 6 5 3 0 1 0 1 0
0 0 0 0 0 0 0 6 1 6 2 0 4 0 1 0
0 0 0 0 0 0 0 10 2 1 1 0 3 0 3 0
0 0 0 0 0 0 2 7 1 4 3 1 2 0 0 0
0 0 0 0 0 0 0 1 3 7 2 0 2 0 5 0
0 0 0 0 0 0 0 2 3 2 5 2 4 0 2 0
0 0 0 0 0 0 0 1 0 0 0 3 7 0 9 0
0 0 0 0 0 0 0 3 0 2 0 1 0 1 13 0
0 0 0 0 0 0 0 3 0 2 0 1 0 0 11 3
0 0 0 0 0 0 0 1 1 0 1 2 0 2 9 4
0 0 0 0 0 0 0 0 0 1 0 1 1 1 12 4
0 0 0 0 0 0 0 1 0 1 0 3 0 1 10 4
0 0 0 0 0 0 0 0 0 1 0 0 0 1 12 6
0 0 0 0 0 0 0 4 1 3 0 0 0 0 9 3
0 0 0 0 0 1 0 1 1 4 0 1 0 1 9 2
0 0 0 0 0 2 0 5 0 1 0 0 0 2 6 4
0 0 0 0 0 0 0 8 2 3 0 1 0 0 3 3
0 0 0 0 0 0 0 0 3 8 1 1 0 0 6 1
0 0 0 0 0 0 0 4 0 1 4 1 1 2 7 0
0 0 0 0 0 0 0 2 0 2 1 1 2 2 9 1
0 0 0 0 0 0 0 3 0 4 0 2 1 3 6 1
0 0 0 0 0 2 0 1 0 4 0 0 0 2 6 5
0 0 0 0 0 3 0 4 0 0 0 3 0 3 4 3
0 0 0 0 0 3 0 2 0 4 0 0 0 3 6 2
0 0 0 0 0 0 0 6 1 5 1 2 0 0 4 1
0 0 0 0 0 1 0 0 4 9 0 0 2 0 4 0
0 0 0 0 0 2 0 10 1 1 0 1 1 0 4 0
0 0 0 0 0 0 0 2 2 8 1 0 6 0 1 0

# Average weight-at-age
70
94
115
134
150
160
165
168

# Maturity logistic function parameter age-at-50%
3

# Maturity logistic function parameter age-at-95%
4

# Infection prevalence index (avg of 3 different samples)
0.00555555555555556
0.138888888888889
0
0
0
0
0
0.00555555555555556
0
0.0111111111111111
0
0
0
0
0
0
0
0
0.00555555555555556
0.0166666666666667
0.15
0.0833333333333333
0.0222222222222222
0.111111111111111
0.194444444444444
0.0277777777777778
0.0888888888888889
0
0
0
0
0
0
0
0.00555555555555556
0
0
0
0.0888888888888889
0.05
0
0
0
0
0
0.00555555555555556
0.0611111111111111
0.0111111111111111
0.0555555555555556
0.0944444444444444

