# Simulated data from SIR age-structured hybrid model
# random seed = 7887905
# Flag=0 if no issues, =1 if negative pop #'s, =2 if NaN, or=3 if NA. Flag:
0

# True SSB
18833.2801815171
18922.5256484022
9600.81912488303
9573.85752446021
9108.03072106201
9140.00767845718
12428.2521416571
14798.5070277255
10048.4071352222
11558.5708211371
12843.5161980171
22900.6734683937
23921.6349557275
18158.1334786046
15673.0912975933
13391.8236618822
11937.8075675489
11674.2023088235
15230.2073563899
22885.138681746
21714.7231317968
20443.5039364199
25998.672198499
27833.8149216203
23686.6037810863
18333.7886395706
17160.5893837554
18768.2272123178
19173.0712720313
15208.7278085318
14099.9429118642
12805.2102409924
14616.4700383361
18155.4950224024
22028.3448838959
41720.2996228632
42765.9707163976
26639.8378404093
26662.332663583
28009.9206771599
32303.2503592017
33312.1761164691
32679.2882514367
41027.4625310699
39142.3430322175
38170.9720249568
92558.3340378863
104423.426255543
78422.7407157846
75713.9647950141

# True R (numbers)
38.0854723570195
9.60315602594988
36.6076290182948
142.626017233264
21.5863194496683
97.4342655035072
27.3597139530083
42.2696071387968
383.928287884139
129.546554828405
18.2546894874946
12.1387575200536
15.7631931298438
28.642630937962
33.9322041832472
149.112878910662
210.875929540826
175.360437703577
128.072829372837
193.840231781132
242.131322342107
108.742815411915
19.4263110797938
45.8616459512834
132.567448904232
17.6632967892136
52.8641769621631
18.7111726143978
19.3551259774939
125.913604292762
93.6049251604499
132.567361654206
712.023498669627
339.831831404811
47.9576548224394
256.818501850758
83.2595080679146
435.120623796117
97.8819630133378
263.099132487367
275.717284248574
221.453941046412
154.004916046004
2063.3218355568
596.606071625132
344.261129069204
344.258415864492
37.6469553772038
73.4238018017962
197.263413764139

# True infection rate given (selected) susceptible
-999 -999 0.0034919874501813 0.00349198745018133 0.0034919874501819 0.00349198745018144 0.00349198745018135 0.00349198745018224
-999 -999 0.619820556135796 0.619820556135796 0.619820556135796 0.619820556135796 0.619820556135795 0.619820556135795
-999 -999 0.000791879799988864 0.000791879799988116 0.000791879799988994 0.000791879799988118 0.00079187979998841 0.000791879799987723
-999 -999 0.000537223935793841 0.000537223935792463 0.000537223935793044 0.000537223935794055 0.000537223935792517 0.000537223935793028
-999 -999 0.000810854135554958 0.000810854135554027 0.000810854135554601 0.000810854135556142 0.000810854135554455 0.000810854135554504
-999 -999 0.000609813709416099 0.000609813709415741 0.000609813709416355 0.000609813709416124 0.000609813709416624 0.000609813709415473
-999 -999 0.00113525905837063 0.00113525905837125 0.00113525905837042 0.00113525905837111 0.00113525905837114 0.00113525905837015
-999 -999 0.565081540689766 0.565081540689766 0.565081540689766 0.565081540689766 0.565081540689765 0.565081540689766
-999 -999 0.000844577656847057 0.000844577656846151 0.000844577656846194 0.000844577656846153 0.000844577656846315 0.000844577656846428
-999 -999 0.000653005132318208 0.000653005132318674 0.00065300513231851 0.000653005132318985 0.000653005132318811 0.000653005132319041
-999 -999 0.0070226224782539 0.00702262247825382 0.00702262247825413 0.00702262247825327 0.00702262247825324 0.00702262247825265
-999 -999 0.749578251749936 0.749578251749936 0.749578251749936 0.749578251749936 0.749578251749936 0.749578251749936
-999 -999 0.591922996329326 0.591922996329326 0.591922996329326 0.591922996329326 0.591922996329326 0.591922996329326
-999 -999 0.0158588528919752 0.0158588528919749 0.0158588528919749 0.0158588528919751 0.0158588528919745 0.0158588528919742
-999 -999 0.00208739026980716 0.00208739026980527 0.00208739026980618 0.00208739026980767 0.0020873902698064 0.00208739026980633
-999 -999 0.00165165216614528 0.0016516521661452 0.00165165216614542 0.00165165216614515 0.00165165216614508 0.00165165216614391
-999 -999 0.00366809422735687 0.00366809422735767 0.00366809422735683 0.00366809422735686 0.00366809422735752 0.00366809422735693
-999 -999 0.00220487411853601 0.00220487411853529 0.00220487411853533 0.00220487411853523 0.00220487411853469 0.00220487411853529
-999 -999 0.00217794694369153 0.00217794694369258 0.00217794694369241 0.00217794694369274 0.00217794694369262 0.0021779469436929
-999 -999 0.614872616376594 0.614872616376594 0.614872616376594 0.614872616376594 0.614872616376594 0.614872616376594
-999 -999 0.528447435944867 0.528447435944866 0.528447435944866 0.528447435944866 0.528447435944866 0.528447435944866
-999 -999 0.0724691434880003 0.0724691434880008 0.0724691434880007 0.0724691434880003 0.0724691434880006 0.0724691434880008
-999 -999 0.521210672450392 0.521210672450391 0.521210672450392 0.521210672450392 0.521210672450392 0.521210672450392
-999 -999 0.644189841823133 0.644189841823132 0.644189841823133 0.644189841823133 0.644189841823132 0.644189841823132
-999 -999 0.399173965979599 0.3991739659796 0.399173965979599 0.3991739659796 0.399173965979599 0.3991739659796
-999 -999 0.0047173365758389 0.00471733657583869 0.00471733657583845 0.00471733657583881 0.00471733657583836 0.00471733657583865
-999 -999 0.00132574777244131 0.00132574777244042 0.00132574777244097 0.00132574777244049 0.0013257477724402 0.00132574777244046
-999 -999 0.0141632886420995 0.0141632886420993 0.0141632886420987 0.0141632886420987 0.0141632886420991 0.0141632886421
-999 -999 0.339242632318592 0.339242632318592 0.339242632318592 0.339242632318593 0.339242632318593 0.339242632318592
-999 -999 0.00277230410890467 0.00277230410890427 0.0027723041089033 0.00277230410890366 0.00277230410890365 0.0027723041089035
-999 -999 0.00402528292170012 0.00402528292169998 0.0040252829217005 0.00402528292169991 0.00402528292169947 0.00402528292169911
-999 -999 0.00301742048285502 0.00301742048285538 0.00301742048285515 0.00301742048285557 0.00301742048285549 0.0030174204828556
-999 -999 0.00381080856840088 0.00381080856840132 0.00381080856840052 0.00381080856840114 0.00381080856840124 0.00381080856840059
-999 -999 0.159110725781173 0.159110725781173 0.159110725781173 0.159110725781173 0.159110725781174 0.159110725781174
-999 -999 0.148362389781387 0.148362389781387 0.148362389781387 0.148362389781387 0.148362389781387 0.148362389781388
-999 -999 0.865059467982055 0.865059467982055 0.865059467982055 0.865059467982054 0.865059467982055 0.865059467982055
-999 -999 0.890063077458906 0.890063077458907 0.890063077458906 0.890063077458906 0.890063077458906 0.890063077458906
-999 -999 0.407854247677067 0.407854247677067 0.407854247677067 0.407854247677067 0.407854247677067 0.407854247677066
-999 -999 0.436342772551526 0.436342772551526 0.436342772551526 0.436342772551526 0.436342772551526 0.436342772551525
-999 -999 0.467846536367212 0.467846536367212 0.467846536367212 0.467846536367212 0.467846536367212 0.467846536367212
-999 -999 0.73367321791052 0.73367321791052 0.73367321791052 0.73367321791052 0.73367321791052 0.73367321791052
-999 -999 0.671515694977006 0.671515694977007 0.671515694977006 0.671515694977006 0.671515694977007 0.671515694977007
-999 -999 0.100203130134595 0.100203130134594 0.100203130134594 0.100203130134594 0.100203130134594 0.100203130134594
-999 -999 0.577072307282608 0.577072307282608 0.577072307282608 0.577072307282608 0.577072307282609 0.577072307282608
-999 -999 0.653026105052139 0.653026105052139 0.653026105052139 0.653026105052139 0.653026105052139 0.653026105052139
-999 -999 0.359215125651271 0.359215125651269 0.35921512565127 0.35921512565127 0.35921512565127 0.35921512565127
-999 -999 0.962324280962899 0.962324280962899 0.962324280962899 0.962324280962899 0.962324280962899 0.962324280962899
-999 -999 0.921664482450582 0.921664482450581 0.921664482450581 0.921664482450581 0.921664482450581 0.921664482450581
-999 -999 0.446083769424819 0.446083769424818 0.446083769424819 0.446083769424818 0.446083769424819 0.446083769424819
-999 -999 0.42576112002783 0.425761120027829 0.425761120027829 0.42576112002783 0.42576112002783 0.42576112002783

# Duration of outbreak (days) based on incidence
0
0
0
0
0
0
0
0
0
0
0
0
0
0
0
0
0
0
0
0
0
0
0
0
0
0
0
0
0
0
0
0
0
0
0
3
0
0
0
0
0
0
0
0
0
0
3
3
0
0

# Duration of outbreak (days) based on prevalence
0
32
0
0
0
0
0
18
0
0
0
23
3
0
0
0
0
0
0
20
0
0
0
22
0
0
0
0
0
0
0
0
0
0
0
20
28
0
0
0
20
12
0
0
16
0
18
13
0
0

# Peak (point) prevalence
0.000231509461500426
0.153943770772312
3.61326960098171e-05
2.14822673725491e-05
3.40544822795283e-05
3.56233879227362e-05
5.32511791076499e-05
0.118062292059816
5.1541182858904e-05
2.95898135242498e-05
0.00145440318911412
0.263679766174733
0.102085702659795
0.00126021303275927
7.78679983020297e-05
6.20098109194206e-05
0.000152132180204606
0.000104153213169511
9.57108109601797e-05
0.138945247608863
0.08680174893736
0.0106637511163112
0.0918194961954389
0.136352183803675
0.0478143751849231
0.000380381824260373
6.54157328248964e-05
0.00155689966932276
0.0395069887418443
0.000157761655733284
0.000346296063203483
0.000141674772773247
0.000231285429217173
0.0227492763235089
0.028118992949461
0.420173960118986
0.390795215028599
0.0392079984942875
0.0508423413410359
0.0548627585120013
0.189346894639707
0.120181341870004
0.00886269762921151
0.0901607938960228
0.118433888982869
0.0332003669483477
0.63885213870166
0.408457320887684
0.031072857470588
0.0299581357959042

# Day of peak prevalence
119
83
57
44
51
67
90
86
98
81
119
45
45
119
69
57
75
72
86
68
79
119
82
66
97
119
85
119
94
103
119
81
119
119
119
25
25
91
90
84
42
46
119
53
64
89
12
13
56
65

# Total immunity
0.0685585188197001
0.065420482014898
0.141575957093844
0.0597389013392359
0.053759913963925
0.0339565545673501
0.0299973050955591
0.0244325215964945
0.0192281656473313
0.0146037761885566
0.0140238836045845
0.0137152354946911
0.16475428768883
0.291323594244461
0.233931116590792
0.108579214065052
0.0550770325077949
0.0361720626092095
0.0274281330938501
0.0186836478035641
0.0395633500548411
0.0517726071557508
0.0549579898292689
0.119246594584214
0.142474534814248
0.162436868605802
0.130100184986054
0.119350720764457
0.110021729895586
0.110783387267012
0.0758997040710178
0.0483601938161285
0.0138053818769865
0.0096867048495017
0.0132228740651726
0.0174191796548405
0.0945475177136286
0.0917582680948183
0.0887505780591898
0.0788344368512481
0.0655555697899088
0.102878147607297
0.128835450479594
0.0300913806478782
0.0357998857662156
0.0372478176605534
0.0416530630938551
0.146006451248781
0.317544490371517
0.300733714557138

# Observed immunity (based on survey selectivity)
0.125472360472936
0.0999970041294704
0.312825601550385
0.243774983445106
0.201730306227027
0.152989057275475
0.0844086986578626
0.056863935637615
0.149658600547659
0.104764793128983
0.0721782762152034
0.0303466302106995
0.228720817988395
0.424565512361808
0.399301675629369
0.368561952449131
0.31969708140144
0.248602828131122
0.141347578514571
0.072843346427289
0.173733659054097
0.21700430821716
0.146880781079708
0.231352693129801
0.330400599848546
0.37720979495236
0.315732266842983
0.220457852625199
0.174385660494559
0.300364134750808
0.256121413492759
0.219682622755259
0.144317794157684
0.0907331195389493
0.0794971431434584
0.0545386001858182
0.215256543150435
0.437989726819746
0.362887021253519
0.339328444493777
0.255506736562059
0.384648356688355
0.449998233407287
0.293718400717885
0.360367817823136
0.324965812489267
0.126400543564257
0.272739617633087
0.551472800785064
0.521822622004295

# True total proportion of susceptible
1 1 1 0.999955262650951 0.993822590974037 0.933293281125602 0.836663446491178 0.670924986710968
1 1 1 0.99995937882762 0.99954859046971 0.993037097843368 0.93235481396829 0.739362158059484
1 1 1 0.994070002611927 0.921075953876979 0.775593588348315 0.739697378956288 0.494787665190914
1 1 1 0.999994026747157 0.994006522793888 0.92092015895825 0.775378035752698 0.525704488427656
1 1 1 0.999991288394196 0.999906919753291 0.993839653171531 0.920731681680847 0.614395980002907
1 1 1 0.999982898902586 0.999820287714027 0.999582034581039 0.993496715978779 0.638712627862311
1 1 1 0.999994863712268 0.999931529980956 0.999722631829202 0.999479143572257 0.714336582021285
1 1 1 0.999981450436108 0.999809353985962 0.99957901431759 0.999351469202837 0.787374470063868
1 1 1 0.995786747568225 0.944734954139596 0.847319298514881 0.830421985123388 0.553102265328487
1 1 1 0.999988915771289 0.99567354481089 0.944501313389545 0.847045673480097 0.618827674977106
1 1 1 0.999989994567226 0.999888865154873 0.995482172906453 0.944287012051155 0.745562715573826
1 1 1 0.999955868903406 0.999547474070204 0.999045278219465 0.994568758000499 0.770683248308098
1 1 1 0.985292572544679 0.810672270670311 0.49521058003616 0.443404917964784 0.354386966852298
1 1 1 0.989461564569656 0.854767798309053 0.49524127153104 0.241894195930352 0.168575922989752
1 1 1 0.999815128865751 0.987550018325256 0.850175145940413 0.49011288683499 0.182130264222077
1 1 1 0.999954876459943 0.999363675142577 0.986687551502815 0.849244771954463 0.414551089498276
1 1 1 0.999959489940598 0.999549716635263 0.998593743444591 0.985875982496132 0.556495004588322
1 1 1 0.999942484925705 0.999383776348717 0.998454289346262 0.997439101275004 0.584989614248315
1 1 1 0.999944487941455 0.999387215242963 0.998328495712572 0.997343387757879 0.607684390998606
1 1 1 0.999961146264469 0.999555768045566 0.998648005681957 0.997549604520353 0.640890653646833
1 1 1 0.992073916749124 0.897735130280329 0.725990900983062 0.69670423427675 0.381606578473564
1 1 1 0.994731535852565 0.923916970360291 0.690481993566797 0.480616813942121 0.240373272593646
1 1 1 0.99863514264895 0.980710325853351 0.895430072154717 0.659924958370335 0.327982874443593
1 1 1 0.989354184989484 0.872535072105795 0.686673702020148 0.580571500805523 0.269996202098543
1 1 1 0.991962793694781 0.881780294414926 0.55122688727692 0.348996811779773 0.166366530133768
1 1 1 0.997771313706452 0.96338265402918 0.772979494376303 0.402016656888854 0.138661545015627
1 1 1 0.999940251957977 0.997169355914392 0.962157650964232 0.771388040252613 0.232094316120006
1 1 1 0.999979812684255 0.999738313968268 0.996784047600781 0.961733285360476 0.465149351859367
1 1 1 0.999703841357444 0.997006936913462 0.994067594528938 0.990803158505496 0.599917824615361
1 1 1 0.991999910411564 0.911677890212038 0.811112885187573 0.795941788689502 0.461328576766322
1 1 1 0.999969454298025 0.991684847121172 0.910969581441833 0.810264827924204 0.518771721372078
1 1 1 0.999945048169298 0.999419286966142 0.990622253260284 0.909711241345934 0.632958205921091
1 1 1 0.999929134982782 0.999236033784567 0.998071375856407 0.989200677502797 0.651097095581105
1 1 1 0.999923605277645 0.9991645122622 0.997781471219024 0.996539048770761 0.727025591476336
1 1 1 0.997874797648001 0.977371417293736 0.953465932451212 0.949203321695802 0.691325102838907
1 1 1 0.996589066209692 0.962295150415567 0.906478959904386 0.878227329578037 0.647673080351197
1 1 1 0.98747444108016 0.818162231025206 0.381139696805962 0.261066587991849 0.178049413310506
1 1 1 0.992318614848273 0.863675308415805 0.282028781226153 0.0520837502164347 0.0231379329495485
1 1 1 0.997215232015573 0.957213711687742 0.737857325914822 0.179475870440932 0.0186754145799693
1 1 1 0.992407566106886 0.908452561586593 0.750555355375631 0.516197722481434 0.0704361765716474
1 1 1 0.996083101332654 0.942462573066972 0.753818538782966 0.553462697097137 0.127590373786749
1 1 1 0.982932930299439 0.784778458881463 0.429441708436793 0.272275793363727 0.0425824486449737
1 1 1 0.984730498386211 0.796670167790848 0.380891898019026 0.159579180764068 0.0399967998270562
1 1 1 0.998257695244528 0.966445938278815 0.757174635212204 0.349851165347526 0.0515843849993179
1 1 1 0.989365871384775 0.868730196467821 0.650354522074765 0.432374405354306 0.0969464283154623
1 1 1 0.994748163675819 0.914479418749351 0.588433239882752 0.333873769832558 0.0515797809827933
1 1 1 0.992329581031655 0.908998836556196 0.729038906312143 0.421501290460435 0.0852143852090616
1 1 1 0.984836598448271 0.769847359537774 0.175044635619173 0.0458066466622933 0.00647973792973825
1 1 1 0.98321355509951 0.750527159852492 0.163237748782766 0.0141425350991765 0.00105541323294695
1 1 1 0.990810198581105 0.877148598315222 0.526344466718126 0.091957331369844 0.00177155505978333

# True vulnerable proportion of susceptible
0 0 0.05 0.499977631325476 0.944131461425336 0.933293281125602 0.836663446491178 0.670924986710968
0 0 0.05 0.49997968941381 0.949571160946224 0.993037097843368 0.93235481396829 0.739362158059484
0 0 0.05 0.497035001305964 0.87502215618313 0.775593588348315 0.739697378956288 0.494787665190914
0 0 0.05 0.499997013373578 0.944306196654194 0.92092015895825 0.775378035752698 0.525704488427656
0 0 0.05 0.499995644197098 0.949911573765626 0.993839653171531 0.920731681680847 0.614395980002907
0 0 0.05 0.499991449451293 0.949829273328326 0.999582034581039 0.993496715978779 0.638712627862311
0 0 0.05 0.499997431856134 0.949934953481908 0.999722631829202 0.999479143572257 0.714336582021285
0 0 0.05 0.499990725218054 0.949818886286664 0.99957901431759 0.999351469202837 0.787374470063868
0 0 0.05 0.497893373784112 0.897498206432616 0.847319298514881 0.830421985123388 0.553102265328487
0 0 0.05 0.499994457885644 0.945889867570345 0.944501313389545 0.847045673480097 0.618827674977106
0 0 0.05 0.499994997283613 0.94989442189713 0.995482172906453 0.944287012051155 0.745562715573826
0 0 0.05 0.499977934451703 0.949570100366694 0.999045278219465 0.994568758000499 0.770683248308098
0 0 0.05 0.49264628627234 0.770138657136796 0.49521058003616 0.443404917964784 0.354386966852298
0 0 0.05 0.494730782284828 0.8120294083936 0.49524127153104 0.241894195930352 0.168575922989752
0 0 0.05 0.499907564432875 0.938172517408993 0.850175145940413 0.49011288683499 0.182130264222077
0 0 0.05 0.499977438229971 0.949395491385448 0.986687551502815 0.849244771954463 0.414551089498276
0 0 0.05 0.499979744970299 0.9495722308035 0.998593743444591 0.985875982496132 0.556495004588322
0 0 0.05 0.499971242462852 0.949414587531281 0.998454289346262 0.997439101275004 0.584989614248315
0 0 0.05 0.499972243970727 0.949417854480815 0.998328495712572 0.997343387757879 0.607684390998606
0 0 0.05 0.499980573132235 0.949577979643288 0.998648005681957 0.997549604520353 0.640890653646833
0 0 0.05 0.496036958374562 0.852848373766312 0.725990900983062 0.69670423427675 0.381606578473564
0 0 0.05 0.497365767926282 0.877721121842276 0.690481993566797 0.480616813942121 0.240373272593646
0 0 0.05 0.499317571324475 0.931674809560683 0.895430072154717 0.659924958370335 0.327982874443593
0 0 0.05 0.494677092494742 0.828908318500505 0.686673702020148 0.580571500805523 0.269996202098543
0 0 0.05 0.49598139684739 0.83769127969418 0.55122688727692 0.348996811779773 0.166366530133768
0 0 0.05 0.498885656853226 0.915213521327721 0.772979494376303 0.402016656888854 0.138661545015627
0 0 0.05 0.499970125978988 0.947310888118673 0.962157650964232 0.771388040252613 0.232094316120006
0 0 0.05 0.499989906342127 0.949751398269854 0.996784047600781 0.961733285360476 0.465149351859367
0 0 0.05 0.499851920678722 0.947156590067789 0.994067594528938 0.990803158505496 0.599917824615361
0 0 0.05 0.495999955205782 0.866093995701436 0.811112885187573 0.795941788689502 0.461328576766322
0 0 0.05 0.499984727149013 0.942100604765113 0.910969581441833 0.810264827924204 0.518771721372078
0 0 0.05 0.499972524084649 0.949448322617835 0.990622253260284 0.909711241345934 0.632958205921091
0 0 0.05 0.499964567491391 0.949274232095339 0.998071375856407 0.989200677502797 0.651097095581105
0 0 0.05 0.499961802638823 0.94920628664909 0.997781471219024 0.996539048770761 0.727025591476336
0 0 0.05 0.498937398824001 0.928502846429049 0.953465932451212 0.949203321695802 0.691325102838907
0 0 0.05 0.498294533104846 0.914180392894788 0.906478959904386 0.878227329578037 0.647673080351197
0 0 0.05 0.49373722054008 0.777254119473946 0.381139696805962 0.261066587991849 0.178049413310506
0 0 0.05 0.496159307424137 0.820491542995014 0.282028781226153 0.0520837502164347 0.0231379329495485
0 0 0.05 0.498607616007786 0.909353026103355 0.737857325914822 0.179475870440932 0.0186754145799693
0 0 0.05 0.496203783053443 0.863029933507263 0.750555355375631 0.516197722481434 0.0704361765716474
0 0 0.05 0.498041550666327 0.895339444413624 0.753818538782966 0.553462697097137 0.127590373786749
0 0 0.05 0.49146646514972 0.745539535937389 0.429441708436793 0.272275793363727 0.0425824486449737
0 0 0.05 0.492365249193105 0.756836659401305 0.380891898019026 0.159579180764068 0.0399967998270562
0 0 0.05 0.499128847622264 0.918123641364874 0.757174635212204 0.349851165347526 0.0515843849993179
0 0 0.05 0.494682935692388 0.82529368664443 0.650354522074765 0.432374405354306 0.0969464283154623
0 0 0.05 0.49737408183791 0.868755447811884 0.588433239882752 0.333873769832558 0.0515797809827933
0 0 0.05 0.496164790515828 0.863548894728386 0.729038906312143 0.421501290460435 0.0852143852090616
0 0 0.05 0.492418299224136 0.731354991560885 0.175044635619173 0.0458066466622933 0.00647973792973825
0 0 0.05 0.491606777549755 0.713000801859867 0.163237748782766 0.0141425350991765 0.00105541323294695
0 0 0.05 0.495405099290553 0.833291168399461 0.526344466718126 0.091957331369844 0.00177155505978333

# True survival by age
0.778267540515681 0.778267540515681 0.778182661548757 0.777418812674904 0.776668096511342 0.776718771986165 0.776934335936899 0.777304068921686
0.778267540515681 0.778267540515681 0.757384141740112 0.569442057502346 0.381662316830057 0.363511459167491 0.388888864199142 0.469598627978209
0.778267540515681 0.778267540515681 0.778266719075644 0.778262536953644 0.778295250611093 0.77837446149163 0.778394192609738 0.778528812464314
0.778267540515681 0.778267540515681 0.778279196885922 0.778384106707021 0.778490880145769 0.778524400978931 0.7785680803752 0.778643011189529
0.778267540515681 0.778267540515681 0.778274610557061 0.778338244958974 0.778401908432722 0.778411355224242 0.778440001978131 0.778560037088856
0.778267540515681 0.778267540515681 0.778273431188803 0.778326455358569 0.778379539021346 0.778385527613126 0.778388055631514 0.778535443263548
0.778267540515681 0.778267540515681 0.778262330102476 0.77821543939014 0.7781685859543 0.778163509060148 0.778163664271938 0.778345428631565
0.778267540515681 0.778267540515681 0.758274184220051 0.578337696131201 0.398466293979299 0.378568977425443 0.378660086573233 0.463535755135284
0.778267540515681 0.778267540515681 0.778268388323986 0.778278229563928 0.778312228318652 0.778363323649926 0.778372047502851 0.778515223899751
0.778267540515681 0.778267540515681 0.778275387191431 0.778346012314022 0.778418289387428 0.778445358688205 0.778482032126571 0.778567912622661
0.778267540515681 0.778267540515681 0.778037505352354 0.77596721723375 0.773897417407825 0.773690031528679 0.773952864710872 0.774973104482552
0.778267540515681 0.778267540515681 0.759451498806918 0.590115450686178 0.420924769543897 0.402306497135572 0.403993492029659 0.48836565907823
0.778267540515681 0.778267540515681 0.762620567050658 0.624106915762979 0.537361715465783 0.623565779607596 0.639805440986614 0.667710139525726
0.778267540515681 0.778267540515681 0.777785370943117 0.773502277461356 0.770514267050999 0.773760893905872 0.776339114371002 0.777085247600744
0.778267540515681 0.778267540515681 0.778244478394828 0.778037060523513 0.777841454416181 0.777955296664533 0.778313373170479 0.778619657260544
0.778267540515681 0.778267540515681 0.778258688212143 0.778179045536567 0.77809979308983 0.778099950125682 0.778197574168786 0.778506332147436
0.778267540515681 0.778267540515681 0.778189752298848 0.777489711461099 0.776790470014183 0.776714713858674 0.77674128134895 0.77763826117125
0.778267540515681 0.778267540515681 0.778247758172274 0.778069759128928 0.777892236204239 0.777873329441825 0.777874272439289 0.778257392405661
0.778267540515681 0.778267540515681 0.77823565167568 0.777948699419211 0.777662350597472 0.777631721079529 0.777632874660011 0.778089172887357
0.778267540515681 0.778267540515681 0.759318675238292 0.588786270802262 0.418399273266355 0.399803331072584 0.400220185899461 0.535576019831487
0.778267540515681 0.778267540515681 0.760670243527965 0.603693573572565 0.478165550123049 0.522904103928368 0.533227044261595 0.644292408326909
0.778267540515681 0.778267540515681 0.776342631481463 0.759122672685125 0.744517444885688 0.75185028814084 0.760041624790126 0.769418672133194
0.778267540515681 0.778267540515681 0.765067506341731 0.646448088212967 0.532315040086635 0.541929150594761 0.604228242945398 0.692038185622685
0.778267540515681 0.778267540515681 0.758240665441152 0.580136490644824 0.446326643382659 0.503396050485164 0.545950539271261 0.670513205406067
0.778267540515681 0.778267540515681 0.763512936075068 0.631911639888401 0.531134510788866 0.61584415186123 0.675628484942642 0.729618622472067
0.778267540515681 0.778267540515681 0.77814688220753 0.777064834959721 0.776078504141223 0.776523269549762 0.777616277688465 0.778392229486213
0.778267540515681 0.778267540515681 0.778255948839843 0.778151662543303 0.778049431520917 0.778064659274701 0.778210612539212 0.77862321326358
0.778267540515681 0.778267540515681 0.777940420790515 0.774996420065449 0.772054031730249 0.771747900924338 0.771995907396593 0.775509555079396
0.778267540515681 0.778267540515681 0.770466701896152 0.70028241510255 0.630496822413454 0.623179486290271 0.623690533798532 0.684883638661319
0.778267540515681 0.778267540515681 0.77820490525297 0.777650464753924 0.777229677124175 0.777352177790493 0.777379272577059 0.777976874310067
0.778267540515681 0.778267540515681 0.778172076063173 0.777312941439159 0.776473232140232 0.776575711076741 0.77682168562007 0.777533666745716
0.778267540515681 0.778267540515681 0.778226493526303 0.777857122480627 0.777488410272313 0.777459299907175 0.777568868170886 0.777943642244907
0.778267540515681 0.778267540515681 0.778197703028802 0.777569252925481 0.776942049360409 0.776874513007835 0.776891633387293 0.77754417069474
0.778267540515681 0.778267540515681 0.773326028829566 0.72885623944558 0.68445770687309 0.67965774752528 0.679781198938745 0.706560992959227
0.778267540515681 0.778267540515681 0.774762037079501 0.743288138443696 0.713182208665769 0.711444792411034 0.711745917349491 0.729963288636352
0.778267540515681 0.778267540515681 0.753546796496793 0.531905127392808 0.326303256749266 0.330140723388032 0.344123814787868 0.458236207677031
0.778267540515681 0.778267540515681 0.748896864748575 0.48824630330404 0.321794929518008 0.554710934028174 0.625307529066144 0.674117207769878
0.778267540515681 0.778267540515681 0.763629102153178 0.633011687762922 0.538125937060879 0.696081174714695 0.763524514454698 0.772014380834546
0.778267540515681 0.778267540515681 0.766138167141459 0.657313066636702 0.557692708333697 0.599412386086665 0.735166482014727 0.774260403018424
0.778267540515681 0.778267540515681 0.762079428525877 0.617619540927866 0.49889985322234 0.535399072068137 0.611400193670386 0.755958649215081
0.778267540515681 0.778267540515681 0.761982715872851 0.616059242823858 0.486689304958587 0.532882760615343 0.59824479383682 0.737177009189792
0.778267540515681 0.778267540515681 0.763041389131257 0.628613785428797 0.551348349055191 0.647796897208374 0.69574134507008 0.765810740109901
0.778267540515681 0.778267540515681 0.77549135081604 0.750937696198333 0.736353521872263 0.757449112023112 0.769855247102926 0.776558681001671
0.778267540515681 0.778267540515681 0.763164038744399 0.627496600903505 0.500947792097103 0.549677256451847 0.672934673631641 0.763191179077955
0.778267540515681 0.778267540515681 0.755806054130233 0.556046930582243 0.407591081030008 0.486295401497991 0.584334786252825 0.735197869515687
0.778267540515681 0.778267540515681 0.769400087871798 0.690061518678459 0.624240187877255 0.67412892765176 0.719410550508591 0.76962565323223
0.778267540515681 0.778267540515681 0.751999206990088 0.51760318669098 0.324636258561001 0.395399285618962 0.557133291060386 0.733986545297848
0.778267540515681 0.778267540515681 0.754839647583864 0.547549162448876 0.435708138949131 0.696688902191043 0.757313292746671 0.775761195670504
0.778267540515681 0.778267540515681 0.767334197406264 0.670778380285136 0.622490921970078 0.743019051440034 0.775700737896315 0.778569436380191
0.778267540515681 0.778267540515681 0.765855413944443 0.655291824980256 0.571474741053713 0.647859030983257 0.755924026786688 0.778360063090254

# True Numbers-at-age
38.0854723570195 24.0858463275775 9.48566182987228 57.6199300298763 13.9315061011843 27.4469911205945 21.5090580755868 29.7169615048089
9.60315602594988 29.6406869006755 18.7452323826024 7.38157756932147 44.7948175902374 10.820156325143 21.3185932379033 39.8102408462613
36.6076290182948 7.47382462150435 23.0683844933841 14.1973417398163 4.20338071868759 17.0964938634698 3.93325081417307 26.9853979914981
142.626017233264 28.4905294001787 5.81663510642373 17.9533559140415 11.0492592004273 3.27147124986479 13.3074742043732 24.0705294440277
21.5863194496683 111.00119964568 22.1732542442668 4.52696609920592 13.9746069055444 8.60174751989936 2.54692019512078 29.1031241731653
97.4342655035072 16.7999317468791 86.3886306425331 17.2568808117394 3.52351084864471 10.8778606848729 6.69569794426162 24.6411539973892
27.3597139530083 75.8299261753664 13.0748415614749 67.2339759858664 13.4314868727465 2.74262875010478 8.46716932849683 24.3958630538124
42.2696071387968 21.2931772874203 59.015970141988 10.1756566593542 52.3225181637871 10.4519611470289 2.13421361223078 25.5772519961307
383.928287884139 32.8970631864754 16.571788717245 44.7502866153709 5.88496582899301 20.8487599043888 3.95678824352118 12.664112329485
129.546554828405 298.798924345985 25.6027164563272 12.8972992966159 34.8281738394892 4.58034086794267 16.2279100531594 12.9390576123254
18.2546894874946 100.821878608582 232.545503959481 19.9259640632004 10.0385614771414 27.1108875026231 3.56554508985987 22.7070714718832
12.1387575200536 14.2070322903099 78.4663954948718 180.92912378154 15.4618948848214 7.7688168016494 20.9754234066749 20.3569335088254
15.7631931298438 9.44720096004832 11.0568720786063 59.5914216645568 106.769071422599 6.50829454110539 3.12544547435955 18.4155617987125
28.642630937962 12.2679815478372 7.35244985593419 8.43219805439333 37.1914183809977 57.3736113783365 4.05834975944024 14.2959343580652
33.9322041832472 22.291629933986 9.547771826327 5.71862793853844 6.52232439907845 28.6565184744215 44.3934568267097 14.2598153483726
149.112878910662 26.4083330939717 17.348852002809 7.43050070481269 4.44930447152808 5.07333429675333 22.2934903311412 45.654993668643
210.875929540826 116.049713529014 20.5527484461642 13.5018948016928 5.78225994632992 3.46200288868965 3.94756116327468 52.8914417606391
175.360437703577 164.117891037696 90.3177251257748 15.9939382223811 10.4975842935462 4.4916044214538 2.68898858306649 44.1966425177492
128.072829372837 136.477336555316 127.727627412528 70.2895671023539 12.444399660211 8.16598932084916 3.49389928585189 36.488058796599
193.840231781132 99.6749259228822 106.215881057037 99.4021933563775 54.6816773100156 9.67754109153407 6.35013232988899 31.1079344347406
242.131322342107 150.859560441291 77.5737594490842 80.6517020934972 58.5266467358668 22.8787740474958 3.86911316498713 19.2021148512915
108.742815411915 188.442948721001 117.409099067921 59.0080504915147 48.6889142515332 27.9854262333131 11.9634048422854 14.4348925993882
19.4263110797938 84.6310034993819 146.659030228616 91.1496889302572 44.7943489990574 36.2497460328099 21.0408507772607 20.1991615505592
45.8616459512834 15.1188673453636 65.8655629448379 112.204058539504 58.9235421501715 23.844705683088 19.6447940768365 26.692067405769
132.567448904232 35.6926303985062 11.766523704259 49.94194827695 65.0936687572141 26.2991467841026 12.0033306658476 28.6224695952788
17.6632967892136 103.172942411135 27.7784156747807 8.98389306083565 31.5588984349092 34.5734939108154 16.1961757459297 28.9932789498881
52.8641769621631 13.7467705495398 80.2961521380798 21.6156875499953 6.98106737861404 24.4921826897091 26.8471225313852 35.1625529382571
18.7111726143978 41.1424729857284 10.6986653056237 62.4909580704097 16.8202832040454 5.43161550533987 19.0565017793623 48.271095625401
19.3551259774939 14.5622982907717 32.0198512613357 8.3229241897538 48.4302687910276 12.9861674625279 4.19183786487413 52.1462372746133
125.913604292762 15.0634662908753 11.3333640750146 24.6702291965266 5.82839745231623 30.5351305813724 8.09271316817756 38.3285143226739
93.6049251604499 97.9944711303928 11.7234068618404 8.81967951619417 19.1848152002648 4.53000347001511 23.7365502565469 36.1098052455551
132.567361654206 72.8496748847777 76.2659160307857 9.1228278562116 6.85565102728359 14.8964954665626 3.51789066590708 46.5156562591464
712.023498669627 103.172874507272 56.6965372999429 59.3521564082098 7.09625662511886 5.33018921858447 11.5814189365042 38.9219613150908
339.831831404811 554.144777098981 80.2960992907074 44.1211150965023 46.150411917848 5.51338016510723 4.14088815342742 39.2610516070783
47.9576548224394 264.480083616362 431.272892762434 62.0950635949872 32.1579500293823 31.5880051125387 3.74721154426733 30.5552255217288
256.818501850758 37.3238860675599 205.836264191488 334.133864933793 46.154524226061 22.9344778281183 22.4731217399688 24.9712554249437
83.2595080679146 199.873503794311 29.0479690122873 155.107257484363 177.72751599386 15.0603715686766 7.57160510070175 19.176269770211
435.120623796117 64.7981725685614 155.55506021225 21.7539329206158 75.7305450823681 57.191813482655 8.35415277967194 17.661635109521
97.8819630133378 338.640257709453 50.4303143948449 118.786370965264 13.7704937935604 40.7525705365804 39.8101447130702 20.0136367383819
263.099132487367 76.1783546152372 263.552720487132 38.636588638834 78.0798337738225 7.67970397882305 24.4275955444968 44.7628504841289
275.717284248574 204.761514752753 59.287140686932 200.848106615274 23.8627121381355 38.9540176093847 4.11170638401985 48.773900633806
221.453941046412 214.5818126898 159.35924047889 45.1757764769643 123.734332484011 11.613726784936 20.7579244407476 38.4148051337747
154.004916046004 172.350414035696 167.002059601487 121.597696225914 28.3981158608697 68.2207199365056 7.52333617630731 43.8606166219425
2063.3218355568 119.857027238448 134.13473283842 129.508652789418 91.3122938669127 20.911052628688 51.6737237374836 39.8522224229051
596.606071625132 1605.81641025109 93.2808338023877 102.36680444887 81.2662394129523 45.7426920039517 11.4943300384574 65.1879050384289
344.261129069204 464.319140020413 1249.75478812583 70.5022189221607 56.9207474073067 33.1233943735687 22.2444607736606 54.6425457885852
344.258415864492 267.927262215841 361.364515118043 961.561443802218 48.6508682596274 35.5322180556509 22.3294383292402 58.0572047677579
37.6469553772038 267.925150616683 208.519091401822 271.745828803126 497.707267511208 15.7938358475496 14.0494136356615 55.0536806210359
73.4238018017962 29.29940336932 208.517448012739 157.398477468259 148.794200960127 216.855107268766 11.0033901580148 53.3483168062197
197.263413764139 57.1433616435947 22.8027745988175 160.002568616057 105.579495775505 92.6230393394706 161.127476102765 50.0707068125835

