# Simulated data from SIR age-structured hybrid model
# random seed = 9215739
# Flag=0 if no issues, =1 if negative pop #'s, =2 if NaN, or=3 if NA. Flag:
0

# True SSB
30352.7149884118
37661.2898494625
29544.1552461996
19499.4564101791
19521.6294396962
18606.6441387748
21134.8533833609
28303.4178767291
19300.0079671176
15588.0087616529
18116.5438589603
18902.2059225245
18680.2935032794
21035.8852644711
16082.0366522271
13442.1440706813
11105.9220904172
9279.61904990409
7737.80417597816
7030.18916859931
8181.32571994449
14685.3507160843
19835.4841627175
17514.6538995527
15771.0220361663
15864.4693383057
21774.9387529645
29351.6677058668
43286.3047612051
45921.6810524197
32076.5056642313
34113.5195854836
35452.2414387878
34917.0029011143
36700.1382474946
29399.362351175
26250.0356898683
21902.1792948995
18462.3422648155
17271.5344009305
16123.8365980757
14618.6163061552
13579.3079267699
12521.4599872226
11715.5748010827
10859.7808507025
10162.7838780112
12480.9013144127
16585.7516332278
19148.8416847999

# True R (numbers)
96.2438250220526
34.3990730469846
45.691220262058
145.054686935443
254.468472695331
53.0156704477788
86.9471495377145
107.332483109472
47.8778775345308
53.0995370388759
156.962416500127
28.0948738603601
4.31181648238691
7.68495656262252
9.96126679233704
7.67660648606819
20.014276118966
46.8452816199856
215.701205940249
194.55004171579
58.425412147756
40.2264351217755
41.8969109395589
236.553887602277
320.063794000255
645.431487843271
213.458146079407
64.2593838041823
215.393369286223
48.6700474806321
311.723445265963
189.931924656026
58.2507223859263
28.126913954638
3.83703269103111
27.8184433162919
73.4204391853173
19.8031002726721
42.301535215771
26.0205255927511
29.8806016669173
30.321487039651
24.7775975747963
13.2646109574765
128.112474746172
95.4955820658742
131.752843749658
110.126837971024
19.0849430115417
47.1397139706043

# True infection rate given (selected) susceptible
-999 -999 0.628250298365366 0.628250298365366 0.628250298365366 0.628250298365366 0.628250298365366 0.628250298365367
-999 -999 0.890121654165772 0.890121654165772 0.890121654165772 0.890121654165772 0.890121654165772 0.890121654165772
-999 -999 0.788381266897931 0.788381266897931 0.788381266897931 0.788381266897931 0.788381266897931 0.788381266897931
-999 -999 0.00122910432339411 0.00122910432339539 0.00122910432339454 0.0012291043233942 0.00122910432339478 0.00122910432339405
-999 -999 0.00113654349405598 0.00113654349405582 0.00113654349405649 0.00113654349405643 0.00113654349405565 0.0011365434940553
-999 -999 0.0017487749207156 0.00174877492071567 0.00174877492071555 0.00174877492071572 0.0017487749207154 0.00174877492071554
-999 -999 0.00219705707046817 0.00219705707046872 0.00219705707046765 0.00219705707046824 0.00219705707046934 0.00219705707046883
-999 -999 0.69176163316992 0.691761633169919 0.69176163316992 0.69176163316992 0.691761633169919 0.69176163316992
-999 -999 0.503991251020272 0.503991251020272 0.503991251020272 0.503991251020272 0.503991251020272 0.503991251020271
-999 -999 0.000741771426749606 0.000741771426749881 0.000741771426749568 0.000741771426748441 0.000741771426750149 0.000741771426750008
-999 -999 0.0263566975255951 0.0263566975255949 0.0263566975255954 0.0263566975255945 0.0263566975255955 0.0263566975255954
-999 -999 0.0106606608841305 0.0106606608841304 0.0106606608841307 0.0106606608841308 0.0106606608841302 0.0106606608841307
-999 -999 0.00124227651417727 0.00124227651417799 0.00124227651417683 0.00124227651417771 0.00124227651417853 0.00124227651417758
-999 -999 0.46440797480227 0.464407974802268 0.464407974802269 0.464407974802268 0.464407974802269 0.464407974802269
-999 -999 0.105503795791192 0.105503795791192 0.105503795791192 0.105503795791192 0.105503795791193 0.105503795791192
-999 -999 0.00459711837173736 0.00459711837173706 0.00459711837173765 0.00459711837173772 0.00459711837173852 0.00459711837173728
-999 -999 0.00197376568434046 0.00197376568434051 0.00197376568434117 0.00197376568434005 0.00197376568434095 0.00197376568434076
-999 -999 0.0356911107899574 0.035691110789957 0.035691110789957 0.0356911107899571 0.0356911107899567 0.0356911107899577
-999 -999 0.00282775949438389 0.00282775949438485 0.00282775949438493 0.00282775949438461 0.00282775949438438 0.0028277594943847
-999 -999 0.00142587712146121 0.00142587712146156 0.00142587712146139 0.0014258771214619 0.00142587712146048 0.00142587712146115
-999 -999 0.000611835368263369 0.000611835368263825 0.000611835368263359 0.000611835368264179 0.000611835368263568 0.000611835368263484
-999 -999 0.479605754488561 0.47960575448856 0.479605754488561 0.479605754488561 0.47960575448856 0.479605754488561
-999 -999 0.662618953958661 0.662618953958661 0.662618953958661 0.662618953958661 0.662618953958661 0.662618953958661
-999 -999 0.21274912842325 0.212749128423249 0.212749128423249 0.212749128423249 0.212749128423249 0.212749128423249
-999 -999 0.00223062516841016 0.00223062516841129 0.00223062516841039 0.00223062516841103 0.00223062516841137 0.00223062516841178
-999 -999 0.00143410196535532 0.0014341019653552 0.00143410196535466 0.00143410196535425 0.00143410196535391 0.00143410196535539
-999 -999 0.545617680461763 0.545617680461764 0.545617680461763 0.545617680461763 0.545617680461763 0.545617680461764
-999 -999 0.720311537416104 0.720311537416104 0.720311537416104 0.720311537416104 0.720311537416104 0.720311537416104
-999 -999 0.833786755299214 0.833786755299214 0.833786755299215 0.833786755299215 0.833786755299214 0.833786755299215
-999 -999 0.804420858401318 0.804420858401318 0.804420858401318 0.804420858401318 0.804420858401319 0.804420858401318
-999 -999 0.00629773624942654 0.0062977362494266 0.00629773624942706 0.00629773624942662 0.0062977362494264 0.00629773624942767
-999 -999 0.0197281448598096 0.0197281448598098 0.0197281448598096 0.0197281448598099 0.0197281448598089 0.0197281448598093
-999 -999 0.406921494790232 0.406921494790231 0.406921494790232 0.406921494790232 0.406921494790232 0.406921494790232
-999 -999 0.359767771712397 0.359767771712397 0.359767771712397 0.359767771712397 0.359767771712398 0.359767771712397
-999 -999 0.62461589019552 0.62461589019552 0.62461589019552 0.62461589019552 0.62461589019552 0.62461589019552
-999 -999 0.00325648463605577 0.00325648463605649 0.00325648463605639 0.00325648463605599 0.00325648463605589 0.00325648463605572
-999 -999 0.00737894804337356 0.00737894804337412 0.00737894804337234 0.00737894804337377 0.00737894804337345 0.00737894804337452
-999 -999 0.00464950583234558 0.00464950583234419 0.00464950583234513 0.0046495058323446 0.00464950583234496 0.00464950583234512
-999 -999 0.0233370094588216 0.0233370094588214 0.0233370094588219 0.0233370094588217 0.0233370094588221 0.0233370094588207
-999 -999 0.0286662172130391 0.0286662172130382 0.0286662172130385 0.0286662172130386 0.028666217213038 0.0286662172130378
-999 -999 0.0352332856996832 0.0352332856996831 0.0352332856996832 0.035233285699684 0.0352332856996837 0.0352332856996827
-999 -999 0.0042811583183449 0.00428115831834608 0.00428115831834459 0.00428115831834571 0.00428115831834436 0.00428115831834473
-999 -999 0.00212080583526316 0.00212080583526373 0.00212080583526359 0.00212080583526393 0.00212080583526407 0.00212080583526333
-999 -999 0.00227594804888418 0.00227594804888401 0.00227594804888403 0.00227594804888364 0.0022759480488845 0.00227594804888464
-999 -999 0.00924721365980639 0.00924721365980592 0.00924721365980464 0.00924721365980664 0.00924721365980677 0.00924721365980645
-999 -999 0.00156280548614902 0.00156280548614874 0.00156280548614913 0.00156280548614877 0.00156280548614808 0.00156280548614867
-999 -999 0.00107710468585297 0.00107710468585234 0.00107710468585259 0.00107710468585187 0.00107710468585249 0.00107710468585207
-999 -999 0.00137238783859397 0.00137238783859499 0.00137238783859445 0.00137238783859477 0.00137238783859378 0.00137238783859471
-999 -999 0.152568545312246 0.152568545312245 0.152568545312245 0.152568545312244 0.152568545312245 0.152568545312245
-999 -999 0.0401857453404116 0.0401857453404114 0.0401857453404112 0.0401857453404112 0.0401857453404108 0.0401857453404107

# Duration of outbreak (days) based on incidence
0
0
0
0
0
0
0
0
0
0
0
0
0
0
0
0
0
0
0
0
0
0
0
0
0
0
0
0
0
0
0
0
0
0
0
0
0
0
0
0
0
0
0
0
0
0
0
0
0
0

# Duration of outbreak (days) based on prevalence
18
33
24
0
0
0
0
26
0
0
0
0
0
0
0
0
0
0
0
0
0
0
23
0
0
0
7
23
19
20
0
0
0
0
10
0
0
0
0
0
0
0
0
0
0
0
0
0
0
0

# Peak (point) prevalence
0.141653678097211
0.439931321932971
0.228208359593595
3.76050695602552e-05
4.11123499351266e-05
9.48006725501046e-05
8.41071466797723e-05
0.183342661519033
0.0750632028353442
2.26401773588839e-05
0.00524064102877527
0.00105516042823072
4.963302177824e-05
0.0918702614657996
0.0158812768645456
0.000300374614823038
9.70053592778639e-05
0.00427479411243448
0.000109082952650799
6.96036301945138e-05
3.37552977572969e-05
0.0866847224899907
0.165393086701483
0.0309486781909759
0.000116102679645586
9.0607283780941e-05
0.10246490552152
0.203386601020339
0.302117788252191
0.208032292714283
0.000303884951641236
0.00147119716195815
0.0406442827984813
0.0303964511523643
0.113175814906022
8.41927919904437e-05
0.000509718970806109
0.000208331553096727
0.00165077068885459
0.0022716654058916
0.00364704774793257
0.000269655177995018
0.000106777552473055
9.48895692021545e-05
0.00136039098884241
7.4448258510242e-05
5.39640408177963e-05
6.83327563122499e-05
0.0266192217390713
0.00641641062379764

# Day of peak prevalence
61
31
38
61
73
97
70
56
81
44
119
119
65
99
119
119
84
119
70
71
67
91
56
119
101
101
80
46
26
32
119
119
81
83
51
65
119
96
119
119
119
115
81
68
119
74
72
96
119
119

# Total immunity
0.0248494812247309
0.0632975925223775
0.155899084820805
0.161756361730263
0.0837330105655255
0.0742588374107848
0.0599155728418714
0.0459704335967092
0.0901883307707553
0.11916041735365
0.0687239210088598
0.0637614597042562
0.0641475761198689
0.0619162910770282
0.155440325012495
0.178975492765037
0.144944528321064
0.0911607702430738
0.030538827425218
0.0170531805713294
0.0145933179094793
0.0129417232055646
0.0587399898739744
0.0884940598848362
0.050666384119485
0.0220761824392508
0.0178347090655859
0.0360196446011363
0.0760567218582645
0.194019436631192
0.169935137052341
0.126111863699951
0.116152158125294
0.157196867747554
0.203216874026599
0.365533720676697
0.265762922487949
0.243645216925361
0.197150906474646
0.174118478391836
0.14830382506918
0.128509361009963
0.109037838935736
0.0987284082982868
0.0447708754597415
0.0296638064687195
0.0185065609132007
0.0131967869762781
0.0125027741644082
0.0292911978969159

# Observed immunity (based on survey selectivity)
0.0943826751129354
0.13449315543604
0.280948085472992
0.446435765345849
0.357259570209079
0.293426321578979
0.194654058693404
0.111769874018151
0.229144691272902
0.320942639546671
0.216290452425918
0.166338995916969
0.134260346709947
0.0915759236858563
0.194919957580886
0.224795612350246
0.217041743778233
0.203543205395331
0.20270907144231
0.17089191884401
0.108122009997778
0.0446954119205885
0.12063550946246
0.320807921565758
0.322022612818568
0.24873583086846
0.134451426922028
0.151450521675374
0.202723386880143
0.381745507977201
0.573487874331322
0.42101661204654
0.322312398190151
0.330559460483101
0.293152403996476
0.486094168762802
0.437273110654462
0.41620592661891
0.383654004043956
0.316541245038722
0.267099737049284
0.239661885481272
0.202559615450456
0.171643980300778
0.14305574629612
0.121485197130766
0.100697266553117
0.0610024901211822
0.0359301949390002
0.0646868437568071

# True total proportion of susceptible
1 1 1 0.999607943769461 0.995955250251488 0.991563225020721 0.989944069562681 0.442542725259467
1 1 1 0.992598507198002 0.902806871579354 0.729197092775536 0.694522714522179 0.262370559096076
1 1 1 0.991677319336651 0.862017398282648 0.349445987240082 0.150678200123151 0.0569330539081921
1 1 1 0.99395397308464 0.899379709375451 0.46329676491779 0.0891229674168047 0.0164728571069769
1 1 1 0.999980035881563 0.993750807702978 0.898959447286247 0.4628921599536 0.0467065655385427
1 1 1 0.999975968845694 0.999739712822438 0.993292675155705 0.898463148083067 0.275312404841792
1 1 1 0.999985218124125 0.999828070315175 0.999458326206481 0.992988543220495 0.460955063833387
1 1 1 0.99996419644668 0.999627026760777 0.99914710691023 0.998741177489403 0.616783070570294
1 1 1 0.994910778572523 0.928603964822386 0.772633747859413 0.740492857124595 0.319126687115961
1 1 1 0.993219187514915 0.911253950022283 0.709572032900729 0.523732728621346 0.203473028201613
1 1 1 0.999988683830891 0.993102652167656 0.911013281861153 0.709298823101681 0.299386605946797
1 1 1 0.99983383407936 0.998308634074721 0.9897326371334 0.905864732342096 0.502272570910025
1 1 1 0.999789648453211 0.99772393537239 0.994284094597466 0.985471033248806 0.575160682072729
1 1 1 0.999978002802276 0.999569543396781 0.997304946757032 0.993841718702077 0.712382283989196
1 1 1 0.994460551970695 0.932739446011409 0.836955940115539 0.820046076844999 0.598727286167895
1 1 1 0.997662265871823 0.970321271473385 0.884734858245308 0.786178007063035 0.586471451212947
1 1 1 0.999886232615355 0.996522504794031 0.968149224349604 0.882457005410199 0.621326361941443
1 1 1 0.999969019606764 0.999576236624231 0.995930642869946 0.967504326680269 0.743444437229998
1 1 1 0.999085274357416 0.990742927067172 0.981893949786213 0.977296334397036 0.752249631797247
1 1 1 0.999949657616405 0.998580820614654 0.989776892713517 0.98086947661588 0.756512503988857
1 1 1 0.999982061308686 0.999770198007076 0.998238760954725 0.989410189581966 0.767744331980035
1 1 1 0.999994082303999 0.999922878982972 0.999657682838709 0.998119719138225 0.78543554268575
1 1 1 0.990909525813492 0.893000032559738 0.752911207437408 0.733256548841208 0.535635922753291
1 1 1 0.986630233194489 0.824292040693356 0.485842123815003 0.347253590642853 0.237217890501905
1 1 1 0.997332599252747 0.956841615216661 0.748673244803205 0.410344630961426 0.22296443176135
1 1 1 0.999987932235421 0.997208464995193 0.956538200426121 0.748097591724278 0.351345987695652
1 1 1 0.999981982325619 0.999807709608686 0.996863829221408 0.956145888122269 0.557944310578145
1 1 1 0.991469180880661 0.895097707428506 0.741153036119535 0.714669381134007 0.370494539459496
1 1 1 0.985036278129536 0.802517784044861 0.428179365670175 0.287345677076551 0.133789550876149
1 1 1 0.9808895515873 0.740836840601766 0.245949900729046 0.082456122554166 0.025756721956712
1 1 1 0.991088039385773 0.848061756658819 0.300995368962816 0.0527103706203867 0.0102567597226928
1 1 1 0.999914043159275 0.990209774254725 0.846065129046091 0.299444009307043 0.0309023807711088
1 1 1 0.999529845922248 0.995189295528907 0.981170277001688 0.836524483795121 0.177529513525452
1 1 1 0.991720436263968 0.905354238811679 0.78757200184976 0.758028867428136 0.227654521125082
1 1 1 0.995215673281098 0.935901645679438 0.767226158600031 0.630387182398402 0.194460171567503
1 1 1 0.985927865625297 0.825797441344945 0.539287223351577 0.379859330875667 0.131630944823901
1 1 1 0.999953034319331 0.985442602284383 0.824717756035728 0.538168139401182 0.149767838343736
1 1 1 0.999936293051281 0.999314150949426 0.98415392275367 0.822716907412707 0.313987460041556
1 1 1 0.999969153976863 0.999627198739566 0.998723790145129 0.983478184439259 0.475488577256689
1 1 1 0.999600974554528 0.995949831387387 0.991931913928906 0.990609100769431 0.534527922042085
1 1 1 0.999763996579149 0.997209793173622 0.991281144621334 0.986927122086895 0.560674075657073
1 1 1 0.999170070022717 0.991388256021322 0.981139695232664 0.974326116930947 0.551674644311401
1 1 1 0.99990265453316 0.998195266254712 0.989530579364306 0.979178965240156 0.596493444289695
1 1 1 0.999963920694917 0.999541658587985 0.997507872784469 0.988800488914566 0.701235321732405
1 1 1 0.999958481667471 0.999548550792311 0.998751869570102 0.99667504762466 0.725897889417148
1 1 1 0.999926446724103 0.999220251401256 0.99813837883927 0.997261436455761 0.776892892629092
1 1 1 0.999967409059849 0.999600456402004 0.998600587326433 0.997485765112234 0.806031689877781
1 1 1 0.99998297364551 0.999797119438008 0.999276744241583 0.99825940735156 0.837529845602486
1 1 1 0.999974747969176 0.999730415473528 0.999317133335624 0.998771273705253 0.865751997547794
1 1 1 0.996787395812362 0.966347549845426 0.932700612206189 0.928360329343974 0.813796724942053

# True vulnerable proportion of susceptible
0 0 0.05 0.49980397188473 0.946157487738914 0.991563225020721 0.989944069562681 0.442542725259467
0 0 0.05 0.496299253599001 0.857666528000386 0.729197092775536 0.694522714522179 0.262370559096076
0 0 0.05 0.495838659668325 0.818916528368515 0.349445987240082 0.150678200123151 0.0569330539081921
0 0 0.05 0.49697698654232 0.854410723906678 0.46329676491779 0.0891229674168047 0.0164728571069769
0 0 0.05 0.499990017940781 0.944063267317829 0.898959447286247 0.4628921599536 0.0467065655385427
0 0 0.05 0.499987984422847 0.949752727181316 0.993292675155705 0.898463148083067 0.275312404841792
0 0 0.05 0.499992609062062 0.949836666799417 0.999458326206481 0.992988543220495 0.460955063833387
0 0 0.05 0.49998209822334 0.949645675422738 0.99914710691023 0.998741177489403 0.616783070570294
0 0 0.05 0.497455389286262 0.882173766581267 0.772633747859413 0.740492857124595 0.319126687115961
0 0 0.05 0.496609593757457 0.865691252521169 0.709572032900729 0.523732728621346 0.203473028201613
0 0 0.05 0.499994341915446 0.943447519559273 0.911013281861153 0.709298823101681 0.299386605946797
0 0 0.05 0.49991691703968 0.948393202370985 0.9897326371334 0.905864732342096 0.502272570910025
0 0 0.05 0.499894824226605 0.94783773860377 0.994284094597466 0.985471033248806 0.575160682072729
0 0 0.05 0.499989001401138 0.949591066226942 0.997304946757032 0.993841718702077 0.712382283989196
0 0 0.05 0.497230275985347 0.886102473710838 0.836955940115539 0.820046076844999 0.598727286167895
0 0 0.05 0.498831132935911 0.921805207899715 0.884734858245308 0.786178007063035 0.586471451212947
0 0 0.05 0.499943116307678 0.94669637955433 0.968149224349604 0.882457005410199 0.621326361941443
0 0 0.05 0.499984509803382 0.949597424793019 0.995930642869946 0.967504326680269 0.743444437229998
0 0 0.05 0.499542637178708 0.941205780713814 0.981893949786213 0.977296334397036 0.752249631797247
0 0 0.05 0.499974828808202 0.948651779583921 0.989776892713517 0.98086947661588 0.756512503988857
0 0 0.05 0.499991030654343 0.949781688106722 0.998238760954725 0.989410189581966 0.767744331980035
0 0 0.05 0.499997041152 0.949926735033823 0.999657682838709 0.998119719138225 0.78543554268575
0 0 0.05 0.495454762906746 0.848350030931751 0.752911207437408 0.733256548841208 0.535635922753291
0 0 0.05 0.493315116597245 0.783077438658688 0.485842123815003 0.347253590642853 0.237217890501905
0 0 0.05 0.498666299626373 0.908999534455828 0.748673244803205 0.410344630961426 0.22296443176135
0 0 0.05 0.499993966117711 0.947348041745433 0.956538200426121 0.748097591724278 0.351345987695652
0 0 0.05 0.49999099116281 0.949817324128252 0.996863829221408 0.956145888122269 0.557944310578145
0 0 0.05 0.49573459044033 0.85034282205708 0.741153036119535 0.714669381134007 0.370494539459496
0 0 0.05 0.492518139064768 0.762391894842618 0.428179365670175 0.287345677076551 0.133789550876149
0 0 0.05 0.49044477579365 0.703794998571677 0.245949900729046 0.082456122554166 0.025756721956712
0 0 0.05 0.495544019692886 0.805658668825878 0.300995368962816 0.0527103706203867 0.0102567597226928
0 0 0.05 0.499957021579637 0.940699285541989 0.846065129046091 0.299444009307043 0.0309023807711088
0 0 0.05 0.499764922961124 0.945429830752462 0.981170277001688 0.836524483795121 0.177529513525452
0 0 0.05 0.495860218131984 0.860086526871095 0.78757200184976 0.758028867428136 0.227654521125082
0 0 0.05 0.497607836640549 0.889106563395466 0.767226158600031 0.630387182398402 0.194460171567503
0 0 0.05 0.492963932812649 0.784507569277698 0.539287223351577 0.379859330875667 0.131630944823901
0 0 0.05 0.499976517159665 0.936170472170163 0.824717756035728 0.538168139401182 0.149767838343736
0 0 0.05 0.49996814652564 0.949348443401954 0.98415392275367 0.822716907412707 0.313987460041556
0 0 0.05 0.499984576988432 0.949645838802588 0.998723790145129 0.983478184439259 0.475488577256689
0 0 0.05 0.499800487277264 0.946152339818018 0.991931913928906 0.990609100769431 0.534527922042085
0 0 0.05 0.499881998289575 0.947349303514941 0.991281144621334 0.986927122086895 0.560674075657073
0 0 0.05 0.499585035011359 0.941818843220255 0.981139695232664 0.974326116930947 0.551674644311401
0 0 0.05 0.49995132726658 0.948285502941977 0.989530579364306 0.979178965240156 0.596493444289695
0 0 0.05 0.499981960347459 0.949564575658586 0.997507872784469 0.988800488914566 0.701235321732405
0 0 0.05 0.499979240833736 0.949571123252696 0.998751869570102 0.99667504762466 0.725897889417148
0 0 0.05 0.499963223362052 0.949259238831193 0.99813837883927 0.997261436455761 0.776892892629092
0 0 0.05 0.499983704529925 0.949620433581903 0.998600587326433 0.997485765112234 0.806031689877781
0 0 0.05 0.499991486822755 0.949807263466108 0.999276744241583 0.99825940735156 0.837529845602486
0 0 0.05 0.499987373984588 0.949743894699851 0.999317133335624 0.998771273705253 0.865751997547794
0 0 0.05 0.498393697906181 0.918030172353155 0.932700612206189 0.928360329343974 0.813796724942053

# True survival by age
0.778267540515681 0.778267540515681 0.758484990148321 0.580519804624429 0.403921534215389 0.38595905053526 0.38660053442588 0.60347232541449
0.778267540515681 0.778267540515681 0.749261900883771 0.490361941317054 0.280776043317275 0.355395382276362 0.375528922531987 0.626456358180654
0.778267540515681 0.778267540515681 0.751434872635839 0.512178496985865 0.338866814170354 0.591083081248946 0.697858473030138 0.748217109406158
0.778267540515681 0.778267540515681 0.778259815267913 0.778193979107405 0.778189184845856 0.778482151874438 0.77873948897238 0.778789453904925
0.778267540515681 0.778267540515681 0.778266671331451 0.778258859492629 0.778254461552882 0.778305792410751 0.778545902501698 0.778775065210821
0.778267540515681 0.778267540515681 0.778234426849592 0.777936424626826 0.777638683418388 0.777613285907256 0.777726656112527 0.778471642720142
0.778267540515681 0.778267540515681 0.77823268600831 0.777919008476452 0.777605510413833 0.777571116807255 0.777579076792844 0.778233654981693
0.778267540515681 0.778267540515681 0.754240501065257 0.538005767637301 0.321924257254752 0.298137056224391 0.298332338327399 0.482082464711604
0.778267540515681 0.778267540515681 0.762815762055487 0.624538844923508 0.505682539827782 0.539617471821202 0.549567289174874 0.680009113740138
0.778267540515681 0.778267540515681 0.77827292238827 0.778324610124663 0.778408044486633 0.778498785592588 0.778577879749001 0.778714183912084
0.778267540515681 0.778267540515681 0.777328546275573 0.768877710407046 0.760553382740873 0.761206267534109 0.765102004566053 0.773018691421511
0.778267540515681 0.778267540515681 0.778018118232924 0.775773820749685 0.77353743447424 0.773335788037041 0.773798880458196 0.77602739053797
0.778267540515681 0.778267540515681 0.778260815626621 0.778200417939388 0.778141272137425 0.778136859475086 0.778142744311639 0.778416725083774
0.778267540515681 0.778267540515681 0.763330995988813 0.628905392598082 0.494595585193176 0.48034318275073 0.4813796026923 0.565610316422514
0.778267540515681 0.778267540515681 0.775726452654949 0.753000378019209 0.733270121919164 0.735818910958965 0.736687316983341 0.74805314342774
0.778267540515681 0.778267540515681 0.778194473078732 0.777539820847925 0.776936287598587 0.777036098625033 0.777232679262433 0.777631012220226
0.778267540515681 0.778267540515681 0.778237937166031 0.777971601363753 0.777708887185394 0.777711315504664 0.777807745776886 0.778101598583443
0.778267540515681 0.778267540515681 0.777529598590094 0.770888366397193 0.764252811440677 0.763570930943082 0.764005628474704 0.767431970468139
0.778267540515681 0.778267540515681 0.778218340447128 0.777776477646437 0.777346329002245 0.777311010439353 0.777317986143381 0.77765943688614
0.778267540515681 0.778267540515681 0.778250185573083 0.778094026671293 0.77793902133892 0.77792944148838 0.777937283055607 0.778134793788712
0.778267540515681 0.778267540515681 0.778273948766624 0.778331631441232 0.77838939184386 0.778396418972923 0.77839999522887 0.778489787088471
0.778267540515681 0.778267540515681 0.765477896113402 0.650371856500737 0.535283078653886 0.522562397303499 0.52295661758785 0.577473129578035
0.778267540515681 0.778267540515681 0.761755101124974 0.614649053076676 0.498158028094485 0.529751285187035 0.536252693063712 0.601622045004036
0.778267540515681 0.778267540515681 0.771522225104688 0.71172334867512 0.672719149177259 0.712998544074046 0.731768912749528 0.746672098545894
0.778267540515681 0.778267540515681 0.778212624952463 0.777721272073238 0.777292189975099 0.777579282378855 0.778131283721208 0.778437004601019
0.778267540515681 0.778267540515681 0.77824977068349 0.778089850773245 0.777932344766389 0.777950765730659 0.778135994226325 0.778488563254138
0.778267540515681 0.778267540515681 0.762456956589901 0.620164559565204 0.477924312707317 0.463049228165819 0.475946429205453 0.602074756455138
0.778267540515681 0.778267540515681 0.760812565243146 0.605211389153944 0.48146922023859 0.519669410359624 0.528928963429468 0.649263759118803
0.778267540515681 0.778267540515681 0.75985359641811 0.596891490213413 0.49760001179577 0.620883041548468 0.672824213440858 0.729457574575914
0.778267540515681 0.778267540515681 0.753082031994151 0.531235709418225 0.423897038662415 0.654782165704146 0.73722282641307 0.765813125684608
0.778267540515681 0.778267540515681 0.778103186519891 0.776643399957807 0.775700296023582 0.777650883699527 0.778599412458038 0.778761598941747
0.778267540515681 0.778267540515681 0.777845206480614 0.774044609025853 0.770326974579733 0.771203183142097 0.776111798848039 0.778523282063616
0.778267540515681 0.778267540515681 0.767973108385291 0.675371869610389 0.583616841253489 0.576265764826307 0.606123822140978 0.742154806217316
0.778267540515681 0.778267540515681 0.767198307819392 0.668496112744706 0.587908051565699 0.604024461093194 0.61058061133951 0.728280170618824
0.778267540515681 0.778267540515681 0.76392573206662 0.635538166205279 0.523273800025541 0.558323453358762 0.597646789425141 0.722918878000675
0.778267540515681 0.778267540515681 0.778198374453754 0.77759311689849 0.777275206750901 0.777767204704424 0.778072758430936 0.778548503968348
0.778267540515681 0.778267540515681 0.778040902355287 0.776001290398 0.774031864067098 0.774622758165989 0.776074420175414 0.778042058339151
0.778267540515681 0.778267540515681 0.778128677430236 0.776879032097922 0.775631317159318 0.775542737313083 0.776077175240836 0.777761326245896
0.778267540515681 0.778267540515681 0.777645738108034 0.772049724688939 0.766457897929592 0.765848043899357 0.766045768591785 0.772634033484314
0.778267540515681 0.778267540515681 0.777297710188509 0.768573319891092 0.759917555572337 0.759031729710157 0.759058093176811 0.768147722245815
0.778267540515681 0.778267540515681 0.777484877806988 0.770442886386584 0.76343992893335 0.762755414065893 0.762825890437406 0.769725433979418
0.778267540515681 0.778267540515681 0.778195032443519 0.777543504114271 0.776906343291096 0.776854786676339 0.77686830075479 0.77770658937575
0.778267540515681 0.778267540515681 0.778235956320304 0.777951781216441 0.777669486184559 0.7776480527133 0.77766011158253 0.77810591207299
0.778267540515681 0.778267540515681 0.778233964176629 0.777931808478296 0.777630126879953 0.777599016173102 0.777609506562191 0.77795595625793
0.778267540515681 0.778267540515681 0.777970014572726 0.775292426753281 0.772617340370636 0.772325114236498 0.772338579854493 0.774094234344895
0.778267540515681 0.778267540515681 0.778255977355557 0.778151956641266 0.778048427579269 0.778037700533308 0.77803837096081 0.778206843981489
0.778267540515681 0.778267540515681 0.778263645869601 0.778228612703061 0.778193784859352 0.778190502824819 0.778191184132223 0.778308188509876
0.778267540515681 0.778267540515681 0.778257825082855 0.778170396920788 0.778083092926927 0.778073758064778 0.778074498229467 0.778191437216957
0.778267540515681 0.778267540515681 0.774427346791643 0.73986658646766 0.705323673392226 0.701516476974064 0.701558692184183 0.71184601951248
0.778267540515681 0.778267540515681 0.777092729001874 0.766558880518767 0.756715237104152 0.756388479050132 0.756492773759253 0.759245676778749

# True Numbers-at-age
96.2438250220526 104.911111992691 320.671510233625 143.087293380094 45.6639170081006 33.7785616235519 7.90801282148627 33.9613392805611
34.3990730469846 74.9034449897344 81.6489131033164 243.224527280398 83.0650075972504 18.4446394161962 13.0371415726729 23.551970372864
45.691220262058 26.771681976296 58.2949199083122 61.1764198368847 119.268051373139 23.3226641712754 6.55513967626869 19.6501053154458
145.054686935443 35.5599936165121 20.8355310871598 43.804835716619 31.3332467630318 40.4159846011216 13.7856322012919 19.2771047636296
254.468472695331 112.891354441519 27.6751887726762 16.2154565749019 34.0886594104619 24.3831937570978 31.4631226624053 25.7482220673303
53.0156704477788 198.044552383377 87.8596767666853 21.5386770445802 12.6198227401354 26.5296512745486 18.9775809386229 44.5475585482719
86.9471495377145 41.2603754481827 154.13164669594 68.3754251917117 16.7557214112526 9.81366234061232 20.6298093015754 49.4383816467449
107.332483109472 67.6681442255662 32.1116109208107 119.950285407065 53.1905429692922 13.0293413003491 7.63082038615922 54.5159205164576
47.8778775345308 83.5333876470497 52.6639201776917 24.2198775109248 64.5339453787413 17.1233260383664 3.88452945982896 28.557689817755
53.0995370388759 37.2617979939103 65.0113241550123 40.1728684031753 15.1262543248618 32.6336894042292 9.24004590599343 21.5542996683955
156.962416500127 41.3256460937673 28.9996478799127 50.5965532384525 31.2675321374908 11.7743980494232 25.4052875705981 23.9787342263429
28.0948738603601 122.158753842952 32.1624089456177 22.542254128996 38.9025620084696 23.7806273371276 8.96274559166231 37.9736462004334
4.31181648238691 21.8653283804007 95.0721929058145 25.0229368857072 17.4876906139616 30.0925880105066 18.3904101817727 36.4039520747944
7.68495656262252 3.35574680890224 17.0170753411822 73.9909623942906 19.4728599425283 13.6078938210938 23.4161519279733 42.6478094020294
9.96126679233704 5.98095224296207 2.61166881555769 12.9896610690013 46.5333152532912 9.63119055865955 6.53645902855819 35.3940988822792
7.67660648606819 7.75253060689267 4.65478099207183 2.02594058580212 9.78121969529936 34.1214897490838 7.08681214811113 31.2919933920013
20.014276118966 5.97445364941901 6.03354292819889 3.62232484142224 1.57524948013312 7.59938451825206 26.5136292739021 29.8417264891165
46.8452816199856 15.5764614503094 4.64972334765827 4.6955320022442 2.81806585754096 1.2250855202337 5.91012733071559 43.8424013035693
215.701205940249 36.4581621111506 12.1226543428696 3.61529752805972 3.61973099457577 2.15371475445066 0.935439691169735 38.161430968122
194.55004171579 167.873247033384 28.3742041579672 9.43407194452216 2.81189337701816 2.81378460060912 1.67410619198019 30.4037310143377
58.425412147756 151.411982473371 130.650299087053 22.0822296514265 7.34059502721992 2.1874815818269 2.18892588282046 24.9605505857848
40.2264351217755 45.4706018158491 117.839031204154 101.681724178021 17.1872978304547 5.71384129900978 1.70272782986328 21.1353936078824
41.8969109395589 31.3069287259378 35.3882934409887 90.2031736861971 66.1309317258554 9.20006969642705 2.98583860702229 13.0955746781855
236.553887602277 32.607005832135 24.3651664206353 26.9572130487806 55.443295290732 32.9436545446032 4.87374874549253 9.47975041246231
320.063794000255 184.102212303647 25.3769742325562 18.7982674118946 19.1860779420268 37.2977664355647 23.4887777267804 10.644722954668
645.431487843271 249.095261764696 143.280775973055 19.7486817308685 14.6198124443516 14.9131885405909 29.0019704593006 26.5635990172212
213.458146079407 502.318376615159 193.862756727719 111.508231044383 15.3662488209398 11.3732249748792 11.6017264446384 43.2469351516459
64.2593838041823 166.127546352257 390.93808752411 147.812007490745 69.1534529935347 7.34390390663728 5.26636304637405 31.5596882228025
215.393369286223 50.0109925883341 129.291676911476 297.430609220467 89.4575103871071 33.2952590896031 3.81640221289993 23.276093759316
48.6700474806321 167.633667757774 38.9219322004707 98.2427456881134 177.533799572688 44.5140582238447 20.6724617326971 19.5466907163406
311.723445265963 37.878318149533 130.463842313466 29.3114077906691 52.1900547008191 75.2560519013491 29.1470114480895 30.2093229817661
189.931924656026 242.604239068216 29.4794655051075 101.514331429736 22.764511404095 40.4838408809124 58.5229352648216 46.219706656618
58.2507223859263 147.817851867455 188.811004458298 22.9304609327585 78.576620982051 17.5361171977023 31.2212669531778 81.4034582845759
28.126913954638 45.3346464445565 115.041836017195 145.001773991188 15.4865882711851 45.8586393339172 10.1054639890177 79.3379214663527
3.83703269103111 21.8902641457723 35.282483788553 88.2599019208282 96.9331222541959 9.10468993591262 27.6997399101365 63.950435362342
27.8184433162919 2.98623799532704 17.0364820379688 26.953197257299 56.092536216221 50.7225632302934 5.08336192677949 62.7856376050035
73.4204391853173 21.6501914607453 2.32409210001766 13.2577626283579 20.9586206656829 43.5993376846456 39.4503462190687 52.8368896645465
19.8031002726721 57.140744628338 16.8496412598479 1.80823871465453 10.2880409073961 16.2226402221338 33.7730392114905 71.7257269585254
42.301535215771 15.4121101437979 44.4707867851312 13.1111890686994 1.4047827424428 7.97972671999259 12.5813508043189 81.9959813957653
26.0205255927511 32.9219117724156 11.9947450557704 34.5825178137684 10.122489910834 1.07670682782048 6.11125809935776 72.9907763821323
29.8806016669173 20.2509304559957 25.6220553041921 9.32348786614526 26.5792005263208 7.69225778934659 0.817254645911313 60.7064985426984
30.321487039651 23.2551023684405 15.7606418391419 19.9207605373437 7.18321490278325 20.2916229609196 5.86731127521464 47.3507589391308
24.7775975747963 23.5982291431272 18.0986913247265 12.2648531873417 15.4892579528275 5.58068522319544 15.7636444266219 41.3831253792801
13.2646109574765 19.283599924424 18.3657357557471 14.0850523512445 9.54146438345062 12.0455232735554 4.33980899662382 44.4592120014298
128.112474746172 10.3234161457726 15.0077998854699 14.2928393422155 10.9572102481151 7.41973015912326 9.36658704680692 37.9619855194852
95.4955820658742 99.7057806300803 8.03437969349032 11.6756182956035 11.081130098821 8.4657306397806 5.73044394274886 36.6203306527322
131.752843749658 74.3211117845213 77.5977726661686 6.25280402080295 9.08540522172046 8.62165584918903 6.58665760030927 32.9566972129199
110.126837971024 102.538961660993 57.8417088769304 60.3915254665328 4.8661109986136 7.07020587647156 6.70929070046295 30.7761461845143
19.0849430115417 85.7081433324778 79.8027454989325 45.0157625496355 46.9948973429438 3.78623869632701 5.5011416565979 29.1700614265647
47.1397139706043 14.8531916584745 66.7038659135329 61.801428463427 33.3056585748376 33.1466136246157 2.65610883123019 24.6239658615574

