# Simulated data from SIR age-structured hybrid model
# random seed = 6682962
# Flag=0 if no issues, =1 if negative pop #'s, =2 if NaN, or=3 if NA. Flag:
0

# True SSB
33246.8252951883
29932.6688067919
28893.0075720417
26233.0888741829
22320.8918660478
18623.0124195878
15353.7848182056
14221.8527608579
16401.4550292114
19714.8906132526
21396.3198225882
24830.8492387778
28545.9979567756
31782.7215931932
33708.0886268786
33182.5821898087
32311.5134316068
31259.8836670931
28001.7487901397
25618.8960956003
25145.0011959962
21811.7871682322
17856.5435122247
14775.8959421589
13351.7853429568
12798.8448387578
13499.2444418138
14098.7036857042
13593.4473213449
13331.6455084131
19316.8217047743
38421.3815862874
46388.2997591394
39820.0670723505
36289.7784932082
32676.8864440485
31245.2333043282
43751.20996655
53323.7070351788
50111.9472293446
47221.4491192011
46287.0634962361
40111.0758188628
33914.2904423855
29127.2496783283
29530.2211409705
27163.8817088478
26089.1799566977
30485.0858923898
34741.4915142051

# True R (numbers)
22.2768772259281
29.1561900200518
7.51480890662671
7.33585148746626
72.909424111579
97.068525191113
136.096504398311
93.4703271637585
157.755006411299
187.019551069659
186.95480364519
161.648044028203
90.5932537375468
104.372518541331
93.9295273468915
34.0220906753513
77.7849128077747
99.9551765810627
9.97209983651317
4.74880163746667
14.7673948863877
43.0373001909899
41.0369714656201
70.2652658176003
44.6364732799025
30.3625726185803
33.6983581082998
185.265889336259
699.076032370329
112.174609822662
74.9056513442467
66.3814489040554
55.9378437747977
64.0743555571975
557.262215820093
340.445406389845
71.0126070684927
156.311100649256
151.394473240244
30.9983564149923
33.1679621743086
26.0182173093264
202.988615442118
18.0206982832153
114.566529872681
207.834555120191
218.288454613
295.215510711526
242.241635508098
140.553664269293

# True infection rate given (selected) susceptible
-999 -999 0.177448724361698 0.177448724361698 0.177448724361697 0.177448724361698 0.177448724361698 0.177448724361698
-999 -999 0.0541018422491025 0.0541018422491026 0.0541018422491027 0.0541018422491021 0.0541018422491027 0.0541018422491028
-999 -999 0.185846618414923 0.185846618414923 0.185846618414922 0.185846618414923 0.185846618414923 0.185846618414924
-999 -999 0.0754655045423907 0.0754655045423912 0.0754655045423902 0.0754655045423914 0.0754655045423907 0.0754655045423913
-999 -999 0.0240570672649932 0.0240570672649927 0.0240570672649925 0.0240570672649916 0.0240570672649925 0.0240570672649928
-999 -999 0.019062565996282 0.0190625659962824 0.019062565996282 0.0190625659962821 0.0190625659962816 0.019062565996282
-999 -999 0.200458884146616 0.200458884146616 0.200458884146615 0.200458884146615 0.200458884146615 0.200458884146615
-999 -999 0.0103588970902144 0.0103588970902147 0.0103588970902148 0.0103588970902152 0.0103588970902153 0.010358897090215
-999 -999 0.124566786986998 0.124566786986998 0.124566786986999 0.124566786986998 0.124566786986998 0.124566786986998
-999 -999 0.38666721299453 0.386667212994529 0.38666721299453 0.386667212994529 0.38666721299453 0.386667212994529
-999 -999 0.101355325642293 0.101355325642293 0.101355325642294 0.101355325642293 0.101355325642293 0.101355325642293
-999 -999 0.392981106141083 0.392981106141084 0.392981106141083 0.392981106141084 0.392981106141083 0.392981106141083
-999 -999 0.499836897286594 0.499836897286594 0.499836897286594 0.499836897286594 0.499836897286594 0.499836897286594
-999 -999 0.461924059575811 0.46192405957581 0.46192405957581 0.46192405957581 0.461924059575811 0.46192405957581
-999 -999 0.340145197579289 0.34014519757929 0.340145197579289 0.340145197579289 0.340145197579289 0.340145197579289
-999 -999 0.0864855464971815 0.0864855464971813 0.0864855464971814 0.0864855464971826 0.0864855464971812 0.0864855464971819
-999 -999 0.0656589906049772 0.0656589906049779 0.0656589906049774 0.0656589906049773 0.0656589906049767 0.0656589906049787
-999 -999 0.174166111809827 0.174166111809826 0.174166111809826 0.174166111809826 0.174166111809827 0.174166111809826
-999 -999 0.0767115986611348 0.0767115986611351 0.076711598661135 0.0767115986611348 0.0767115986611352 0.0767115986611343
-999 -999 0.0480551309351088 0.0480551309351081 0.0480551309351094 0.0480551309351089 0.048055130935108 0.0480551309351085
-999 -999 0.295225002627245 0.295225002627244 0.295225002627244 0.295225002627244 0.295225002627244 0.295225002627244
-999 -999 0.0504920255283429 0.050492025528344 0.0504920255283423 0.0504920255283423 0.0504920255283421 0.0504920255283425
-999 -999 0.0110011332220828 0.011001133222082 0.0110011332220825 0.0110011332220825 0.0110011332220821 0.0110011332220823
-999 -999 0.0153603883708974 0.0153603883708976 0.0153603883708975 0.0153603883708966 0.0153603883708966 0.0153603883708975
-999 -999 0.14097959951088 0.14097959951088 0.140979599510879 0.140979599510881 0.14097959951088 0.14097959951088
-999 -999 0.00722591825080332 0.00722591825080522 0.00722591825080467 0.00722591825080451 0.00722591825080489 0.00722591825080489
-999 -999 0.00539751258922796 0.0053975125892267 0.00539751258922679 0.00539751258922721 0.00539751258922699 0.00539751258922724
-999 -999 0.012069804873475 0.0120698048734744 0.0120698048734752 0.0120698048734759 0.0120698048734754 0.0120698048734753
-999 -999 0.0123128075542363 0.012312807554236 0.0123128075542367 0.0123128075542362 0.0123128075542374 0.012312807554237
-999 -999 0.0069988887879527 0.00699888878795233 0.00699888878795235 0.00699888878795218 0.00699888878795217 0.00699888878795203
-999 -999 0.594697913262847 0.594697913262846 0.594697913262847 0.594697913262846 0.594697913262846 0.594697913262846
-999 -999 0.903537116595859 0.903537116595859 0.903537116595859 0.903537116595859 0.903537116595859 0.903537116595859
-999 -999 0.816414858639604 0.816414858639603 0.816414858639603 0.816414858639604 0.816414858639603 0.816414858639603
-999 -999 0.00233746194816372 0.00233746194816343 0.00233746194816418 0.00233746194816396 0.0023374619481644 0.00233746194816396
-999 -999 0.0021465181924628 0.00214651819246377 0.00214651819246359 0.00214651819246288 0.00214651819246418 0.00214651819246326
-999 -999 0.00248829609569808 0.00248829609569838 0.0024882960956981 0.00248829609569809 0.00248829609569798 0.00248829609569856
-999 -999 0.00625482571259722 0.00625482571259773 0.00625482571259864 0.00625482571259745 0.00625482571259772 0.0062548257125987
-999 -999 0.848578413637473 0.848578413637474 0.848578413637474 0.848578413637474 0.848578413637474 0.848578413637473
-999 -999 0.800177724616208 0.800177724616208 0.800177724616209 0.800177724616208 0.800177724616208 0.800177724616209
-999 -999 0.177274672926675 0.177274672926675 0.177274672926676 0.177274672926675 0.177274672926675 0.177274672926676
-999 -999 0.033440462850324 0.0334404628503223 0.0334404628503231 0.0334404628503239 0.0334404628503231 0.0334404628503234
-999 -999 0.359246834969966 0.359246834969965 0.359246834969966 0.359246834969965 0.359246834969966 0.359246834969966
-999 -999 0.0288219833673861 0.0288219833673856 0.0288219833673855 0.0288219833673852 0.0288219833673851 0.028821983367386
-999 -999 0.0113913959421395 0.0113913959421395 0.0113913959421398 0.0113913959421387 0.0113913959421394 0.0113913959421396
-999 -999 0.0197979887332456 0.0197979887332446 0.0197979887332447 0.0197979887332452 0.0197979887332456 0.0197979887332443
-999 -999 0.563222027042169 0.563222027042169 0.563222027042169 0.563222027042168 0.563222027042169 0.563222027042169
-999 -999 0.176057674925547 0.176057674925548 0.176057674925547 0.176057674925548 0.176057674925548 0.176057674925547
-999 -999 0.016509259268594 0.016509259268594 0.0165092592685937 0.0165092592685948 0.0165092592685947 0.016509259268594
-999 -999 0.543458893218625 0.543458893218625 0.543458893218625 0.543458893218625 0.543458893218625 0.543458893218625
-999 -999 0.556877910489963 0.556877910489963 0.556877910489963 0.556877910489963 0.556877910489963 0.556877910489963

# Duration of outbreak (days) based on incidence
0
0
0
0
0
0
0
0
0
0
0
0
0
0
0
0
0
0
0
0
0
0
0
0
0
0
0
0
0
0
0
0
0
0
0
0
0
0
0
0
0
0
0
0
0
0
0
0
0
0

# Duration of outbreak (days) based on prevalence
0
0
0
0
0
0
0
0
0
0
0
0
0
0
0
0
0
0
0
0
0
0
0
0
0
0
0
0
0
0
29
27
20
0
0
0
0
28
22
0
0
0
0
0
0
0
0
0
0
0

# Peak (point) prevalence
0.0184266770797529
0.00598426838156261
0.0260045007961317
0.0113157264005358
0.00285506976373358
0.00215810339640515
0.0276364359587089
0.00102107277369013
0.0265536673518833
0.0720744927586561
0.0208727026842492
0.0693723263888771
0.0799151545388146
0.0618638077496359
0.0414519631326816
0.0126984318784217
0.0107292928871456
0.0296503414253876
0.0118995256661283
0.00739375394079966
0.0453463077682493
0.00710442249870281
0.0010551613127838
0.00165116525008114
0.0231739747004698
0.000747898960029916
0.000692853791131352
0.0023978268932119
0.00254280872305247
0.00132387370426179
0.151417401156106
0.428914648322092
0.184239572485595
5.5576203263769e-05
7.33848766411397e-05
0.000110110762419624
0.000451115655409616
0.312356864371953
0.185260063857556
0.0137338930410837
0.00312503747608016
0.0401916188029895
0.00253785707298586
0.00080503778588473
0.00169907488068169
0.0861156934139493
0.0199220063050337
0.00173481836401661
0.0911617769848825
0.0822784942924186

# Day of peak prevalence
119
119
119
119
119
119
119
119
119
104
119
103
87
91
105
119
119
119
119
119
109
119
119
119
119
119
119
119
119
119
80
23
31
73
88
100
119
31
35
119
119
102
119
119
119
71
119
119
82
76

# Total immunity
0.267193723013803
0.279837051592586
0.284962185029736
0.340337856321416
0.252097184422738
0.167135365086598
0.104210492576493
0.0963804631671047
0.0625818424086346
0.0515061392911678
0.0749910155495636
0.0648267405777641
0.105737493128968
0.159117157347574
0.202158948697892
0.249484150773384
0.215560894676019
0.174346446348515
0.212433779866841
0.229299709009572
0.228187897295041
0.284200712246092
0.237284061606695
0.163629710406489
0.132207313798357
0.135561999475458
0.112396395222575
0.0500434181738818
0.0140046286510864
0.0127802390377439
0.0118999119839977
0.0782261579246679
0.303759399306376
0.455091928055157
0.167764995979976
0.112311954265326
0.10335281023389
0.0845010587513979
0.211705891159921
0.366467200471334
0.368356460492325
0.351241252065888
0.280787913470732
0.27338449133615
0.20239469254441
0.127039654276118
0.14663188482884
0.102207176396548
0.0740411444026839
0.116604078406291

# Observed immunity (based on survey selectivity)
0.494496287669574
0.479009938909957
0.399005005289322
0.417162272150424
0.417912669760704
0.403967469873396
0.389837309497179
0.388237223344674
0.258246383031092
0.208044369624315
0.310732144460651
0.244322345314919
0.308795733826959
0.392755958142448
0.444888306428011
0.472095607361788
0.409627794144262
0.354881128356577
0.384966551435844
0.356315774981681
0.298636245320327
0.411666258718099
0.421504086492267
0.401595532520554
0.345619761138531
0.329467775865745
0.242959190085578
0.184336620624701
0.156592866598846
0.129029489250456
0.066537562955039
0.165286021818887
0.473256773416704
0.74820387502868
0.655147271485362
0.572014802385464
0.455132272672515
0.239765306496726
0.437158269098758
0.657691191923059
0.592593746754392
0.48153433711845
0.564443716632052
0.53615192629301
0.487814979066065
0.368250190382511
0.530681683059529
0.478037957029031
0.315530828683012
0.391319206766341

# True total proportion of susceptible
1 1 1 0.999296830971664 0.992179246975616 0.976061643060834 0.942801354847918 0.325885295360239
1 1 1 0.993397868962066 0.93158679039143 0.860689186617054 0.838684093447264 0.307728155301396
1 1 1 0.997993027726078 0.973251856883304 0.894497756329936 0.823566064465369 0.33885006659359
1 1 1 0.993069309106965 0.926875482435626 0.836538279926028 0.758052263105155 0.289056856881122
1 1 1 0.997188905687307 0.964769324585104 0.874787015337518 0.785240968227824 0.344518351621248
1 1 1 0.999108995390347 0.988264117093623 0.948086117932277 0.858261304114389 0.398065842824244
1 1 1 0.999295012057821 0.992045230288512 0.974894974495763 0.934352536564074 0.513662577694618
1 1 1 0.992525266740689 0.92236844881839 0.842127327819007 0.818328508775382 0.439753914448763
1 1 1 0.999618144582994 0.988716059936241 0.915435065124249 0.835244000109221 0.470373045637351
1 1 1 0.995345361446804 0.952239745196162 0.897650557412268 0.823981180056419 0.425542730071693
1 1 1 0.985541885618898 0.842659670642356 0.653576309651535 0.594754434308651 0.274154264387281
1 1 1 0.996211682020882 0.947428336351486 0.776293366680619 0.595542010778051 0.337925004612535
1 1 1 0.985309556688015 0.840838897885429 0.644499755613346 0.500994846768804 0.263631643709174
1 1 1 0.981414391187819 0.786990017591718 0.480415922634416 0.339229983395226 0.178656196334772
1 1 1 0.982810146111787 0.7995076136102 0.474099813580243 0.264544346704992 0.116346619366893
1 1 1 0.98729641903229 0.850668460115191 0.572275672704112 0.319185924264084 0.110390207274786
1 1 1 0.996772660504808 0.954863059801221 0.793975590418014 0.527898079735445 0.169793488842764
1 1 1 0.997551490337297 0.972105242130744 0.908767093652134 0.750987412047853 0.270979596900388
1 1 1 0.993493187107275 0.930913458600516 0.844281159948179 0.779700954088423 0.341403651649149
1 1 1 0.997143506902134 0.964724074915168 0.877820431924802 0.791810529195214 0.388810337900892
1 1 1 0.998213726567443 0.979190180256763 0.931053000931282 0.844400454508357 0.452583675498747
1 1 1 0.988979504950208 0.883241797932914 0.753553185833367 0.700553929536628 0.383518728091825
1 1 1 0.998122932947426 0.970194141381787 0.849742341964729 0.721913228669304 0.390925760519896
1 1 1 0.99959425916833 0.994064084251802 0.962599088468418 0.842383635089119 0.453003946503507
1 1 1 0.999432576048254 0.99391041539837 0.983278742157927 0.951456063741766 0.546247571977925
1 1 1 0.994742221066905 0.94579285703368 0.890213533738562 0.874600612503639 0.488189482016619
1 1 1 0.999733869043366 0.99208519438371 0.94089024640743 0.885244291629969 0.492705535884657
1 1 1 0.999800877948621 0.997741932017892 0.988315263735451 0.937044183464478 0.519386544293095
1 1 1 0.999551600126131 0.99531088117281 0.989208803364428 0.97938069114217 0.605494080588376
1 1 1 0.999542523738282 0.994971124098173 0.986616517396446 0.980087935617697 0.679404913129089
1 1 1 0.999740589085267 0.996947118115064 0.990049448826726 0.981460693415373 0.772236253946618
1 1 1 0.977935352534142 0.758524624628965 0.492539933126055 0.45595389643901 0.361212400905885
1 1 1 0.967563158485709 0.612929673258735 0.123394230361623 0.0482113397813557 0.0354203650148344
1 1 1 0.970569598339541 0.64314528604719 0.150661695716195 0.0214376047068512 0.00639507565422668
1 1 1 0.99991483716296 0.969722742961223 0.64193666423929 0.150311173303573 0.014624376983231
1 1 1 0.99992167294754 0.99913157850281 0.968259756911384 0.640775859522924 0.114077379226636
1 1 1 0.999909087768965 0.999012523442638 0.997404915194381 0.966474970818242 0.193628751734722
1 1 1 0.999770295086717 0.997610783530837 0.994645451864969 0.9928119626819 0.291713954098143
1 1 1 0.969392053617781 0.652549757220099 0.236792041093019 0.181977691617103 0.0575762799494996
1 1 1 0.971091313514221 0.650989128368789 0.172326971015152 0.0459971003685459 0.0131129677054989
1 1 1 0.993391227516662 0.904468577412091 0.553829595179221 0.141212547020285 0.014101608047834
1 1 1 0.998758326334827 0.980963437457836 0.8820669081238 0.537348164748691 0.0869999763091315
1 1 1 0.986592915725639 0.857474774667974 0.70056688376588 0.607204748216032 0.155446242859091
1 1 1 0.998932491502262 0.975955308120067 0.838888967088619 0.683585042308048 0.190388986935815
1 1 1 0.999580511484028 0.994734247995953 0.968074932468675 0.831344625369277 0.289495967522945
1 1 1 0.999269497783271 0.992258570930208 0.98082627803553 0.953662259949468 0.398443257632982
1 1 1 0.979242326639927 0.773665196972255 0.525155740558702 0.488424233332573 0.191288488235958
1 1 1 0.993430775421946 0.912691442602717 0.663442709641449 0.439765855016746 0.173256320044173
1 1 1 0.99938879525388 0.987326924439436 0.90164938417687 0.654130085890335 0.186493639499778
1 1 1 0.979837300286563 0.780782734402645 0.537798159222718 0.45696567050459 0.170780249443014

# True vulnerable proportion of susceptible
0 0 0.05 0.499648415485832 0.942570284626835 0.976061643060834 0.942801354847918 0.325885295360239
0 0 0.05 0.496698934481033 0.885007450871858 0.860689186617054 0.838684093447264 0.307728155301396
0 0 0.05 0.498996513863039 0.924589264039139 0.894497756329936 0.823566064465369 0.33885006659359
0 0 0.05 0.496534654553483 0.880531708313845 0.836538279926028 0.758052263105155 0.289056856881122
0 0 0.05 0.498594452843653 0.916530858355849 0.874787015337518 0.785240968227824 0.344518351621248
0 0 0.05 0.499554497695173 0.938850911238942 0.948086117932277 0.858261304114389 0.398065842824244
0 0 0.05 0.49964750602891 0.942442968774086 0.974894974495763 0.934352536564074 0.513662577694618
0 0 0.05 0.496262633370344 0.876250026377471 0.842127327819007 0.818328508775382 0.439753914448763
0 0 0.05 0.499809072291497 0.939280256939429 0.915435065124249 0.835244000109221 0.470373045637351
0 0 0.05 0.497672680723402 0.904627757936353 0.897650557412268 0.823981180056419 0.425542730071693
0 0 0.05 0.492770942809449 0.800526687110238 0.653576309651535 0.594754434308651 0.274154264387281
0 0 0.05 0.498105841010441 0.900056919533912 0.776293366680619 0.595542010778051 0.337925004612535
0 0 0.05 0.492654778344007 0.798796952991158 0.644499755613346 0.500994846768804 0.263631643709174
0 0 0.05 0.49070719559391 0.747640516712132 0.480415922634416 0.339229983395226 0.178656196334772
0 0 0.05 0.491405073055893 0.75953223292969 0.474099813580243 0.264544346704992 0.116346619366893
0 0 0.05 0.493648209516145 0.808135037109431 0.572275672704112 0.319185924264084 0.110390207274786
0 0 0.05 0.498386330252404 0.90711990681116 0.793975590418014 0.527898079735445 0.169793488842764
0 0 0.05 0.498775745168649 0.923499980024207 0.908767093652134 0.750987412047853 0.270979596900388
0 0 0.05 0.496746593553637 0.88436778567049 0.844281159948179 0.779700954088423 0.341403651649149
0 0 0.05 0.498571753451067 0.916487871169409 0.877820431924802 0.791810529195214 0.388810337900892
0 0 0.05 0.499106863283722 0.930230671243925 0.931053000931282 0.844400454508357 0.452583675498747
0 0 0.05 0.494489752475104 0.839079708036269 0.753553185833367 0.700553929536628 0.383518728091825
0 0 0.05 0.499061466473713 0.921684434312697 0.849742341964729 0.721913228669304 0.390925760519896
0 0 0.05 0.499797129584165 0.944360880039212 0.962599088468418 0.842383635089119 0.453003946503507
0 0 0.05 0.499716288024127 0.944214894628452 0.983278742157927 0.951456063741766 0.546247571977925
0 0 0.05 0.497371110533452 0.898503214181996 0.890213533738562 0.874600612503639 0.488189482016619
0 0 0.05 0.499866934521683 0.942480934664524 0.94089024640743 0.885244291629969 0.492705535884657
0 0 0.05 0.499900438974311 0.947854835416997 0.988315263735451 0.937044183464478 0.519386544293095
0 0 0.05 0.499775800063065 0.945545337114169 0.989208803364428 0.97938069114217 0.605494080588376
0 0 0.05 0.499771261869141 0.945222567893265 0.986616517396446 0.980087935617697 0.679404913129089
0 0 0.05 0.499870294542633 0.947099762209311 0.990049448826726 0.981460693415373 0.772236253946618
0 0 0.05 0.488967676267071 0.720598393397516 0.492539933126055 0.45595389643901 0.361212400905885
0 0 0.05 0.483781579242855 0.582283189595798 0.123394230361623 0.0482113397813557 0.0354203650148344
0 0 0.05 0.48528479916977 0.610988021744831 0.150661695716195 0.0214376047068512 0.00639507565422668
0 0 0.05 0.49995741858148 0.921236605813162 0.64193666423929 0.150311173303573 0.014624376983231
0 0 0.05 0.49996083647377 0.94917499957767 0.968259756911384 0.640775859522924 0.114077379226636
0 0 0.05 0.499954543884483 0.949061897270506 0.997404915194381 0.966474970818242 0.193628751734722
0 0 0.05 0.499885147543359 0.947730244354295 0.994645451864969 0.9928119626819 0.291713954098143
0 0 0.05 0.484696026808891 0.619922269359094 0.236792041093019 0.181977691617103 0.0575762799494996
0 0 0.05 0.48554565675711 0.618439671950349 0.172326971015152 0.0459971003685459 0.0131129677054989
0 0 0.05 0.496695613758331 0.859245148541486 0.553829595179221 0.141212547020285 0.014101608047834
0 0 0.05 0.499379163167413 0.931915265584944 0.8820669081238 0.537348164748691 0.0869999763091315
0 0 0.05 0.49329645786282 0.814601035934575 0.70056688376588 0.607204748216032 0.155446242859091
0 0 0.05 0.499466245751131 0.927157542714064 0.838888967088619 0.683585042308048 0.190388986935815
0 0 0.05 0.499790255742014 0.944997535596155 0.968074932468675 0.831344625369277 0.289495967522945
0 0 0.05 0.499634748891635 0.942645642383698 0.98082627803553 0.953662259949468 0.398443257632982
0 0 0.05 0.489621163319963 0.734981937123642 0.525155740558702 0.488424233332573 0.191288488235958
0 0 0.05 0.496715387710973 0.867056870472581 0.663442709641449 0.439765855016746 0.173256320044173
0 0 0.05 0.49969439762694 0.937960578217464 0.90164938417687 0.654130085890335 0.186493639499778
0 0 0.05 0.489918650143281 0.741743597682513 0.537798159222718 0.45696567050459 0.170780249443014

# True survival by age
0.778267540515681 0.778267540515681 0.776081823945928 0.756426119059764 0.737067881088693 0.735612423339543 0.737084110401867 0.764381149365475
0.778267540515681 0.778267540515681 0.777620331598583 0.771841701462726 0.766848327072371 0.767200912641283 0.767497484543825 0.774653401200338
0.778267540515681 0.778267540515681 0.77597205181104 0.755359793494154 0.735834119523204 0.737257608882098 0.740551890628272 0.763063563787239
0.778267540515681 0.778267540515681 0.77735066288345 0.769166005887252 0.76215973706385 0.763014640513671 0.764495734063189 0.773346050323942
0.778267540515681 0.778267540515681 0.777994890379753 0.775550202603984 0.773288481748826 0.773564093434842 0.774100138036181 0.776738411717107
0.778267540515681 0.778267540515681 0.778057359334565 0.776168076550116 0.774327222719569 0.774309826005513 0.774735314128035 0.776915198443899
0.778267540515681 0.778267540515681 0.775790355045268 0.753513525599999 0.73157966175862 0.72998101426366 0.732011255980468 0.753078126842498
0.778267540515681 0.778267540515681 0.778165899006599 0.777262708702412 0.776527669462154 0.776639823094098 0.776700892594827 0.777672342540386
0.778267540515681 0.778267540515681 0.77673312105081 0.762929408752372 0.749448559408374 0.75021940648263 0.75272310239244 0.764114969006868
0.778267540515681 0.778267540515681 0.773465610966099 0.730474239535332 0.691413833071883 0.692113022857291 0.699227409704837 0.737705341375629
0.778267540515681 0.778267540515681 0.777023194818914 0.766011702154013 0.758428802309977 0.762186771001216 0.763682032277528 0.771831738767987
0.778267540515681 0.778267540515681 0.773388508895967 0.729664077642959 0.690467450564998 0.702635632768384 0.720369848698452 0.745645651426369
0.778267540515681 0.778267540515681 0.772098121399491 0.71748749794126 0.679790148153784 0.698933326121342 0.716716687603544 0.746131121413302
0.778267540515681 0.778267540515681 0.772560010707658 0.722262932235959 0.693037515806703 0.723704840883318 0.739896586368016 0.7583118046653
0.778267540515681 0.778267540515681 0.774048377733482 0.736810346972875 0.714282649007051 0.738541887105034 0.756336603530684 0.768921035577391
0.778267540515681 0.778267540515681 0.777211145207392 0.767844561556103 0.761272969214337 0.766404634615263 0.771886849296108 0.776409604374225
0.778267540515681 0.778267540515681 0.77747223536922 0.770341877202938 0.763862866846161 0.765748344033922 0.770122484157802 0.776009489247224
0.778267540515681 0.778267540515681 0.776113675633828 0.756782934936457 0.738500531680341 0.739168959207813 0.746049816354019 0.766983216469355
0.778267540515681 0.778267540515681 0.777335443617864 0.76901069104817 0.761818051008532 0.762611539426468 0.763849876531334 0.772254306423554
0.778267540515681 0.778267540515681 0.777694377434423 0.772553805270642 0.767780410896637 0.768270006589762 0.769301824747454 0.774136418227207
0.778267540515681 0.778267540515681 0.774608239130678 0.741740844311121 0.710198749524044 0.710164235273295 0.716552197761398 0.745436644783956
0.778267540515681 0.778267540515681 0.777663913902169 0.77230367361857 0.768199984105186 0.769301661291406 0.769969757982226 0.773966232343539
0.778267540515681 0.778267540515681 0.77815787489948 0.777173943782861 0.776261892439283 0.776483913942407 0.776832447035033 0.777734902531444
0.778267540515681 0.778267540515681 0.778103563146208 0.776628648502369 0.775173629539721 0.775130594945646 0.775588951217546 0.777073574179043
0.778267540515681 0.778267540515681 0.77653129686267 0.760915258422521 0.745483045383802 0.744132227497706 0.745254235172513 0.75954112302368
0.778267540515681 0.778267540515681 0.77820477802333 0.777646019176747 0.777168600048986 0.777208642929493 0.777236566520507 0.777927659891716
0.778267540515681 0.778267540515681 0.778227292242709 0.777865306811434 0.777513096428285 0.777541676202288 0.777616142064981 0.778141440574174
0.778267540515681 0.778267540515681 0.778143544359458 0.777027932037496 0.775918137488648 0.775822825437522 0.77597731369698 0.777235785361393
0.778267540515681 0.778267540515681 0.778140495377868 0.776997897913684 0.775867502200146 0.77575981146597 0.775790024511082 0.776939406282128
0.778267540515681 0.778267540515681 0.778207035821139 0.777663014310693 0.777126414071439 0.777080778537859 0.777092160052418 0.77761635172438
0.778267540515681 0.778267540515681 0.770949223209036 0.705103490292038 0.639645636824304 0.633362926257359 0.634624610894634 0.665359594996202
0.778267540515681 0.778267540515681 0.767544170754551 0.673411682447645 0.623851445028438 0.672904383318013 0.680770404539507 0.7011398865032
0.778267540515681 0.778267540515681 0.768528045104465 0.684049067798618 0.665051053824027 0.754699033209091 0.76938399228198 0.771882365774923
0.778267540515681 0.778267540515681 0.77826558421625 0.778264246810749 0.778433925124984 0.778714549055937 0.7787885128608 0.778797122731257
0.778267540515681 0.778267540515681 0.778267881260292 0.77827099308405 0.778289963765778 0.778462849853128 0.77872165511164 0.778793084394794
0.778267540515681 0.778267540515681 0.778263652244974 0.778228702621495 0.778194190608044 0.778209168643033 0.778409263914337 0.778731080883513
0.778267540515681 0.778267540515681 0.77821701659221 0.777762395691671 0.777309060466871 0.777261068133244 0.777308815338684 0.778501874296278
0.778267540515681 0.778267540515681 0.768142386627857 0.677039382101833 0.58635052318293 0.576851630509471 0.577223895406533 0.719572255247591
0.778267540515681 0.778267540515681 0.768699036220255 0.685527541685299 0.659818237827273 0.73335960223181 0.743878658343839 0.767751703308502
0.778267540515681 0.778267540515681 0.77607960472566 0.757036101455388 0.751391522120271 0.771168084047561 0.776763481417375 0.778219984051863
0.778267540515681 0.778267540515681 0.777877154393647 0.774393003104691 0.771609734307318 0.774181309804051 0.777622934159655 0.778683162052281
0.778267540515681 0.778267540515681 0.773814604281266 0.733794131221325 0.695282506550401 0.69977467353175 0.730658703896608 0.771006284043682
0.778267540515681 0.778267540515681 0.777935625323344 0.775000037969753 0.772935971840693 0.773776635156451 0.774446186043779 0.777685993127649
0.778267540515681 0.778267540515681 0.778153256553899 0.777126490129826 0.776161177425086 0.776436020681548 0.776873810299394 0.778264091407293
0.778267540515681 0.778267540515681 0.778048790422389 0.776081180903409 0.774135982457289 0.774049234684458 0.774720340451538 0.777379866103741
0.778267540515681 0.778267540515681 0.771380429804977 0.709447133439925 0.648429570573928 0.643176581464226 0.646932698472779 0.723705859625357
0.778267540515681 0.778267540515681 0.776092819734004 0.756982823010057 0.746420622008093 0.755679405629954 0.757296607874882 0.770378798895808
0.778267540515681 0.778267540515681 0.778088857833705 0.776495954752685 0.775215536213127 0.776076092731414 0.776994710354636 0.77808923734981
0.778267540515681 0.778267540515681 0.771576887740885 0.711402232275412 0.652762927432891 0.657667526166705 0.690920827587839 0.75374605299443
0.778267540515681 0.778267540515681 0.771434949059529 0.71133001246164 0.677023817127033 0.705022904049732 0.716111914808499 0.755372282310246

# True Numbers-at-age
22.2768772259281 95.1431916902683 37.6601231424278 40.5601648700193 5.42044732304163 17.0396232152096 11.7300678738039 148.086511212401
29.1561900200518 17.3373704489928 74.0468577935971 29.2273370584036 30.6807681010528 3.99523762294718 12.5345585261331 121.840584289775
7.51480890662671 22.6913162977135 13.4931126583469 57.5803421112901 22.5588775643828 23.5274956915877 3.06514995054386 104.004465162985
7.33585148746626 5.8485318452057 17.6599149260849 10.470278314815 43.4938753265068 16.5995918100194 17.3458252165638 81.6319204279876
72.909424111579 5.70925509473866 4.55172249479588 13.7279465742574 8.05338215193414 33.1492805827383 12.6657315775956 76.3905326252113
97.068525191113 56.7430381837332 4.44332792075888 3.54121684337777 10.646711747002 6.22758765721225 25.6430931820031 69.1400055440765
136.096504398311 75.5452823619719 44.1612647686414 3.4571639886832 2.7485794659714 8.24403873815188 4.8220823152901 73.5825309792622
93.4703271637585 105.919491750855 58.7944411014145 34.2598832741124 2.60501982569003 2.01080483603205 6.01799175970502 58.9432131302495
157.755006411299 72.7449216329344 82.4337023376086 45.7518291162728 26.6289296734651 2.02286997414579 1.56167111213268 50.5126862032496
187.019551069659 122.775600843757 56.6150112442698 64.0289868964642 34.9054159370175 19.9570129823653 1.51759631139518 39.7730055770909
186.95480364519 145.55124603933 95.5522649040056 43.7897642619017 46.7715255114124 24.1340874279817 13.812508582427 30.4019035945771
161.648044028203 145.500855220534 113.277810274022 74.2463261478936 33.5434718591823 35.472872075831 18.3946821677944 34.0135187383378
90.5932537375468 125.805425655 113.238592735413 87.6077567788263 54.1748770870811 23.1606754977084 24.9245039171135 38.6130067470211
104.372518541331 70.5057887736335 97.9102792080455 87.4313047209344 62.8574702114865 36.8275477212399 16.1877679608304 46.6741739129294
93.9295273468915 81.2297433025886 54.8723668209739 75.6415663533574 63.1483905169577 43.5625850052624 26.6522745637227 47.3708513063115
34.0220906753513 73.1023022300656 63.2184725368257 42.4738665201713 55.733488750389 45.1057996589843 32.17279373696 56.5825348625249
77.7849128077747 26.4782888331071 56.8931489626271 49.1341014386084 32.6133274157734 42.4283984656825 34.5692939066732 68.7649798977794
99.9551765810627 60.5374727801335 20.6071927272061 44.2328437011677 37.8500559368971 24.9121097772052 32.4894758651077 79.9848674275596
9.97209983651317 77.7918694395542 47.1143500496294 15.9935240920066 33.4746612767553 27.9522864335292 18.4142582556875 85.5858183910666
4.74880163746667 7.76096161353993 60.5428869008388 36.623654196596 12.2991910142895 25.5016012120285 21.3167361875633 80.1597457163084
14.7673948863877 3.69583817078802 6.04010450700633 47.0838627364305 28.2937434124964 9.44307793064745 19.5921153312146 78.4535824815792
43.0373001909899 11.4929840980528 2.87635088332316 4.67871471633744 34.9240240995489 20.0941811909091 6.70613621724438 72.5209485957263
41.0369714656201 33.4945337700767 8.94461646717735 2.23683428568105 3.61338856324067 26.8286347581626 15.4584869724569 61.2922874308013
70.2652658176003 31.9377428527603 26.067708417957 6.96032374188963 1.73840932339146 2.80493584421966 20.8320033227494 59.6778054531964
44.6364732799025 54.6851756115443 24.85610857964 20.2833768030687 5.4055868208027 1.34756906483905 2.17419158971435 62.5311171915285
30.3625726185803 34.7391182768436 42.5596971258647 19.3015462303072 15.4339309017884 4.02977332525854 1.00276956992568 49.11528046589
33.6983581082998 23.6302047155913 27.0363281410024 33.1201596545737 15.0097705899543 11.9947664721957 3.13197465743766 38.9875243752954
185.265889336259 26.2263382843631 18.3906213058853 21.0404084413577 25.7630231513486 11.6702932080736 9.32643082844604 32.773282431975
699.076032370329 144.186428035181 20.4111077933035 14.3105432459341 16.3489850604124 19.9899969396713 9.05407985037199 32.7096666505251
112.174609822662 544.068184346316 112.215616722681 15.8827095294923 11.1192620200937 12.6846462023297 15.5074362571247 32.4374938161907
74.9056513442467 87.301857694989 423.430607704039 87.3269824625989 12.3513957681261 8.64107222079615 9.85699474638365 37.2746327383526
66.3814489040554 58.2966370424119 67.944202070729 326.443498092359 61.57456013105 7.90051641177204 5.47293478776463 31.0565259979366
55.9378437747977 51.6625269744265 45.3703803313333 52.1501762359574 219.83086527447 38.413378314746 5.31629212395731 25.5007811428618
64.0743555571975 43.5346080963622 40.2072678052119 34.8684097016856 35.6732794397403 146.198748613834 28.9905394764339 23.7738733361283
557.262215820093 49.8669911096273 33.8815723704698 31.2919327681625 27.136836613971 27.7692909363574 113.847092599364 41.0925232762383
340.445406389845 433.699094128622 38.809860523807 26.3689395425328 24.3536035909971 21.1203275850053 21.6173613607174 120.657769326491
71.0126070684927 264.957609110886 337.533927311361 30.204303794376 20.5210656096899 18.9518328348852 16.4360325713955 110.787109469179
156.311100649256 55.2668070488022 206.207906783645 262.6746459109 23.4917716793129 15.9512102288471 14.7305218323255 99.0238453765619
151.394473240244 121.651855857595 43.012361994026 158.397033658323 177.841079961333 13.7744126146591 9.2014816291098 79.7576209343273
30.9983564149923 117.825404336352 94.6776906574589 33.0635612103645 108.585529094034 117.342787993386 10.1015977560632 68.0788351332013
33.1679621743086 24.1250146071245 91.6996876431179 73.477424741779 25.0303094789259 81.5902459862012 90.4910129936585 60.8268622325069
26.0182173093264 25.8135483453163 18.7757157831917 71.3310920826149 56.9004036061852 19.313630446664 63.1656435048319 117.732740460135
202.988615442118 20.249133993932 20.089846782692 14.528923078868 52.3423367438308 39.5618552430379 13.5151894405272 136.925209946484
18.0206982832153 157.97945049282 15.7592437110299 15.6286075195436 11.2599159377823 40.4572749195056 30.6120392305044 116.951604797319
114.566529872681 14.0249245312531 122.950278387066 12.2631068145645 12.1454049072796 8.7395096119766 31.4124855461204 114.800926004246
207.834555120191 89.1634114294274 10.9151435208564 95.6613153811527 9.51716641819185 9.40219496023844 6.76481072666795 113.579819982486
218.288454613 161.750888047561 69.3929889171682 8.41972810050121 67.8666459782514 6.17121213362875 6.04727161278633 86.5747585145792
295.215510711526 169.886818694629 125.885465817003 53.8554004384955 6.37358954649451 50.6570641046895 4.66345791715693 71.2749367584173
242.241635508098 229.75664944354 132.217396551502 97.9500783154156 41.8185005820777 4.94090563788812 39.3137363796122 59.0817433181052
140.553664269293 188.528801877383 178.812142479547 102.01588733641 69.681904365138 27.2975668608111 3.24947318789301 71.6953101050236

