# Simulated data from SIR age-structured hybrid model
# random seed = 115127
# Flag=0 if no issues, =1 if negative pop #'s, =2 if NaN, or=3 if NA. Flag:
0

# True SSB
41908.5002649494
51926.3145426701
51197.7816399059
50064.0529040462
51361.8508239279
48416.7535350068
72461.251911832
83782.1968946827
61326.5268360185
57096.9619545305
49224.4487592625
36807.0642880486
37713.4322726813
36420.4153658461
43564.5733408948
43660.1961538859
29704.4800005733
26100.0926133199
25427.4199140277
52289.2220789317
73208.4540944115
95817.2401507099
153549.160086981
252120.18442126
265184.497894751
206270.630443604
156646.481841679
137580.725424494
99461.4783387176
80027.6977000299
62409.5510444894
57621.6137373417
47226.3908266111
37106.5072878567
30672.2185368238
35621.3039149167
32395.9105210513
36592.5558217958
43524.7282883169
56497.8236466918
68075.1387947442
78765.2493094907
137760.502619826
182452.373689942
184506.343200116
165605.156498027
134871.369052117
112887.888041716
100295.885509222
78010.0356240898

# True R (numbers)
417.985136577228
304.883199560519
60.543732499005
992.45744600109
181.311807055571
66.1134852753595
42.2983120811608
22.9326946508263
104.611282970021
162.187404787146
158.844384542196
339.129428530844
66.6698263645626
33.5818615305873
26.3499277998909
117.340208359618
1119.20990628747
787.869807891167
927.265006935045
2152.52677875168
2626.54678052162
662.860407568522
154.96823208532
116.408590920738
90.9913082657402
47.0877544995621
56.2340899614924
107.2239111625
189.92620550027
96.1204489430738
55.8456243327711
59.4502801396125
472.367695589296
114.831113804012
307.093096030362
223.141357099106
527.389000418885
198.657984959596
264.732134637382
1778.13429562666
905.090660434415
715.074689650231
64.8269898453462
122.700945179427
113.3939438919
82.9289688874669
13.2449211521827
10.7413134114668
18.9749404142504
27.4143057986093

# True infection rate given (selected) susceptible
-999 -999 0.343052801534099 0.343052801534099 0.343052801534099 0.343052801534099 0.343052801534099 0.343052801534099
-999 -999 0.804513273668605 0.804513273668604 0.804513273668604 0.804513273668604 0.804513273668605 0.804513273668605
-999 -999 0.681294532014339 0.681294532014339 0.681294532014339 0.681294532014339 0.681294532014339 0.681294532014339
-999 -999 0.548040093671628 0.548040093671629 0.548040093671628 0.548040093671629 0.548040093671628 0.548040093671629
-999 -999 0.60398324129388 0.60398324129388 0.60398324129388 0.60398324129388 0.60398324129388 0.60398324129388
-999 -999 0.0456836284818202 0.0456836284818207 0.0456836284818209 0.0456836284818204 0.0456836284818209 0.0456836284818208
-999 -999 0.917546565385747 0.917546565385747 0.917546565385747 0.917546565385747 0.917546565385747 0.917546565385746
-999 -999 0.853001115658404 0.853001115658404 0.853001115658404 0.853001115658404 0.853001115658404 0.853001115658405
-999 -999 0.00246875620802147 0.00246875620802142 0.00246875620802056 0.00246875620802074 0.00246875620802027 0.00246875620802013
-999 -999 0.00217300438822734 0.0021730043882273 0.00217300438822776 0.00217300438822727 0.00217300438822816 0.00217300438822742
-999 -999 0.00229010420579522 0.00229010420579448 0.00229010420579436 0.00229010420579486 0.00229010420579455 0.00229010420579454
-999 -999 0.00493980555125116 0.00493980555125158 0.00493980555125084 0.0049398055512516 0.00493980555125118 0.0049398055512503
-999 -999 0.141213540748384 0.141213540748384 0.141213540748383 0.141213540748383 0.141213540748383 0.141213540748383
-999 -999 0.349227975886223 0.349227975886223 0.349227975886224 0.349227975886223 0.349227975886224 0.349227975886223
-999 -999 0.692536698006485 0.692536698006484 0.692536698006484 0.692536698006484 0.692536698006484 0.692536698006484
-999 -999 0.534580160274744 0.534580160274745 0.534580160274744 0.534580160274744 0.534580160274744 0.534580160274745
-999 -999 0.00141982247973687 0.00141982247973644 0.0014198224797358 0.00141982247973643 0.00141982247973635 0.00141982247973633
-999 -999 0.00110774660695258 0.00110774660695235 0.00110774660695315 0.00110774660695289 0.00110774660695184 0.00110774660695315
-999 -999 0.00835785249394163 0.00835785249394223 0.00835785249394171 0.00835785249394158 0.00835785249394186 0.00835785249394162
-999 -999 0.930709047111618 0.930709047111618 0.930709047111618 0.930709047111618 0.930709047111618 0.930709047111618
-999 -999 0.89045057441051 0.890450574410511 0.89045057441051 0.89045057441051 0.890450574410511 0.89045057441051
-999 -999 0.858564460792728 0.858564460792728 0.858564460792728 0.858564460792728 0.858564460792728 0.858564460792728
-999 -999 0.952470047295023 0.952470047295023 0.952470047295023 0.952470047295023 0.952470047295023 0.952470047295023
-999 -999 0.966876443428463 0.966876443428463 0.966876443428463 0.966876443428463 0.966876443428463 0.966876443428463
-999 -999 0.927038545720508 0.927038545720507 0.927038545720508 0.927038545720507 0.927038545720508 0.927038545720508
-999 -999 0.037666622944763 0.037666622944762 0.0376666229447625 0.0376666229447627 0.0376666229447622 0.0376666229447628
-999 -999 0.0129056035025239 0.0129056035025246 0.0129056035025248 0.012905603502524 0.0129056035025246 0.0129056035025231
-999 -999 0.0112813194478664 0.011281319447868 0.0112813194478668 0.0112813194478674 0.011281319447868 0.0112813194478673
-999 -999 0.0262701454908982 0.0262701454908981 0.0262701454908977 0.0262701454908982 0.0262701454908979 0.0262701454908979
-999 -999 0.0446040573832929 0.0446040573832924 0.0446040573832927 0.0446040573832914 0.0446040573832913 0.0446040573832921
-999 -999 0.0487948996306406 0.0487948996306408 0.0487948996306407 0.0487948996306399 0.04879489963064 0.0487948996306405
-999 -999 0.241870679448346 0.241870679448346 0.241870679448345 0.241870679448345 0.241870679448345 0.241870679448345
-999 -999 0.0779988983900759 0.0779988983900768 0.0779988983900759 0.077998898390076 0.0779988983900755 0.0779988983900761
-999 -999 0.0141820228003555 0.014182022800355 0.0141820228003558 0.0141820228003555 0.0141820228003558 0.0141820228003554
-999 -999 0.00847209388233511 0.00847209388233587 0.00847209388233467 0.00847209388233445 0.00847209388233592 0.00847209388233476
-999 -999 0.738875409733874 0.738875409733874 0.738875409733874 0.738875409733874 0.738875409733873 0.738875409733874
-999 -999 0.57227182912886 0.57227182912886 0.57227182912886 0.572271829128859 0.572271829128859 0.572271829128859
-999 -999 0.421291785854946 0.421291785854946 0.421291785854946 0.421291785854946 0.421291785854946 0.421291785854946
-999 -999 0.625324541020748 0.625324541020748 0.625324541020748 0.625324541020749 0.625324541020749 0.625324541020749
-999 -999 0.824795788299966 0.824795788299967 0.824795788299967 0.824795788299967 0.824795788299967 0.824795788299967
-999 -999 0.766173463004549 0.766173463004549 0.766173463004549 0.766173463004549 0.766173463004549 0.766173463004549
-999 -999 0.575164500649456 0.575164500649457 0.575164500649457 0.575164500649456 0.575164500649457 0.575164500649456
-999 -999 0.963430660163068 0.963430660163068 0.963430660163068 0.963430660163068 0.963430660163068 0.963430660163068
-999 -999 0.940784911440253 0.940784911440253 0.940784911440253 0.940784911440253 0.940784911440253 0.940784911440253
-999 -999 0.809586855462086 0.809586855462086 0.809586855462086 0.809586855462086 0.809586855462086 0.809586855462086
-999 -999 0.541121065780971 0.541121065780971 0.541121065780971 0.541121065780971 0.541121065780971 0.541121065780971
-999 -999 0.00239246606788863 0.00239246606788883 0.00239246606788904 0.00239246606788892 0.0023924660678901 0.00239246606788864
-999 -999 0.00366921542227553 0.00366921542227576 0.00366921542227427 0.00366921542227559 0.00366921542227505 0.0036692154222743
-999 -999 0.0165746560002135 0.0165746560002129 0.0165746560002127 0.0165746560002134 0.0165746560002128 0.0165746560002127
-999 -999 0.015182560435602 0.0151825604356019 0.015182560435602 0.0151825604356016 0.0151825604356017 0.0151825604356022

# Duration of outbreak (days) based on incidence
0
0
0
0
0
0
0
0
0
0
0
0
0
0
0
0
0
0
0
3
0
0
2
3
0
0
0
0
0
0
0
0
0
0
0
0
0
0
0
0
0
0
2
0
0
0
0
0
0
0

# Duration of outbreak (days) based on prevalence
0
25
10
0
0
0
24
18
0
0
0
0
0
0
20
0
0
0
0
27
24
21
22
21
15
0
0
0
0
0
0
0
0
0
0
26
0
0
0
22
14
0
22
20
7
0
0
0
0
0

# Peak (point) prevalence
0.0423414004258919
0.238369224175074
0.108387675545011
0.0610014187611012
0.0747861501339412
0.00454008654025448
0.3690316024787
0.190142635518814
4.40331018362861e-05
5.04203666112876e-05
6.37418435499294e-05
0.000188383238168341
0.016980682037341
0.043512711276011
0.136979198764133
0.0579071407587042
3.76273256424393e-05
3.61268937202602e-05
0.000762047067322255
0.519690170682107
0.312596591770697
0.232300297807158
0.409784040470634
0.426701447041063
0.218615356274632
0.0010126620425263
0.000354367248621048
0.00031005526722155
0.000797382084439736
0.00176251693250505
0.00252950580922055
0.018722357594477
0.00744809837872275
0.00105499823410401
0.000641425896540973
0.200561526804428
0.0705580075570833
0.0444701536932147
0.0956505245984682
0.208661325890362
0.127770060490127
0.0599407500409411
0.474852265158892
0.321545242040911
0.111170612414749
0.0253441765546669
3.3398280447238e-05
7.56502370626602e-05
0.000500883302012486
0.000512289050848514

# Day of peak prevalence
101
35
50
75
66
119
21
25
80
81
65
98
119
103
55
70
73
64
119
19
22
27
14
11
15
119
119
119
118
119
119
105
119
119
119
44
71
95
66
35
40
71
12
14
31
69
78
100
114
119

# Total immunity
0.0853369529005146
0.0914724732764817
0.195782235091158
0.113363632866439
0.133553382019511
0.177016807826429
0.173005750109801
0.429953470795829
0.572427813840952
0.424178225848808
0.322704143936781
0.18206033405673
0.165091570231454
0.173837365792335
0.232470934576319
0.344486521799761
0.0946029892498502
0.0554627450917563
0.0328038971167355
0.0145189915717219
0.034972301671308
0.0648382288357812
0.110331138842389
0.236429564844361
0.493505124924783
0.728845517660757
0.696746140774515
0.626175960111944
0.496322870774008
0.439653744067402
0.40676484480316
0.370888680742842
0.193473839295718
0.170464332646776
0.107339534595253
0.0792558500778559
0.098732260336131
0.116514393634307
0.116506478952758
0.0611311320673701
0.0795856536552519
0.0914406148342249
0.118060873612329
0.282909106404898
0.497358608701927
0.632206712359196
0.706043210730716
0.69671934250829
0.677528622303838
0.64556216663942

# Observed immunity (based on survey selectivity)
0.387812229146699
0.323808341192664
0.500873001805396
0.54021641455243
0.533176297276569
0.601882022267336
0.329141892270939
0.544641480380655
0.808528625298289
0.757714560685673
0.7157958317685
0.623720946838146
0.484857123063482
0.402376125185778
0.373650445542778
0.562750513636362
0.717322598801656
0.658240010802233
0.445462238453954
0.150951897038085
0.345794498710309
0.443986551978479
0.36529957191845
0.401536490272219
0.617937876876134
0.8491783974059
0.811928995554449
0.777614456213592
0.749633631926782
0.722037322682127
0.671303164988706
0.578429730583711
0.566833376528934
0.532675495673573
0.456797339214883
0.283037255220932
0.486412012793607
0.504309351735386
0.438313513133891
0.416107529508183
0.54569136019434
0.574046312930891
0.322605199608194
0.468519614116952
0.672001402398244
0.796195586528757
0.854835286073522
0.795650750397115
0.742868592075674
0.717550181233445

# True total proportion of susceptible
1 1 1 0.998986986423614 0.98914217213022 0.973131699612489 0.949505903319676 0.276095120377125
1 1 1 0.987233634661531 0.864787248973884 0.722055731184788 0.693503901849219 0.238265640567259
1 1 1 0.970624660105167 0.658819403902852 0.230345827859655 0.149948572461803 0.0558286923582593
1 1 1 0.974846776232107 0.697685697165388 0.246337559684476 0.0698171097381527 0.0190477866504886
1 1 1 0.979572648145404 0.756795400744446 0.354726749093162 0.108271880209764 0.0130556638912052
1 1 1 0.977696575786956 0.738852953576504 0.350313176592165 0.139955859389376 0.022472173279895
1 1 1 0.998328749499421 0.961092677146583 0.712505400618567 0.3352611200613 0.046372271268209
1 1 1 0.967166782629739 0.622545464626707 0.154488930221236 0.0653230749372302 0.0113633821269104
1 1 1 0.969119905801098 0.62484036435249 0.126618179976904 0.0206471810095388 0.00313427891763402
1 1 1 0.999911373096139 0.968242825939415 0.623612554436431 0.126309218428828 0.00424016815044036
1 1 1 0.999921233633654 0.99912369184842 0.966772926525966 0.622470700654411 0.0779599875877219
1 1 1 0.999914310888993 0.999064488064645 0.997496937751798 0.965092987233132 0.159075753415856
1 1 1 0.999820904459836 0.998122632238038 0.995660473838601 0.993916828751482 0.219155561210071
1 1 1 0.994662106754444 0.945338257087066 0.892519316612102 0.884406901446202 0.225029304515997
1 1 1 0.987173498235438 0.860152661988641 0.685200544712414 0.628417317891414 0.161710725701108
1 1 1 0.974802597588232 0.710410588032112 0.336322659318094 0.230345101963058 0.0737442266012291
1 1 1 0.979579258338306 0.756875396060389 0.362336408950934 0.150434977472345 0.046943045369441
1 1 1 0.999948474553268 0.979063893291725 0.756051135309407 0.361860426386035 0.0691532925265694
1 1 1 0.999958997970946 0.999538553476216 0.978293711763703 0.755366290693687 0.194023286418485
1 1 1 0.999688766778085 0.996844092467339 0.993616664014429 0.972136474378546 0.251795783675583
1 1 1 0.96649757606929 0.614803445073908 0.139784415828481 0.0764958928247908 0.0184469539434098
1 1 1 0.968039586104969 0.610696775708133 0.104484129560085 0.0142213396117204 0.00211621185400821
1 1 1 0.969117886532259 0.625402795770296 0.123554684072446 0.0137378645350575 0.000615283154229927
1 1 1 0.96606674980109 0.58733928390992 0.0683837852318331 0.00547713939396457 0.000459111367082684
1 1 1 0.965514805015869 0.578129994988532 0.0535381851122753 0.00193000315301279 6.89093183968005e-05
1 1 1 0.966788850795661 0.594128126758895 0.0752803628792982 0.00343618475510263 5.18257071045892e-05
1 1 1 0.998576058473356 0.952740898404281 0.575122099997702 0.0722822664980691 0.00186007118349446
1 1 1 0.999531353507464 0.993885574849431 0.944057101973704 0.568732096190741 0.0364542960047408
1 1 1 0.999576762967929 0.99529482873216 0.985852853040599 0.935853903445804 0.121239004801799
1 1 1 0.999034412297222 0.989889833649179 0.976871965065428 0.966560514672688 0.160143998077068
1 1 1 0.998332595397047 0.982267290037122 0.958008918274212 0.943553336099077 0.188101172064082
1 1 1 0.998207842593986 0.980307312464105 0.948116061709452 0.922571479105002 0.210895661111149
1 1 1 0.990824698890028 0.903207097661665 0.795184853672956 0.756788243242856 0.175012098711572
1 1 1 0.997028686233011 0.960934769207413 0.84900529390183 0.742797846478712 0.186179831125721
1 1 1 0.999467224549698 0.991699813656498 0.951010607761948 0.839341941894743 0.23703998988869
1 1 1 0.99968614599919 0.996326713675173 0.985754417326583 0.944904435048687 0.358144453215363
1 1 1 0.972695459805044 0.694467858133113 0.340687300599057 0.291734702095444 0.109175433437538
1 1 1 0.979089667855021 0.749355671284999 0.343710238966633 0.147615459713609 0.0514863877336829
1 1 1 0.984390447964907 0.815208870927663 0.47909250447777 0.200411029760215 0.0339637729002547
1 1 1 0.977123271246838 0.736044620115551 0.368972612261521 0.185901216483194 0.0433739273661683
1 1 1 0.970427647236385 0.648574863371618 0.184036633725595 0.066795088124731 0.0109352486468273
1 1 1 0.972476010197045 0.668768956347571 0.197403694426232 0.0425901914617189 0.00697184909943907
1 1 1 0.978925985955131 0.747275811780737 0.326400498527521 0.0823466025922857 0.00655995835454438
1 1 1 0.965621403741955 0.588498010308684 0.0744938788146407 0.0110255955293532 0.00133672209483147
1 1 1 0.966425837695672 0.589512681445373 0.0701756481441536 0.00402458635487465 0.000163304002759741
1 1 1 0.970859403182665 0.6458573553399 0.148969101960902 0.0125981936802711 0.000186475757519281
1 1 1 0.980055070798578 0.758952851120576 0.333562701144818 0.0663568778462046 0.00363862923040841
1 1 1 0.999912706009259 0.979185316377155 0.757556822992429 0.332813100831026 0.021497497606137
1 1 1 0.999867404436324 0.998586421575444 0.976694397385717 0.755336845526419 0.0911112502567778
1 1 1 0.999387208428223 0.993727517107644 0.986905657667809 0.96455354791722 0.108212187195989

# True vulnerable proportion of susceptible
0 0 0.05 0.499493493211807 0.939685063523709 0.973131699612489 0.949505903319676 0.276095120377125
0 0 0.05 0.493616817330765 0.82154788652519 0.722055731184788 0.693503901849219 0.238265640567259
0 0 0.05 0.485312330052583 0.625878433707709 0.230345827859655 0.149948572461803 0.0558286923582593
0 0 0.05 0.487423388116054 0.662801412307119 0.246337559684476 0.0698171097381527 0.0190477866504886
0 0 0.05 0.489786324072702 0.718955630707224 0.354726749093162 0.108271880209764 0.0130556638912052
0 0 0.05 0.488848287893478 0.701910305897679 0.350313176592165 0.139955859389376 0.022472173279895
0 0 0.05 0.499164374749711 0.913038043289254 0.712505400618567 0.3352611200613 0.046372271268209
0 0 0.05 0.483583391314869 0.591418191395372 0.154488930221236 0.0653230749372302 0.0113633821269104
0 0 0.05 0.484559952900549 0.593598346134866 0.126618179976904 0.0206471810095388 0.00313427891763402
0 0 0.05 0.499955686548069 0.919830684642444 0.623612554436431 0.126309218428828 0.00424016815044036
0 0 0.05 0.499960616816827 0.949167507255999 0.966772926525966 0.622470700654411 0.0779599875877219
0 0 0.05 0.499957155444496 0.949111263661413 0.997496937751798 0.965092987233132 0.159075753415856
0 0 0.05 0.499910452229918 0.948216500626136 0.995660473838601 0.993916828751482 0.219155561210071
0 0 0.05 0.497331053377222 0.898071344232713 0.892519316612102 0.884406901446202 0.225029304515997
0 0 0.05 0.493586749117719 0.817145028889209 0.685200544712414 0.628417317891414 0.161710725701108
0 0 0.05 0.487401298794116 0.674890058630506 0.336322659318094 0.230345101963058 0.0737442266012291
0 0 0.05 0.489789629169153 0.719031626257369 0.362336408950934 0.150434977472345 0.046943045369441
0 0 0.05 0.499974237276634 0.930110698627139 0.756051135309407 0.361860426386035 0.0691532925265694
0 0 0.05 0.499979498985473 0.949561625802405 0.978293711763703 0.755366290693687 0.194023286418485
0 0 0.05 0.499844383389043 0.947001887843972 0.993616664014429 0.972136474378546 0.251795783675583
0 0 0.05 0.483248788034645 0.584063272820212 0.139784415828481 0.0764958928247908 0.0184469539434098
0 0 0.05 0.484019793052484 0.580161936922726 0.104484129560085 0.0142213396117204 0.00211621185400821
0 0 0.05 0.48455894326613 0.594132655981781 0.123554684072446 0.0137378645350575 0.000615283154229927
0 0 0.05 0.483033374900545 0.557972319714424 0.0683837852318331 0.00547713939396457 0.000459111367082684
0 0 0.05 0.482757402507934 0.549223495239106 0.0535381851122753 0.00193000315301279 6.89093183968005e-05
0 0 0.05 0.483394425397831 0.564421720420951 0.0752803628792982 0.00343618475510263 5.18257071045892e-05
0 0 0.05 0.499288029236678 0.905103853484067 0.575122099997702 0.0722822664980691 0.00186007118349446
0 0 0.05 0.499765676753732 0.944191296106959 0.944057101973704 0.568732096190741 0.0364542960047408
0 0 0.05 0.499788381483964 0.945530087295552 0.985852853040599 0.935853903445804 0.121239004801799
0 0 0.05 0.499517206148611 0.94039534196672 0.976871965065428 0.966560514672688 0.160143998077068
0 0 0.05 0.499166297698523 0.933153925535266 0.958008918274212 0.943553336099077 0.188101172064082
0 0 0.05 0.499103921296993 0.9312919468409 0.948116061709452 0.922571479105002 0.210895661111149
0 0 0.05 0.495412349445014 0.858046742778582 0.795184853672956 0.756788243242856 0.175012098711572
0 0 0.05 0.498514343116506 0.912888030747042 0.84900529390183 0.742797846478712 0.186179831125721
0 0 0.05 0.499733612274849 0.942114822973673 0.951010607761948 0.839341941894743 0.23703998988869
0 0 0.05 0.499843072999595 0.946510377991414 0.985754417326583 0.944904435048687 0.358144453215363
0 0 0.05 0.486347729902522 0.659744465226457 0.340687300599057 0.291734702095444 0.109175433437538
0 0 0.05 0.489544833927511 0.711887887720749 0.343710238966633 0.147615459713609 0.0514863877336829
0 0 0.05 0.492195223982454 0.77444842738128 0.47909250447777 0.200411029760215 0.0339637729002547
0 0 0.05 0.488561635623419 0.699242389109773 0.368972612261521 0.185901216483194 0.0433739273661683
0 0 0.05 0.485213823618193 0.616146120203037 0.184036633725595 0.066795088124731 0.0109352486468273
0 0 0.05 0.486238005098522 0.635330508530192 0.197403694426232 0.0425901914617189 0.00697184909943907
0 0 0.05 0.489462992977565 0.7099120211917 0.326400498527521 0.0823466025922857 0.00655995835454438
0 0 0.05 0.482810701870978 0.559073109793249 0.0744938788146407 0.0110255955293532 0.00133672209483147
0 0 0.05 0.483212918847836 0.560037047373104 0.0701756481441536 0.00402458635487465 0.000163304002759741
0 0 0.05 0.485429701591332 0.613564487572905 0.148969101960902 0.0125981936802711 0.000186475757519281
0 0 0.05 0.490027535399289 0.721005208564547 0.333562701144818 0.0663568778462046 0.00363862923040841
0 0 0.05 0.49995635300463 0.930226050558297 0.757556822992429 0.332813100831026 0.021497497606137
0 0 0.05 0.499933702218162 0.948657100496672 0.976694397385717 0.755336845526419 0.0911112502567778
0 0 0.05 0.499693604214112 0.944041141252262 0.986905657667809 0.96455354791722 0.108212187195989

# True survival by age
0.781312614274084 0.781312614274084 0.777055578084379 0.738785910576719 0.701312869762845 0.69847363627091 0.700497604158339 0.758187164452181
0.692946051293311 0.692946051293311 0.684301225544574 0.607610294102541 0.55099723263889 0.568298251525095 0.573254601544865 0.652280016651772
0.703668569253364 0.703668569253364 0.696141720041695 0.630630972851577 0.609681360607425 0.669513300898202 0.681670411031289 0.695902560405913
0.743598673526749 0.743598673526749 0.737127149877538 0.680526379613164 0.657994008671564 0.71216889671557 0.735122312008859 0.741723979732598
0.761326932297966 0.761326932297966 0.75409316879943 0.690478555064787 0.657449837935304 0.710372902176721 0.746168676829136 0.759998138742534
0.833207017059726 0.833207017059726 0.832626951070004 0.827544998985115 0.825172439739272 0.829412871739292 0.831940699329629 0.83335248051752
0.816648452029902 0.816648452029902 0.805255035550729 0.702905455278909 0.608613586826999 0.654421002290691 0.74055356459018 0.806512780007685
0.68455862365838 0.68455862365838 0.675586109498249 0.597802732620516 0.57869615440806 0.657435182153058 0.673499257016328 0.68322060766275
0.850632577028265 0.850632577028265 0.85061882920835 0.850510957235806 0.850610449526724 0.850926214965567 0.850995204848763 0.851006606204621
0.805058385515332 0.805058385515332 0.805054860796974 0.805023183740072 0.805008694186374 0.805194001226479 0.805466324946974 0.805533170060455
0.660548368067094 0.660548368067094 0.660561369659304 0.660678432731548 0.660795838057243 0.660824641507622 0.660992938537395 0.661259098697866
0.8112925248013 0.8112925248013 0.811252974554538 0.810897095957299 0.810542206897176 0.810504660450931 0.810545317592816 0.811556625057246
0.733079361424321 0.733079361424321 0.731424665673439 0.716535478831856 0.701700333199089 0.700131758292628 0.700190547199898 0.726312473416874
0.830249120963245 0.830249120963245 0.825697271553836 0.784975852877486 0.748514483547222 0.749042218506873 0.749784172633504 0.810090249066482
0.807578143047544 0.807578143047544 0.7989096967906 0.722011589155708 0.665976553746145 0.688934152122612 0.69880538379103 0.779937949701929
0.636718717031217 0.636718717031217 0.63119254637406 0.58286926250105 0.562355128949278 0.600068718685526 0.6118649991577 0.629296122256407
0.796230827424567 0.796230827424567 0.796237906570747 0.796310299423928 0.79645318963313 0.796598330019371 0.79667340518816 0.796710071643013
0.703589789228468 0.703589789228468 0.703611140192938 0.703803322711169 0.704001120489897 0.704077584875487 0.704175791831808 0.704248715612249
0.743044415954305 0.743044415954305 0.742974730906484 0.742347618781042 0.741721289355498 0.741694060433235 0.742139225724189 0.743260175406483
0.6994617474391 0.6994617474391 0.689521404424044 0.600089467648975 0.511193432304941 0.501928300778767 0.506213390354353 0.649914374234165
0.767559851704381 0.767559851704381 0.757139054709491 0.666861694525636 0.646045532224258 0.738903953965616 0.752129414853172 0.764259955025441
0.779591137496672 0.779591137496672 0.76935869535905 0.680554002857987 0.661068204566397 0.75868367710056 0.77720373950024 0.779687461990505
0.844706245544965 0.844706245544965 0.832527632391194 0.726693158580646 0.700137950229749 0.814953208072317 0.841744323142394 0.844945732446279
0.76491100382975 0.76491100382975 0.75371603680724 0.656779162406859 0.640212581220872 0.750121899390786 0.764241902187331 0.765368246929274
0.72243003618929 0.72243003618929 0.712248435871322 0.624147319058059 0.610861416857962 0.712135626878968 0.72267783970903 0.72305801290166
0.702743488298091 0.702743488298091 0.702345543032747 0.698918703533938 0.698526350280392 0.702770979685474 0.703391466245552 0.703420695465769
0.830110134087406 0.830110134087406 0.829963307816306 0.828644563588429 0.82747223648317 0.828600747477999 0.830289755644589 0.830526299480362
0.692272714862283 0.692272714862283 0.692181019514357 0.691356517278757 0.690545411393288 0.690580337125534 0.691529867054302 0.69287646984897
0.770618969751253 0.770618969751253 0.770325241275862 0.767683160442269 0.765066969782627 0.764835272754999 0.765156435045776 0.770389016711394
0.722108536106604 0.722108536106604 0.721621129545822 0.717239797368031 0.71294793618024 0.712600723157954 0.712707867145564 0.7210871618104
0.794339830616603 0.794339830616603 0.793750597941652 0.78845816223184 0.783351798848675 0.78307101720686 0.783248597028413 0.792528960756154
0.710795422633521 0.710795422633521 0.708023566967476 0.683127730679053 0.659180347066973 0.65826901828765 0.659702079236761 0.699627367466577
0.699924252461517 0.699924252461517 0.699061509417704 0.691382244640353 0.685184849124409 0.686343261606833 0.68703200049416 0.697467605355381
0.7107928510589 0.7107928510589 0.710662530864685 0.709495492144189 0.708439407238239 0.708680151754219 0.709027416267905 0.710847379830725
0.749033010937623 0.749033010937623 0.748961094890324 0.748314548819619 0.74768285806229 0.747694135870704 0.747920817365054 0.749143458519318
0.668263998602516 0.668263998602516 0.660513561019011 0.590784178934663 0.521549311319407 0.515473926761877 0.521836111713659 0.613221109174187
0.818746622288687 0.818746622288687 0.811442664517878 0.747713574940005 0.722508427970519 0.769274339330292 0.776447198952763 0.803196994610036
0.797521888683058 0.797521888683058 0.792207090431708 0.745495560010851 0.72197468324377 0.76131052467409 0.782251312084859 0.792516850351581
0.804982982146904 0.804982982146904 0.797132898813582 0.727714961594677 0.6834814831769 0.730013272888491 0.77389973461337 0.800111671286949
0.854034136965879 0.854034136965879 0.843284726309178 0.74900756843332 0.703802468605137 0.774941754625538 0.81436736420647 0.84506153809129
0.84758995942836 0.847589959428361 0.837654050405702 0.751180478263042 0.725285128668883 0.811331070031053 0.834674003265392 0.845795764725726
0.806872552951354 0.806872552951354 0.799620111581028 0.736357325273532 0.714875351621429 0.778619180249363 0.80114795760302 0.806331211579065
0.784280169010753 0.784280169010753 0.772834129839984 0.672242893813012 0.621898186843056 0.709911162107264 0.765907289032814 0.783295901223313
0.797101827868382 0.797101827868382 0.78573585175364 0.687366514013507 0.670216892288771 0.78062514797095 0.79508408340491 0.797291340134825
0.7963085262303 0.7963085262303 0.786437971556842 0.700933578649214 0.685954483716305 0.782915999661273 0.796007744962511 0.796771919016906
0.773695862833972 0.773695862833972 0.767116639362616 0.70983666400678 0.693152453512452 0.754555588973905 0.772573873757331 0.774213797337831
0.773829822196458 0.773829822196458 0.773827769911851 0.773820524824944 0.773930948061483 0.774177540257507 0.774333413794179 0.774370000254402
0.826151284044472 0.826151284044472 0.826125545785222 0.82589396156066 0.825681411246965 0.825865860451923 0.826267651101694 0.826562143267152
0.743474421246277 0.743474421246277 0.743307865109241 0.741809160594714 0.740315179515312 0.740234971129052 0.74110568139767 0.74371841379203
0.864560866641421 0.864560866641421 0.864374450255885 0.862698055835913 0.861043328662793 0.860885861367738 0.860976883042172 0.864464053846672

# True Numbers-at-age
417.985136577228 181.990765125382 321.82332447375 77.0710002147396 24.8534844864341 28.5914760275975 19.7851652539242 139.961006929808
304.883199560519 326.577059786864 142.191680473853 250.074609439987 56.9389690727049 17.4300685287875 19.9703922273486 119.976099836234
60.543732499005 211.267609241132 226.300284022287 97.3019412105 151.947906989408 31.3732143883718 9.90547746887251 89.7061316379769
992.45744600109 42.6027216248332 148.662376324286 157.537068965199 61.3616178459246 92.6398066747529 21.0047843249457 69.1789975886455
181.311807055571 737.990040378156 31.6793272888553 109.583073753943 107.208131197756 40.3755769050125 65.9751889115025 66.7528070215634
66.1134852753595 138.037561855019 561.851693507553 23.8891643006872 75.6647624251807 70.4839684813115 28.6817157430731 99.9606285058758
42.2983120811608 55.0862198537044 115.013865155418 467.812862518712 19.7693584469674 62.4364766126788 58.4603107096663 107.163924372728
22.9326946508263 34.5428510845577 44.9860761717066 92.6154940745527 328.828213114045 12.0319001536775 40.8597416043685 129.722066045475
104.611282970021 15.6987738869476 23.6466065956812 30.3919681824352 55.3657954407668 190.291622389972 7.91019446918035 116.147794403278
162.187404787146 88.9857652190217 13.3538884876382 20.1142488171688 25.8487019511231 47.0947241482753 161.924129979956 105.574077895979
158.844384542196 130.570330248861 71.638736481072 10.7506128375139 16.1924366213372 20.8084298040864 37.920389373607 215.467855538949
339.129428530844 104.924398985969 86.2480185638667 47.3217818905988 7.10269804039234 10.6998947273853 13.7507231656219 167.54518955459
66.6698263645626 275.13317030721 85.124380566586 69.9689616093718 38.3730955106113 5.75703654458386 8.67231454288012 147.117992854909
33.5818615305873 48.8742737376039 201.694448795459 62.2620715965738 50.135243410139 26.9264139056764 4.03068411851441 112.925905939844
26.3499277998909 27.8813110160795 40.5778228083626 166.538556057965 48.8742227534396 37.5269558286545 20.1690208083422 94.5023184258138
117.340208359618 21.2796257620727 22.5163373760965 32.4180161162517 120.242767515108 32.5490864363571 25.8536014955568 87.8001648017709
1119.20990628747 74.7127069229119 13.5491360141314 14.2121443234358 18.8954651454268 67.6191370311768 19.5316885922492 71.0712171005303
787.869807891167 891.149429745045 59.4885604523593 10.7883356957343 11.3172769016512 15.0493534846768 53.8652916363864 72.1835313277815
927.265006935045 554.33715207362 627.003639445386 41.856813848321 7.59286650918131 7.96737561965688 10.5959124554287 88.7657936162504
2152.52677875168 688.999085512915 411.897125404316 465.847860294321 31.0723060900625 5.63179073709414 5.90935517434008 73.8397215988232
2626.54678052162 1505.61014207511 481.928504336806 284.01188438701 279.550394489433 15.8839587998088 2.82675515501126 50.9808911741348
662.860407568522 2016.0318573518 1155.64589737578 364.886892211128 189.396646487741 180.602283391427 11.7367199618056 41.088739296573
154.96823208532 516.760099137851 1571.68056890242 889.106219902071 248.325235084694 125.204101044547 137.020004456165 41.158197502317
116.408590920738 130.902633503531 436.510483190178 1308.46750290357 646.107407254334 173.861921082518 102.035483810064 150.112254242687
90.9913082657402 89.0422121355885 100.128864797144 329.004951414915 859.374190593603 413.646090944223 130.417634474149 192.870945109935
47.0877544995621 65.7348541233296 64.3267685354876 71.3166273373369 205.347558382446 524.958535677173 294.572118280599 233.706816659395
56.2340899614924 33.0906128531464 46.1947406893948 45.1796191785989 49.8445247190245 143.44068049588 368.925624412098 371.593725702091
107.2239111625 46.6804879582177 27.4688530725598 38.3399397862866 37.4378458173415 41.2449603456918 118.855055077639 614.933528461627
189.92620550027 74.2281880786159 32.3156281299315 19.0134187246545 26.5065672433243 25.8525326416146 28.4829586202571 508.264792828834
96.1204489430738 146.360736811383 57.2016498236453 24.8935440361705 14.596281377355 20.2792990801896 19.7729288543568 413.355533053858
55.8456243327711 69.4093966761925 105.688337402352 41.2779191576235 17.8546404802751 10.4063886838913 14.4510431896795 312.157690099441
59.4502801396125 44.3604037731718 55.1346483989674 83.8901810085758 32.5459122797742 13.9864647380199 8.14894137214472 258.712769030465
472.367695589296 42.2569869975171 31.5311719481453 39.0366304229345 57.3077089786434 21.4536257521928 9.20685641241119 186.378407093555
114.831113804012 330.621606222308 29.5766900355132 22.0422286557796 26.9892331650044 39.2663739301973 14.7245514720524 136.318306264774
307.093096030362 81.6211347710226 235.003474108427 21.0190453952381 15.6388618680871 19.1202363452303 27.8272998356901 107.34162151721
223.141357099106 230.022866357779 61.1369243336846 176.008459271278 15.7288574715567 11.6929089383728 14.2960885917906 101.226890424646
527.389000418885 149.117335548641 153.716000442262 40.3817676013918 103.983013096137 8.20337478213152 6.02738968573206 69.5346813079092
198.657984959596 431.797962725169 122.089314805138 124.7317209779 30.1939958156331 75.1286033277277 6.310645715803 60.5299968861627
264.732134637382 158.434091366948 344.368326762073 96.7200208545795 92.9869441815367 21.7993005648554 57.1961964174639 52.9075533753023
1778.13429562666 213.104863210515 127.536747342301 274.507322571434 70.3846062616267 63.5548545252844 15.9137787520301 86.5960721831861
905.090660434415 1518.58738857495 181.998827935224 107.549791076915 205.608062196371 49.5368596387335 49.2513104807947 86.1386720086433
715.074689650231 767.145756156594 1287.13942307066 152.452055389031 80.7893034982471 149.124469845454 40.1907933366717 113.964512449081
64.8269898453462 576.974140388979 618.988854755868 1029.2225690961 112.259187738719 57.7542817455598 116.111172466189 124.091915396204
122.700945179427 50.8425225523664 452.509376339102 478.375712945899 691.887558226827 69.8137853111837 41.0004092706607 186.131082034797
113.3939438919 97.8051476836993 40.5266676599308 355.552840244313 328.819446196349 463.71472908805 54.4983964889548 180.999472660458
82.9289688874669 90.2965643440003 77.8830730097435 31.8717103084342 249.218924711338 225.555173451497 363.049680681627 187.596442865967
13.2449211521827 64.1618001373203 69.8620782610746 59.7454012304677 22.6237085215295 172.746709125399 170.193916749806 425.722452568897
10.7413134114668 10.2493149801996 49.6503143920673 54.0612162221746 46.2322177360374 17.5091881847339 133.73662235828 461.45353226796
18.9749404142504 8.87394986720738 8.46748473146817 41.0173930755545 44.6488320325192 38.1730827853683 14.4602407659999 491.922265471854
27.4143057986093 14.1073828426674 6.59755474169048 6.2939479985927 30.4270779271605 33.0542081013034 28.257050833534 376.56821357177

