# Simulated data from SIR age-structured hybrid model
# random seed = 4473883
# Flag=0 if no issues, =1 if negative pop #'s, =2 if NaN, or=3 if NA. Flag:
0

# Number of years (nyr)
50

# Starting age
0

# Ending age
8

# Sample size for comp data
200

# Sample size for fishery age comp data
200

# Sample size for antibody prevalence data
200

# Survey data
24096.4015443257
29635.8881933148
13031.2583729826
28177.6792655634
33186.3153587421
16008.0247633612
11892.4421674347
10957.4333100765
15878.8869166796
13999.8754047545
9363.95783001929
20395.1657634011
8940.91587553732
12074.3056109454
8516.92521779061
32831.1167534201
9903.07492884651
4976.67213256647
11344.9677225042
5204.07053565598
7098.41511838811
8960.02346519104
16143.166429721
11365.1428986185
33150.4423654428
17131.6194086277
60510.9506260039
41886.6029085461
42211.8234831928
50354.7017588856
24053.3806623106
21141.1154254653
25476.2930104452
11952.5023895056
11741.7901813305
13299.3145110208
7642.75900541049
16013.2281672353
12286.1555623943
16462.7943635374
14915.622331107
6374.64699876772
10213.3228388577
10479.2563110917
31874.5736602645
48425.4738597351
39622.136112437
43661.7781463761
41720.6673487284
72441.9412103189

# Catches
0
0
0
0
0
0
0
0
0
0
0
0
0
0
0
0
0
0
0
0
0
0
0
0
0
0
0
0
0
0
0
0
0
0
0
0
0
0
0
0
0
0
0
0
0
0
0
0
0
0

# Catch compositions
-999 -999 -999 -999 -999 -999 -999 -999
-999 -999 -999 -999 -999 -999 -999 -999
-999 -999 -999 -999 -999 -999 -999 -999
-999 -999 -999 -999 -999 -999 -999 -999
-999 -999 -999 -999 -999 -999 -999 -999
-999 -999 -999 -999 -999 -999 -999 -999
-999 -999 -999 -999 -999 -999 -999 -999
-999 -999 -999 -999 -999 -999 -999 -999
-999 -999 -999 -999 -999 -999 -999 -999
-999 -999 -999 -999 -999 -999 -999 -999
-999 -999 -999 -999 -999 -999 -999 -999
-999 -999 -999 -999 -999 -999 -999 -999
-999 -999 -999 -999 -999 -999 -999 -999
-999 -999 -999 -999 -999 -999 -999 -999
-999 -999 -999 -999 -999 -999 -999 -999
-999 -999 -999 -999 -999 -999 -999 -999
-999 -999 -999 -999 -999 -999 -999 -999
-999 -999 -999 -999 -999 -999 -999 -999
-999 -999 -999 -999 -999 -999 -999 -999
-999 -999 -999 -999 -999 -999 -999 -999
-999 -999 -999 -999 -999 -999 -999 -999
-999 -999 -999 -999 -999 -999 -999 -999
-999 -999 -999 -999 -999 -999 -999 -999
-999 -999 -999 -999 -999 -999 -999 -999
-999 -999 -999 -999 -999 -999 -999 -999
-999 -999 -999 -999 -999 -999 -999 -999
-999 -999 -999 -999 -999 -999 -999 -999
-999 -999 -999 -999 -999 -999 -999 -999
-999 -999 -999 -999 -999 -999 -999 -999
-999 -999 -999 -999 -999 -999 -999 -999
-999 -999 -999 -999 -999 -999 -999 -999
-999 -999 -999 -999 -999 -999 -999 -999
-999 -999 -999 -999 -999 -999 -999 -999
-999 -999 -999 -999 -999 -999 -999 -999
-999 -999 -999 -999 -999 -999 -999 -999
-999 -999 -999 -999 -999 -999 -999 -999
-999 -999 -999 -999 -999 -999 -999 -999
-999 -999 -999 -999 -999 -999 -999 -999
-999 -999 -999 -999 -999 -999 -999 -999
-999 -999 -999 -999 -999 -999 -999 -999
-999 -999 -999 -999 -999 -999 -999 -999
-999 -999 -999 -999 -999 -999 -999 -999
-999 -999 -999 -999 -999 -999 -999 -999
-999 -999 -999 -999 -999 -999 -999 -999
-999 -999 -999 -999 -999 -999 -999 -999
-999 -999 -999 -999 -999 -999 -999 -999
-999 -999 -999 -999 -999 -999 -999 -999
-999 -999 -999 -999 -999 -999 -999 -999
-999 -999 -999 -999 -999 -999 -999 -999
-999 -999 -999 -999 -999 -999 -999 -999

# Age composition from fishery-independent survey
0 0 1 5 54 34 25 81
0 0 0 10 15 55 32 88
0 0 8 24 15 4 38 111
0 0 2 32 28 18 7 113
0 0 2 34 48 18 6 92
0 0 5 23 42 43 12 75
0 0 0 11 25 52 30 82
0 0 2 3 38 33 33 91
0 0 6 22 10 28 25 109
0 0 2 55 20 6 21 96
0 0 5 18 78 16 2 81
0 0 14 27 15 47 11 86
0 0 2 56 22 12 42 66
0 0 2 17 76 26 7 72
0 0 3 27 27 70 10 63
0 0 1 24 45 16 56 58
0 0 0 13 37 37 12 101
0 0 3 7 26 26 40 98
0 0 0 33 15 18 30 104
0 0 8 9 28 10 20 125
0 0 3 52 9 21 15 100
0 0 17 26 68 7 17 65
0 0 11 90 26 24 9 40
0 0 7 58 90 14 11 20
0 0 11 47 73 47 7 15
0 0 6 54 47 40 33 20
0 0 0 39 61 31 34 35
0 0 0 11 55 63 20 51
0 0 2 22 21 48 51 56
0 0 3 9 23 19 39 107
0 0 0 24 18 26 11 121
0 0 0 3 28 12 17 140
0 0 1 7 10 39 8 135
0 0 0 7 9 9 34 141
0 0 0 3 18 14 4 161
0 0 5 17 6 17 10 145
0 0 5 29 17 10 10 129
0 0 8 39 48 24 4 77
0 0 2 42 45 35 19 57
0 0 0 14 54 38 35 59
0 0 2 7 24 56 41 70
0 0 3 8 14 21 48 106
0 0 9 32 3 10 29 117
0 0 57 38 17 7 4 77
0 0 10 143 19 6 1 21
0 0 3 53 116 12 3 13
0 0 3 9 80 89 9 10
0 0 0 29 12 55 80 24
0 0 0 13 40 9 48 90
0 0 3 4 26 44 9 114

# Antibody prevalence values
0 0 0 0 0 0 0 7 11 47 24 16 15 3 75 2
0 0 0 0 0 0 0 11 1 12 22 20 13 4 105 12
0 0 0 0 0 2 0 13 0 9 3 8 11 31 116 7
0 0 0 0 0 5 0 24 0 20 0 12 1 8 93 37
0 0 0 0 0 1 0 32 7 41 6 11 0 3 83 16
0 0 0 0 0 5 0 26 8 32 20 22 5 3 67 12
0 0 0 0 0 0 0 25 0 32 6 35 16 16 61 9
0 0 0 0 0 1 0 8 0 27 1 19 7 34 76 27
0 0 0 0 0 3 0 16 0 12 0 30 0 21 78 40
0 0 0 0 0 2 0 53 0 22 0 6 1 17 55 44
0 0 0 0 0 3 0 10 7 69 2 12 1 4 63 29
0 0 0 0 0 6 0 27 1 14 26 38 7 5 54 22
0 0 0 0 0 1 0 57 0 32 4 15 20 23 34 14
0 0 0 0 0 5 0 10 12 75 7 21 9 1 46 14
0 0 0 0 0 4 1 32 2 19 24 39 6 5 56 12
0 0 0 0 0 1 0 27 2 45 2 14 24 23 48 14
0 0 0 0 0 1 0 16 0 59 2 40 1 9 40 32
0 0 0 0 0 2 0 8 0 22 0 30 2 33 60 43
0 0 0 0 0 1 0 21 0 10 0 22 2 36 49 59
0 0 0 0 0 10 0 17 0 29 0 11 0 12 51 70
0 0 0 0 0 4 0 43 0 12 0 33 0 3 32 73
0 0 0 0 0 23 0 29 1 51 1 13 1 15 33 33
0 0 0 0 0 9 0 104 1 25 1 22 0 3 11 24
0 0 0 0 0 3 2 71 16 56 9 5 15 2 18 3
0 0 0 0 0 8 1 34 30 50 45 9 4 0 19 0
0 0 0 0 0 4 1 51 14 34 35 13 28 3 16 1
0 0 0 0 0 2 2 44 25 45 17 6 16 6 36 1
0 0 0 0 0 0 1 17 21 42 39 10 20 1 48 1
0 0 0 0 0 1 1 19 4 21 25 26 40 4 54 5
0 0 0 0 0 6 0 7 0 25 2 27 20 23 84 6
0 0 0 0 0 2 0 25 0 11 0 26 2 13 92 29
0 0 0 0 0 0 0 1 1 26 5 21 2 20 89 35
0 0 0 0 0 1 0 7 0 5 11 19 3 7 103 44
0 0 0 0 0 1 0 10 0 19 1 2 13 30 88 36
0 0 0 0 0 2 0 8 0 28 0 11 1 5 97 48
0 0 0 0 0 4 0 25 0 6 0 18 0 5 89 53
0 0 0 0 0 5 0 52 0 24 0 9 0 10 62 38
0 0 0 0 0 7 0 43 0 47 0 18 0 4 46 35
0 0 0 0 0 4 2 44 4 53 9 25 3 6 36 14
0 0 0 0 0 0 0 12 6 53 9 38 10 19 33 20
0 0 0 0 0 1 0 9 2 30 9 53 13 18 39 26
0 0 0 0 0 2 0 1 0 10 2 27 4 53 43 58
0 0 0 0 0 8 0 29 0 13 0 10 1 16 47 76
0 0 0 0 0 35 1 39 1 33 3 5 1 2 39 41
0 0 0 0 0 7 3 134 4 21 3 5 0 0 12 11
0 0 0 0 0 2 3 45 47 71 13 1 8 1 9 0
0 0 0 0 0 7 1 11 33 45 76 9 5 0 13 0
0 0 0 0 0 2 2 29 3 5 44 12 79 3 21 0
0 0 0 0 0 0 0 28 1 40 0 4 39 9 77 2
0 0 0 0 0 1 0 3 4 22 20 11 5 2 129 3

# Average weight-at-age
70
94
115
134
150
160
165
168

# Maturity logistic function parameter age-at-50%
3

# Maturity logistic function parameter age-at-95%
4

# Infection prevalence index (avg of 3 different samples)
0
0
0
0
0
0
0
0
0
0.0166666666666667
0.0777777777777778
0
0
0
0
0
0
0
0.0111111111111111
0
0
0.00555555555555556
0
0.177777777777778
0
0.0722222222222222
0.00555555555555556
0.00555555555555556
0
0
0.00555555555555556
0.0166666666666667
0
0
0
0
0
0
0.00555555555555556
0
0
0
0
0.00555555555555556
0
0.0444444444444444
0.0222222222222222
0
0.00555555555555556
0

# Simulated data from SIR age-structured hybrid model
# random seed = 4473883
# Flag=0 if no issues, =1 if negative pop #'s, =2 if NaN, or=3 if NA. Flag:
0

# Number of years (nyr)
50

# Starting age
0

# Ending age
8

# Sample size for comp data
200

# Sample size for fishery age comp data
200

# Sample size for antibody prevalence data
200

# Survey data
12056.0175937288
16115.527900886
9029.17045887513
27067.3935320212
30301.5466242112
15666.5525131292
12568.8846621027
14285.51294647
31547.2221192545
36788.108774729
30640.8349916365
159922.822668664
67765.5047334114
78188.2405392473
48695.1935303046
150877.275150013
42840.0813954985
20825.5593771784
51800.9895236271
23611.5703428113
40320.0278058861
44284.3938833409
48920.3265154746
25302.3643843489
60279.3550678149
29201.7801589084
78801.8494238739
49158.8856064078
48055.2082107325
55250.0789818715
23335.7211270501
18702.2772292695
24248.6906208307
11959.046616632
12261.980182579
18782.8362547947
12912.7702489928
29034.2259726916
22667.4121864294
33415.5103501281
35058.5126169128
22983.1437121796
41424.5979126453
30542.0811066657
28075.4321480143
23467.3618015972
16094.3976094102
14841.7798694501
11976.0839458215
18664.1337134296

# Catches
0
0
0
0
0
0
0
0
0
0
0
0
0
0
0
0
0
0
0
0
0
0
0
0
0
0
0
0
0
0
0
0
0
0
0
0
0
0
0
0
0
0
0
0
0
0
0
0
0
0

# Catch compositions
-999 -999 -999 -999 -999 -999 -999 -999
-999 -999 -999 -999 -999 -999 -999 -999
-999 -999 -999 -999 -999 -999 -999 -999
-999 -999 -999 -999 -999 -999 -999 -999
-999 -999 -999 -999 -999 -999 -999 -999
-999 -999 -999 -999 -999 -999 -999 -999
-999 -999 -999 -999 -999 -999 -999 -999
-999 -999 -999 -999 -999 -999 -999 -999
-999 -999 -999 -999 -999 -999 -999 -999
-999 -999 -999 -999 -999 -999 -999 -999
-999 -999 -999 -999 -999 -999 -999 -999
-999 -999 -999 -999 -999 -999 -999 -999
-999 -999 -999 -999 -999 -999 -999 -999
-999 -999 -999 -999 -999 -999 -999 -999
-999 -999 -999 -999 -999 -999 -999 -999
-999 -999 -999 -999 -999 -999 -999 -999
-999 -999 -999 -999 -999 -999 -999 -999
-999 -999 -999 -999 -999 -999 -999 -999
-999 -999 -999 -999 -999 -999 -999 -999
-999 -999 -999 -999 -999 -999 -999 -999
-999 -999 -999 -999 -999 -999 -999 -999
-999 -999 -999 -999 -999 -999 -999 -999
-999 -999 -999 -999 -999 -999 -999 -999
-999 -999 -999 -999 -999 -999 -999 -999
-999 -999 -999 -999 -999 -999 -999 -999
-999 -999 -999 -999 -999 -999 -999 -999
-999 -999 -999 -999 -999 -999 -999 -999
-999 -999 -999 -999 -999 -999 -999 -999
-999 -999 -999 -999 -999 -999 -999 -999
-999 -999 -999 -999 -999 -999 -999 -999
-999 -999 -999 -999 -999 -999 -999 -999
-999 -999 -999 -999 -999 -999 -999 -999
-999 -999 -999 -999 -999 -999 -999 -999
-999 -999 -999 -999 -999 -999 -999 -999
-999 -999 -999 -999 -999 -999 -999 -999
-999 -999 -999 -999 -999 -999 -999 -999
-999 -999 -999 -999 -999 -999 -999 -999
-999 -999 -999 -999 -999 -999 -999 -999
-999 -999 -999 -999 -999 -999 -999 -999
-999 -999 -999 -999 -999 -999 -999 -999
-999 -999 -999 -999 -999 -999 -999 -999
-999 -999 -999 -999 -999 -999 -999 -999
-999 -999 -999 -999 -999 -999 -999 -999
-999 -999 -999 -999 -999 -999 -999 -999
-999 -999 -999 -999 -999 -999 -999 -999
-999 -999 -999 -999 -999 -999 -999 -999
-999 -999 -999 -999 -999 -999 -999 -999
-999 -999 -999 -999 -999 -999 -999 -999
-999 -999 -999 -999 -999 -999 -999 -999
-999 -999 -999 -999 -999 -999 -999 -999

# Age composition from fishery-independent survey
0 0 2 5 11 27 22 133
0 0 13 7 14 17 13 136
0 0 14 59 18 17 10 82
0 0 0 54 70 5 9 62
0 0 7 15 88 41 4 45
0 0 2 21 34 65 37 41
0 0 7 12 39 18 51 73
0 0 5 49 21 22 17 86
0 0 6 54 53 9 14 64
0 0 8 41 62 23 9 57
0 0 45 36 45 27 11 36
0 0 0 132 24 17 12 15
0 0 0 6 143 20 14 17
0 0 0 20 6 125 16 33
0 0 1 2 18 5 133 41
0 0 0 13 4 16 3 164
0 0 0 12 26 4 19 139
0 0 2 2 15 19 6 156
0 0 3 14 12 11 18 142
0 0 8 20 37 9 6 120
0 0 2 67 28 17 3 83
0 0 7 8 86 11 10 78
0 0 2 30 20 69 12 67
0 0 15 20 41 17 51 56
0 0 6 56 27 28 5 78
0 0 2 38 71 16 18 55
0 0 2 4 57 52 14 71
0 0 3 22 7 46 44 78
0 0 1 23 27 2 37 110
0 0 0 6 35 32 2 125
0 0 0 2 25 28 32 113
0 0 0 5 6 21 33 135
0 0 2 7 5 6 12 168
0 0 3 8 9 8 3 169
0 0 4 22 14 11 10 139
0 0 3 46 23 8 4 116
0 0 10 48 52 17 4 69
0 0 5 59 49 32 11 44
0 0 0 27 75 28 17 53
0 0 4 14 48 70 24 40
0 0 24 21 26 21 52 56
0 0 7 86 32 11 13 51
0 0 2 35 108 7 7 41
0 0 0 7 52 79 15 47
0 0 1 2 7 53 92 45
0 0 0 24 4 2 39 131
0 0 1 5 41 5 5 143
0 0 0 3 3 32 3 159
0 0 0 2 9 3 41 145
0 0 1 3 0 6 4 186

# Antibody prevalence values
0 0 0 0 0 1 1 9 0 17 0 19 0 17 79 57
0 0 0 0 0 13 0 8 0 19 0 13 0 18 79 50
0 0 0 0 0 12 0 71 0 16 0 7 0 3 42 49
0 0 0 0 0 2 1 63 13 61 0 1 6 1 32 20
0 0 0 0 0 1 1 12 33 58 33 8 5 2 46 1
0 0 0 0 0 3 1 19 4 22 44 31 33 3 39 1
0 0 0 0 0 6 0 15 1 35 8 16 32 16 60 11
0 0 0 0 0 5 0 35 0 23 2 24 2 15 77 17
0 0 0 0 0 5 0 54 0 53 0 12 0 11 43 22
0 0 0 0 0 12 0 44 17 46 18 11 0 3 43 6
0 0 0 0 0 33 1 51 14 27 26 11 10 2 23 2
0 0 0 0 0 0 3 118 17 22 12 2 10 1 15 0
0 0 0 0 0 0 0 2 68 86 12 1 11 0 20 0
0 0 0 0 0 0 0 15 1 3 130 5 22 0 24 0
0 0 0 0 0 4 0 3 1 16 0 2 119 11 43 1
0 0 0 0 0 4 0 15 0 7 2 17 0 1 149 5
0 0 0 0 0 0 0 6 0 21 0 5 1 23 136 8
0 0 0 0 0 1 0 3 2 13 3 24 1 2 129 22
0 0 0 0 0 1 0 15 0 10 1 10 2 15 122 24
0 0 0 0 0 12 0 17 0 30 0 9 0 7 89 36
0 0 0 0 0 0 2 71 2 37 3 9 0 3 52 21
0 0 0 0 0 4 1 9 26 64 11 5 3 0 67 10
0 0 0 0 0 2 3 33 4 13 54 15 13 2 60 1
0 0 0 0 0 8 0 21 2 52 0 15 41 9 51 1
0 0 0 0 0 5 0 59 4 26 14 18 5 3 58 8
0 0 0 0 0 0 0 30 23 43 12 4 12 4 68 4
0 0 0 0 0 6 0 4 6 24 50 23 13 0 74 0
0 0 0 0 0 3 0 27 0 2 11 30 31 12 83 1
0 0 0 0 0 0 0 32 0 30 0 6 12 25 83 12
0 0 0 0 0 0 0 8 7 32 13 21 2 1 98 18
0 0 0 0 0 1 0 2 0 16 5 27 3 26 96 24
0 0 0 0 0 0 0 7 0 2 0 20 4 21 107 39
0 0 0 0 0 1 0 9 0 13 0 4 0 12 105 56
0 0 0 0 0 5 0 8 0 6 0 20 1 3 90 67
0 0 0 0 0 7 0 34 1 12 1 11 1 6 84 43
0 0 0 0 0 6 0 53 1 29 0 6 1 7 76 21
0 0 0 0 0 18 0 45 0 50 0 18 1 2 46 20
0 0 0 0 0 2 3 63 7 33 17 24 2 8 31 10
0 0 0 0 0 3 0 39 17 54 19 12 10 12 31 3
0 0 0 0 0 1 0 21 2 34 32 39 19 9 35 8
0 0 0 0 0 16 0 23 0 20 6 28 22 34 42 9
0 0 0 0 0 2 0 88 0 28 0 13 1 19 26 23
0 0 0 0 0 0 1 30 40 72 11 3 4 0 37 2
0 0 0 0 0 0 0 5 19 35 69 19 12 1 39 1
0 0 0 0 0 4 0 5 1 11 16 31 58 15 56 3
0 0 0 0 0 0 0 20 0 4 0 6 12 26 113 19
0 0 0 0 0 0 0 3 0 38 0 1 0 7 109 42
0 0 0 0 0 0 0 2 0 2 2 31 0 3 106 54
0 0 0 0 0 0 0 2 0 3 0 3 0 42 92 58
0 0 0 0 0 1 0 2 0 1 0 7 1 1 107 80

# Average weight-at-age
70
94
115
134
150
160
165
168

# Maturity logistic function parameter age-at-50%
3

# Maturity logistic function parameter age-at-95%
4

# Infection prevalence index (avg of 3 different samples)
0
0
0.0722222222222222
0.122222222222222
0
0
0
0
0.111111111111111
0.0333333333333333
0.00555555555555556
0.0111111111111111
0.0166666666666667
0
0
0
0
0
0
0
0
0.0277777777777778
0
0.0333333333333333
0.0444444444444444
0.0722222222222222
0
0
0.0444444444444444
0
0
0
0
0.0222222222222222
0
0
0.0333333333333333
0.00555555555555556
0.0333333333333333
0
0
0.177777777777778
0.0333333333333333
0
0
0
0
0
0
0

