# Simulated data from SIR age-structured hybrid model
# random seed = 7490840
# Flag=0 if no issues, =1 if negative pop #'s, =2 if NaN, or=3 if NA. Flag:
0

# Number of years (nyr)
50

# Starting age
0

# Ending age
8

# Sample size for comp data
20

# Sample size for fishery age comp data
20

# Sample size for antibody prevalence data
20

# Survey data
14518.0165454026
10285.1858389244
6079.00575636382
8288.41878063013
9521.95300707049
11178.1566684436
7075.58492400131
6995.55221871863
5142.13474694792
5662.37490750763
4302.08128482153
4431.79997985593
5563.54317346591
9385.75357616057
16615.9691505321
11287.0866936496
9438.99104231629
13257.8714076699
12058.3572963542
15309.5059050197
19211.1545009985
6194.15495223857
15625.9772683363
10439.5301440921
7890.23700292433
19120.9943710693
19193.4596844314
17525.3842722514
20383.1643915489
19136.9587652638
16195.1436578621
10469.3138734751
17577.4587638269
17996.3024056699
7791.3941366729
12445.1082161419
11295.4623297321
10848.07672861
9303.26128744811
14237.36847845
7329.79257287088
8131.97996251931
3376.39703765174
5860.43568772412
10178.705359035
27169.5766718531
30576.6984475962
39180.2919907826
23447.0489170404
54078.7069003905

# Catches
0
0
0
0
0
0
0
0
0
0
0
0
0
0
0
0
0
0
0
0
0
0
0
0
0
0
0
0
0
0
0
0
0
0
0
0
0
0
0
0
0
0
0
0
0
0
0
0
0
0

# Catch compositions
-999 -999 -999 -999 -999 -999 -999 -999
-999 -999 -999 -999 -999 -999 -999 -999
-999 -999 -999 -999 -999 -999 -999 -999
-999 -999 -999 -999 -999 -999 -999 -999
-999 -999 -999 -999 -999 -999 -999 -999
-999 -999 -999 -999 -999 -999 -999 -999
-999 -999 -999 -999 -999 -999 -999 -999
-999 -999 -999 -999 -999 -999 -999 -999
-999 -999 -999 -999 -999 -999 -999 -999
-999 -999 -999 -999 -999 -999 -999 -999
-999 -999 -999 -999 -999 -999 -999 -999
-999 -999 -999 -999 -999 -999 -999 -999
-999 -999 -999 -999 -999 -999 -999 -999
-999 -999 -999 -999 -999 -999 -999 -999
-999 -999 -999 -999 -999 -999 -999 -999
-999 -999 -999 -999 -999 -999 -999 -999
-999 -999 -999 -999 -999 -999 -999 -999
-999 -999 -999 -999 -999 -999 -999 -999
-999 -999 -999 -999 -999 -999 -999 -999
-999 -999 -999 -999 -999 -999 -999 -999
-999 -999 -999 -999 -999 -999 -999 -999
-999 -999 -999 -999 -999 -999 -999 -999
-999 -999 -999 -999 -999 -999 -999 -999
-999 -999 -999 -999 -999 -999 -999 -999
-999 -999 -999 -999 -999 -999 -999 -999
-999 -999 -999 -999 -999 -999 -999 -999
-999 -999 -999 -999 -999 -999 -999 -999
-999 -999 -999 -999 -999 -999 -999 -999
-999 -999 -999 -999 -999 -999 -999 -999
-999 -999 -999 -999 -999 -999 -999 -999
-999 -999 -999 -999 -999 -999 -999 -999
-999 -999 -999 -999 -999 -999 -999 -999
-999 -999 -999 -999 -999 -999 -999 -999
-999 -999 -999 -999 -999 -999 -999 -999
-999 -999 -999 -999 -999 -999 -999 -999
-999 -999 -999 -999 -999 -999 -999 -999
-999 -999 -999 -999 -999 -999 -999 -999
-999 -999 -999 -999 -999 -999 -999 -999
-999 -999 -999 -999 -999 -999 -999 -999
-999 -999 -999 -999 -999 -999 -999 -999
-999 -999 -999 -999 -999 -999 -999 -999
-999 -999 -999 -999 -999 -999 -999 -999
-999 -999 -999 -999 -999 -999 -999 -999
-999 -999 -999 -999 -999 -999 -999 -999
-999 -999 -999 -999 -999 -999 -999 -999
-999 -999 -999 -999 -999 -999 -999 -999
-999 -999 -999 -999 -999 -999 -999 -999
-999 -999 -999 -999 -999 -999 -999 -999
-999 -999 -999 -999 -999 -999 -999 -999
-999 -999 -999 -999 -999 -999 -999 -999

# Age composition from fishery-independent survey
0 0 0 1 4 5 1 9
0 0 0 0 4 1 1 14
0 0 0 0 0 5 2 13
0 0 3 2 2 0 2 11
0 0 0 5 3 2 0 10
0 0 0 3 7 2 0 8
0 0 0 1 5 8 1 5
0 0 0 0 2 3 5 10
0 0 0 1 5 1 2 11
0 0 0 1 5 2 2 10
0 0 0 1 2 3 1 13
0 0 0 3 3 1 4 9
0 0 0 7 3 2 2 6
0 0 0 5 3 5 3 4
0 0 0 5 6 7 0 2
0 0 0 0 11 5 1 3
0 0 0 3 5 7 4 1
0 0 0 4 6 3 5 2
0 0 0 2 6 3 1 8
0 0 0 3 1 3 2 11
0 0 0 1 2 2 2 13
0 0 0 3 4 6 2 5
0 0 0 0 1 8 3 8
0 0 0 0 1 2 4 13
0 0 1 8 1 2 1 7
0 0 1 3 12 0 0 4
0 0 1 2 6 4 0 7
0 0 0 6 3 3 6 2
0 0 1 3 5 1 4 6
0 0 2 0 1 4 4 9
0 0 1 3 5 1 4 6
0 0 0 3 3 2 2 10
0 0 0 2 2 4 1 11
0 0 0 0 2 2 5 11
0 0 0 0 2 0 1 17
0 0 0 6 0 0 2 12
0 0 0 4 4 1 2 9
0 0 0 3 7 2 0 8
0 0 1 0 7 3 2 7
0 0 0 1 0 6 5 8
0 0 0 1 4 1 6 8
0 0 0 1 1 2 2 14
0 0 0 1 0 2 1 16
0 0 1 2 3 0 1 13
0 0 3 5 4 0 0 8
0 0 0 10 7 1 0 2
0 0 1 3 11 3 0 2
0 0 0 7 5 6 0 2
0 0 0 3 9 3 5 0
0 0 0 2 2 8 3 5

# Antibody prevalence values
0 0 0 0 0 0 0 1 0 3 2 4 0 1 5 4
0 0 0 0 0 0 0 1 0 5 0 1 0 5 5 3
0 0 0 0 0 0 0 1 0 1 0 0 0 2 3 13
0 0 0 0 0 0 0 3 0 2 0 0 0 4 5 6
0 0 0 0 0 1 0 2 0 1 0 4 0 0 5 7
0 0 0 0 0 0 0 2 0 7 0 2 1 0 5 3
0 0 0 0 0 0 0 2 0 1 0 6 0 0 3 8
0 0 0 0 0 0 0 1 0 3 0 3 1 4 3 5
0 0 0 0 0 0 0 2 0 1 0 5 0 3 2 7
0 0 0 0 0 0 0 1 0 4 0 2 0 2 3 8
0 0 0 0 0 0 0 0 0 2 0 6 0 2 4 6
0 0 0 0 0 0 0 9 0 2 0 0 0 2 2 5
0 0 0 0 0 1 0 8 0 2 0 0 0 2 3 4
0 0 0 0 0 0 0 3 0 7 0 1 0 0 1 8
0 0 0 0 0 0 0 4 0 4 1 6 2 0 1 2
0 0 0 0 0 0 0 1 1 7 3 3 0 0 4 1
0 0 0 0 0 1 0 3 0 1 3 4 2 0 3 3
0 0 0 0 0 0 0 0 0 8 0 1 0 6 4 1
0 0 0 0 0 0 0 3 0 3 0 3 0 2 5 4
0 0 0 0 0 1 1 7 0 3 0 3 0 0 4 1
0 0 0 0 0 0 0 1 0 3 0 3 0 3 3 7
0 0 0 0 0 0 0 1 1 4 0 5 0 2 2 5
0 0 0 0 0 0 0 2 0 2 3 2 0 0 7 4
0 0 0 0 0 2 0 0 0 0 1 2 2 5 4 4
0 0 0 0 0 0 0 5 0 0 0 0 0 2 6 7
0 0 0 0 0 2 0 1 5 5 0 0 1 0 5 1
0 0 0 0 0 1 0 3 1 7 3 2 0 0 2 1
0 0 0 0 0 0 0 2 0 3 0 7 5 2 1 0
0 0 0 0 0 1 0 0 1 8 2 2 0 0 4 2
0 0 0 0 0 0 0 4 0 1 1 5 0 1 8 0
0 0 0 0 0 0 0 7 0 6 0 1 1 1 4 0
0 0 0 0 0 0 0 1 1 2 1 1 0 0 10 4
0 0 0 0 0 0 0 3 0 1 1 3 3 0 5 4
0 0 0 0 0 0 0 0 0 2 0 0 1 6 8 3
0 0 0 0 0 1 0 1 0 1 0 2 0 2 7 6
0 0 0 0 0 1 0 3 0 1 0 1 0 0 8 6
0 0 0 0 0 1 0 3 0 5 0 0 0 0 7 4
0 0 0 0 0 0 0 2 0 7 0 2 0 0 6 3
0 0 0 0 0 0 0 1 0 8 0 2 0 4 3 2
0 0 0 0 0 0 0 0 0 3 0 5 1 1 2 8
0 0 0 0 0 0 0 0 0 5 0 1 1 5 4 4
0 0 0 0 0 0 0 0 0 0 0 1 0 1 6 12
0 0 0 0 0 0 0 2 0 1 0 0 0 1 14 2
0 0 0 0 0 1 0 0 0 2 0 1 0 1 8 7
0 0 0 0 0 2 0 6 0 1 0 2 0 1 4 4
0 0 0 0 0 0 0 12 1 5 0 0 0 1 1 0
0 0 0 0 0 1 0 7 7 4 1 0 0 0 0 0
0 0 0 0 0 0 0 5 4 3 3 3 0 0 2 0
0 0 0 0 0 0 0 0 5 10 2 1 1 0 1 0
0 0 0 0 0 1 0 2 0 2 6 4 1 0 4 0

# Average weight-at-age
70
94
115
134
150
160
165
168

# Maturity logistic function parameter age-at-50%
3

# Maturity logistic function parameter age-at-95%
4

# Infection prevalence index (avg of 3 different samples)
0
0.00555555555555556
0.0111111111111111
0.00555555555555556
0
0
0
0
0
0
0
0
0
0
0.1
0
0
0
0.0166666666666667
0
0.00555555555555556
0
0
0
0
0.0111111111111111
0
0.0833333333333333
0
0
0.0166666666666667
0
0
0
0.00555555555555556
0
0
0.00555555555555556
0
0
0
0
0
0
0.0555555555555556
0.122222222222222
0.105555555555556
0.0333333333333333
0
0

