# Simulated data from SIR age-structured hybrid model
# random seed = 9715824
# Flag=0 if no issues, =1 if negative pop #'s, =2 if NaN, or=3 if NA. Flag:
0

# Number of years (nyr)
50

# Starting age
0

# Ending age
8

# Sample size for comp data
200

# Sample size for fishery age comp data
200

# Sample size for antibody prevalence data
200

# Survey data
14370.3418326263
4331.80053777434
5171.10363972269
6455.02553649614
4398.00257369917
12549.2665089975
9757.94309124193
13034.1548792552
14408.7232380238
9227.17847584744
5489.15996965761
8482.56413857717
21253.4991560793
21780.2948472667
64187.1237551371
25389.4700744218
24107.9652723764
12877.3660230161
18189.5064322114
28608.9917220804
10041.1643773833
11210.7085992218
21463.4089496125
15418.9089473963
16029.664427243
15974.3456724841
17647.2744203293
23560.9241991776
11502.481088277
12868.3036393312
9551.32398487837
14706.665215389
12354.7421979853
12494.9942117841
13071.8513870114
14063.5574784327
26410.4613690643
19921.2682459426
20164.1864776958
15061.7214014661
24777.4720694173
62789.4613989481
61530.5521528058
34454.316453802
18359.8545689334
26444.8814252422
18548.0724586895
18758.8869162243
15202.9627240094
16889.871353019

# Catches
0
0
0
0
0
0
0
0
0
0
0
0
0
0
0
0
0
0
0
0
0
0
0
0
0
0
0
0
0
0
0
0
0
0
0
0
0
0
0
0
0
0
0
0
0
0
0
0
0
0

# Catch compositions
-999 -999 -999 -999 -999 -999 -999 -999
-999 -999 -999 -999 -999 -999 -999 -999
-999 -999 -999 -999 -999 -999 -999 -999
-999 -999 -999 -999 -999 -999 -999 -999
-999 -999 -999 -999 -999 -999 -999 -999
-999 -999 -999 -999 -999 -999 -999 -999
-999 -999 -999 -999 -999 -999 -999 -999
-999 -999 -999 -999 -999 -999 -999 -999
-999 -999 -999 -999 -999 -999 -999 -999
-999 -999 -999 -999 -999 -999 -999 -999
-999 -999 -999 -999 -999 -999 -999 -999
-999 -999 -999 -999 -999 -999 -999 -999
-999 -999 -999 -999 -999 -999 -999 -999
-999 -999 -999 -999 -999 -999 -999 -999
-999 -999 -999 -999 -999 -999 -999 -999
-999 -999 -999 -999 -999 -999 -999 -999
-999 -999 -999 -999 -999 -999 -999 -999
-999 -999 -999 -999 -999 -999 -999 -999
-999 -999 -999 -999 -999 -999 -999 -999
-999 -999 -999 -999 -999 -999 -999 -999
-999 -999 -999 -999 -999 -999 -999 -999
-999 -999 -999 -999 -999 -999 -999 -999
-999 -999 -999 -999 -999 -999 -999 -999
-999 -999 -999 -999 -999 -999 -999 -999
-999 -999 -999 -999 -999 -999 -999 -999
-999 -999 -999 -999 -999 -999 -999 -999
-999 -999 -999 -999 -999 -999 -999 -999
-999 -999 -999 -999 -999 -999 -999 -999
-999 -999 -999 -999 -999 -999 -999 -999
-999 -999 -999 -999 -999 -999 -999 -999
-999 -999 -999 -999 -999 -999 -999 -999
-999 -999 -999 -999 -999 -999 -999 -999
-999 -999 -999 -999 -999 -999 -999 -999
-999 -999 -999 -999 -999 -999 -999 -999
-999 -999 -999 -999 -999 -999 -999 -999
-999 -999 -999 -999 -999 -999 -999 -999
-999 -999 -999 -999 -999 -999 -999 -999
-999 -999 -999 -999 -999 -999 -999 -999
-999 -999 -999 -999 -999 -999 -999 -999
-999 -999 -999 -999 -999 -999 -999 -999
-999 -999 -999 -999 -999 -999 -999 -999
-999 -999 -999 -999 -999 -999 -999 -999
-999 -999 -999 -999 -999 -999 -999 -999
-999 -999 -999 -999 -999 -999 -999 -999
-999 -999 -999 -999 -999 -999 -999 -999
-999 -999 -999 -999 -999 -999 -999 -999
-999 -999 -999 -999 -999 -999 -999 -999
-999 -999 -999 -999 -999 -999 -999 -999
-999 -999 -999 -999 -999 -999 -999 -999
-999 -999 -999 -999 -999 -999 -999 -999

# Age composition from fishery-independent survey
0 0 2 11 19 30 15 123
0 0 5 10 31 13 31 110
0 0 9 28 18 15 14 116
0 0 6 57 38 5 17 77
0 0 1 37 68 26 12 56
0 0 0 34 43 58 11 54
0 0 1 17 46 44 28 64
0 0 7 12 30 42 34 75
0 0 2 45 29 28 26 70
0 0 2 35 70 13 15 65
0 0 4 35 65 40 10 46
0 0 22 59 49 22 16 32
0 0 11 119 26 17 8 19
0 0 28 53 91 17 4 7
0 0 0 122 37 32 2 7
0 0 0 14 137 18 17 14
0 0 5 2 13 122 21 37
0 0 3 30 2 9 93 63
0 0 0 10 31 2 9 148
0 0 3 17 8 46 2 124
0 0 2 4 37 10 34 113
0 0 4 35 10 34 7 110
0 0 0 29 57 5 17 92
0 0 6 17 46 48 5 78
0 0 3 57 31 35 25 49
0 0 19 39 72 10 14 46
0 0 4 112 39 20 5 20
0 0 0 22 133 12 12 21
0 0 2 9 33 97 14 45
0 0 0 27 21 43 69 40
0 0 0 12 45 24 22 97
0 0 3 4 18 45 16 114
0 0 15 6 8 10 42 119
0 0 8 93 4 6 8 81
0 0 6 41 80 4 3 66
0 0 19 42 54 45 2 38
0 0 7 89 47 17 23 17
0 0 12 72 64 9 16 27
0 0 13 62 84 15 2 24
0 0 40 24 73 24 18 21
0 0 5 134 17 19 10 15
0 0 6 31 140 6 7 10
0 0 0 36 47 86 6 25
0 0 0 7 60 27 78 28
0 0 2 11 13 43 32 99
0 0 1 20 14 17 39 109
0 0 3 6 44 14 10 123
0 0 1 27 12 35 15 110
0 0 0 8 44 10 28 110
0 0 1 6 14 46 11 122

# Antibody prevalence values
0 0 0 0 0 0 0 17 0 20 0 23 0 13 61 66
0 0 0 0 0 1 0 9 0 30 0 20 1 29 45 65
0 0 0 0 0 8 0 13 0 28 0 18 0 14 32 87
0 0 0 0 0 8 0 40 0 39 0 18 0 14 24 57
0 0 0 0 0 7 0 39 0 61 0 18 0 12 12 51
0 0 0 0 0 2 0 37 1 52 1 49 0 17 15 26
0 0 0 0 0 1 0 21 1 44 0 42 0 37 6 48
0 0 0 0 0 10 0 10 0 26 0 55 0 31 10 58
0 0 0 0 0 5 0 56 0 14 0 23 0 23 7 72
0 0 0 0 0 6 0 45 1 56 0 14 0 19 9 50
0 0 0 0 0 3 0 40 0 49 0 39 0 9 5 55
0 0 0 0 0 29 1 55 3 35 2 23 3 17 11 21
0 0 0 0 0 4 0 114 0 46 1 10 2 9 7 7
0 0 0 0 0 25 0 65 18 64 6 11 2 1 4 4
0 0 0 0 0 2 1 107 9 31 25 9 6 0 7 3
0 0 0 0 0 0 0 12 41 91 15 4 22 2 13 0
0 0 0 0 0 1 0 1 3 9 114 23 21 1 27 0
0 0 0 0 0 3 0 17 0 5 3 8 86 22 54 2
0 0 0 0 0 2 0 8 0 32 0 3 1 2 130 22
0 0 0 0 0 1 0 16 0 15 1 38 0 5 107 17
0 0 0 0 0 6 0 4 0 32 0 11 0 29 105 13
0 0 0 0 0 6 0 39 0 7 0 33 0 5 66 44
0 0 0 0 0 5 0 31 0 55 0 6 0 17 44 42
0 0 0 0 0 18 0 16 3 43 2 29 0 2 49 38
0 0 0 0 0 4 0 58 2 24 2 32 1 21 31 25
0 0 0 0 0 17 0 36 1 73 0 7 1 14 33 18
0 0 0 0 0 1 1 97 2 32 10 18 1 1 30 7
0 0 0 0 0 3 0 18 24 100 15 9 9 0 21 1
0 0 0 0 0 4 0 13 6 39 68 23 13 1 33 0
0 0 0 0 0 1 0 29 0 15 9 32 34 32 44 4
0 0 0 0 0 0 0 11 0 40 1 14 13 24 75 22
0 0 0 0 0 2 0 5 0 15 0 41 0 22 72 43
0 0 0 0 0 11 0 11 0 6 0 14 0 34 76 48
0 0 0 0 0 4 0 87 0 8 0 5 0 8 38 50
0 0 0 0 0 5 0 40 1 86 0 4 0 4 34 26
0 0 0 0 0 16 0 53 6 38 15 23 1 3 32 13
0 0 0 0 0 12 0 85 1 36 7 16 11 16 12 4
0 0 0 0 0 8 0 79 13 69 3 5 6 2 15 0
0 0 0 0 0 2 1 67 11 71 10 8 4 0 24 2
0 0 0 0 0 32 0 24 12 55 12 15 20 3 27 0
0 0 0 0 0 9 0 132 1 13 9 12 8 1 14 1
0 0 0 0 0 4 1 31 38 106 4 0 10 0 6 0
0 0 0 0 0 0 0 31 17 36 82 12 2 0 20 0
0 0 0 0 0 0 0 11 3 57 15 18 66 4 26 0
0 0 0 0 0 3 0 12 1 17 3 35 20 14 88 7
0 0 0 0 0 0 0 24 0 19 1 11 8 30 79 28
0 0 0 0 0 3 0 9 0 39 0 16 1 11 85 36
0 0 0 0 0 0 0 26 0 16 1 46 1 6 70 34
0 0 0 0 0 2 0 9 0 33 1 15 1 26 70 43
0 0 0 0 0 2 0 10 0 12 0 36 1 13 63 63

# Average weight-at-age
70
94
115
134
150
160
165
168

# Maturity logistic function parameter age-at-50%
3

# Maturity logistic function parameter age-at-95%
4

# Infection prevalence index (avg of 3 different samples)
0
0
0
0
0
0
0
0
0
0
0.127777777777778
0
0.0888888888888889
0.116666666666667
0
0.105555555555556
0
0
0
0
0
0
0
0.00555555555555556
0
0.0166666666666667
0.0166666666666667
0
0
0
0
0
0
0.00555555555555556
0.1
0
0.244444444444444
0.183333333333333
0.0444444444444444
0.0444444444444444
0
0.05
0
0
0.00555555555555556
0
0.00555555555555556
0
0
0.00555555555555556

