# Simulated data from SIR age-structured hybrid model
# random seed = 8836937
# Flag=0 if no issues, =1 if negative pop #'s, =2 if NaN, or=3 if NA. Flag:
0

# Number of years (nyr)
50

# Starting age
0

# Ending age
8

# Sample size for comp data
200

# Sample size for fishery age comp data
200

# Sample size for antibody prevalence data
200

# Survey data
13856.8844955912
17204.4949456432
17449.8875561601
5394.81440787758
5873.23627872086
8320.96738557314
9857.10544214065
8547.71464542904
5496.23393457029
4722.14941290985
6396.92164824999
5614.16656263063
6683.87930973997
8913.32460925712
6507.30555876956
8450.94470768346
5272.45027934019
3780.39540405805
4964.95997174621
7045.47000141823
5712.93615786488
7075.58050455823
5887.74515468066
6951.45611492285
15661.3303466861
6017.30362590589
7257.71544802681
10808.2889997825
10603.7446453139
11032.4000420637
6993.32166110106
9288.77931648277
5318.00729165229
5324.48481137297
6789.31163615453
7061.50571718194
9118.09259782819
5448.42088984435
3648.2442771368
6887.2992054077
7855.95238291901
6300.68247225159
13621.3152351799
10434.1422958708
15877.0999412176
9447.34897957389
11250.8023336689
24893.9788601217
25202.4013036301
12584.6279587246

# Catches
0
0
0
0
0
0
0
0
0
0
0
0
0
0
0
0
0
0
0
0
0
0
0
0
0
0
0
0
0
0
0
0
0
0
0
0
0
0
0
0
0
0
0
0
0
0
0
0
0
0

# Catch compositions
-999 -999 -999 -999 -999 -999 -999 -999
-999 -999 -999 -999 -999 -999 -999 -999
-999 -999 -999 -999 -999 -999 -999 -999
-999 -999 -999 -999 -999 -999 -999 -999
-999 -999 -999 -999 -999 -999 -999 -999
-999 -999 -999 -999 -999 -999 -999 -999
-999 -999 -999 -999 -999 -999 -999 -999
-999 -999 -999 -999 -999 -999 -999 -999
-999 -999 -999 -999 -999 -999 -999 -999
-999 -999 -999 -999 -999 -999 -999 -999
-999 -999 -999 -999 -999 -999 -999 -999
-999 -999 -999 -999 -999 -999 -999 -999
-999 -999 -999 -999 -999 -999 -999 -999
-999 -999 -999 -999 -999 -999 -999 -999
-999 -999 -999 -999 -999 -999 -999 -999
-999 -999 -999 -999 -999 -999 -999 -999
-999 -999 -999 -999 -999 -999 -999 -999
-999 -999 -999 -999 -999 -999 -999 -999
-999 -999 -999 -999 -999 -999 -999 -999
-999 -999 -999 -999 -999 -999 -999 -999
-999 -999 -999 -999 -999 -999 -999 -999
-999 -999 -999 -999 -999 -999 -999 -999
-999 -999 -999 -999 -999 -999 -999 -999
-999 -999 -999 -999 -999 -999 -999 -999
-999 -999 -999 -999 -999 -999 -999 -999
-999 -999 -999 -999 -999 -999 -999 -999
-999 -999 -999 -999 -999 -999 -999 -999
-999 -999 -999 -999 -999 -999 -999 -999
-999 -999 -999 -999 -999 -999 -999 -999
-999 -999 -999 -999 -999 -999 -999 -999
-999 -999 -999 -999 -999 -999 -999 -999
-999 -999 -999 -999 -999 -999 -999 -999
-999 -999 -999 -999 -999 -999 -999 -999
-999 -999 -999 -999 -999 -999 -999 -999
-999 -999 -999 -999 -999 -999 -999 -999
-999 -999 -999 -999 -999 -999 -999 -999
-999 -999 -999 -999 -999 -999 -999 -999
-999 -999 -999 -999 -999 -999 -999 -999
-999 -999 -999 -999 -999 -999 -999 -999
-999 -999 -999 -999 -999 -999 -999 -999
-999 -999 -999 -999 -999 -999 -999 -999
-999 -999 -999 -999 -999 -999 -999 -999
-999 -999 -999 -999 -999 -999 -999 -999
-999 -999 -999 -999 -999 -999 -999 -999
-999 -999 -999 -999 -999 -999 -999 -999
-999 -999 -999 -999 -999 -999 -999 -999
-999 -999 -999 -999 -999 -999 -999 -999
-999 -999 -999 -999 -999 -999 -999 -999
-999 -999 -999 -999 -999 -999 -999 -999
-999 -999 -999 -999 -999 -999 -999 -999

# Age composition from fishery-independent survey
0 0 5 48 21 40 53 33
0 0 0 63 47 17 24 49
0 0 0 8 98 36 6 52
0 0 1 2 19 79 33 66
0 0 5 12 7 24 73 79
0 0 8 26 19 11 19 117
0 0 9 27 26 21 3 114
0 0 0 71 37 16 8 68
0 0 3 13 122 16 2 44
0 0 8 31 28 74 19 40
0 0 0 60 40 23 44 33
0 0 4 9 79 35 9 64
0 0 4 25 16 76 25 54
0 0 5 26 56 9 54 50
0 0 0 27 28 32 9 104
0 0 3 8 39 33 28 89
0 0 3 18 9 28 27 115
0 0 8 26 18 10 32 106
0 0 1 57 40 18 4 80
0 0 8 10 68 35 8 71
0 0 5 41 11 44 29 70
0 0 0 34 71 8 37 50
0 0 4 14 60 40 6 76
0 0 3 22 27 40 37 71
0 0 8 25 30 19 39 79
0 0 2 35 32 29 15 87
0 0 6 27 31 34 30 72
0 0 14 43 36 25 18 64
0 0 2 70 45 13 18 52
0 0 3 14 105 21 12 45
0 0 8 44 14 77 17 40
0 0 4 48 58 10 46 34
0 0 5 38 62 30 7 58
0 0 2 35 36 54 32 41
0 0 0 8 47 32 42 71
0 0 1 7 14 45 34 99
0 0 2 18 8 18 48 106
0 0 2 40 20 6 13 119
0 0 6 14 79 14 2 85
0 0 26 31 16 37 12 78
0 0 3 103 24 13 20 37
0 0 3 19 118 17 9 34
0 0 17 18 25 105 5 30
0 0 2 86 26 15 42 29
0 0 6 27 104 12 9 42
0 0 6 77 30 44 9 34
0 0 15 51 73 19 24 18
0 0 8 58 52 35 16 31
0 0 3 58 77 32 18 12
0 0 3 33 69 58 18 19

# Antibody prevalence values
0 0 0 0 0 13 0 52 0 25 3 47 12 11 21 16
0 0 0 0 0 1 0 56 0 60 1 11 4 21 20 26
0 0 0 0 0 1 0 13 10 85 9 14 2 3 51 12
0 0 0 0 0 3 0 10 0 29 18 58 12 9 55 6
0 0 0 0 0 5 0 10 0 8 2 21 19 63 54 18
0 0 0 0 0 7 0 37 0 14 0 12 0 15 66 49
0 0 0 0 0 16 0 31 0 38 0 17 0 4 31 63
0 0 0 0 0 2 0 73 0 32 0 24 0 6 21 42
0 0 0 0 0 2 0 15 3 105 0 28 2 14 18 13
0 0 0 0 0 16 1 26 4 15 25 64 7 6 28 8
0 0 0 0 0 2 0 62 0 33 1 10 14 35 24 19
0 0 0 0 0 3 0 9 0 89 0 27 0 10 33 29
0 0 0 0 0 5 0 24 0 10 3 80 0 20 18 40
0 0 0 0 0 4 0 24 0 47 0 11 1 51 23 39
0 0 0 0 0 1 0 19 0 29 0 28 0 8 15 100
0 0 0 0 0 2 0 10 0 39 0 30 3 28 14 74
0 0 0 0 0 4 0 12 0 8 0 37 1 33 8 97
0 0 0 0 0 6 0 33 0 16 0 11 0 34 11 89
0 0 0 0 0 2 0 44 0 40 0 11 0 10 3 90
0 0 0 0 0 6 0 6 0 59 0 38 0 13 7 71
0 0 0 0 0 1 0 53 0 9 0 50 0 25 6 56
0 0 0 0 0 2 0 34 1 60 0 5 0 27 7 64
0 0 0 0 0 0 0 10 0 48 0 58 0 4 6 74
0 0 0 0 0 3 0 16 1 28 2 39 2 35 9 65
0 0 0 0 0 2 0 30 0 38 0 26 0 28 5 71
0 0 0 0 0 2 0 26 0 34 0 29 0 19 3 87
0 0 0 0 0 4 0 18 1 34 0 27 2 24 9 81
0 0 0 0 0 19 0 36 0 27 1 23 0 14 3 77
0 0 0 0 0 2 0 92 0 38 0 17 0 13 3 35
0 0 0 0 0 5 0 18 14 97 8 16 2 9 15 16
0 0 0 0 0 9 0 32 2 18 31 41 9 10 29 19
0 0 0 0 0 5 0 45 1 45 1 17 21 26 22 17
0 0 0 0 0 2 0 29 0 64 0 36 1 6 29 33
0 0 0 0 0 1 0 39 0 44 0 31 1 24 26 34
0 0 0 0 0 0 0 4 0 55 0 41 1 32 25 42
0 0 0 0 0 0 0 3 0 14 0 67 0 33 13 70
0 0 0 0 0 4 0 10 0 2 0 15 0 42 23 104
0 0 0 0 0 0 1 44 2 24 0 6 1 10 23 89
0 0 0 0 0 5 0 13 0 47 1 21 0 5 34 74
0 0 0 0 0 19 0 35 0 13 0 46 1 11 19 56
0 0 0 0 0 3 0 98 0 29 0 10 0 20 8 32
0 0 0 0 0 4 0 24 7 115 3 6 1 4 20 16
0 0 0 0 0 15 0 19 5 27 40 48 7 5 23 11
0 0 0 0 0 1 0 99 0 13 3 17 21 27 10 9
0 0 0 0 0 2 0 19 7 105 1 11 5 6 24 20
0 0 0 0 0 14 1 73 4 20 15 33 2 2 29 7
0 0 0 0 0 15 0 52 1 81 3 5 9 16 17 1
0 0 0 0 0 7 0 79 7 53 8 22 1 5 14 4
0 0 0 0 0 10 1 47 12 76 9 13 9 4 14 5
0 0 0 0 0 2 2 37 6 51 26 27 8 7 27 7

# Average weight-at-age
70
94
115
134
150
160
165
168

# Maturity logistic function parameter age-at-50%
3

# Maturity logistic function parameter age-at-95%
4

# Infection prevalence index (avg of 3 different samples)
0
0.00555555555555556
0.0222222222222222
0
0
0
0
0
0.0333333333333333
0
0
0
0
0
0
0
0
0
0
0
0
0
0
0
0
0
0
0
0.0555555555555556
0.0388888888888889
0
0
0
0
0
0
0
0
0
0
0.00555555555555556
0.0222222222222222
0
0
0.05
0
0.0166666666666667
0.0555555555555556
0.00555555555555556
0.0222222222222222

