# Simulated data from SIR age-structured hybrid model
# random seed = 9454523
# Flag=0 if no issues, =1 if negative pop #'s, =2 if NaN, or=3 if NA. Flag:
0

# Number of years (nyr)
50

# Starting age
0

# Ending age
8

# Sample size for comp data
200

# Sample size for fishery age comp data
200

# Sample size for antibody prevalence data
200

# Survey data
141928.76638097
108663.50425209
81905.2457514805
97262.8791663803
85605.0532515631
75963.6390906007
57949.305957284
44131.6806464605
76037.3567911156
38382.9616125644
33305.416519942
30901.5733551981
23356.9076342855
43799.18567187
18437.7740780385
22217.908784131
7367.68863098528
12557.5277959949
4084.21013082123
4543.19191905686
3631.67718653825
2906.01817262871
2568.8032599607
3649.72237035881
10786.086299133
12353.9174370101
19979.3641774078
22925.905252475
9732.29295564566
14045.4200829757
13143.2026205412
8886.58144734632
5923.06327316748
8138.06256465109
7876.94102845845
6095.71819999009
4276.69709083597
8388.0577675605
6625.96875559482
15542.9857355696
6879.50396475774
30499.1204160959
17591.3760076784
18735.5517282302
24020.0216256293
17471.7604267444
23909.0119721483
59307.8828815793
36024.2196749325
24378.1364434779

# Catches
0
0
0
0
0
0
0
0
0
0
0
0
0
0
0
0
0
0
0
0
0
0
0
0
0
0
0
0
0
0
0
0
0
0
0
0
0
0
0
0
0
0
0
0
0
0
0
0
0
0

# Catch compositions
-999 -999 -999 -999 -999 -999 -999 -999
-999 -999 -999 -999 -999 -999 -999 -999
-999 -999 -999 -999 -999 -999 -999 -999
-999 -999 -999 -999 -999 -999 -999 -999
-999 -999 -999 -999 -999 -999 -999 -999
-999 -999 -999 -999 -999 -999 -999 -999
-999 -999 -999 -999 -999 -999 -999 -999
-999 -999 -999 -999 -999 -999 -999 -999
-999 -999 -999 -999 -999 -999 -999 -999
-999 -999 -999 -999 -999 -999 -999 -999
-999 -999 -999 -999 -999 -999 -999 -999
-999 -999 -999 -999 -999 -999 -999 -999
-999 -999 -999 -999 -999 -999 -999 -999
-999 -999 -999 -999 -999 -999 -999 -999
-999 -999 -999 -999 -999 -999 -999 -999
-999 -999 -999 -999 -999 -999 -999 -999
-999 -999 -999 -999 -999 -999 -999 -999
-999 -999 -999 -999 -999 -999 -999 -999
-999 -999 -999 -999 -999 -999 -999 -999
-999 -999 -999 -999 -999 -999 -999 -999
-999 -999 -999 -999 -999 -999 -999 -999
-999 -999 -999 -999 -999 -999 -999 -999
-999 -999 -999 -999 -999 -999 -999 -999
-999 -999 -999 -999 -999 -999 -999 -999
-999 -999 -999 -999 -999 -999 -999 -999
-999 -999 -999 -999 -999 -999 -999 -999
-999 -999 -999 -999 -999 -999 -999 -999
-999 -999 -999 -999 -999 -999 -999 -999
-999 -999 -999 -999 -999 -999 -999 -999
-999 -999 -999 -999 -999 -999 -999 -999
-999 -999 -999 -999 -999 -999 -999 -999
-999 -999 -999 -999 -999 -999 -999 -999
-999 -999 -999 -999 -999 -999 -999 -999
-999 -999 -999 -999 -999 -999 -999 -999
-999 -999 -999 -999 -999 -999 -999 -999
-999 -999 -999 -999 -999 -999 -999 -999
-999 -999 -999 -999 -999 -999 -999 -999
-999 -999 -999 -999 -999 -999 -999 -999
-999 -999 -999 -999 -999 -999 -999 -999
-999 -999 -999 -999 -999 -999 -999 -999
-999 -999 -999 -999 -999 -999 -999 -999
-999 -999 -999 -999 -999 -999 -999 -999
-999 -999 -999 -999 -999 -999 -999 -999
-999 -999 -999 -999 -999 -999 -999 -999
-999 -999 -999 -999 -999 -999 -999 -999
-999 -999 -999 -999 -999 -999 -999 -999
-999 -999 -999 -999 -999 -999 -999 -999
-999 -999 -999 -999 -999 -999 -999 -999
-999 -999 -999 -999 -999 -999 -999 -999
-999 -999 -999 -999 -999 -999 -999 -999

# Age composition from fishery-independent survey
0 0 6 45 6 5 19 119
0 0 2 45 56 5 1 91
0 0 1 14 58 52 2 73
0 0 2 8 16 64 47 63
0 0 0 13 20 18 57 92
0 0 2 13 31 16 14 124
0 0 3 24 13 23 12 125
0 0 3 12 48 14 16 107
0 0 1 8 29 44 7 111
0 0 0 9 19 24 30 118
0 0 1 7 17 15 21 139
0 0 1 12 14 16 12 145
0 0 0 7 10 10 17 156
0 0 2 3 14 16 8 157
0 0 0 7 3 13 9 168
0 0 0 1 13 3 9 174
0 0 0 6 5 14 5 170
0 0 2 1 9 4 7 177
0 0 0 3 1 12 6 178
0 0 0 3 1 1 5 190
0 0 0 4 3 3 1 189
0 0 8 4 14 6 0 168
0 0 27 45 3 5 2 118
0 0 25 91 32 1 4 47
0 0 3 94 69 13 0 21
0 0 9 35 105 34 5 12
0 0 2 45 42 76 21 14
0 0 5 10 50 35 69 31
0 0 2 10 25 53 26 84
0 0 1 11 11 20 53 104
0 0 0 7 21 14 24 134
0 0 0 7 14 18 21 140
0 0 2 10 22 12 16 138
0 0 1 13 10 14 5 157
0 0 3 17 21 16 17 126
0 0 4 31 28 11 7 119
0 0 2 44 40 29 12 73
0 0 6 26 55 23 16 74
0 0 12 42 33 37 15 61
0 0 3 71 49 17 23 37
0 0 6 17 96 29 7 45
0 0 3 45 23 69 12 48
0 0 15 28 66 19 41 31
0 0 17 56 34 32 9 52
0 0 1 80 59 12 16 32
0 0 1 22 96 39 8 34
0 0 5 14 27 89 29 36
0 0 4 28 28 35 63 42
0 0 5 26 48 13 14 94
0 0 0 22 46 42 10 80

# Antibody prevalence values
0 0 0 0 6 4 41 7 6 0 2 0 24 0 110 0
0 0 0 0 0 2 33 9 49 0 5 0 2 0 100 0
0 0 0 0 0 3 3 3 57 9 44 5 0 0 76 0
0 0 0 0 0 4 9 1 12 12 54 3 41 0 64 0
0 0 0 0 0 0 4 7 10 1 23 4 47 5 99 0
0 0 0 0 2 6 7 3 21 9 15 4 17 1 112 3
0 0 0 0 1 2 15 21 9 4 21 0 11 1 114 1
0 0 0 0 0 3 3 11 24 16 7 4 19 2 109 2
0 0 0 0 0 3 1 11 16 17 25 13 5 6 101 2
0 0 0 0 0 1 2 14 4 11 13 13 15 13 107 7
0 0 0 0 0 1 0 5 1 19 2 18 3 13 120 18
0 0 0 0 0 1 1 9 0 6 3 18 3 19 108 32
0 0 0 0 0 0 0 8 3 10 0 11 1 14 114 39
0 0 0 0 0 2 0 2 3 8 1 18 0 7 115 44
0 0 0 0 0 0 1 8 0 2 1 6 4 11 109 58
0 0 0 0 0 0 0 0 3 13 0 3 0 4 113 64
0 0 0 0 0 0 0 5 0 6 1 15 0 1 112 60
0 0 0 0 0 0 0 0 0 7 0 3 3 13 104 70
0 0 0 0 0 0 0 3 0 1 2 3 0 5 105 81
0 0 0 0 0 0 0 3 0 4 0 1 1 9 103 79
0 0 0 0 0 2 0 7 0 2 0 2 0 1 94 92
0 0 0 0 0 4 0 2 5 9 1 2 1 1 127 48
0 0 0 0 4 13 18 20 2 0 7 2 3 0 122 9
0 0 0 0 13 13 54 29 35 6 2 0 7 0 41 0
0 0 0 0 1 4 79 25 51 8 4 2 0 0 26 0
0 0 0 0 0 6 13 24 72 29 33 7 2 1 13 0
0 0 0 0 0 1 13 30 29 24 53 16 14 1 19 0
0 0 0 0 0 0 0 14 13 43 15 25 38 13 38 1
0 0 0 0 0 0 0 12 3 23 16 43 16 18 61 8
0 0 0 0 0 0 0 23 1 21 3 18 10 35 64 25
0 0 0 0 0 2 0 6 1 26 0 8 2 18 82 55
0 0 0 0 0 1 0 13 1 14 2 14 1 10 82 62
0 0 0 0 0 3 0 8 1 23 0 18 0 12 70 65
0 0 0 0 0 3 0 15 0 15 0 12 0 14 64 77
0 0 0 0 0 5 2 16 2 15 0 8 2 18 60 72
0 0 0 0 0 6 0 24 2 31 3 19 1 10 51 53
0 0 0 0 1 3 4 39 5 25 3 25 2 16 35 42
0 0 0 0 3 6 6 14 36 36 11 8 9 3 51 17
0 0 0 0 3 8 17 25 19 8 31 11 16 4 55 3
0 0 0 0 2 3 24 28 35 12 12 5 17 1 55 6
0 0 0 0 2 4 3 11 57 43 27 10 10 1 29 3
0 0 0 0 1 2 17 21 18 6 56 13 23 1 42 0
0 0 0 0 6 6 13 13 57 3 20 1 36 0 45 0
0 0 0 0 10 6 47 11 25 2 32 2 12 0 53 0
0 0 0 0 0 1 60 20 47 9 14 1 20 0 28 0
0 0 0 0 0 2 10 11 72 23 32 5 8 0 37 0
0 0 0 0 0 1 5 6 22 7 77 10 35 2 35 0
0 0 0 0 1 5 7 23 8 7 33 4 54 2 55 1
0 0 0 0 0 4 12 24 24 17 7 6 14 4 86 2
0 0 0 0 0 0 8 13 18 15 29 11 13 1 91 1

# Average weight-at-age
70
94
115
134
150
160
165
168

# Maturity logistic function parameter age-at-50%
3

# Maturity logistic function parameter age-at-95%
4

# Infection prevalence index (avg of 3 different samples)
0.00555555555555556
0
0
0.0166666666666667
0.00555555555555556
0.0277777777777778
0
0
0
0.00555555555555556
0
0
0.00555555555555556
0.00555555555555556
0
0
0
0
0
0
0.0111111111111111
0.144444444444444
0.00555555555555556
0.0333333333333333
0
0
0
0
0
0
0.00555555555555556
0.00555555555555556
0
0
0.00555555555555556
0
0.0166666666666667
0.0277777777777778
0.00555555555555556
0
0.0888888888888889
0.194444444444444
0.0777777777777778
0.00555555555555556
0.0111111111111111
0.00555555555555556
0.00555555555555556
0
0.0666666666666667
0.0611111111111111

