# Simulated data from SIR age-structured hybrid model
# random seed = 996047
# Flag=0 if no issues, =1 if negative pop #'s, =2 if NaN, or=3 if NA. Flag:
0

# Number of years (nyr)
50

# Starting age
0

# Ending age
8

# Sample size for comp data
200

# Sample size for fishery age comp data
200

# Sample size for antibody prevalence data
200

# Survey data
60681.1534597005
36089.8194856054
23543.7965718132
40662.9847720006
37243.5659176238
28816.0936402913
18487.9156350187
25690.8905024107
18039.8425728551
21873.7202328783
30920.3579736708
14239.0852722538
13925.4670148937
11840.6512510332
9506.4694599599
5456.79644170399
8062.33926750993
3825.66118658208
3382.35039009073
8941.46138728489
9787.21778574486
13899.364329989
9891.02602974469
9975.32243662368
8710.51530315835
7207.39013717551
6561.68265025118
4661.83730240118
8386.74975849459
6711.6737602189
10644.5411229825
14671.4757236536
9659.45993113024
13324.4748942737
22734.1905253478
23303.4238894472
21736.9381545187
16359.2360673202
28398.7374829212
15145.1897512307
15649.4131640609
21061.5497043056
10233.0284328198
15112.0747588246
26432.6715807087
19342.8949927815
19930.1146154399
8811.68852142112
16383.4979005776
13228.0110268989

# Catches
0
0
0
0
0
0
0
0
0
0
0
0
0
0
0
0
0
0
0
0
0
0
0
0
0
0
0
0
0
0
0
0
0
0
0
0
0
0
0
0
0
0
0
0
0
0
0
0
0
0

# Catch compositions
-999 -999 -999 -999 -999 -999 -999 -999
-999 -999 -999 -999 -999 -999 -999 -999
-999 -999 -999 -999 -999 -999 -999 -999
-999 -999 -999 -999 -999 -999 -999 -999
-999 -999 -999 -999 -999 -999 -999 -999
-999 -999 -999 -999 -999 -999 -999 -999
-999 -999 -999 -999 -999 -999 -999 -999
-999 -999 -999 -999 -999 -999 -999 -999
-999 -999 -999 -999 -999 -999 -999 -999
-999 -999 -999 -999 -999 -999 -999 -999
-999 -999 -999 -999 -999 -999 -999 -999
-999 -999 -999 -999 -999 -999 -999 -999
-999 -999 -999 -999 -999 -999 -999 -999
-999 -999 -999 -999 -999 -999 -999 -999
-999 -999 -999 -999 -999 -999 -999 -999
-999 -999 -999 -999 -999 -999 -999 -999
-999 -999 -999 -999 -999 -999 -999 -999
-999 -999 -999 -999 -999 -999 -999 -999
-999 -999 -999 -999 -999 -999 -999 -999
-999 -999 -999 -999 -999 -999 -999 -999
-999 -999 -999 -999 -999 -999 -999 -999
-999 -999 -999 -999 -999 -999 -999 -999
-999 -999 -999 -999 -999 -999 -999 -999
-999 -999 -999 -999 -999 -999 -999 -999
-999 -999 -999 -999 -999 -999 -999 -999
-999 -999 -999 -999 -999 -999 -999 -999
-999 -999 -999 -999 -999 -999 -999 -999
-999 -999 -999 -999 -999 -999 -999 -999
-999 -999 -999 -999 -999 -999 -999 -999
-999 -999 -999 -999 -999 -999 -999 -999
-999 -999 -999 -999 -999 -999 -999 -999
-999 -999 -999 -999 -999 -999 -999 -999
-999 -999 -999 -999 -999 -999 -999 -999
-999 -999 -999 -999 -999 -999 -999 -999
-999 -999 -999 -999 -999 -999 -999 -999
-999 -999 -999 -999 -999 -999 -999 -999
-999 -999 -999 -999 -999 -999 -999 -999
-999 -999 -999 -999 -999 -999 -999 -999
-999 -999 -999 -999 -999 -999 -999 -999
-999 -999 -999 -999 -999 -999 -999 -999
-999 -999 -999 -999 -999 -999 -999 -999
-999 -999 -999 -999 -999 -999 -999 -999
-999 -999 -999 -999 -999 -999 -999 -999
-999 -999 -999 -999 -999 -999 -999 -999
-999 -999 -999 -999 -999 -999 -999 -999
-999 -999 -999 -999 -999 -999 -999 -999
-999 -999 -999 -999 -999 -999 -999 -999
-999 -999 -999 -999 -999 -999 -999 -999
-999 -999 -999 -999 -999 -999 -999 -999
-999 -999 -999 -999 -999 -999 -999 -999

# Age composition from fishery-independent survey
0 0 2 3 67 36 76 16
0 0 0 11 8 39 32 110
0 0 2 1 12 7 39 139
0 0 8 19 2 13 6 152
0 0 2 73 30 7 5 83
0 0 2 19 85 15 1 78
0 0 14 10 24 61 6 85
0 0 1 73 18 18 30 60
0 0 10 22 89 6 2 71
0 0 1 64 31 36 5 63
0 0 1 6 97 20 33 43
0 0 4 10 17 54 17 98
0 0 2 32 20 14 36 96
0 0 1 5 49 14 12 119
0 0 0 7 18 45 12 118
0 0 2 7 12 15 38 126
0 0 2 17 10 9 6 156
0 0 4 16 27 11 3 139
0 0 8 44 27 17 5 99
0 0 10 47 50 10 13 70
0 0 6 50 52 31 12 49
0 0 3 42 58 26 25 46
0 0 1 27 59 45 22 46
0 0 0 10 53 48 37 52
0 0 1 10 25 43 41 80
0 0 1 2 14 24 50 109
0 0 1 5 8 23 19 144
0 0 36 34 6 1 9 114
0 0 3 123 22 3 1 48
0 0 8 31 128 9 1 23
0 0 2 87 41 53 6 11
0 0 3 38 97 15 33 14
0 0 9 41 30 70 12 38
0 0 13 53 36 26 42 30
0 0 12 60 51 23 15 39
0 0 4 63 64 25 12 32
0 0 5 59 73 32 6 25
0 0 12 44 62 38 24 20
0 0 4 75 43 28 17 33
0 0 1 25 87 14 25 48
0 0 1 7 26 81 17 68
0 0 1 19 14 40 52 74
0 0 3 20 38 8 28 103
0 0 9 17 18 32 3 121
0 0 17 52 21 11 17 82
0 0 2 77 55 16 7 43
0 0 7 28 96 29 5 35
0 0 4 32 35 62 20 47
0 0 3 44 55 36 39 23
0 0 33 29 42 42 14 40

# Antibody prevalence values
0 0 0 0 0 0 0 2 8 50 25 14 70 3 28 0
0 0 0 0 0 0 0 5 1 5 16 33 27 15 95 3
0 0 0 0 0 5 0 3 0 9 1 9 7 26 128 12
0 0 0 0 0 14 0 31 0 3 0 8 0 6 107 31
0 0 0 0 0 1 0 71 0 31 0 2 0 5 69 21
0 0 0 0 0 1 0 19 19 76 5 7 0 1 62 10
0 0 0 0 0 15 0 11 5 35 26 13 12 3 77 3
0 0 0 0 0 5 0 85 0 13 0 17 20 10 45 5
0 0 0 0 0 9 0 18 7 86 0 9 2 6 62 1
0 0 0 0 0 0 0 72 4 20 17 25 1 1 59 1
0 0 0 0 0 0 0 10 4 98 6 14 19 13 36 0
0 0 0 0 0 5 0 14 0 9 16 37 3 3 108 5
0 0 0 0 0 1 0 22 0 16 1 7 20 25 98 10
0 0 0 0 0 2 0 11 0 51 0 17 0 11 82 26
0 0 0 0 0 1 0 9 0 10 0 52 0 15 75 38
0 0 0 0 0 1 0 10 0 7 0 11 0 45 81 45
0 0 0 0 0 7 0 18 0 16 0 7 0 6 55 91
0 0 0 0 0 8 0 19 0 26 0 11 1 10 51 74
0 0 0 0 0 7 0 42 0 28 0 16 0 11 31 65
0 0 0 0 0 8 0 39 0 58 0 16 0 12 20 47
0 0 0 0 0 6 0 43 0 37 0 38 0 15 15 46
0 0 0 0 0 8 0 32 0 63 0 31 1 27 8 30
0 0 0 0 0 1 0 32 0 58 0 46 0 18 9 36
0 0 0 0 0 2 0 15 1 37 3 34 2 36 16 54
0 0 0 0 0 0 0 9 0 24 0 48 1 37 15 66
0 0 0 0 0 1 0 2 0 24 1 18 3 37 16 98
0 0 0 0 0 2 0 3 0 0 1 12 2 25 32 123
0 0 0 0 0 38 0 29 0 4 0 2 2 17 24 84
0 0 0 0 0 4 0 127 0 14 0 2 0 2 5 46
0 0 0 0 0 9 1 28 31 101 5 4 1 1 13 6
0 0 0 0 0 4 1 82 6 27 33 27 5 2 11 2
0 0 0 0 0 7 0 27 9 92 3 11 30 7 14 0
0 0 0 0 0 10 0 42 2 30 19 42 6 7 37 5
0 0 0 0 0 11 0 43 1 50 1 19 13 37 20 5
0 0 0 0 0 6 0 75 0 38 0 23 0 20 21 17
0 0 0 0 0 6 2 68 9 57 6 8 6 3 29 6
0 0 0 0 0 7 0 45 14 58 14 27 12 0 20 3
0 0 0 0 0 10 0 30 8 62 17 18 16 4 34 1
0 0 0 0 0 0 0 68 0 44 9 28 16 7 27 1
0 0 0 0 0 0 0 14 16 87 13 12 11 7 38 2
0 0 0 0 0 5 0 7 2 34 26 46 11 5 59 5
0 0 0 0 0 2 0 24 0 9 3 24 25 28 77 8
0 0 0 0 0 1 0 17 0 37 0 11 1 24 67 42
0 0 0 0 0 9 0 20 0 21 1 32 0 7 55 55
0 0 0 0 0 16 0 48 0 16 0 18 0 15 38 49
0 0 0 0 0 0 0 88 0 39 0 9 0 11 24 29
0 0 0 0 0 6 1 23 17 89 8 16 2 3 23 12
0 0 0 0 0 2 3 43 9 24 38 33 10 3 32 3
0 0 0 0 0 6 0 36 2 61 4 27 9 28 18 9
0 0 0 0 0 29 0 23 1 52 2 31 3 10 33 16

# Average weight-at-age
70
94
115
134
150
160
165
168

# Maturity logistic function parameter age-at-50%
3

# Maturity logistic function parameter age-at-95%
4

# Infection prevalence index (avg of 3 different samples)
0.0166666666666667
0
0
0.00555555555555556
0.0777777777777778
0.00555555555555556
0
0.0555555555555556
0.0888888888888889
0.00555555555555556
0.0166666666666667
0
0
0
0
0
0
0
0
0
0
0
0
0
0
0.00555555555555556
0
0
0.0555555555555556
0.133333333333333
0.0722222222222222
0.0111111111111111
0
0
0.1
0.00555555555555556
0.205555555555556
0
0.0666666666666667
0.0444444444444444
0
0
0
0
0
0.122222222222222
0.0388888888888889
0
0.0111111111111111
0.0444444444444444

