# Simulated data from SIR age-structured hybrid model
# random seed = 4585565
# Flag=0 if no issues, =1 if negative pop #'s, =2 if NaN, or=3 if NA. Flag:
0

# True SSB
31734.299016994
46607.357062138
53981.316743701
52008.243537644
60931.9536489398
61828.478450526
58077.6514038265
75913.7715709064
88601.148709436
84696.3115799956
71654.9801963553
75296.1166308054
68469.9734941011
62725.3134747655
57100.5694920174
56384.0118761838
48654.251952993
35688.409577565
24031.2583809445
19426.0227604418
14497.4810137439
11458.6414509313
10676.2351217409
9139.34016893587
10422.5015111539
17932.6291606109
35634.7699712889
46321.7217827799
48197.5637988295
41201.8276355526
34712.5025970989
32416.22344006
30043.0258610763
26867.1210567873
24563.6536086395
26559.7750313736
48746.123552685
65216.5611810915
59123.1646465039
52806.2372941051
47011.6719939847
33509.2371156208
24412.8949095781
31987.3989480825
38839.2307999754
43664.2418883015
48740.4720246801
50096.3335897653
50901.341331283
50218.0427879002

# True R (numbers)
209.599721245942
337.452791992166
102.523672864171
215.034248007265
644.116494940782
490.039761446455
247.994307860507
186.645596684791
355.554206382425
62.0265330757524
180.657941829168
129.836621258585
258.390804329317
10.2227095291748
25.1546596292135
55.7913467608507
12.8595149059948
5.02160424845585
30.0269069467851
34.9982339684521
16.0396398927982
60.6561226214687
190.43004264398
470.209176394345
345.905478984454
62.0862587799905
74.5893978284631
64.3537572712093
37.6889835132899
38.6867422843603
22.1964706940998
90.6534643027798
184.335082808748
902.826766264783
502.021511577768
230.475449911272
30.0907373284045
44.4758134012641
24.696140664152
22.1267094438606
546.369174181049
255.694189203729
243.070060713237
200.721250578171
147.091873950057
66.6377312412117
140.971278950722
1513.91543226788
1295.33549567569
1400.75635769398

# True infection rate given (selected) susceptible
-999 -999 0.243269262641067 0.243269262641067 0.243269262641067 0.243269262641067 0.243269262641066 0.243269262641066
-999 -999 0.843888119674469 0.843888119674468 0.843888119674468 0.843888119674468 0.843888119674469 0.843888119674468
-999 -999 0.740057625572559 0.74005762557256 0.74005762557256 0.740057625572559 0.740057625572559 0.740057625572559
-999 -999 0.0658501010548646 0.0658501010548635 0.0658501010548639 0.0658501010548636 0.065850101054865 0.0658501010548633
-999 -999 0.745079749265253 0.745079749265252 0.745079749265252 0.745079749265252 0.745079749265253 0.745079749265253
-999 -999 0.482598940663123 0.482598940663123 0.482598940663122 0.482598940663123 0.482598940663122 0.482598940663123
-999 -999 0.0515528076879588 0.0515528076879602 0.0515528076879601 0.0515528076879607 0.05155280768796 0.0515528076879598
-999 -999 0.857468284903843 0.857468284903843 0.857468284903843 0.857468284903844 0.857468284903844 0.857468284903843
-999 -999 0.820942486415478 0.820942486415478 0.820942486415478 0.820942486415478 0.820942486415478 0.820942486415478
-999 -999 0.540840967270245 0.540840967270245 0.540840967270246 0.540840967270245 0.540840967270246 0.540840967270246
-999 -999 0.0295529733769571 0.0295529733769575 0.0295529733769579 0.0295529733769577 0.0295529733769577 0.0295529733769559
-999 -999 0.607726636539866 0.607726636539866 0.607726636539867 0.607726636539867 0.607726636539867 0.607726636539867
-999 -999 0.293340244722369 0.293340244722368 0.293340244722369 0.293340244722369 0.293340244722369 0.293340244722369
-999 -999 0.0314823377746427 0.0314823377746434 0.0314823377746418 0.0314823377746422 0.0314823377746429 0.0314823377746428
-999 -999 0.382680830855713 0.382680830855713 0.382680830855713 0.382680830855712 0.382680830855713 0.382680830855713
-999 -999 0.394382963776566 0.394382963776565 0.394382963776565 0.394382963776565 0.394382963776565 0.394382963776565
-999 -999 0.298499634534111 0.298499634534111 0.29849963453411 0.29849963453411 0.29849963453411 0.29849963453411
-999 -999 0.00309583835640799 0.00309583835640806 0.00309583835640739 0.00309583835640798 0.00309583835640769 0.00309583835640794
-999 -999 0.00204414415839606 0.00204414415839583 0.00204414415839664 0.00204414415839659 0.00204414415839566 0.00204414415839645
-999 -999 0.00522094711090175 0.00522094711090224 0.00522094711090159 0.00522094711090348 0.00522094711090189 0.00522094711090132
-999 -999 0.00253321029475271 0.00253321029475298 0.00253321029475359 0.00253321029475346 0.00253321029475264 0.00253321029475288
-999 -999 0.00185247529245238 0.00185247529245177 0.00185247529245082 0.00185247529245101 0.00185247529245165 0.00185247529245138
-999 -999 0.00239484328521847 0.00239484328521889 0.00239484328521734 0.002394843285218 0.00239484328521827 0.00239484328521848
-999 -999 0.00138078483466363 0.00138078483466283 0.00138078483466352 0.00138078483466419 0.00138078483466358 0.00138078483466407
-999 -999 0.00103704264026621 0.0010370426402654 0.00103704264026689 0.00103704264026587 0.00103704264026595 0.00103704264026582
-999 -999 0.580795797133277 0.580795797133277 0.580795797133276 0.580795797133277 0.580795797133277 0.580795797133276
-999 -999 0.86240078738495 0.86240078738495 0.86240078738495 0.86240078738495 0.862400787384951 0.86240078738495
-999 -999 0.811659626841077 0.811659626841077 0.811659626841077 0.811659626841077 0.811659626841077 0.811659626841077
-999 -999 0.442375246596026 0.442375246596026 0.442375246596026 0.442375246596026 0.442375246596026 0.442375246596026
-999 -999 0.00260866591019549 0.00260866591019482 0.00260866591019472 0.00260866591019491 0.00260866591019463 0.00260866591019507
-999 -999 0.00230159891347435 0.00230159891347395 0.00230159891347528 0.00230159891347422 0.00230159891347389 0.00230159891347478
-999 -999 0.00698793242229416 0.00698793242229442 0.00698793242229453 0.00698793242229364 0.00698793242229453 0.0069879324222935
-999 -999 0.0113965251535945 0.0113965251535941 0.011396525153594 0.0113965251535944 0.0113965251535937 0.0113965251535939
-999 -999 0.0345966565349586 0.0345966565349579 0.0345966565349585 0.0345966565349589 0.0345966565349579 0.0345966565349594
-999 -999 0.108903832118153 0.108903832118152 0.108903832118151 0.108903832118153 0.108903832118153 0.108903832118152
-999 -999 0.462702347857756 0.462702347857757 0.462702347857756 0.462702347857756 0.462702347857756 0.462702347857756
-999 -999 0.905772582672107 0.905772582672106 0.905772582672107 0.905772582672107 0.905772582672107 0.905772582672107
-999 -999 0.850041699193396 0.850041699193395 0.850041699193396 0.850041699193395 0.850041699193395 0.850041699193395
-999 -999 0.491212038819405 0.491212038819405 0.491212038819406 0.491212038819405 0.491212038819405 0.491212038819405
-999 -999 0.015810740097497 0.0158107400974959 0.0158107400974966 0.0158107400974964 0.0158107400974967 0.0158107400974951
-999 -999 0.00536061658694384 0.00536061658694546 0.00536061658694558 0.00536061658694471 0.00536061658694491 0.0053606165869448
-999 -999 0.00396740707969585 0.00396740707969468 0.00396740707969568 0.00396740707969525 0.00396740707969579 0.00396740707969514
-999 -999 0.00863518078963831 0.00863518078963825 0.00863518078963835 0.00863518078963783 0.00863518078963892 0.00863518078963793
-999 -999 0.778891854226215 0.778891854226215 0.778891854226215 0.778891854226215 0.778891854226215 0.778891854226215
-999 -999 0.716197218067353 0.716197218067353 0.716197218067353 0.716197218067353 0.716197218067353 0.716197218067353
-999 -999 0.470012970784506 0.470012970784506 0.470012970784506 0.470012970784506 0.470012970784506 0.470012970784506
-999 -999 0.560840813161568 0.560840813161568 0.560840813161568 0.560840813161568 0.560840813161568 0.560840813161567
-999 -999 0.208794879747836 0.208794879747837 0.208794879747836 0.208794879747835 0.208794879747835 0.208794879747836
-999 -999 0.188371131785023 0.188371131785024 0.188371131785024 0.188371131785024 0.188371131785024 0.188371131785024
-999 -999 0.296643364097871 0.296643364097872 0.296643364097871 0.296643364097871 0.296643364097871 0.296643364097871

# Duration of outbreak (days) based on incidence
0
0
0
0
0
0
0
0
0
0
0
0
0
0
0
0
0
0
0
0
0
0
0
0
0
0
0
0
0
0
0
0
0
0
0
0
0
0
0
0
0
0
0
0
0
0
0
0
0
0

# Duration of outbreak (days) based on prevalence
0
27
15
0
20
0
0
24
19
0
0
0
0
0
0
0
0
0
0
0
0
0
0
0
0
26
29
23
0
0
0
0
0
0
0
0
26
22
0
0
0
0
0
26
18
0
0
0
0
0

# Peak (point) prevalence
0.0408807956398542
0.294679257050484
0.128595599242521
0.00627627362283979
0.14732531503801
0.0397595603505257
0.00524237086549311
0.265149271630461
0.175182518460103
0.0445617943660096
0.00212743495475385
0.0745424968979755
0.0206534759981666
0.00241646515742684
0.0370996366738378
0.036982589300957
0.0247829455283454
0.000101750915595165
7.29966936510691e-05
0.00022828601608705
0.000108125508192451
8.65869570992355e-05
0.000141491036972214
8.752260599762e-05
8.15588009384373e-05
0.136095600092375
0.35609057194931
0.204821199411653
0.033007505742891
7.96682259993036e-05
9.20768303029934e-05
0.000379996249924211
0.000802528747195649
0.0036626460809205
0.0163548314050075
0.0761088512134831
0.4168688367611
0.241771107661523
0.0393029712489703
0.000856043641222016
0.000231087983868086
0.000155593034980203
0.000456630365686164
0.214473947687843
0.133809741622554
0.0470508354883329
0.0652937956123932
0.021623263860147
0.0213839542707065
0.0368912827450367

# Day of peak prevalence
119
33
42
119
48
82
119
30
31
70
119
68
107
119
98
93
105
79
76
95
76
78
90
93
111
84
29
34
85
86
108
119
119
119
119
92
22
26
80
119
119
85
119
41
48
88
76
119
119
107

# Total immunity
0.0810882736108378
0.0752346675835455
0.198201726474006
0.235632947524634
0.128434111296723
0.153992579598503
0.157321080088911
0.13904587913109
0.223056474122069
0.341428537533589
0.340819051191776
0.293469188728515
0.306602876737076
0.341260295522867
0.331305010601149
0.382130004432594
0.482431715927554
0.561080014262778
0.47525611981523
0.383416293556549
0.34213113583858
0.216976370129479
0.088230039866509
0.0290453058321582
0.0181552475032536
0.0168273817140282
0.0677499490680194
0.229387216964785
0.426020272379658
0.470826093451566
0.436665546043942
0.320682572974117
0.195699809390904
0.0583795718772018
0.0396200397521147
0.0368203002530407
0.0718838847882273
0.248742586381196
0.476462044781407
0.571655508533818
0.217038854321726
0.151427595835873
0.105089623673608
0.0799103048773851
0.151108284013423
0.234685418707824
0.247479811846298
0.0914902532061895
0.0581770358328471
0.0400901576527902

# Observed immunity (based on survey selectivity)
0.332341232184232
0.247015439942138
0.510669632035034
0.62109100746445
0.443153973367253
0.619615536709316
0.602875604645037
0.370241142947595
0.513155555196187
0.655066649517956
0.677011263161194
0.536203507173375
0.65824999694627
0.638778882236833
0.527760630838638
0.535682503662755
0.602545593422818
0.685701163941121
0.631542119833685
0.586525170231931
0.565697831631909
0.512089329428706
0.427635272588356
0.356866176999146
0.246543099128245
0.111462715773517
0.183528095769736
0.392753479060417
0.632997191307859
0.697324852614322
0.612805868641106
0.548330153259045
0.499626950210921
0.454468224029187
0.375932219975893
0.256383249069616
0.202169689309109
0.410864801606921
0.624060545568613
0.698366427442771
0.662854379705904
0.62629811432245
0.549219280716201
0.309343629788315
0.431819557202593
0.528540583985398
0.511366593394798
0.579003095341671
0.548533493407281
0.444675272311488

# True total proportion of susceptible
1 1 1 0.99934805350097 0.993232446380782 0.965228824021194 0.748207344096222 0.241755253671931
1 1 1 0.991100315193001 0.907218861303976 0.812450236502208 0.777737222452091 0.295817037237848
1 1 1 0.969733088974539 0.65036203074939 0.21881491442026 0.148871098009745 0.0642087816339617
1 1 1 0.973103769692998 0.675915901386388 0.21005060897926 0.0551021206779873 0.0171517779941193
1 1 1 0.997569494652609 0.948955372315312 0.639899913364811 0.196318880649367 0.0265171921375003
1 1 1 0.973122607398744 0.698029484292395 0.332000149813034 0.179627561773016 0.0292722729379708
1 1 1 0.982002919063614 0.783123555652269 0.400027832774007 0.171098671524051 0.0270829144062532
1 1 1 0.998096429504667 0.963026897669779 0.751801925649816 0.380752834514723 0.0596378868165814
1 1 1 0.969171363861614 0.648435278972548 0.219020817640816 0.121099920528318 0.0226889667133201
1 1 1 0.970356386345216 0.641723149498328 0.156881532128341 0.0376630134936714 0.00539909317143858
1 1 1 0.979734926170124 0.754866590391363 0.325730193341391 0.068577895922438 0.00531630384980898
1 1 1 0.998916907950549 0.968983712227551 0.737583851170809 0.316601175745161 0.0328559223905261
1 1 1 0.977729291196577 0.755360549325027 0.470247548510753 0.316373592523816 0.0452041025029201
1 1 1 0.989120299501826 0.865740172810868 0.57127578416638 0.339431719792604 0.0642727491499939
1 1 1 0.998820222965182 0.977342708590652 0.845056660590291 0.555228069688186 0.0999022884180622
1 1 1 0.985879212989453 0.849565937753832 0.68096511678171 0.563266589591762 0.135625191000631
1 1 1 0.98525144002496 0.830894680986753 0.569186734960044 0.432653778404116 0.0952597734845946
1 1 1 0.988628701733491 0.867424251416263 0.623370705956125 0.407562448788242 0.109580945460347
1 1 1 0.999882471915094 0.987453868044073 0.865369660557135 0.621668282307909 0.151939170179819
1 1 1 0.999924952783638 0.999132054855225 0.98603794407354 0.863995604760453 0.282078788638851
1 1 1 0.999806263682184 0.997986980564179 0.99545034910951 0.982191619340096 0.289306900708551
1 1 1 0.999906468657175 0.998871001733628 0.996211965398026 0.993584727089012 0.322750756326139
1 1 1 0.999932607404959 0.999232569744564 0.997591411139139 0.994867117574775 0.402167325899492
1 1 1 0.999911263881944 0.999045307542593 0.997547505475102 0.995819369908486 0.421961864809078
1 1 1 0.999950053600629 0.999411826669119 0.998096913467848 0.996550081972455 0.432229779736372
1 1 1 0.999962488267275 0.999574968080116 0.998699457054775 0.997347636454745 0.518661697862051
1 1 1 0.978630926140085 0.766988883587285 0.513153891525657 0.481331771057103 0.271245881579243
1 1 1 0.968808588310809 0.629364495607988 0.155379984536492 0.0709311588141756 0.0379087210293121
1 1 1 0.97086218525006 0.647682203113849 0.160782560990885 0.0285041506127395 0.00875790697107904
1 1 1 0.983524898690333 0.798255395633787 0.393847831052231 0.0875040098582473 0.0107105179774584
1 1 1 0.999903708588607 0.982564145489461 0.796661101724002 0.392891342641272 0.0618795979752115
1 1 1 0.999916826488733 0.999071918180873 0.98099900459534 0.795219459132187 0.193399673104091
1 1 1 0.999747455967111 0.997389552741874 0.994268753130466 0.975995572000862 0.246736010819171
1 1 1 0.99958403971381 0.995582742755907 0.98947663273039 0.985953173072282 0.335269345892848
1 1 1 0.9987094695376 0.986621194301738 0.970895103110505 0.963569530206641 0.406189660642469
1 1 1 0.99582277347679 0.956299235810021 0.905335595227598 0.886025632248122 0.405064289525623
1 1 1 0.982882991224179 0.813005535989228 0.593592426197516 0.536289847833857 0.249073674536217
1 1 1 0.96746258541523 0.615230342519057 0.132055476698842 0.0581160439123466 0.0237386162585888
1 1 1 0.969234622824798 0.626485299302713 0.126946345779726 0.0179680696761945 0.00421780000740295
1 1 1 0.981849388510078 0.777997505583055 0.352323768876814 0.0627578818655275 0.00446658315821471
1 1 1 0.99942253324381 0.976119084313276 0.768610870395855 0.34711154404521 0.0439913214849147
1 1 1 0.999797235616304 0.997394652562142 0.972316459135714 0.76518182468253 0.15186347303209
1 1 1 0.999850527735081 0.998302489652226 0.994558457890119 0.969374814343824 0.284138704293823
1 1 1 0.999684284436512 0.996690643634486 0.992298453384669 0.988251419718587 0.307044006052138
1 1 1 0.971740480471883 0.682410447532723 0.311168493425083 0.262191723306474 0.0775572628129102
1 1 1 0.97405280087492 0.68897558135827 0.240886257671681 0.0887681103610838 0.0231188659948781
1 1 1 0.982709225162191 0.791898413716075 0.406911544780323 0.127097474697748 0.0133048791914676
1 1 1 0.979498914070564 0.762588003090959 0.40819206336441 0.183327009710334 0.0335092048875546
1 1 1 0.992369489361364 0.901858277501192 0.635075766815674 0.328123832162066 0.0611038523877343
1 1 1 0.992884071564334 0.919547551003626 0.768226938618977 0.526635757309259 0.116209447684282

# True vulnerable proportion of susceptible
0 0 0.05 0.499674026750485 0.943570824061743 0.965228824021194 0.748207344096222 0.241755253671931
0 0 0.05 0.4955501575965 0.861857918238777 0.812450236502208 0.777737222452091 0.295817037237848
0 0 0.05 0.484866544487269 0.617843929211921 0.21881491442026 0.148871098009745 0.0642087816339617
0 0 0.05 0.486551884846499 0.642120106317068 0.21005060897926 0.0551021206779873 0.0171517779941193
0 0 0.05 0.498784747326305 0.901507603699546 0.639899913364811 0.196318880649367 0.0265171921375003
0 0 0.05 0.486561303699372 0.663128010077776 0.332000149813034 0.179627561773016 0.0292722729379708
0 0 0.05 0.491001459531807 0.743967377869655 0.400027832774007 0.171098671524051 0.0270829144062532
0 0 0.05 0.499048214752333 0.91487555278629 0.751801925649816 0.380752834514723 0.0596378868165814
0 0 0.05 0.484585681930807 0.61601351502392 0.219020817640816 0.121099920528318 0.0226889667133201
0 0 0.05 0.485178193172608 0.609636992023412 0.156881532128341 0.0376630134936714 0.00539909317143858
0 0 0.05 0.489867463085062 0.717123260871794 0.325730193341391 0.068577895922438 0.00531630384980898
0 0 0.05 0.499458453975275 0.920534526616173 0.737583851170809 0.316601175745161 0.0328559223905261
0 0 0.05 0.488864645598288 0.717592521858775 0.470247548510753 0.316373592523816 0.0452041025029201
0 0 0.05 0.494560149750913 0.822453164170324 0.57127578416638 0.339431719792604 0.0642727491499939
0 0 0.05 0.499410111482591 0.928475573161119 0.845056660590291 0.555228069688186 0.0999022884180622
0 0 0.05 0.492939606494727 0.80708764086614 0.68096511678171 0.563266589591762 0.135625191000631
0 0 0.05 0.49262572001248 0.789349946937416 0.569186734960044 0.432653778404116 0.0952597734845946
0 0 0.05 0.494314350866746 0.82405303884545 0.623370705956125 0.407562448788242 0.109580945460347
0 0 0.05 0.499941235957547 0.93808117464187 0.865369660557135 0.621668282307909 0.151939170179819
0 0 0.05 0.499962476391819 0.949175452112464 0.98603794407354 0.863995604760453 0.282078788638851
0 0 0.05 0.499903131841092 0.94808763153597 0.99545034910951 0.982191619340096 0.289306900708551
0 0 0.05 0.499953234328587 0.948927451646947 0.996211965398026 0.993584727089012 0.322750756326139
0 0 0.05 0.49996630370248 0.949270941257336 0.997591411139139 0.994867117574775 0.402167325899492
0 0 0.05 0.499955631940972 0.949093042165463 0.997547505475102 0.995819369908486 0.421961864809078
0 0 0.05 0.499975026800314 0.949441235335663 0.998096913467848 0.996550081972455 0.432229779736372
0 0 0.05 0.499981244133637 0.94959621967611 0.998699457054775 0.997347636454745 0.518661697862051
0 0 0.05 0.489315463070042 0.728639439407921 0.513153891525657 0.481331771057103 0.271245881579243
0 0 0.05 0.484404294155404 0.597896270827589 0.155379984536492 0.0709311588141756 0.0379087210293121
0 0 0.05 0.48543109262503 0.615298092958156 0.160782560990885 0.0285041506127395 0.00875790697107904
0 0 0.05 0.491762449345166 0.758342625852097 0.393847831052231 0.0875040098582473 0.0107105179774584
0 0 0.05 0.499951854294303 0.933435938214988 0.796661101724002 0.392891342641272 0.0618795979752115
0 0 0.05 0.499958413244367 0.949118322271829 0.98099900459534 0.795219459132187 0.193399673104091
0 0 0.05 0.499873727983556 0.94752007510478 0.994268753130466 0.975995572000862 0.246736010819171
0 0 0.05 0.499792019856905 0.945803605618111 0.98947663273039 0.985953173072282 0.335269345892848
0 0 0.05 0.4993547347688 0.937290134586651 0.970895103110505 0.963569530206641 0.406189660642469
0 0 0.05 0.497911386738395 0.90848427401952 0.905335595227598 0.886025632248122 0.405064289525623
0 0 0.05 0.491441495612089 0.772355259189767 0.593592426197516 0.536289847833857 0.249073674536217
0 0 0.05 0.483731292707615 0.584468825393105 0.132055476698842 0.0581160439123466 0.0237386162585888
0 0 0.05 0.484617311412399 0.595161034337578 0.126946345779726 0.0179680696761945 0.00421780000740295
0 0 0.05 0.490924694255039 0.739097630303902 0.352323768876814 0.0627578818655275 0.00446658315821471
0 0 0.05 0.499711266621905 0.927313130097612 0.768610870395855 0.34711154404521 0.0439913214849147
0 0 0.05 0.499898617808152 0.947524919934035 0.972316459135714 0.76518182468253 0.15186347303209
0 0 0.05 0.49992526386754 0.948387365169615 0.994558457890119 0.969374814343824 0.284138704293823
0 0 0.05 0.499842142218256 0.946856111452762 0.992298453384669 0.988251419718587 0.307044006052138
0 0 0.05 0.485870240235942 0.648289925156087 0.311168493425083 0.262191723306474 0.0775572628129102
0 0 0.05 0.48702640043746 0.654526802290356 0.240886257671681 0.0887681103610838 0.0231188659948781
0 0 0.05 0.491354612581095 0.752303493030271 0.406911544780323 0.127097474697748 0.0133048791914676
0 0 0.05 0.489749457035282 0.724458602936411 0.40819206336441 0.183327009710334 0.0335092048875546
0 0 0.05 0.496184744680682 0.856765363626133 0.635075766815674 0.328123832162066 0.0611038523877343
0 0 0.05 0.496442035782167 0.873570173453445 0.768226938618977 0.526635757309259 0.116209447684282

# True survival by age
0.847905634215461 0.847905634215461 0.844678857519716 0.81565915335884 0.787014374575188 0.785627369940081 0.799715935654849 0.83259371143903
0.843319637017977 0.843319637017977 0.8324600154593 0.735693388785026 0.656167059311162 0.666935253273469 0.674488290383956 0.77934697646522
0.765229066771746 0.765229066771746 0.756471842696136 0.680324306360114 0.657212789893972 0.727342038684006 0.739631456775201 0.754506976240774
0.806028855527816 0.806028855527816 0.80520757663389 0.798049736083621 0.795635610371435 0.8029539000839 0.805572623242163 0.806214006984206
0.841929018947328 0.841929018947328 0.832289871429532 0.745772785979716 0.668153931431705 0.718709785995182 0.804400255813795 0.837202349211486
0.753756473883552 0.753756473883552 0.747973188270464 0.697493667545172 0.677231168125454 0.715744483683684 0.733457509514755 0.750936028119911
0.80431563212008 0.80431563212008 0.803678996075738 0.798072462710254 0.794946721020309 0.799509393613891 0.802533872185047 0.804436524380745
0.807442745860356 0.807442745860356 0.796859074768775 0.701808401053676 0.613805358038274 0.648423407074682 0.727139769842186 0.795262833115967
0.763863280298578 0.763863280298578 0.754237405752766 0.670589398407937 0.645467620635265 0.722137157212711 0.741043712404319 0.760044887685879
0.70764221429182 0.70764221429182 0.701537098997744 0.648420667784874 0.633443795645354 0.689050608698131 0.703687214135448 0.707648295660583
0.820225815388845 0.820225815388845 0.819864607019332 0.816695933443341 0.81515409558928 0.81817222524638 0.820144174464819 0.820629290282554
0.800904360256973 0.800904360256973 0.793300154570575 0.724945190292501 0.660920755664643 0.68885710082414 0.753086463658663 0.796377501257448
0.796499527321919 0.796499527321919 0.792799960849908 0.760338813147198 0.743525074611142 0.761967676887296 0.773429230521839 0.793627734121696
0.743312453847572 0.743312453847572 0.742964114767128 0.739873518382882 0.737663519378601 0.739590888191178 0.741345825347526 0.743428633474566
0.811296442483277 0.811296442483277 0.806402869236495 0.762418990312143 0.720435683797004 0.7286613538535 0.757161691409199 0.801936219773082
0.759222567508513 0.759222567508513 0.754446673218577 0.712146090251111 0.682217254126228 0.69436058726204 0.705670181049323 0.746762033429825
0.711599248014852 0.711599248014852 0.708155325559779 0.677677713375262 0.657341965731536 0.672679670768806 0.682174209775446 0.705636680823615
0.618401662574185 0.618401662574185 0.618410909872885 0.618502324279356 0.618661798209495 0.618822999424193 0.618958451190069 0.619145478884718
0.74564673536437 0.74564673536437 0.745652482536181 0.745704270632081 0.745762066610022 0.745826738463488 0.745944506342409 0.746171501370504
0.714417705695527 0.714417705695527 0.714390781212828 0.714148530359747 0.713907154533132 0.713895903648718 0.714041770033075 0.714737283593704
0.722169672548256 0.722169672548256 0.722172633956643 0.722199405376893 0.722227119474122 0.722231554552 0.722239288440875 0.722643451849462
0.787276565685571 0.787276565685571 0.787279388636664 0.787304840691301 0.787330722231131 0.787334760320086 0.787335964075743 0.787643328727229
0.716425402036253 0.716425402036253 0.716430605483502 0.716477477014017 0.7165246928465 0.716530793296587 0.716532288933834 0.716857681136878
0.81886995683764 0.81886995683764 0.818874657470427 0.818916998678173 0.818959610544641 0.818964835711915 0.818965446087617 0.81916813196709
0.824538797102543 0.824538797102543 0.82454717975579 0.824622641162732 0.824698229548159 0.824706958489574 0.824707371654507 0.824858103883859
0.817417520154751 0.817417520154751 0.809966598162453 0.742911112096456 0.675910364443198 0.668593470935082 0.668795525972196 0.740344150905039
0.733908894744512 0.733908894744512 0.724186586483929 0.638776641372829 0.59237236048661 0.634430233129819 0.640637671758694 0.68161845011427
0.836101143426537 0.836101143426537 0.825732819722789 0.735664691014917 0.71226910139028 0.804226015323887 0.821772412307691 0.82863366582768
0.762843511079759 0.762843511079759 0.757483219490217 0.710818913159043 0.697078824562538 0.746080359064121 0.760336037455565 0.762464095223948
0.729217215204039 0.729217215204039 0.729218368225929 0.72923892551257 0.729361688592449 0.729607832581691 0.72979359253312 0.729840158366459
0.828232685539016 0.828232685539016 0.82822427065842 0.828148585912275 0.828083028362412 0.828185350569971 0.828425545916674 0.82862245883297
0.838574568703991 0.838574568703991 0.838503307516329 0.837862049655363 0.837222237174614 0.837184091850068 0.83752382474442 0.83862436558855
0.807339683812282 0.807339683812282 0.807218313590453 0.806126407361789 0.805040902065062 0.804928897798422 0.804981883031047 0.807096456690545
0.751951561109092 0.751951561109092 0.751562063425892 0.748058448158672 0.74458638307394 0.744249750003031 0.744279262110621 0.749729317731265
0.68915478381248 0.68915478381248 0.687949022036618 0.6771136318955 0.666561194746973 0.665761832572427 0.665943628307691 0.67977589570022
0.800191135775339 0.800191135775339 0.794344610727738 0.741972144242688 0.693982918111459 0.694375938870303 0.696643275892801 0.753116789586402
0.765691024484832 0.765691024484832 0.755110283743699 0.661704287225237 0.602353689234017 0.640305146288492 0.652463237615418 0.713402911976347
0.702559282639043 0.702559282639043 0.693382266356625 0.61379714339311 0.595546550553672 0.67891022720586 0.692531224297078 0.698864175801149
0.784373746107986 0.784373746107986 0.778300111802633 0.725521998046427 0.712272413052148 0.769407801956666 0.782702427178876 0.784379868669849
0.819611556724104 0.819611556724104 0.81942951824724 0.817832300753847 0.817019594319841 0.818617424085721 0.819800693942474 0.820038893052816
0.665854847084559 0.665854847084559 0.665833566942598 0.665642596038184 0.665477858564426 0.665699017021795 0.666190436146542 0.666543839023253
0.650200312135672 0.650200312135673 0.650196607993507 0.650163433377956 0.650132110381071 0.650149463334041 0.650323305789939 0.650838047174351
0.787569849349885 0.787569849349885 0.787488199495107 0.786753549679465 0.786022008111127 0.785948535401614 0.786002605408045 0.78747382702895
0.774348914271524 0.774348914271524 0.765040913553414 0.681298464776707 0.598083958136025 0.589626788358875 0.590382374639664 0.71756465643069
0.811559053913069 0.811559053913069 0.802590294462663 0.724419075164918 0.695419006768819 0.756062155287291 0.764870054596238 0.79807440296488
0.814637254675027 0.814637254675027 0.808622977022588 0.756066858119994 0.73604910063801 0.786008608743584 0.804375657212692 0.812302277898995
0.825775267318596 0.825775267318596 0.818551000514221 0.754789201053147 0.717168349670648 0.767238745892352 0.807788662919869 0.824279185732977
0.848752982033462 0.848752982033462 0.845984699215244 0.821645479905158 0.808733160565338 0.826378266983537 0.83891360037387 0.847265347791901
0.744245608240148 0.744245608240148 0.741995831385232 0.721924094279433 0.705753963284631 0.715889313706633 0.72988522637012 0.742060384414146
0.67901457362276 0.67901457362276 0.675709671789005 0.646205842980507 0.621331110447177 0.628402824904837 0.64454512625506 0.671968416857431

# True Numbers-at-age
209.599721245942 108.122520266877 292.299074774552 76.4548642222556 13.2482818271704 30.5566894955628 30.6630376430334 77.9449508534935
337.452791992166 177.720784574424 91.67769411986 246.898848534639 62.3611098216901 10.4265882364063 24.0061716024747 89.4181957577613
102.523672864171 284.580566053536 149.875427537854 76.3180146642916 181.641850565569 40.9193060470788 6.95385926622583 85.8796821476034
215.034248007265 78.4540945078616 217.769320982523 113.376540844431 51.9210003892652 119.377347371702 29.7623314818171 69.9401123569954
644.116494940782 173.32380882058 63.2362640076428 175.349507213545 90.4801184989722 41.3101968358085 95.8545066537782 80.362417677869
490.039761446455 542.300368673284 145.926344320525 52.6309020406049 130.770890514816 60.4546468914948 29.6900427272828 144.384994541431
247.994307860507 369.370642650617 408.762413676925 109.148993014077 36.7097208905122 88.5621229401544 43.2700800256324 130.200279117197
186.645596684791 199.465698489006 297.090581930131 328.513766257366 87.1088056570886 29.1822722514834 70.8062492090417 139.463564879168
355.554206382425 150.705633089912 161.057131292916 236.739326239362 230.553721021203 53.4678516446357 18.9224683994878 162.396229475511
62.0265330757524 271.594802411237 115.118499251534 121.475312884352 158.754882362354 148.814961736163 38.6111223889282 137.450800222935
180.657941829168 43.8925932105703 192.191947368437 80.7598980058954 78.767103499848 100.562295260841 102.541039967692 124.436977663451
129.836621258585 148.1803076433 36.0018380556709 157.571375401504 65.9562802867138 64.2073270156058 82.2772768894459 186.21506523793
258.390804329317 103.986716087034 118.678254495738 28.5602636943885 114.230610725094 43.5918746079238 44.2296731396377 210.259391842813
10.2227095291748 205.808153512632 82.8253702110809 94.0881155179568 21.7154770005624 84.9333233622519 33.2155994261621 201.07620678864
25.1546596292135 7.59866730510191 152.979763609312 61.5362778591354 69.6133050662857 16.0187151892199 62.8159120625164 174.110055608129
55.7913467608507 20.4078858690586 6.16477175224317 123.36332030967 46.9164268329295 50.1519090367989 11.6722186967706 187.186962043531
12.8595149059948 42.3580495325308 15.4941275069274 4.65099153963172 87.8527062389268 32.0071958873753 34.8235090111041 148.020853088176
5.02160424845585 9.15082113694169 30.1419561947248 10.9722489089329 3.15187331150531 57.7492706139313 21.5305899917523 128.204643207078
30.0269069467851 3.10536841603469 5.65888300500373 18.6401145557284 6.78636145274663 1.94994361062439 35.7365768558724 92.7038658481943
34.9982339684521 22.3894651379601 2.31550782151989 4.21956016106284 13.9000130292779 5.06101094176292 1.45432008329971 95.8304859439183
16.0396398927982 25.0033580151368 15.9954303156114 1.65417744152001 3.01339268778756 9.92331874970523 3.61303497964589 69.5320664954947
60.6561226214687 11.583341489174 18.0566668703982 11.551462042295 1.19464596465362 2.17635392074519 7.16693392691462 52.8563683593421
190.43004264398 47.7531439052328 9.11929330676009 14.215641654543 9.0945219829607 0.940581470161241 1.7135190925616 47.2747507517992
470.209176394345 136.428919860994 34.2115653208014 6.53334082534377 10.1851870667823 6.51644957042666 0.673955586974704 35.1170599577837
345.905478984454 385.0401679787 111.717543717978 28.0149838335984 5.3502638600321 8.34125683353635 5.33674305186944 29.3187227437239
62.0862587799905 285.21248755302 317.480556941318 92.116385601903 23.1017899609931 4.41235313298398 6.87909255316614 28.5850373861874
74.5893978284631 50.750395687626 233.137684292758 257.14864668848 68.4342864698158 15.6147392718251 2.95007049617304 25.7634715545719
64.3537572712093 54.7418225199461 37.2461668069522 168.83518376874 164.260548865236 40.5385798143417 9.90646267648534 19.4507838447827
37.6889835132899 53.8062500382519 45.7697004021794 30.75538234137 124.206083299677 116.997713534116 32.6021805109774 24.2584320516156
38.6867422843603 28.7507965123052 41.0457486972155 34.6697800157455 21.8615074496835 86.5814305500554 87.2896961232141 43.2847961879142
22.1964706940998 28.2110384739176 20.9655757676012 29.9313138875951 25.2825531264395 15.9449459886775 63.1704898854481 95.294443429532
90.6534643027798 18.3838425324623 23.3653041570973 17.3641986990554 24.7875752705083 20.9360531576756 13.2053706834522 131.295163596874
184.335082808748 76.0196897292262 15.4162228227817 19.5918848168511 14.5488031126135 20.7527092221091 17.5273306497334 121.167135838246
902.826766264783 148.821027470326 61.3737122695013 12.4442573889405 15.7935357208542 11.7123815817454 16.7044553604834 111.902749633321
502.021511577768 678.881996303877 111.906203932171 46.1261538333734 9.30903187085791 11.7596516383399 8.71693706415411 96.3295518445024
230.475449911272 345.970526280591 467.854775396983 76.9857635549671 31.232647547486 6.2050394057767 7.82912722515449 71.28749608373
30.0907373284045 184.424412032833 276.842548369258 371.63791943983 57.1212920610395 21.674923885351 4.30863006311342 59.1419190257451
44.4758134012641 23.04020749249 141.212116989433 209.046655251439 245.914404588803 34.4072210067809 13.8785653092016 45.003239973502
24.696140664152 31.2468955579801 16.1871116477785 97.9139777151497 128.312239829217 146.453475384322 23.3594142312359 41.0624920375312
22.1267094438606 19.3710043671506 24.5092445230578 12.5984308052277 71.0387447485687 91.3932686872827 112.682446584366 50.4920623279205
546.369174181049 18.1353067724645 15.8766990446698 20.0835984321331 10.3034036513275 58.0400464154663 74.8161221915575 133.78260280434
255.694189203729 363.802562926039 12.0754819178109 10.5712391561866 13.3684985981534 6.85668699781034 38.6372018466753 139.013754741315
243.070060713237 166.252441631543 236.544539970268 7.85143738284758 6.87303314484576 8.69129020624388 4.45787137187589 115.602113497615
200.721250578171 191.434651097391 130.935410409804 186.276033881585 6.17714623104138 5.402355314326 6.83090680834777 94.53753724147
147.091873950057 155.428282456429 148.237214231213 100.170945996408 126.909575908218 3.69445206784626 3.18537341355954 71.8696424129336
66.6377312412117 119.373742061209 126.139229861673 118.973749420154 72.5657440571128 88.2553312275447 2.79323539302143 59.7937186967401
140.971278950722 54.285578436113 97.246297513028 101.999079570082 89.9521089228511 53.4119506503659 69.3694501123666 50.8173844564251
1513.91543226788 116.410595559777 44.8276880446258 79.6010541255927 76.9878037768587 64.5108055055955 40.9797180326509 97.9235676345769
1295.33549567569 1284.94023768384 98.803840121652 37.9235381869475 65.4038463179791 62.262589873443 53.310327655426 117.345688386011
1400.75635769398 964.047753854205 956.31112874725 73.3120374951187 27.3779159574836 46.1590237529726 44.5731227340967 125.988007201712

