# Simulated data from SIR age-structured hybrid model
# random seed = 4585565
# Flag=0 if no issues, =1 if negative pop #'s, =2 if NaN, or=3 if NA. Flag:
0

# Number of years (nyr)
50

# Starting age
0

# Ending age
8

# Sample size for comp data
200

# Sample size for fishery age comp data
200

# Sample size for antibody prevalence data
200

# Survey data
21432.601876007
64897.9936383826
36001.4663175859
39253.2108728066
42124.640966163
33330.5800128424
34216.9519976511
46568.0370511128
33987.6414317941
50378.9169188451
37378.9808600127
68545.1484039937
54559.7829573436
43456.7266178634
61526.3024512667
36099.446104075
28299.7696861589
30151.0813573746
19753.5101589443
11579.1285131422
10485.1110600426
11009.225208786
5991.47896518094
3290.24619884767
6611.19670016431
10429.6999591183
19728.347540285
28788.9425927509
17559.4658394776
18108.0430421045
18570.8898811401
23985.4281275253
10345.8840374747
22380.221107895
15814.6409687993
13320.6273277746
25981.3694624011
53974.9253366317
42466.7142019891
40301.2399674717
31947.3319040489
16324.759788408
13704.0638017069
20002.5855992593
17610.8512046499
47131.3026303407
26340.5308527719
44163.0342583994
20212.7986314277
16554.4210726544

# Catches
0
0
0
0
0
0
0
0
0
0
0
0
0
0
0
0
0
0
0
0
0
0
0
0
0
0
0
0
0
0
0
0
0
0
0
0
0
0
0
0
0
0
0
0
0
0
0
0
0
0

# Catch compositions
-999 -999 -999 -999 -999 -999 -999 -999
-999 -999 -999 -999 -999 -999 -999 -999
-999 -999 -999 -999 -999 -999 -999 -999
-999 -999 -999 -999 -999 -999 -999 -999
-999 -999 -999 -999 -999 -999 -999 -999
-999 -999 -999 -999 -999 -999 -999 -999
-999 -999 -999 -999 -999 -999 -999 -999
-999 -999 -999 -999 -999 -999 -999 -999
-999 -999 -999 -999 -999 -999 -999 -999
-999 -999 -999 -999 -999 -999 -999 -999
-999 -999 -999 -999 -999 -999 -999 -999
-999 -999 -999 -999 -999 -999 -999 -999
-999 -999 -999 -999 -999 -999 -999 -999
-999 -999 -999 -999 -999 -999 -999 -999
-999 -999 -999 -999 -999 -999 -999 -999
-999 -999 -999 -999 -999 -999 -999 -999
-999 -999 -999 -999 -999 -999 -999 -999
-999 -999 -999 -999 -999 -999 -999 -999
-999 -999 -999 -999 -999 -999 -999 -999
-999 -999 -999 -999 -999 -999 -999 -999
-999 -999 -999 -999 -999 -999 -999 -999
-999 -999 -999 -999 -999 -999 -999 -999
-999 -999 -999 -999 -999 -999 -999 -999
-999 -999 -999 -999 -999 -999 -999 -999
-999 -999 -999 -999 -999 -999 -999 -999
-999 -999 -999 -999 -999 -999 -999 -999
-999 -999 -999 -999 -999 -999 -999 -999
-999 -999 -999 -999 -999 -999 -999 -999
-999 -999 -999 -999 -999 -999 -999 -999
-999 -999 -999 -999 -999 -999 -999 -999
-999 -999 -999 -999 -999 -999 -999 -999
-999 -999 -999 -999 -999 -999 -999 -999
-999 -999 -999 -999 -999 -999 -999 -999
-999 -999 -999 -999 -999 -999 -999 -999
-999 -999 -999 -999 -999 -999 -999 -999
-999 -999 -999 -999 -999 -999 -999 -999
-999 -999 -999 -999 -999 -999 -999 -999
-999 -999 -999 -999 -999 -999 -999 -999
-999 -999 -999 -999 -999 -999 -999 -999
-999 -999 -999 -999 -999 -999 -999 -999
-999 -999 -999 -999 -999 -999 -999 -999
-999 -999 -999 -999 -999 -999 -999 -999
-999 -999 -999 -999 -999 -999 -999 -999
-999 -999 -999 -999 -999 -999 -999 -999
-999 -999 -999 -999 -999 -999 -999 -999
-999 -999 -999 -999 -999 -999 -999 -999
-999 -999 -999 -999 -999 -999 -999 -999
-999 -999 -999 -999 -999 -999 -999 -999
-999 -999 -999 -999 -999 -999 -999 -999
-999 -999 -999 -999 -999 -999 -999 -999

# Age composition from fishery-independent survey
0 0 8 44 5 32 25 86
0 0 4 75 32 7 18 64
0 0 4 27 86 24 3 56
0 0 10 35 32 61 22 40
0 0 2 39 37 20 60 42
0 0 2 15 60 38 10 75
0 0 7 31 23 46 17 76
0 0 4 71 35 16 27 47
0 0 2 38 69 33 6 52
0 0 5 18 48 50 18 61
0 0 4 15 33 44 43 61
0 0 0 33 33 34 32 68
0 0 4 6 50 19 26 95
0 0 1 17 13 43 20 106
0 0 1 22 42 10 34 91
0 0 0 28 27 29 7 109
0 0 0 2 55 12 23 108
0 0 1 6 2 60 17 114
0 0 1 15 12 3 45 124
0 0 0 2 20 9 2 167
0 0 2 2 5 20 13 158
0 0 5 18 1 8 17 151
0 0 2 26 25 2 5 140
0 0 7 18 28 23 2 122
0 0 13 37 20 25 17 88
0 0 31 73 37 9 6 44
0 0 9 117 43 13 0 18
0 0 2 53 101 27 7 10
0 0 2 10 73 78 22 15
0 0 0 12 20 68 74 26
0 0 2 14 14 17 71 82
0 0 0 4 23 25 13 135
0 0 0 12 11 17 23 137
0 0 2 10 20 19 19 130
0 0 8 24 8 23 11 126
0 0 21 52 33 6 7 81
0 0 6 124 22 14 3 31
0 0 7 50 105 17 2 19
0 0 1 25 82 65 8 19
0 0 0 10 36 67 60 27
0 0 0 5 5 37 57 96
0 0 0 8 19 3 30 140
0 0 9 3 9 13 10 156
0 0 7 93 3 7 5 85
0 0 5 42 97 3 3 50
0 0 5 45 42 59 0 49
0 0 2 32 65 24 44 33
0 0 1 29 41 37 34 58
0 0 3 11 43 34 38 71
0 0 29 18 19 25 27 82

# Antibody prevalence values
0 0 0 0 0 13 0 31 0 12 2 34 11 28 57 12
0 0 0 0 0 1 0 79 2 40 2 5 4 12 43 12
0 0 0 0 0 5 0 24 31 62 17 6 6 1 46 2
0 0 0 0 0 11 2 38 10 15 46 20 16 1 40 1
0 0 0 0 0 4 1 55 4 38 8 11 30 9 39 1
0 0 0 0 0 6 0 12 14 47 18 11 19 3 69 1
0 0 0 0 0 5 0 28 8 20 31 15 19 4 70 0
0 0 0 0 0 4 1 63 0 36 0 8 16 13 58 1
0 0 0 0 0 2 1 38 27 54 16 0 8 1 52 1
0 0 0 0 0 0 0 24 17 35 57 7 11 0 47 2
0 0 0 0 0 2 0 18 7 26 30 12 42 2 61 0
0 0 0 0 0 1 0 27 1 24 6 23 27 17 72 2
0 0 0 0 0 6 0 12 13 39 9 7 16 2 87 9
0 0 0 0 0 4 0 31 0 10 15 29 10 6 86 9
0 0 0 0 0 3 0 18 0 33 3 8 17 16 91 11
0 0 0 0 0 0 1 33 2 17 10 17 11 0 92 17
0 0 0 0 0 1 0 3 9 45 5 16 13 7 91 10
0 0 0 0 0 2 0 4 0 3 24 22 10 9 110 16
0 0 0 0 0 1 0 15 1 12 0 3 16 31 102 19
0 0 0 0 0 0 0 5 0 30 0 12 0 3 107 43
0 0 0 0 0 2 0 1 0 7 0 23 1 10 112 44
0 0 0 0 0 0 0 13 0 3 0 4 0 26 110 44
0 0 0 0 0 0 0 20 0 27 0 3 0 6 84 60
0 0 0 0 0 5 0 11 0 36 0 23 0 2 73 50
0 0 0 0 0 16 0 43 0 14 0 20 1 13 51 42
0 0 0 0 0 26 0 71 0 41 0 8 0 13 21 20
0 0 0 0 0 11 0 97 12 39 6 7 4 1 15 8
0 0 0 0 0 2 0 58 26 67 28 3 7 0 9 0
0 0 0 0 0 3 2 11 27 63 45 13 20 0 16 0
0 0 0 0 0 1 0 13 3 16 36 36 52 4 39 0
0 0 0 0 0 1 0 16 2 26 3 16 32 21 73 10
0 0 0 0 0 1 0 9 0 23 0 18 2 13 108 26
0 0 0 0 0 2 0 3 0 16 0 19 0 15 113 32
0 0 0 0 0 6 0 14 0 14 1 11 0 13 97 44
0 0 0 0 0 6 0 30 0 12 1 16 1 9 78 47
0 0 0 0 0 22 0 48 0 39 0 7 1 8 52 23
0 0 0 0 0 12 2 93 5 37 5 6 1 2 26 11
0 0 0 0 0 1 1 43 40 72 12 5 7 0 19 0
0 0 0 0 0 0 0 21 26 49 62 7 8 0 27 0
0 0 0 0 0 2 0 4 11 32 34 17 66 3 31 0
0 0 0 0 0 0 0 6 0 12 8 30 32 18 90 4
0 0 0 0 0 2 0 1 0 9 0 6 7 26 125 24
0 0 0 0 0 12 0 6 0 9 0 12 0 8 111 42
0 0 0 0 0 5 0 88 0 2 0 2 0 4 68 31
0 0 0 0 0 9 1 38 39 54 1 1 1 1 50 5
0 0 0 0 0 3 1 39 13 33 49 23 0 0 39 0
0 0 0 0 0 2 0 28 13 45 15 13 48 8 27 1
0 0 0 0 0 3 0 25 12 30 32 11 17 7 60 3
0 0 0 0 0 3 0 12 7 29 11 28 24 11 71 4
0 0 0 0 0 33 0 17 0 14 5 20 15 15 71 10

# Average weight-at-age
70
94
115
134
150
160
165
168

# Maturity logistic function parameter age-at-50%
3

# Maturity logistic function parameter age-at-95%
4

# Infection prevalence index (avg of 3 different samples)
0.0111111111111111
0.1
0.0555555555555556
0.00555555555555556
0.05
0.0333333333333333
0
0.0166666666666667
0.0888888888888889
0.0555555555555556
0
0.0111111111111111
0
0
0.0166666666666667
0
0
0
0
0
0
0
0
0
0
0.0111111111111111
0.00555555555555556
0.0166666666666667
0.0388888888888889
0
0
0.00555555555555556
0
0
0.00555555555555556
0
0.0777777777777778
0.105555555555556
0.0277777777777778
0
0
0
0
0.0666666666666667
0.0333333333333333
0.0111111111111111
0.0111111111111111
0
0.0111111111111111
0.0111111111111111

