# Simulated data from SIR age-structured hybrid model
# random seed = 3821527
# Flag=0 if no issues, =1 if negative pop #'s, =2 if NaN, or=3 if NA. Flag:
0

# Number of years (nyr)
50

# Starting age
0

# Ending age
8

# Sample size for comp data
200

# Sample size for fishery age comp data
200

# Sample size for antibody prevalence data
200

# Survey data
60447.6763378429
53030.6918350201
33150.9717310481
53235.8662510947
29285.2938458878
26548.2832964157
34805.7961422749
19781.9761404905
24664.0595380384
21799.0122965518
32310.3786702508
14434.1881171642
11732.4407391399
16676.378651144
20444.1453640639
28103.0206703029
14738.5972152883
14727.5863193848
15637.5431943208
30161.3858670595
38179.2013240526
28304.094438622
14826.5343828096
17180.8129364862
15865.0508348891
11845.0474048623
9653.72983951607
11350.0534533164
8308.57802804327
7616.06782752054
6519.19264029314
11556.1917704135
30454.4277160644
15960.7663742137
17403.4674169757
24285.9300100418
67054.201932731
37423.3041968888
43432.0642495307
40077.6541953851
18479.4869071893
17123.8844515755
27453.1556174054
25507.9127832408
17025.1943873357
8602.61506455367
8606.96840010002
8691.49306895195
14608.7811434023
17434.4918212086

# Catches
0
0
0
0
0
0
0
0
0
0
0
0
0
0
0
0
0
0
0
0
0
0
0
0
0
0
0
0
0
0
0
0
0
0
0
0
0
0
0
0
0
0
0
0
0
0
0
0
0
0

# Catch compositions
-999 -999 -999 -999 -999 -999 -999 -999
-999 -999 -999 -999 -999 -999 -999 -999
-999 -999 -999 -999 -999 -999 -999 -999
-999 -999 -999 -999 -999 -999 -999 -999
-999 -999 -999 -999 -999 -999 -999 -999
-999 -999 -999 -999 -999 -999 -999 -999
-999 -999 -999 -999 -999 -999 -999 -999
-999 -999 -999 -999 -999 -999 -999 -999
-999 -999 -999 -999 -999 -999 -999 -999
-999 -999 -999 -999 -999 -999 -999 -999
-999 -999 -999 -999 -999 -999 -999 -999
-999 -999 -999 -999 -999 -999 -999 -999
-999 -999 -999 -999 -999 -999 -999 -999
-999 -999 -999 -999 -999 -999 -999 -999
-999 -999 -999 -999 -999 -999 -999 -999
-999 -999 -999 -999 -999 -999 -999 -999
-999 -999 -999 -999 -999 -999 -999 -999
-999 -999 -999 -999 -999 -999 -999 -999
-999 -999 -999 -999 -999 -999 -999 -999
-999 -999 -999 -999 -999 -999 -999 -999
-999 -999 -999 -999 -999 -999 -999 -999
-999 -999 -999 -999 -999 -999 -999 -999
-999 -999 -999 -999 -999 -999 -999 -999
-999 -999 -999 -999 -999 -999 -999 -999
-999 -999 -999 -999 -999 -999 -999 -999
-999 -999 -999 -999 -999 -999 -999 -999
-999 -999 -999 -999 -999 -999 -999 -999
-999 -999 -999 -999 -999 -999 -999 -999
-999 -999 -999 -999 -999 -999 -999 -999
-999 -999 -999 -999 -999 -999 -999 -999
-999 -999 -999 -999 -999 -999 -999 -999
-999 -999 -999 -999 -999 -999 -999 -999
-999 -999 -999 -999 -999 -999 -999 -999
-999 -999 -999 -999 -999 -999 -999 -999
-999 -999 -999 -999 -999 -999 -999 -999
-999 -999 -999 -999 -999 -999 -999 -999
-999 -999 -999 -999 -999 -999 -999 -999
-999 -999 -999 -999 -999 -999 -999 -999
-999 -999 -999 -999 -999 -999 -999 -999
-999 -999 -999 -999 -999 -999 -999 -999
-999 -999 -999 -999 -999 -999 -999 -999
-999 -999 -999 -999 -999 -999 -999 -999
-999 -999 -999 -999 -999 -999 -999 -999
-999 -999 -999 -999 -999 -999 -999 -999
-999 -999 -999 -999 -999 -999 -999 -999
-999 -999 -999 -999 -999 -999 -999 -999
-999 -999 -999 -999 -999 -999 -999 -999
-999 -999 -999 -999 -999 -999 -999 -999
-999 -999 -999 -999 -999 -999 -999 -999
-999 -999 -999 -999 -999 -999 -999 -999

# Age composition from fishery-independent survey
0 0 2 4 14 21 74 85
0 0 2 13 7 13 16 149
0 0 9 15 20 5 12 139
0 0 5 31 25 10 14 115
0 0 4 35 37 13 14 97
0 0 2 17 57 40 9 75
0 0 0 28 17 46 22 87
0 0 0 12 18 26 53 91
0 0 1 6 23 23 18 129
0 0 2 17 16 18 27 120
0 0 5 6 23 11 7 148
0 0 5 16 12 26 4 137
0 0 1 42 24 5 19 109
0 0 8 10 67 16 7 92
0 0 5 36 17 38 11 93
0 0 3 20 66 12 43 56
0 0 9 22 26 53 8 82
0 0 10 60 19 15 39 57
0 0 7 57 64 13 9 50
0 0 2 46 65 42 6 39
0 0 4 4 64 58 27 43
0 0 0 18 10 56 52 64
0 0 1 6 26 7 55 105
0 0 3 6 7 23 6 155
0 0 0 7 12 9 23 149
0 0 4 11 17 12 3 153
0 0 1 29 10 8 10 142
0 0 1 8 42 13 7 129
0 0 6 4 17 29 5 139
0 0 3 34 4 26 24 109
0 0 10 10 58 4 15 103
0 0 7 87 19 33 2 52
0 0 1 45 99 12 19 24
0 0 4 18 63 77 3 35
0 0 31 44 34 28 45 18
0 0 5 105 37 11 14 28
0 0 4 35 103 18 7 33
0 0 2 15 41 95 21 26
0 0 3 4 21 34 94 44
0 0 0 13 13 20 35 119
0 0 3 1 17 11 22 146
0 0 1 13 3 26 8 149
0 0 1 2 18 2 16 161
0 0 2 13 4 21 1 159
0 0 6 14 10 3 34 133
0 0 2 20 19 9 6 144
0 0 3 17 41 22 12 105
0 0 15 25 36 15 11 98
0 0 15 62 28 23 10 62
0 0 6 56 69 13 7 49

# Antibody prevalence values
0 0 0 0 0 2 0 4 0 16 8 17 63 9 81 0
0 0 0 0 0 2 0 11 0 11 0 7 8 9 139 13
0 0 0 0 0 3 0 12 0 24 0 7 1 13 119 21
0 0 0 0 0 9 0 32 0 19 0 16 0 4 96 24
0 0 0 0 0 3 0 33 6 36 9 9 4 6 80 14
0 0 0 0 0 3 0 7 9 52 30 13 7 2 73 4
0 0 0 0 0 4 1 17 5 18 19 23 18 6 82 7
0 0 0 0 0 2 0 9 0 34 0 13 26 20 90 6
0 0 0 0 0 0 0 10 0 18 0 34 4 15 93 26
0 0 0 0 0 2 0 18 0 13 0 9 0 22 107 29
0 0 0 0 0 3 0 4 0 28 1 5 0 10 103 46
0 0 0 0 0 8 0 19 1 12 8 14 1 12 78 47
0 0 0 0 0 0 0 36 0 29 1 14 6 11 77 26
0 0 0 0 0 5 0 8 7 58 6 17 3 5 57 34
0 0 0 0 0 3 1 51 1 9 20 29 8 9 56 13
0 0 0 0 0 3 0 16 4 65 3 11 21 19 48 10
0 0 0 0 0 9 0 13 9 19 22 31 5 2 81 9
0 0 0 0 0 7 0 75 0 24 3 8 18 20 35 10
0 0 0 0 0 9 0 56 13 49 3 6 6 3 48 7
0 0 0 0 0 0 0 50 21 38 36 4 8 1 42 0
0 0 0 0 0 4 0 1 16 50 49 12 25 1 42 0
0 0 0 0 0 0 0 18 0 7 38 18 46 4 68 1
0 0 0 0 0 0 0 2 0 27 1 9 32 23 93 13
0 0 0 0 0 2 0 9 0 8 0 32 0 7 112 30
0 0 0 0 0 0 0 7 0 8 0 4 0 20 114 47
0 0 0 0 0 2 0 9 0 7 0 8 1 6 110 57
0 0 0 0 0 0 0 22 0 12 0 10 0 5 98 53
0 0 0 0 0 1 0 16 0 37 0 9 1 11 67 58
0 0 0 0 0 7 0 3 1 25 0 35 0 8 70 51
0 0 0 0 0 3 0 35 0 2 1 13 1 33 56 56
0 0 0 0 0 14 0 14 0 46 0 2 0 17 42 65
0 0 0 0 0 2 0 87 1 15 2 29 0 1 22 41
0 0 0 0 0 2 2 49 25 54 6 3 13 5 30 11
0 0 0 0 0 6 1 26 12 46 46 27 1 1 31 3
0 0 0 0 0 24 0 54 2 24 10 26 24 7 27 2
0 0 0 0 0 3 0 105 11 20 6 10 11 7 22 5
0 0 0 0 0 1 2 22 56 69 17 3 9 0 20 1
0 0 0 0 0 0 1 11 17 26 85 16 15 0 29 0
0 0 0 0 0 1 0 14 0 19 18 29 68 14 36 1
0 0 0 0 0 0 0 15 0 10 0 16 14 23 110 12
0 0 0 0 0 2 0 1 0 28 0 15 2 24 106 22
0 0 0 0 0 1 0 10 0 2 0 18 1 17 108 43
0 0 0 0 0 1 0 5 0 31 0 5 3 14 96 45
0 0 0 0 0 1 0 12 0 7 1 15 0 1 104 59
0 0 0 0 0 1 0 13 0 14 0 3 10 13 103 43
0 0 0 0 0 1 0 19 0 22 1 12 0 5 82 58
0 0 0 0 0 5 0 21 0 21 1 21 0 14 60 57
0 0 0 0 0 19 0 26 0 34 0 15 0 6 55 45
0 0 0 0 0 9 0 59 0 35 0 20 1 18 26 32
0 0 0 0 0 2 0 50 19 55 8 5 3 5 35 18

# Average weight-at-age
70
94
115
134
150
160
165
168

# Maturity logistic function parameter age-at-50%
3

# Maturity logistic function parameter age-at-95%
4

# Infection prevalence index (avg of 3 different samples)
0
0
0.00555555555555556
0.0166666666666667
0.0166666666666667
0.0222222222222222
0
0.00555555555555556
0
0.0111111111111111
0.0333333333333333
0
0
0.0111111111111111
0.00555555555555556
0
0
0
0.1
0.116666666666667
0.0166666666666667
0
0
0
0
0
0
0
0
0
0
0.122222222222222
0
0
0.0777777777777778
0.133333333333333
0.0555555555555556
0
0
0
0
0
0
0
0
0
0
0
0.05
0.15

