# Simulated data from SIR age-structured hybrid model
# random seed = 4510243
# Flag=0 if no issues, =1 if negative pop #'s, =2 if NaN, or=3 if NA. Flag:
0

# Number of years (nyr)
50

# Starting age
0

# Ending age
8

# Sample size for comp data
200

# Sample size for fishery age comp data
200

# Sample size for antibody prevalence data
200

# Survey data
11750.4282862644
12682.0120473162
8234.56498052277
7758.75867418043
7275.55319056014
13830.6084082238
10855.0499844807
10581.3714069937
10461.9536320143
7027.55486983004
14762.6843601809
11267.7260623313
17066.7900108302
17481.3648270166
15051.243599561
9547.30826886031
13484.8220147898
33797.1742934063
32443.6150167784
71244.2431561515
61907.8751309997
60878.6171061764
44699.9421563767
44139.618257907
22535.804238371
11786.1695173545
19018.8526413303
12669.4043552398
39441.5189935969
35779.3724958253
23958.0051217915
23362.2113656644
29985.0041161606
32720.3425651919
20157.1179643288
23652.4872028227
42790.2275671419
47394.2988722401
40868.2060507954
44248.0946789056
28652.1277986047
27372.7922695659
15222.1451195655
21907.7171142978
14772.0739673925
19323.1344735872
18546.709543138
18740.8718336767
29846.2880242586
13724.1629780096

# Catches
0
0
0
0
0
0
0
0
0
0
0
0
0
0
0
0
0
0
0
0
0
0
0
0
0
0
0
0
0
0
0
0
0
0
0
0
0
0
0
0
0
0
0
0
0
0
0
0
0
0

# Catch compositions
-999 -999 -999 -999 -999 -999 -999 -999
-999 -999 -999 -999 -999 -999 -999 -999
-999 -999 -999 -999 -999 -999 -999 -999
-999 -999 -999 -999 -999 -999 -999 -999
-999 -999 -999 -999 -999 -999 -999 -999
-999 -999 -999 -999 -999 -999 -999 -999
-999 -999 -999 -999 -999 -999 -999 -999
-999 -999 -999 -999 -999 -999 -999 -999
-999 -999 -999 -999 -999 -999 -999 -999
-999 -999 -999 -999 -999 -999 -999 -999
-999 -999 -999 -999 -999 -999 -999 -999
-999 -999 -999 -999 -999 -999 -999 -999
-999 -999 -999 -999 -999 -999 -999 -999
-999 -999 -999 -999 -999 -999 -999 -999
-999 -999 -999 -999 -999 -999 -999 -999
-999 -999 -999 -999 -999 -999 -999 -999
-999 -999 -999 -999 -999 -999 -999 -999
-999 -999 -999 -999 -999 -999 -999 -999
-999 -999 -999 -999 -999 -999 -999 -999
-999 -999 -999 -999 -999 -999 -999 -999
-999 -999 -999 -999 -999 -999 -999 -999
-999 -999 -999 -999 -999 -999 -999 -999
-999 -999 -999 -999 -999 -999 -999 -999
-999 -999 -999 -999 -999 -999 -999 -999
-999 -999 -999 -999 -999 -999 -999 -999
-999 -999 -999 -999 -999 -999 -999 -999
-999 -999 -999 -999 -999 -999 -999 -999
-999 -999 -999 -999 -999 -999 -999 -999
-999 -999 -999 -999 -999 -999 -999 -999
-999 -999 -999 -999 -999 -999 -999 -999
-999 -999 -999 -999 -999 -999 -999 -999
-999 -999 -999 -999 -999 -999 -999 -999
-999 -999 -999 -999 -999 -999 -999 -999
-999 -999 -999 -999 -999 -999 -999 -999
-999 -999 -999 -999 -999 -999 -999 -999
-999 -999 -999 -999 -999 -999 -999 -999
-999 -999 -999 -999 -999 -999 -999 -999
-999 -999 -999 -999 -999 -999 -999 -999
-999 -999 -999 -999 -999 -999 -999 -999
-999 -999 -999 -999 -999 -999 -999 -999
-999 -999 -999 -999 -999 -999 -999 -999
-999 -999 -999 -999 -999 -999 -999 -999
-999 -999 -999 -999 -999 -999 -999 -999
-999 -999 -999 -999 -999 -999 -999 -999
-999 -999 -999 -999 -999 -999 -999 -999
-999 -999 -999 -999 -999 -999 -999 -999
-999 -999 -999 -999 -999 -999 -999 -999
-999 -999 -999 -999 -999 -999 -999 -999
-999 -999 -999 -999 -999 -999 -999 -999
-999 -999 -999 -999 -999 -999 -999 -999

# Age composition from fishery-independent survey
0 0 1 21 3 39 24 112
0 0 3 11 43 6 39 98
0 0 4 34 17 34 4 107
0 0 2 10 27 14 29 118
0 0 6 18 21 37 10 108
0 0 3 32 34 13 41 77
0 0 3 36 62 14 6 79
0 0 0 19 59 38 13 71
0 0 0 25 25 35 35 80
0 0 7 20 24 17 45 87
0 0 10 42 22 19 20 87
0 0 3 70 51 17 12 47
0 0 6 17 98 26 5 48
0 0 3 17 45 75 20 40
0 0 3 28 29 29 54 57
0 0 6 32 34 26 21 81
0 0 12 47 37 23 19 62
0 0 21 53 44 27 12 43
0 0 13 101 34 19 4 29
0 0 5 61 94 18 4 18
0 0 2 28 78 62 18 12
0 0 0 29 44 53 42 32
0 0 1 1 52 33 53 60
0 0 0 7 7 42 32 112
0 0 1 6 1 1 40 151
0 0 2 8 8 5 4 173
0 0 12 20 13 9 5 141
0 0 4 53 19 8 3 113
0 0 3 39 84 14 3 57
0 0 2 17 64 54 11 52
0 0 2 10 35 52 41 60
0 0 5 12 18 15 58 92
0 0 5 41 16 13 24 101
0 0 12 29 58 11 8 82
0 0 5 57 29 47 5 57
0 0 1 26 89 22 15 47
0 0 2 18 41 78 17 44
0 0 5 29 29 32 37 68
0 0 4 38 34 18 19 87
0 0 0 17 52 28 15 88
0 0 3 12 20 60 27 78
0 0 4 19 25 23 38 91
0 0 2 25 20 25 18 110
0 0 0 23 48 12 10 107
0 0 3 33 34 32 14 84
0 0 4 42 44 27 24 59
0 0 4 28 67 31 16 54
0 0 5 14 50 45 28 58
0 0 17 46 24 33 22 58
0 0 33 68 39 5 13 42

# Antibody prevalence values
0 0 0 0 0 3 0 29 0 9 0 26 7 19 72 35
0 0 0 0 0 3 0 10 0 34 1 7 0 32 56 57
0 0 0 0 0 2 0 21 0 17 4 28 0 4 60 64
0 0 0 0 0 2 0 6 4 51 0 10 6 21 55 45
0 0 0 0 0 3 0 20 0 19 3 31 1 10 59 54
0 0 0 0 0 4 0 49 0 24 0 9 2 22 41 49
0 0 0 0 0 0 0 34 0 64 2 14 0 9 28 49
0 0 0 0 0 6 0 16 6 48 8 28 3 6 47 32
0 0 0 0 0 1 0 20 0 26 8 47 8 26 34 30
0 0 0 0 0 6 0 21 0 24 0 19 7 37 42 44
0 0 0 0 0 8 0 34 0 33 0 17 1 19 33 55
0 0 0 0 0 2 1 70 0 49 0 18 1 11 21 27
0 0 0 0 0 2 1 20 25 59 20 11 6 3 36 17
0 0 0 0 0 2 0 27 6 23 29 33 21 10 33 16
0 0 0 0 0 6 0 23 1 36 4 28 24 29 34 15
0 0 0 0 0 9 0 26 0 41 2 24 4 19 49 26
0 0 0 0 0 7 0 45 5 35 4 23 5 9 36 31
0 0 0 0 0 22 0 53 7 33 8 11 12 16 26 12
0 0 0 0 0 9 6 109 15 18 11 4 7 2 18 1
0 0 0 0 0 5 2 60 37 50 18 3 13 0 12 0
0 0 0 0 0 5 1 21 35 48 53 3 11 0 23 0
0 0 0 0 0 0 1 31 8 21 47 11 48 0 33 0
0 0 0 0 0 0 0 0 2 40 11 24 32 14 75 2
0 0 0 0 0 0 0 3 3 3 8 27 22 13 112 9
0 0 0 0 0 0 0 4 0 5 0 3 24 23 130 11
0 0 0 0 0 2 0 6 0 14 0 6 0 2 138 32
0 0 0 0 0 11 0 20 0 11 0 13 0 4 115 26
0 0 0 0 0 10 0 68 0 15 0 3 0 9 76 19
0 0 0 0 0 3 0 56 16 54 10 5 2 0 51 3
0 0 0 0 0 2 0 14 29 46 32 12 7 1 56 1
0 0 0 0 0 1 0 10 6 24 24 30 44 10 50 1
0 0 0 0 0 6 0 12 0 15 4 26 25 26 76 10
0 0 0 0 0 5 0 40 0 17 0 11 3 10 85 29
0 0 0 0 0 4 0 32 9 50 2 8 2 5 66 22
0 0 0 0 0 4 0 70 9 24 16 15 1 2 57 2
0 0 0 0 0 0 1 22 22 56 12 5 25 2 53 2
0 0 0 0 0 9 2 11 17 34 42 15 12 2 54 2
0 0 0 0 0 5 0 39 1 18 9 16 49 12 49 2
0 0 0 0 0 1 0 36 10 40 8 13 14 9 63 6
0 0 0 0 0 3 1 9 19 38 28 10 6 1 82 3
0 0 0 0 0 0 0 15 3 18 15 25 21 4 91 8
0 0 0 0 0 5 0 12 1 17 0 15 16 25 97 12
0 0 0 0 0 2 0 25 0 12 0 24 3 10 92 32
0 0 0 0 0 4 0 22 1 42 0 13 0 15 66 37
0 0 0 0 0 5 2 36 5 25 7 27 2 6 56 29
0 0 0 0 0 8 1 36 0 51 6 20 6 18 38 16
0 0 0 0 0 4 0 33 6 41 9 25 9 10 44 19
0 0 0 0 0 7 1 17 8 30 17 32 13 13 42 20
0 0 0 0 0 8 0 45 3 25 6 26 6 7 51 23
0 0 0 0 0 36 1 59 10 33 5 7 9 5 27 8

# Average weight-at-age
70
94
115
134
150
160
165
168

# Maturity logistic function parameter age-at-50%
3

# Maturity logistic function parameter age-at-95%
4

# Infection prevalence index (avg of 3 different samples)
0
0
0.0111111111111111
0
0
0
0.0277777777777778
0
0
0
0
0.00555555555555556
0
0
0
0
0.00555555555555556
0.00555555555555556
0
0.0333333333333333
0.0166666666666667
0
0
0
0
0
0
0.0777777777777778
0.0611111111111111
0
0
0
0
0.0611111111111111
0.0388888888888889
0.00555555555555556
0
0.00555555555555556
0.0611111111111111
0
0
0.00555555555555556
0
0
0.00555555555555556
0.00555555555555556
0
0
0.05
0.0277777777777778

# Simulated data from SIR age-structured hybrid model
# random seed = 4510243
# Flag=0 if no issues, =1 if negative pop #'s, =2 if NaN, or=3 if NA. Flag:
0

# Number of years (nyr)
50

# Starting age
0

# Ending age
8

# Sample size for comp data
200

# Sample size for fishery age comp data
200

# Sample size for antibody prevalence data
200

# Survey data
21441.511749435
35129.5548082036
23280.8456837981
20375.1779354028
17220.3227814128
25245.7546506696
16037.9641162174
17570.0250038368
18850.2371908554
19892.7547404509
47535.1564687945
27277.4973388894
41780.1679160829
37813.4993628753
32445.305213505
16853.0195692183
19099.3807642397
29492.0725294782
13562.9874857067
18452.110869243
13451.6698675156
16440.4163859054
20231.8628332741
73167.3308234541
67409.8671466778
33978.3229576597
51578.1910610496
26165.6090042911
53914.2987888656
40216.1874354033
26410.5847868635
23175.7206594776
23892.6618881963
24713.7876611362
9778.2532264287
8752.16701695312
13802.5039306951
11942.9886698121
8041.64278468152
8827.80399204639
5448.1990795771
7105.78079642304
6888.19760394105
14267.0268873857
35562.1905012735
79429.116061352
99200.1863168943
134613.009746144
227396.467354498
60351.5172633888

# Catches
0
0
0
0
0
0
0
0
0
0
0
0
0
0
0
0
0
0
0
0
0
0
0
0
0
0
0
0
0
0
0
0
0
0
0
0
0
0
0
0
0
0
0
0
0
0
0
0
0
0

# Catch compositions
-999 -999 -999 -999 -999 -999 -999 -999
-999 -999 -999 -999 -999 -999 -999 -999
-999 -999 -999 -999 -999 -999 -999 -999
-999 -999 -999 -999 -999 -999 -999 -999
-999 -999 -999 -999 -999 -999 -999 -999
-999 -999 -999 -999 -999 -999 -999 -999
-999 -999 -999 -999 -999 -999 -999 -999
-999 -999 -999 -999 -999 -999 -999 -999
-999 -999 -999 -999 -999 -999 -999 -999
-999 -999 -999 -999 -999 -999 -999 -999
-999 -999 -999 -999 -999 -999 -999 -999
-999 -999 -999 -999 -999 -999 -999 -999
-999 -999 -999 -999 -999 -999 -999 -999
-999 -999 -999 -999 -999 -999 -999 -999
-999 -999 -999 -999 -999 -999 -999 -999
-999 -999 -999 -999 -999 -999 -999 -999
-999 -999 -999 -999 -999 -999 -999 -999
-999 -999 -999 -999 -999 -999 -999 -999
-999 -999 -999 -999 -999 -999 -999 -999
-999 -999 -999 -999 -999 -999 -999 -999
-999 -999 -999 -999 -999 -999 -999 -999
-999 -999 -999 -999 -999 -999 -999 -999
-999 -999 -999 -999 -999 -999 -999 -999
-999 -999 -999 -999 -999 -999 -999 -999
-999 -999 -999 -999 -999 -999 -999 -999
-999 -999 -999 -999 -999 -999 -999 -999
-999 -999 -999 -999 -999 -999 -999 -999
-999 -999 -999 -999 -999 -999 -999 -999
-999 -999 -999 -999 -999 -999 -999 -999
-999 -999 -999 -999 -999 -999 -999 -999
-999 -999 -999 -999 -999 -999 -999 -999
-999 -999 -999 -999 -999 -999 -999 -999
-999 -999 -999 -999 -999 -999 -999 -999
-999 -999 -999 -999 -999 -999 -999 -999
-999 -999 -999 -999 -999 -999 -999 -999
-999 -999 -999 -999 -999 -999 -999 -999
-999 -999 -999 -999 -999 -999 -999 -999
-999 -999 -999 -999 -999 -999 -999 -999
-999 -999 -999 -999 -999 -999 -999 -999
-999 -999 -999 -999 -999 -999 -999 -999
-999 -999 -999 -999 -999 -999 -999 -999
-999 -999 -999 -999 -999 -999 -999 -999
-999 -999 -999 -999 -999 -999 -999 -999
-999 -999 -999 -999 -999 -999 -999 -999
-999 -999 -999 -999 -999 -999 -999 -999
-999 -999 -999 -999 -999 -999 -999 -999
-999 -999 -999 -999 -999 -999 -999 -999
-999 -999 -999 -999 -999 -999 -999 -999
-999 -999 -999 -999 -999 -999 -999 -999
-999 -999 -999 -999 -999 -999 -999 -999

# Age composition from fishery-independent survey
0 0 14 43 49 24 9 61
0 0 0 95 30 22 14 39
0 0 0 3 104 27 21 45
0 0 0 2 5 103 23 67
0 0 0 2 15 9 89 85
0 0 6 10 5 10 5 164
0 0 1 18 7 3 7 164
0 0 1 17 22 6 1 153
0 0 20 23 10 25 11 111
0 0 8 99 21 10 9 53
0 0 1 55 90 11 3 40
0 0 0 36 53 75 9 27
0 0 4 9 42 62 58 25
0 0 8 12 15 33 52 80
0 0 3 45 18 18 31 85
0 0 0 15 55 12 22 96
0 0 2 22 29 49 9 89
0 0 2 11 34 19 44 90
0 0 0 15 17 36 12 120
0 0 1 0 21 27 33 118
0 0 3 7 4 29 21 136
0 0 10 26 10 3 12 139
0 0 55 52 25 4 0 64
0 0 3 146 27 2 0 22
0 0 3 46 126 12 3 10
0 0 3 19 51 105 10 12
0 0 0 16 24 48 94 18
0 0 0 8 40 17 39 96
0 0 0 2 10 46 17 125
0 0 0 5 4 10 45 136
0 0 1 2 5 4 12 176
0 0 4 6 4 6 8 172
0 0 2 30 2 3 6 157
0 0 1 22 35 4 3 135
0 0 1 4 39 36 7 113
0 0 0 17 9 32 31 111
0 0 0 5 33 13 29 120
0 0 0 10 5 26 4 155
0 0 0 6 14 6 28 146
0 0 2 6 6 11 4 171
0 0 11 17 15 11 9 137
0 0 4 71 14 10 4 97
0 0 6 31 102 5 9 47
0 0 59 25 22 57 6 31
0 0 15 154 5 8 9 9
0 0 14 59 109 6 3 9
0 0 14 73 60 47 2 4
0 0 7 64 52 37 37 3
0 0 0 44 77 30 22 27
0 0 1 6 64 58 32 39

# Antibody prevalence values
0 0 0 0 0 17 1 33 14 40 7 10 3 4 50 21
0 0 0 0 0 1 1 81 4 37 4 17 7 6 33 9
0 0 0 0 0 0 0 1 37 68 22 12 12 3 41 4
0 0 0 0 0 0 0 10 1 7 73 27 22 2 55 3
0 0 0 0 0 0 0 2 0 11 4 3 85 30 64 1
0 0 0 0 0 2 0 11 0 8 1 13 3 4 128 30
0 0 0 0 0 1 0 14 0 14 0 5 0 9 117 40
0 0 0 0 0 4 0 17 0 26 0 13 0 3 110 27
0 0 0 0 0 15 0 25 0 20 0 14 0 6 93 27
0 0 0 0 0 9 0 92 0 23 0 7 0 12 30 27
0 0 0 0 0 5 2 43 31 69 6 2 1 3 36 2
0 0 0 0 0 1 1 29 21 37 56 15 7 0 33 0
0 0 0 0 0 2 0 10 0 43 20 39 42 8 35 1
0 0 0 0 0 5 0 17 3 24 15 21 25 21 62 7
0 0 0 0 0 3 0 42 2 15 2 16 6 12 82 20
0 0 0 0 0 1 0 18 10 59 4 10 8 6 74 10
0 0 0 0 0 3 0 15 0 25 14 42 3 6 75 17
0 0 0 0 0 1 0 17 2 42 4 17 10 32 51 24
0 0 0 0 0 0 0 14 0 26 1 32 4 20 61 42
0 0 0 0 0 1 0 1 0 26 1 25 3 20 64 59
0 0 0 0 0 0 0 7 0 4 0 28 1 13 76 71
0 0 0 0 0 3 0 32 1 6 0 4 0 20 58 76
0 0 0 0 0 54 3 47 5 19 3 0 0 0 44 25
0 0 0 0 0 5 1 155 0 20 1 2 1 3 8 4
0 0 0 0 0 0 4 33 53 85 18 0 1 0 6 0
0 0 0 0 0 1 1 17 23 26 102 7 11 0 12 0
0 0 0 0 0 1 0 30 4 13 29 17 82 4 20 0
0 0 0 0 0 0 0 7 0 42 3 11 26 21 88 2
0 0 0 0 0 0 0 2 0 16 3 34 4 5 118 18
0 0 0 0 0 0 0 2 0 3 4 14 7 33 110 27
0 0 0 0 0 0 0 2 1 6 0 5 3 13 106 64
0 0 0 0 0 4 0 5 0 1 0 11 0 2 121 56
0 0 0 0 0 4 0 27 0 5 0 2 1 5 105 51
0 0 0 0 0 1 0 21 0 37 0 9 1 2 93 36
0 0 0 0 0 0 0 0 3 44 4 27 2 5 90 25
0 0 0 0 0 2 0 16 0 3 4 36 9 26 70 34
0 0 0 0 0 1 0 4 0 26 0 4 2 29 78 56
0 0 0 0 0 0 0 9 0 5 0 30 0 7 74 75
0 0 0 0 0 0 0 7 0 12 0 8 0 29 71 73
0 0 0 0 0 1 0 9 0 10 0 12 0 2 77 89
0 0 0 0 0 12 0 10 0 14 0 6 0 11 48 99
0 0 0 0 0 5 0 74 0 5 0 6 0 6 43 61
0 0 0 0 0 4 0 24 1 101 1 8 0 4 19 38
0 0 0 0 0 60 0 25 3 19 9 38 2 5 25 14
0 0 0 0 0 14 1 160 1 2 1 5 0 5 5 6
0 0 0 0 0 8 1 49 56 70 1 0 6 0 9 0
0 0 0 0 0 9 1 51 25 41 59 5 0 0 9 0
0 0 0 0 0 6 3 72 15 37 23 4 36 0 4 0
0 0 0 0 0 2 1 40 34 40 35 4 23 0 21 0
0 0 0 0 0 0 0 8 15 42 55 10 33 0 37 0

# Average weight-at-age
70
94
115
134
150
160
165
168

# Maturity logistic function parameter age-at-50%
3

# Maturity logistic function parameter age-at-95%
4

# Infection prevalence index (avg of 3 different samples)
0.00555555555555556
0.0777777777777778
0.0111111111111111
0
0
0
0
0
0
0.00555555555555556
0
0.00555555555555556
0.00555555555555556
0
0.0444444444444444
0
0
0
0
0
0
0.0166666666666667
0
0.0166666666666667
0.155555555555556
0.0111111111111111
0
0
0
0
0
0
0
0.00555555555555556
0
0
0
0
0
0
0
0
0
0
0.0111111111111111
0.00555555555555556
0.0111111111111111
0
0
0

