# Simulated data from SIR age-structured hybrid model
# random seed = 3746557
# Flag=0 if no issues, =1 if negative pop #'s, =2 if NaN, or=3 if NA. Flag:
0

# Number of years (nyr)
50

# Starting age
0

# Ending age
8

# Sample size for comp data
200

# Sample size for fishery age comp data
200

# Sample size for antibody prevalence data
200

# Survey data
6471.99168864213
6776.26104740263
7561.72036376646
4532.9065993678
4634.6998554013
6641.7620183332
7906.92978108469
12841.5334741135
12229.6775053298
11631.4863670863
8149.37458327745
9632.45153036815
5055.7286438014
9775.70722445887
10822.2679203016
12748.799611931
11873.2809268358
11302.1432603165
15051.7360210226
14280.5395912026
20884.6285921483
6446.75294233789
15856.3156955899
14217.358804907
21548.3806294158
12818.7632022741
13553.6125079487
8126.86954339086
5109.7291768629
4535.26077017098
5089.68782399533
6973.07540748908
5770.62119624013
7707.82176218364
7249.88887597228
6013.11364561473
6889.65378115826
4964.47775992417
6816.91578323733
6291.23288264832
6055.00757056231
4682.67931060609
8615.13526331147
10848.5277908426
10682.9522603206
8063.95074432092
12293.8138174595
14820.139712232
9742.3582030967
22040.7669729921

# Catches
0
0
0
0
0
0
0
0
0
0
0
0
0
0
0
0
0
0
0
0
0
0
0
0
0
0
0
0
0
0
0
0
0
0
0
0
0
0
0
0
0
0
0
0
0
0
0
0
0
0

# Catch compositions
-999 -999 -999 -999 -999 -999 -999 -999
-999 -999 -999 -999 -999 -999 -999 -999
-999 -999 -999 -999 -999 -999 -999 -999
-999 -999 -999 -999 -999 -999 -999 -999
-999 -999 -999 -999 -999 -999 -999 -999
-999 -999 -999 -999 -999 -999 -999 -999
-999 -999 -999 -999 -999 -999 -999 -999
-999 -999 -999 -999 -999 -999 -999 -999
-999 -999 -999 -999 -999 -999 -999 -999
-999 -999 -999 -999 -999 -999 -999 -999
-999 -999 -999 -999 -999 -999 -999 -999
-999 -999 -999 -999 -999 -999 -999 -999
-999 -999 -999 -999 -999 -999 -999 -999
-999 -999 -999 -999 -999 -999 -999 -999
-999 -999 -999 -999 -999 -999 -999 -999
-999 -999 -999 -999 -999 -999 -999 -999
-999 -999 -999 -999 -999 -999 -999 -999
-999 -999 -999 -999 -999 -999 -999 -999
-999 -999 -999 -999 -999 -999 -999 -999
-999 -999 -999 -999 -999 -999 -999 -999
-999 -999 -999 -999 -999 -999 -999 -999
-999 -999 -999 -999 -999 -999 -999 -999
-999 -999 -999 -999 -999 -999 -999 -999
-999 -999 -999 -999 -999 -999 -999 -999
-999 -999 -999 -999 -999 -999 -999 -999
-999 -999 -999 -999 -999 -999 -999 -999
-999 -999 -999 -999 -999 -999 -999 -999
-999 -999 -999 -999 -999 -999 -999 -999
-999 -999 -999 -999 -999 -999 -999 -999
-999 -999 -999 -999 -999 -999 -999 -999
-999 -999 -999 -999 -999 -999 -999 -999
-999 -999 -999 -999 -999 -999 -999 -999
-999 -999 -999 -999 -999 -999 -999 -999
-999 -999 -999 -999 -999 -999 -999 -999
-999 -999 -999 -999 -999 -999 -999 -999
-999 -999 -999 -999 -999 -999 -999 -999
-999 -999 -999 -999 -999 -999 -999 -999
-999 -999 -999 -999 -999 -999 -999 -999
-999 -999 -999 -999 -999 -999 -999 -999
-999 -999 -999 -999 -999 -999 -999 -999
-999 -999 -999 -999 -999 -999 -999 -999
-999 -999 -999 -999 -999 -999 -999 -999
-999 -999 -999 -999 -999 -999 -999 -999
-999 -999 -999 -999 -999 -999 -999 -999
-999 -999 -999 -999 -999 -999 -999 -999
-999 -999 -999 -999 -999 -999 -999 -999
-999 -999 -999 -999 -999 -999 -999 -999
-999 -999 -999 -999 -999 -999 -999 -999
-999 -999 -999 -999 -999 -999 -999 -999
-999 -999 -999 -999 -999 -999 -999 -999

# Age composition from fishery-independent survey
0 0 0 17 29 49 40 65
0 0 3 10 42 20 33 92
0 0 2 24 10 26 24 114
0 0 10 43 33 4 21 89
0 0 1 46 49 22 5 77
0 0 2 12 58 39 25 64
0 0 18 16 27 44 27 68
0 0 11 95 27 13 19 35
0 0 13 75 93 6 3 10
0 0 2 108 68 17 2 3
0 0 2 19 140 18 11 10
0 0 4 55 28 62 25 26
0 0 2 46 62 19 47 24
0 0 5 43 56 40 9 47
0 0 15 57 53 34 17 24
0 0 13 73 52 21 11 30
0 0 9 88 64 11 10 18
0 0 7 70 81 23 6 13
0 0 7 58 81 26 13 15
0 0 6 59 60 34 15 26
0 0 6 44 77 26 14 33
0 0 1 55 56 36 18 34
0 0 3 32 53 34 28 50
0 0 2 17 40 47 25 69
0 0 5 15 29 36 41 74
0 0 20 30 21 23 18 88
0 0 1 94 39 16 4 46
0 0 3 8 132 18 3 36
0 0 4 36 10 91 11 48
0 0 9 16 48 11 64 52
0 0 3 37 23 44 11 82
0 0 5 30 51 15 34 65
0 0 1 43 42 26 9 79
0 0 6 8 57 25 40 64
0 0 10 27 16 45 27 75
0 0 1 78 34 13 24 50
0 0 5 20 97 24 8 46
0 0 1 48 23 68 13 47
0 0 8 11 63 36 39 43
0 0 1 46 15 60 22 56
0 0 7 18 57 11 27 80
0 0 18 49 15 63 8 47
0 0 14 82 33 14 25 32
0 0 5 92 79 8 2 14
0 0 4 48 99 30 2 17
0 0 33 36 51 47 11 22
0 0 8 113 33 13 20 13
0 0 10 56 100 8 10 16
0 0 11 72 58 41 2 16
0 0 7 68 79 20 16 10

# Antibody prevalence values
0 0 0 0 0 3 0 15 0 23 0 44 1 38 25 51
0 0 0 0 0 1 0 9 0 37 1 28 2 37 19 66
0 0 0 0 0 3 0 32 0 7 0 27 0 16 19 96
0 0 0 0 0 10 0 36 0 41 0 7 0 21 9 76
0 0 0 0 0 4 0 36 0 49 0 25 0 1 10 75
0 0 0 0 0 5 0 19 0 47 0 35 0 21 9 64
0 0 0 0 0 26 0 16 0 26 0 36 0 37 8 51
0 0 0 0 0 13 0 102 0 11 0 13 0 15 3 43
0 0 0 0 0 16 0 72 5 91 2 3 1 0 2 8
0 0 0 0 0 0 0 109 5 50 13 12 2 0 9 0
0 0 0 0 0 6 0 15 17 123 16 8 9 1 5 0
0 0 0 0 0 4 1 56 4 22 35 36 20 2 20 0
0 0 0 0 0 6 0 55 0 66 4 16 19 15 18 1
0 0 0 0 0 3 0 43 0 61 1 40 0 10 28 14
0 0 0 0 0 13 0 45 5 57 3 30 1 16 23 7
0 0 0 0 0 6 1 79 0 51 2 18 3 13 19 8
0 0 0 0 0 10 2 80 5 61 4 13 1 2 17 5
0 0 0 0 0 6 0 71 8 68 15 8 3 2 19 0
0 0 0 0 0 11 0 58 7 66 14 14 14 0 16 0
0 0 0 0 0 4 2 63 7 55 16 12 5 4 32 0
0 0 0 0 0 8 1 54 2 53 19 18 13 0 31 1
0 0 0 0 0 6 0 52 4 51 8 27 16 8 27 1
0 0 0 0 0 0 0 33 1 58 6 30 6 18 42 6
0 0 0 0 0 5 0 25 2 36 1 53 6 17 44 11
0 0 0 0 0 5 0 17 0 31 0 29 1 38 43 36
0 0 0 0 0 16 0 33 0 17 0 16 0 33 39 46
0 0 0 0 0 1 0 93 0 33 0 3 0 14 17 39
0 0 0 0 0 0 0 12 21 114 5 7 5 3 22 11
0 0 0 0 0 1 0 43 3 20 41 40 6 3 42 1
0 0 0 0 0 3 0 10 0 62 1 19 33 31 37 4
0 0 0 0 0 5 0 44 0 18 1 46 0 10 52 24
0 0 0 0 0 5 0 30 0 55 0 18 0 30 40 22
0 0 0 0 0 0 0 41 0 40 0 30 0 14 35 40
0 0 0 0 0 2 0 15 0 53 0 30 0 29 25 46
0 0 0 0 0 14 0 22 0 21 0 49 0 19 17 58
0 0 0 0 0 3 0 65 0 41 1 8 0 20 9 53
0 0 0 0 0 3 0 14 4 97 4 21 1 5 12 39
0 0 0 0 0 3 0 40 1 32 16 48 3 11 19 27
0 0 0 0 0 3 0 15 0 69 2 21 10 40 18 22
0 0 0 0 0 2 0 37 0 14 0 56 1 14 25 51
0 0 0 0 0 5 0 13 0 73 0 5 0 36 16 52
0 0 0 0 0 15 0 41 0 22 0 45 0 7 11 59
0 0 0 0 0 10 0 94 0 37 0 6 0 19 9 25
0 0 0 0 0 5 1 87 6 70 5 8 1 0 11 6
0 0 0 0 0 3 0 53 9 94 15 12 4 2 8 0
0 0 0 0 0 38 0 37 5 51 15 24 19 1 10 0
0 0 0 0 0 10 0 110 1 33 0 17 7 15 6 1
0 0 0 0 0 12 1 66 11 78 2 4 7 2 16 1
0 0 0 0 0 17 0 95 4 52 14 5 2 1 10 0
0 0 0 0 0 4 0 86 6 66 2 6 14 2 14 0

# Average weight-at-age
70
94
115
134
150
160
165
168

# Maturity logistic function parameter age-at-50%
3

# Maturity logistic function parameter age-at-95%
4

# Infection prevalence index (avg of 3 different samples)
0
0
0
0
0
0
0
0.422222222222222
0.272222222222222
0.127777777777778
0.0222222222222222
0
0
0
0.00555555555555556
0.0111111111111111
0.166666666666667
0.0166666666666667
0.144444444444444
0.0333333333333333
0.0333333333333333
0
0
0
0
0.00555555555555556
0
0.122222222222222
0
0
0
0
0
0
0
0
0
0
0
0.00555555555555556
0.00555555555555556
0
0.0277777777777778
0.05
0.183333333333333
0
0.444444444444444
0.388888888888889
0.0111111111111111
0.0944444444444444

