# Simulated data from SIR age-structured hybrid model
# random seed = 4070462
# Flag=0 if no issues, =1 if negative pop #'s, =2 if NaN, or=3 if NA. Flag:
0

# True SSB
24202.5491395883
22268.8879878366
21958.1895402287
27937.0731048164
31730.1192759428
29686.5877389497
26327.8611241393
22090.081431207
19513.9378262203
16765.1964679288
17392.69616239
26587.7263436731
49987.3696477785
63124.7110979257
57656.2383728826
51207.7688359685
43783.5485862682
40286.3842855951
41392.4315823382
39649.8346830108
36909.7029861509
34455.341240222
33250.3901369595
37139.6935338117
40642.4787392855
40089.678903505
45415.8418434427
47845.651215221
44439.7773170661
48220.1131723181
50454.0962375336
49110.0590842793
55478.1247361856
62438.1954641569
80586.1471082974
159727.886177646
239354.49293105
272176.148150066
281209.88410355
264007.33782314
260407.660850611
263681.249816441
238955.165553927
199309.04570709
162636.762837731
131623.55106772
105234.278936301
85664.8582065209
70749.4557249566
57486.6952716016

# True R (numbers)
359.322236580589
50.2908576371898
78.036791513221
18.9272918256533
8.01573909090985
81.4165500331685
34.9337755939882
133.175327479914
356.424674384238
1019.15191420541
58.1861681098097
103.752087484583
107.110929558527
60.6815425030703
182.025666778686
229.218898736893
65.3522853206186
139.780862296877
143.108027536858
115.809550872929
350.842531271557
208.203474564475
93.842281459977
497.327710043086
102.971969752265
110.890377248868
462.564553602887
148.942523492183
185.756507701931
566.665162284254
289.46469617019
669.451066142894
3720.02787535623
1774.93727270285
1670.97739396651
1333.33075716964
312.260547062798
1878.42362969378
914.531971093121
239.516726942545
69.9896297152966
101.33305839842
41.9522236298368
25.0671353522032
105.194167341653
35.8205554763839
50.7815802766626
34.3067652852599
153.97779023238
188.913236835009

# True infection rate given (selected) susceptible
0.740081507561388 0.740081507561388 0.740081507561388 0.740081507561388 0.740081507561388 0.740081507561388 0.740081507561388 0.740081507561388
0.725492045679358 0.725492045679358 0.725492045679358 0.725492045679358 0.725492045679358 0.725492045679358 0.725492045679358 0.725492045679358
0.443446820201682 0.443446820201682 0.443446820201682 0.443446820201682 0.443446820201682 0.443446820201682 0.443446820201682 0.443446820201682
0.0140445484335795 0.0140445484335792 0.0140445484335799 0.0140445484335803 0.0140445484335787 0.0140445484335788 0.0140445484335789 0.0140445484335789
0.0104650246980334 0.0104650246980333 0.0104650246980333 0.0104650246980331 0.0104650246980326 0.0104650246980331 0.0104650246980333 0.0104650246980327
0.00726497495909718 0.00726497495909772 0.00726497495909726 0.00726497495909734 0.00726497495909735 0.00726497495909887 0.00726497495909747 0.00726497495909784
0.00799004503603878 0.00799004503603871 0.00799004503603876 0.00799004503603835 0.00799004503603882 0.00799004503603868 0.00799004503603905 0.00799004503603786
0.193850666712374 0.193850666712373 0.193850666712373 0.193850666712374 0.193850666712374 0.193850666712373 0.193850666712373 0.193850666712373
0.771834219003052 0.771834219003052 0.771834219003052 0.771834219003052 0.771834219003052 0.771834219003052 0.771834219003052 0.771834219003052
0.93460468603358 0.93460468603358 0.93460468603358 0.93460468603358 0.93460468603358 0.93460468603358 0.93460468603358 0.93460468603358
0.921308531326574 0.921308531326575 0.921308531326574 0.921308531326575 0.921308531326574 0.921308531326575 0.921308531326574 0.921308531326574
0.784951465226993 0.784951465226993 0.784951465226993 0.784951465226993 0.784951465226993 0.784951465226993 0.784951465226993 0.784951465226993
0.0332017603567357 0.0332017603567347 0.0332017603567353 0.033201760356735 0.0332017603567345 0.0332017603567349 0.0332017603567355 0.0332017603567359
0.0441520677841527 0.0441520677841533 0.0441520677841531 0.0441520677841529 0.0441520677841529 0.0441520677841526 0.044152067784153 0.0441520677841528
0.20054548403306 0.20054548403306 0.200545484033061 0.200545484033061 0.20054548403306 0.20054548403306 0.200545484033061 0.20054548403306
0.521910463553842 0.521910463553842 0.521910463553841 0.521910463553842 0.521910463553842 0.521910463553842 0.521910463553842 0.521910463553841
0.447595527264771 0.447595527264771 0.447595527264771 0.447595527264771 0.447595527264771 0.447595527264771 0.447595527264771 0.447595527264771
0.218201787989525 0.218201787989525 0.218201787989526 0.218201787989524 0.218201787989525 0.218201787989525 0.218201787989525 0.218201787989525
0.301491038774214 0.301491038774215 0.301491038774215 0.301491038774213 0.301491038774214 0.301491038774215 0.301491038774215 0.301491038774214
0.266938513431255 0.266938513431256 0.266938513431256 0.266938513431256 0.266938513431255 0.266938513431256 0.266938513431256 0.266938513431256
0.683171604528548 0.683171604528548 0.683171604528548 0.683171604528548 0.683171604528548 0.683171604528548 0.683171604528548 0.683171604528548
0.698531334189138 0.698531334189139 0.698531334189139 0.698531334189139 0.698531334189139 0.698531334189138 0.698531334189139 0.698531334189139
0.544015735470372 0.544015735470372 0.544015735470372 0.544015735470372 0.544015735470372 0.544015735470372 0.544015735470372 0.544015735470372
0.75787032250809 0.757870322508089 0.75787032250809 0.75787032250809 0.757870322508089 0.75787032250809 0.75787032250809 0.75787032250809
0.764482941666283 0.764482941666283 0.764482941666283 0.764482941666283 0.764482941666283 0.764482941666283 0.764482941666283 0.764482941666283
0.550444979218667 0.550444979218668 0.550444979218667 0.550444979218667 0.550444979218667 0.550444979218667 0.550444979218667 0.550444979218667
0.704618029618458 0.704618029618458 0.704618029618458 0.704618029618458 0.704618029618458 0.704618029618458 0.704618029618458 0.704618029618458
0.734021406176896 0.734021406176896 0.734021406176896 0.734021406176896 0.734021406176896 0.734021406176896 0.734021406176896 0.734021406176897
0.57885190492879 0.57885190492879 0.57885190492879 0.57885190492879 0.57885190492879 0.57885190492879 0.578851904928791 0.57885190492879
0.776362182253426 0.776362182253425 0.776362182253425 0.776362182253426 0.776362182253425 0.776362182253425 0.776362182253425 0.776362182253426
0.800561656991141 0.800561656991141 0.800561656991141 0.800561656991141 0.800561656991141 0.800561656991141 0.800561656991141 0.800561656991141
0.83536898513946 0.83536898513946 0.83536898513946 0.83536898513946 0.83536898513946 0.83536898513946 0.83536898513946 0.83536898513946
0.981638958795973 0.981638958795972 0.981638958795972 0.981638958795973 0.981638958795972 0.981638958795972 0.981638958795973 0.981638958795973
0.979705325555769 0.979705325555768 0.979705325555769 0.979705325555769 0.979705325555768 0.979705325555769 0.979705325555769 0.979705325555769
0.960248576559497 0.960248576559497 0.960248576559497 0.960248576559497 0.960248576559497 0.960248576559497 0.960248576559498 0.960248576559497
0.925918477506606 0.925918477506606 0.925918477506606 0.925918477506606 0.925918477506606 0.925918477506606 0.925918477506606 0.925918477506606
0.866466519672268 0.866466519672268 0.866466519672268 0.866466519672268 0.866466519672268 0.866466519672268 0.866466519672268 0.866466519672268
0.901101711727141 0.901101711727141 0.901101711727142 0.901101711727141 0.901101711727142 0.901101711727142 0.901101711727141 0.901101711727141
0.912398937608737 0.912398937608737 0.912398937608737 0.912398937608737 0.912398937608737 0.912398937608737 0.912398937608737 0.912398937608737
0.840813045616471 0.84081304561647 0.840813045616471 0.840813045616471 0.84081304561647 0.84081304561647 0.840813045616471 0.84081304561647
0.455473451434415 0.455473451434416 0.455473451434415 0.455473451434415 0.455473451434416 0.455473451434415 0.455473451434416 0.455473451434416
0.0164012266940149 0.0164012266940151 0.0164012266940149 0.016401226694015 0.0164012266940144 0.0164012266940142 0.0164012266940153 0.0164012266940156
0.0119896590719404 0.0119896590719407 0.0119896590719399 0.0119896590719401 0.0119896590719405 0.011989659071941 0.0119896590719418 0.0119896590719402
0.0071998117295976 0.00719981172959653 0.00719981172959618 0.00719981172959705 0.00719981172959703 0.00719981172959716 0.00719981172959689 0.00719981172959671
0.00933467192688031 0.00933467192688096 0.00933467192688113 0.00933467192688015 0.00933467192688029 0.0093346719268802 0.00933467192688119 0.00933467192688101
0.0306329715875799 0.0306329715875801 0.0306329715875809 0.0306329715875806 0.0306329715875798 0.0306329715875809 0.0306329715875803 0.0306329715875807
0.0764206944838515 0.0764206944838511 0.0764206944838523 0.0764206944838515 0.0764206944838508 0.0764206944838515 0.0764206944838516 0.0764206944838511
0.0401145846039768 0.0401145846039769 0.0401145846039754 0.0401145846039765 0.0401145846039759 0.040114584603976 0.0401145846039755 0.0401145846039766
0.135203812324422 0.135203812324423 0.135203812324422 0.135203812324422 0.135203812324422 0.135203812324422 0.135203812324422 0.135203812324422
0.388196088774363 0.388196088774363 0.388196088774362 0.388196088774363 0.388196088774363 0.388196088774362 0.388196088774363 0.388196088774363

# Duration of outbreak (days) based on incidence
0
0
0
0
0
0
0
0
0
2
0
0
0
0
0
0
0
0
0
0
0
0
0
0
0
0
0
0
0
0
0
0
3
3
1
0
0
0
0
0
0
0
0
0
0
0
0
0
0
0

# Duration of outbreak (days) based on prevalence
25
15
0
0
0
0
0
0
28
25
21
7
0
0
0
0
0
0
0
0
16
11
0
17
12
0
0
5
0
16
15
18
23
21
18
15
7
12
11
0
0
0
0
0
0
0
0
0
0
0

# Peak (point) prevalence
0.183380338432819
0.124750228221488
0.0346342717143727
0.000734555089465367
0.000615802688674057
0.000518535746295923
0.00075403999566229
0.0329906754609629
0.227319457160277
0.445865949734493
0.29638059175152
0.107857870987726
0.00118425876027391
0.0024666142098639
0.0179108020175097
0.059374632225762
0.0402213330951824
0.0208881382881412
0.0309402612614792
0.029729674745087
0.123743819152727
0.110760144858586
0.0512054862796866
0.138600624858795
0.119746409053163
0.0431985815139986
0.0982167864810937
0.103002305972927
0.051908311558683
0.139496248315342
0.144679491819349
0.177561002999228
0.58259695378836
0.48013289228492
0.32766635444999
0.210617313119147
0.115608093452894
0.149634697041373
0.157817970086767
0.0927179426262139
0.0141147452127428
0.000296863763326572
0.000253157275094773
0.000156816846463259
0.000228889366087897
0.00101296182264813
0.0035982332313743
0.0018480150555782
0.00973598140567119
0.0343949060263039

# Day of peak prevalence
48
46
85
119
119
119
119
119
44
18
17
32
119
119
118
79
88
118
108
113
57
51
72
42
39
68
49
44
65
39
34
29
9
8
11
15
22
20
18
26
76
119
119
118
105
119
119
119
119
91

# Total immunity
0.164204001610205
0.348252607028027
0.473732606082071
0.564051902782191
0.551872186508222
0.406196392163241
0.355850678649681
0.219828254887509
0.121437454952012
0.106263781859745
0.314398383728635
0.532559021994207
0.633493921011757
0.578741153426764
0.430586348581054
0.336133410892896
0.436861857693307
0.436327317267681
0.377572761874553
0.371882640468041
0.249839117974422
0.327289477003259
0.445407820426718
0.293320351601381
0.41546248215814
0.519653005896624
0.347210117347524
0.418795644470159
0.466577887171549
0.314710909906995
0.368481663754243
0.314739004555788
0.115643387790724
0.217572786833478
0.333217907302667
0.434547759191421
0.597902159117839
0.474615079189673
0.506671597521823
0.637780995387444
0.777065082261862
0.80361411204228
0.785909673544484
0.773176241596469
0.703967416952388
0.678820204845698
0.641036417361356
0.624842146679542
0.484413859539644
0.378059417257761

# Observed immunity (based on survey selectivity)
0.590533292915581
0.821557552962507
0.866637618149924
0.796282365866723
0.720860087757585
0.649687107992007
0.592395929524195
0.559894738774216
0.556415838775491
0.821022571163121
0.896149018240171
0.862542017767447
0.867238116427001
0.830597955122099
0.785363648124578
0.750425697271431
0.820900497353414
0.816946125135696
0.74474895319262
0.744423558179819
0.724233151695933
0.833619760722562
0.880073054917766
0.83943639125059
0.895278257022027
0.919435597179872
0.860795646511088
0.910482851749254
0.925407149041757
0.871468963844221
0.919334859872051
0.926461465262341
0.91215620246257
0.947336147723669
0.887473745207074
0.89161378169921
0.939913520832463
0.947405535650646
0.962867076978131
0.971365779157143
0.948091093455852
0.924534287107568
0.884000536170625
0.856600460787068
0.828069436512367
0.801703108823969
0.786855050609469
0.763021791782029
0.729226725754738
0.730279626387374

# True total proportion of susceptible
1 0.956807367680859 0.86166270485368 0.713629261722185 0.586915407458848 0.490280303280602 0.423476278150946 0.176793968622478
1 0.846575132586888 0.665006951058449 0.446432742530035 0.27424820320189 0.185439771612376 0.139216850242446 0.0533647779275222
1 0.85006784790334 0.586398533859555 0.339721374489229 0.1680458550747 0.0847561496103935 0.0519244146607527 0.0156930622641378
1 0.908376600222615 0.692915692127135 0.411158035998978 0.208839076882831 0.0956140969108635 0.0464974585148141 0.0133753233610859
1 0.997203924938034 0.903455359692298 0.686939369666217 0.406438765800088 0.206079224667112 0.0942653608690297 0.0228939320197939
1 0.997917938229819 0.993351116563137 0.898136275221928 0.681626434935802 0.402690291020288 0.203987262667077 0.0312352135370665
1 0.998555080841996 0.995243629174185 0.989455230580114 0.893709628763163 0.677675682348383 0.400030942059167 0.0758174723476001
1 0.998406634475997 0.995605077756691 0.990942806665689 0.984286800675603 0.888460752520465 0.67320571702311 0.247446640492588
1 0.960342507628459 0.923962691710498 0.885496340810062 0.857312544442061 0.839993632405303 0.749176311542805 0.233052459404235
1 0.840039794977901 0.654600289503719 0.463774097948105 0.328733992420344 0.262525647213192 0.233023761934416 0.0725823197562628
1 0.807133289225209 0.503755386360092 0.235613822158314 0.0889425012174049 0.0373397572999117 0.021301953781474 0.00469907164041815
1 0.810192661797586 0.486838049065738 0.180340846170141 0.0454479807327145 0.0106254764607505 0.00334862153653861 0.000361331450675668
1 0.838458105100901 0.538484020629826 0.221301157283137 0.0554289464825169 0.0110040027160852 0.00229671440879654 0.000214463536808585
1 0.993381552170183 0.827403215640842 0.526871468078903 0.214916304332294 0.0536149984705905 0.0106278462184024 0.000431603020625791
1 0.991157995692851 0.977017267852769 0.806029064094879 0.508523632769852 0.205970504403774 0.0511991341988178 0.00385622141696398
1 0.959067503267894 0.914619738947233 0.864588826517206 0.686081395474019 0.418523128365347 0.165078778350961 0.0237040966684058
1 0.891700856622014 0.755975454043871 0.616493020223299 0.511718316344323 0.368354661787361 0.20769019439466 0.0556894726550901
1 0.90728327266736 0.727146877602217 0.537413128211621 0.39029250149597 0.302994192786655 0.20850707138606 0.0336439800560263
1 0.955325464422011 0.828166106397055 0.627105364073719 0.442175702571246 0.312260710877121 0.238982958616422 0.0396395034745802
1 0.937891195831445 0.840974616781327 0.673673221497022 0.47552860854936 0.320510952456622 0.220679400316388 0.0435348518527273
1 0.945110859710579 0.838259081361976 0.703473257733791 0.532210138991433 0.361115505105801 0.237640140558842 0.0415968383906222
1 0.858250971098329 0.678950996305021 0.465803030750535 0.305540561425162 0.195329102763901 0.119600481034433 0.0266761023386396
1 0.855478876653064 0.605202056593152 0.360349207246347 0.186882888299133 0.102733004225618 0.0597985661930179 0.0149561260007728
1 0.887392343398701 0.660408057516562 0.382693764538231 0.190187684084229 0.0885241224813321 0.0462269185479047 0.00825200843145627
1 0.843306197291058 0.60511030102567 0.321688719125803 0.131050261848507 0.0518310329923422 0.0214754450492384 0.00359745078575282
1 0.842201726893497 0.569747398078976 0.289325977047534 0.107166699985255 0.034578191600975 0.0122036433563873 0.0016205191671878
1 0.886256261927726 0.647356361161924 0.356359708843119 0.149596934752808 0.0495331075809277 0.0151940519637643 0.00149826616296568
1 0.854301878727895 0.624863889515913 0.339045188817875 0.137977070664325 0.0478288386462738 0.0144181801907605 0.00198517196476679
1 0.848389113036142 0.589272930797266 0.313253906585445 0.122295672455282 0.0403147257314661 0.0126113903346362 0.00124033776241679
1 0.880299049191128 0.64192180501783 0.357689108752534 0.15469167439629 0.053330955854461 0.0165993993751542 0.00104680388329531
1 0.839575796591861 0.592730962010445 0.303285044823998 0.116124395288895 0.0392070690642441 0.0119186710143612 0.0017156648497387
1 0.834805207432869 0.553646039181309 0.267552221103478 0.0911326910708622 0.0266853105606372 0.00787887739748919 0.000524218137222669
1 0.827666152348015 0.537317649132035 0.234240395957174 0.071694519568979 0.0179246040313423 0.00448213590370139 0.000229532850932306
1 0.797725236380689 0.47834310077421 0.170356700339909 0.0330002894317072 0.00463009796043125 0.000607476368978278 4.5627108816474e-05
1 0.798317709542464 0.459740338714448 0.150478683222281 0.0239940135208966 0.00219168793320864 0.000168378557631744 2.97516534347924e-06
1 0.802325380062485 0.467132712097186 0.150385389578033 0.0235436997097798 0.00200239145524152 0.000118338596447985 1.48542715503698e-06
1 0.809371170392902 0.482132731065364 0.164510018224487 0.0278675703818656 0.00267970026787395 0.000170529081422614 3.85874444916041e-06
1 0.821643912563661 0.508497824678467 0.190921770963295 0.0389194367589186 0.00466190303508483 0.000374892624888492 5.23057854201552e-06
1 0.814334597929109 0.50413126064338 0.189574855975466 0.0396733525247422 0.00528756511389634 0.000500236401385469 1.47134933374229e-05
1 0.81204835396332 0.49503192992678 0.183750476660786 0.0375863707952786 0.00499648860530085 0.000513631435429931 3.26700684667984e-05
1 0.826924346728079 0.519661628647871 0.205634417131543 0.0477008841063599 0.00717298540702775 0.000817954676707105 2.80572169050607e-05
1 0.906288413620989 0.669291085884755 0.358059460128627 0.122423161560038 0.0262376228689295 0.0038210047728694 0.000128552514317748
1 0.996744863927424 0.900570727577796 0.662513433204156 0.353189973395348 0.120488534199546 0.0257977162799151 0.000920879388944129
1 0.99762266792851 0.992346327368886 0.89451022280726 0.656609216389116 0.349403630849543 0.119054121996875 0.00243616090660897
1 0.998575743855755 0.994986957043198 0.988508242402087 0.890157722981663 0.652821921548842 0.347087622441102 0.0406974965485235
1 0.998155388062178 0.995160305854118 0.99000788214736 0.982526761875105 0.884095522420665 0.647789774564269 0.095576748477961
1 0.993913653111923 0.986872204748874 0.978681158874587 0.970175840897324 0.961198948840792 0.863476357744346 0.126772806308297
1 0.984680985265723 0.965488104475818 0.945318513877582 0.928662044554238 0.916375099675992 0.905976089395233 0.134249413974794
1 0.992000808407127 0.969953443463893 0.944178061038873 0.91991470194437 0.901517349955414 0.888597642438046 0.16296021322269
1 0.972656936275958 0.941099536011136 0.895917252427499 0.85587422089602 0.825911632303808 0.805717583423578 0.155632126791169

# True vulnerable proportion of susceptible
0.27 0.47840368384043 0.629013774543186 0.627993750315523 0.557569637085905 0.48047469721499 0.419241515369436 0.176793968622478
0.27 0.423287566293444 0.485455074272668 0.39286081342643 0.260535793041795 0.181730976180128 0.137824681740021 0.0533647779275222
0.27 0.42503392395167 0.428070929717475 0.298954809550522 0.159643562320965 0.0830610266181856 0.0514051705141452 0.0156930622641378
0.27 0.454188300111308 0.505828455252808 0.3618190716791 0.198397123038689 0.0937018149726462 0.0460324839296659 0.0133753233610859
0.27 0.498601962469017 0.659522412575377 0.604506645306271 0.386116827510084 0.20195764017377 0.0933227072603394 0.0228939320197939
0.27 0.49895896911491 0.72514631509109 0.790359922195296 0.647545113189012 0.394636485199882 0.201947390040406 0.0312352135370665
0.27 0.499277540420998 0.726527849297155 0.8707206029105 0.849024147325005 0.664122168701415 0.396030632638575 0.0758174723476001
0.27 0.499203317237998 0.726791706762384 0.872029669865806 0.935072460641823 0.870691537470055 0.666473659852879 0.247446640492588
0.27 0.480171253814229 0.674492764948664 0.779236779912854 0.814446917219958 0.823193759757197 0.741684548427377 0.233052459404235
0.27 0.420019897488951 0.477858211337715 0.408121206194332 0.312297292799326 0.257275134268928 0.230693524315071 0.0725823197562628
0.27 0.403566644612604 0.367741432042867 0.207340163499316 0.0844953761565347 0.0365929621539135 0.0210889342436593 0.00469907164041815
0.27 0.405096330898793 0.355391775817989 0.158699944629724 0.0431755816960788 0.0104129669315355 0.00331513532117322 0.000361331450675668
0.27 0.41922905255045 0.393093335059773 0.194745018409161 0.052657499158391 0.0107839226617635 0.00227374726470857 0.000214463536808585
0.27 0.496690776085092 0.604004347417815 0.463646891909435 0.20417048911568 0.0525426985011786 0.0105215677562183 0.000431603020625791
0.27 0.495578997846426 0.713222605532521 0.709305576403493 0.48309745113136 0.201851094315698 0.0506871428568296 0.00385622141696398
0.27 0.479533751633947 0.66767240943148 0.760838167335142 0.651777325700318 0.41015266579804 0.163427990567451 0.0237040966684058
0.27 0.445850428311007 0.551862081452026 0.542513857796503 0.486132400527107 0.360987568551614 0.205613292450713 0.0556894726550901
0.27 0.45364163633368 0.530817220649618 0.472923552826227 0.370777876421172 0.296934308930922 0.2064220006722 0.0336439800560263
0.27 0.477662732211006 0.60456125766985 0.551852720384872 0.420066917442684 0.306015496659579 0.236593129030257 0.0396395034745802
0.27 0.468945597915723 0.613911470250369 0.59283243491738 0.451752178121892 0.31410073340749 0.218472606313224 0.0435348518527273
0.27 0.472555429855289 0.611929129394242 0.619056466805736 0.505599632041861 0.353893195003685 0.235263739153254 0.0415968383906222
0.27 0.429125485549165 0.495634227302665 0.409906667060471 0.290263533353904 0.191422520708623 0.118404476224089 0.0266761023386396
0.27 0.427739438326532 0.441797501313001 0.317107302376785 0.177538743884176 0.100678344141105 0.0592005805310878 0.0149561260007728
0.27 0.44369617169935 0.48209788198709 0.336770512793643 0.180678299880018 0.0867536400317055 0.0457646493624257 0.00825200843145627
0.27 0.421653098645529 0.441730519748739 0.283086072830707 0.124497748756082 0.0507944123324953 0.021260690598746 0.00359745078575282
0.27 0.421100863446749 0.415915600597653 0.25460685980183 0.101808364985992 0.0338866277689555 0.0120816069228234 0.0016205191671878
0.27 0.443128130963863 0.472570143648204 0.313596543781945 0.142117088015168 0.0485424454293092 0.0150421114441267 0.00149826616296568
0.27 0.427150939363948 0.456150639346617 0.29835976615973 0.131078217131109 0.0468722618733483 0.0142739983888529 0.00198517196476679
0.27 0.424194556518071 0.430169239482004 0.275663437795192 0.116180888832518 0.0395084312168368 0.0124852764312898 0.00124033776241679
0.27 0.440149524595564 0.468602917663016 0.31476641570223 0.146957090676475 0.0522643367373718 0.0164334053814027 0.00104680388329531
0.27 0.41978789829593 0.432693602267624 0.266890839445118 0.11031817552445 0.0384229276829592 0.0117994843042176 0.0017156648497387
0.27 0.417402603716435 0.404161608602355 0.235445954571061 0.0865760565173191 0.0261516043494244 0.0078000886235143 0.000524218137222669
0.27 0.413833076174007 0.392241883866385 0.206131548442313 0.0681097935905301 0.0175661119507155 0.00443731454466438 0.000229532850932306
0.27 0.398862618190344 0.349190463565173 0.14991389629912 0.0313502749601218 0.00453749600122263 0.000601401605288495 4.5627108816474e-05
0.27 0.399158854771232 0.335610447261547 0.132421241235607 0.0227943128448518 0.00214785417454446 0.000166694772055427 2.97516534347924e-06
0.27 0.401162690031242 0.341006879830946 0.132339142828669 0.0223665147242908 0.00196234362613669 0.000117155210483505 1.48542715503698e-06
0.27 0.404685585196451 0.351956893677715 0.144768816037549 0.0264741918627723 0.00262610626251648 0.000168823790608388 3.85874444916041e-06
0.27 0.410821956281831 0.371203412015281 0.1680111584477 0.0369734649209726 0.00456866497438313 0.000371143698639607 5.23057854201552e-06
0.27 0.407167298964554 0.368015820269667 0.16682587325841 0.0376896848985051 0.00518181381161841 0.000495234037371614 1.47134933374229e-05
0.27 0.40602417698166 0.361373308846549 0.161700419461492 0.0357070522555147 0.00489655883319483 0.000508495121075632 3.26700684667984e-05
0.27 0.41346217336404 0.379352988912946 0.180958287075758 0.0453158399010419 0.0070295256988872 0.000809775129940034 2.80572169050607e-05
0.27 0.453144206810494 0.488582492695871 0.315092324913192 0.116302003482036 0.0257128704115509 0.0037827947251407 0.000128552514317748
0.27 0.498372431963712 0.657416631131791 0.583011821219657 0.335530474725581 0.118078763515555 0.025539739117116 0.000920879388944129
0.27 0.498811333964255 0.724412818979287 0.787168996070389 0.62377875556966 0.342415558232552 0.117863580776906 0.00243616090660897
0.27 0.499287871927877 0.726340478641535 0.869887253313837 0.845649836832579 0.639765483117865 0.343616746216691 0.0406974965485235
0.27 0.499077694031089 0.726467023273506 0.871206936289677 0.933400423781349 0.866413611972252 0.641311876818627 0.095576748477961
0.27 0.496956826555962 0.720416709466678 0.861239419809637 0.921667048852458 0.941974969863976 0.854841594166903 0.126772806308297
0.27 0.492340492632862 0.704806316267347 0.831880292212272 0.882228942326526 0.898047597682472 0.896916328501281 0.134249413974794
0.27 0.496000404203564 0.708066013728642 0.830876693714208 0.873918966847151 0.883487002956306 0.879711666013666 0.16296021322269
0.27 0.486328468137979 0.687002661288129 0.788407182136199 0.813080509851219 0.809393399657732 0.797660407589343 0.155632126791169

# True survival by age
0.7300483006052 0.69285256523881 0.666005877842218 0.666266981473574 0.678911577401592 0.692731475505293 0.703702718572506 0.747132913493613
0.731082346092153 0.704375626841062 0.693608054311751 0.709906378494405 0.733123312447642 0.746942597049814 0.754640308188068 0.769446299212394
0.748788230245512 0.731941168795507 0.731750180215643 0.745978956631143 0.761280869772775 0.769686766096546 0.773160543019092 0.777079005042129
0.777472869894583 0.776979619868783 0.776942524223111 0.777516621344975 0.778105493910572 0.778474012086363 0.77864050471225 0.778754284200074
0.777712349811451 0.777243775299399 0.776962871438668 0.777191453802892 0.777790095316367 0.778275615064616 0.778558620845142 0.77874149913317
0.777926171912938 0.777637802885129 0.777354263078217 0.777322584283789 0.777618601328812 0.77808710145092 0.778436680610398 0.7787446355663
0.777876343497015 0.77754491884029 0.777217426709006 0.777011595643071 0.777094086786336 0.777477185660723 0.778013669539162 0.778650503712584
0.76530676962721 0.754305205641963 0.743381807056777 0.736412456274087 0.733389771586333 0.73653133824211 0.746449162584132 0.766790688753361
0.728121299688314 0.689108008570314 0.653036691927867 0.633603431231947 0.627078993272416 0.625463705222401 0.640650579330807 0.735392417898275
0.718571070453993 0.685487263156953 0.672798209722075 0.688318681330135 0.709577169635866 0.721777766000258 0.727670639449117 0.762714270651426
0.719448395058272 0.69045392165631 0.698420171180072 0.733506361399045 0.760346148401668 0.770809143169535 0.77419522733046 0.777774590740013
0.727656452702472 0.702434065066067 0.711923534476204 0.748956555310998 0.770683351397681 0.77684322236048 0.778177580388885 0.77873285936528
0.77619335082415 0.775133086790831 0.775493825130135 0.777186708803887 0.778366701398554 0.778712071190279 0.778782091020585 0.778799021161955
0.775450962751175 0.773089706065729 0.772058742337925 0.773683175278284 0.776556321071229 0.778224079953015 0.778685357281928 0.778796050539078
0.764892763907633 0.753723150308522 0.742949451365 0.743234664327948 0.754598800004636 0.76869201270522 0.776262632578636 0.778607704177433
0.743637555846608 0.716784750918974 0.692677938154015 0.680755250958639 0.69483849528705 0.725971754919301 0.757751612308967 0.77574787450416
0.748448347044041 0.729084919186125 0.717449212282744 0.718556021695937 0.724838742332471 0.738736367551258 0.755981802162349 0.772620660558247
0.763680271636119 0.753808119819715 0.749734616954531 0.752963607726792 0.758560675174689 0.762596766992403 0.767537252944574 0.776965161990764
0.758081538236342 0.742579877689703 0.733160373640548 0.737208234650474 0.747159545232748 0.755755644545648 0.760984941847475 0.775816078536484
0.760390027586202 0.747250359610332 0.737703412776874 0.73918833139568 0.7486353391094 0.757832317722898 0.764217378371753 0.775894994817661
0.73351653263235 0.699973358753113 0.676929916198866 0.675820472948196 0.694716641090356 0.71995237958519 0.739680398622511 0.771884155782763
0.732690120225759 0.705904487826454 0.694773072737129 0.709357995427429 0.729639844528556 0.746383496839609 0.758749708571623 0.774283491838467
0.742318274382331 0.721393053832072 0.719654745240202 0.736387241368911 0.755062656744376 0.76534114002688 0.770886609172762 0.776801467999194
0.729083153426117 0.697501942306508 0.690627555603171 0.717249117205179 0.745786213423254 0.762950153750426 0.770439443173212 0.777293160612448
0.728757637061866 0.701032562227126 0.697477981451089 0.726719748160491 0.755901747712878 0.769458972519735 0.774890758343142 0.778139200160948
0.741971181881851 0.721742692823162 0.72258503691756 0.74441945809611 0.7650574411988 0.774226932677054 0.777170133577786 0.778582070997673
0.732339798370271 0.702950880419914 0.698070104729084 0.725267122833542 0.754546504312855 0.770517166515021 0.776233976453602 0.778545124939538
0.730584978241431 0.702909487521913 0.697910426212926 0.725929033711217 0.755578521710232 0.770497539641054 0.776272276843113 0.778449138990136
0.740156450960561 0.718472397995282 0.717767230224224 0.739723246591425 0.762336383670431 0.773202584209622 0.777031734111042 0.778625045287032
0.727984872438672 0.696361398121456 0.691189575755789 0.719990436155617 0.751350166694827 0.769039047342016 0.775731503905373 0.778605276381373
0.726585157951876 0.697998867915365 0.695660134863896 0.727551819812404 0.757622171153202 0.771425104165053 0.776535814707081 0.778471462105464
0.724500549290538 0.695235325218789 0.698022023356346 0.731772110717462 0.761511690682771 0.773578801174201 0.777243295435068 0.77869611230641
0.715886515968962 0.68274709817165 0.687890371376721 0.731051071741663 0.763026409147581 0.774732735795705 0.777773192163084 0.778747629213945
0.716054984116395 0.686470723769318 0.698086334586273 0.744167250041922 0.771559553508687 0.777752798454694 0.778661886060306 0.778790245485231
0.717196639928009 0.68808993521264 0.702644399362313 0.74876837677009 0.773632176539671 0.778313794411717 0.778762988840888 0.778800108536667
0.719212608779697 0.690629855424778 0.703965991697114 0.749775113234713 0.773896180419851 0.77837050764853 0.778775095549864 0.778800457383755
0.722751330129934 0.695159524927956 0.706175863618262 0.748946333223522 0.773342416210851 0.778259385742051 0.778765979334047 0.778799987595722
0.720639581445706 0.690678088750624 0.699301130264933 0.742839197079335 0.770888528374658 0.777823175523541 0.778721367407609 0.778799663883841
0.719981589406402 0.690469755280504 0.699086951023338 0.742686342977728 0.770643408546623 0.777679345196364 0.778693608224472 0.778797598966453
0.724284627402282 0.697188624080135 0.70628501863561 0.74637294877839 0.771641589680291 0.777819116841983 0.77869884233704 0.778794233704154
0.748139342799949 0.732223275867187 0.736193226065234 0.7584987335629 0.773718737358964 0.778012562055871 0.778709987402343 0.778797637319808
0.777318978800722 0.776725529129149 0.776727404703835 0.77750287084056 0.778326910617495 0.778696457815607 0.778785455866636 0.778800262892124
0.77761329832317 0.777061660468408 0.776727561553003 0.777034795558879 0.777799416801264 0.77845041453478 0.778725140798216 0.778798060618765
0.777933108292764 0.777650961605741 0.777374336633855 0.777348774831233 0.777678015110176 0.778190337311119 0.77859130805334 0.778796466485594
0.77779202313081 0.777388966422419 0.776991000628223 0.776741644291989 0.776836775318399 0.777325931347217 0.778010531785888 0.778707406000516
0.776371216413209 0.77476329058498 0.773167836335874 0.772154014251008 0.771721192356972 0.772244156770739 0.773951149666028 0.778078541586313
0.773296526941763 0.769121233679811 0.765010832512417 0.762422490679872 0.761314483246956 0.760945377696683 0.76260171418288 0.776399147820013
0.775732188961468 0.773652538032179 0.771667677840507 0.770485184226722 0.770021282726773 0.769879294454431 0.769895462482868 0.777468567939777
0.769328567542614 0.76185056821836 0.754841403507659 0.750789217115513 0.749377141607295 0.749070179946492 0.749202060524697 0.773318711892736
0.752421870449788 0.731728472366991 0.712535822386508 0.702852997765734 0.700512503423281 0.700881428282292 0.702015333800695 0.763819954136514

# True Numbers-at-age
359.322236580589 85.380034597824 29.215124283293 60.0672619122906 34.4034678877201 8.20107007661277 11.7429973309381 70.5821171486483
50.2908576371898 262.322588185319 59.1557759912807 19.457444494564 40.0208332796844 23.3569126517371 5.68113937489427 60.997801971788
78.036791513221 36.7667581883832 184.773637487604 41.030922686614 13.8129639558919 29.3402058609171 17.4462729951542 51.2217497560124
18.9272918256533 58.4330310112228 26.911103961227 135.208142530654 30.6082048953734 10.5155452144813 22.5827681656962 53.2921162395117
8.01573909090985 14.715455895023 45.4012742228807 20.9083810412663 105.126578158764 23.8164123878305 8.18607867239284 59.0853218379455
81.4165500331685 6.233939283867 11.4374964950994 35.2751043871838 16.2498150581265 81.7664112463883 18.5357329997713 52.3855342261555
34.9337755939882 63.336065097661 4.84774684802563 8.89098665940771 27.4201353031261 12.6361584573522 63.6213899227462 55.2238482289161
133.175327479914 27.1741576235968 49.2466355960241 3.76775333055918 6.90839973106764 21.3080250029406 9.82432491498516 92.4983882753704
356.424674384238 101.919979667699 20.4976085544143 36.609052960839 2.77462048479195 5.06654970079478 15.6940281707122 78.2602619599921
1019.15191420541 259.520397153635 70.2338742223351 13.3856904828071 23.1956215701397 1.73990622031636 3.16894294855255 67.6063915077118
58.1861681098097 732.333081945814 177.897926778251 47.2532248386324 9.21362082181909 16.4590835016843 1.2558256247499 53.8703063319302
103.752087484583 41.8619452611934 505.642248388139 124.247500473046 34.6605410157563 7.00554110470355 12.6868120512891 42.8712096653968
107.110929558527 75.495875939508 29.4052563813933 359.978616652979 93.0559799602939 26.7123019112798 5.44220712615671 43.2578123921036
60.6815425030703 83.1387913239226 58.5193513569684 22.803594750139 279.770596316305 72.431676167104 20.8011919475928 37.9274353940532
182.025666778686 47.0555605552322 64.2737437472713 45.1803768110922 17.6427575940467 217.257625019294 56.3680745445992 45.7353204755659
229.218898736893 139.230115364479 35.466865341223 47.7521426542098 33.5796221934023 13.3132037092404 167.004201051637 79.3663028146789
65.3522853206186 170.455781610554 99.7980235619481 24.5671151573445 32.5075218563793 23.3324141571713 9.66500986039537 188.115943324989
139.780862296877 48.9128099237675 124.276739760338 71.6000133918943 17.6528485320074 23.5627112587233 17.2365028806703 152.648835965469
143.108027536858 106.74788688841 36.8708732837343 93.1745738805753 53.9122043968474 13.390756701196 17.9688474274779 131.832485635013
115.809550872929 108.48755364911 79.2688327892297 27.032263233156 68.6890631248091 40.2810181196435 10.1201399616664 115.951784343739
350.842531271557 88.0604275830124 81.0673634775426 58.4768884754542 19.9819335531653 51.4230600655484 30.5262573218475 97.7003959427437
208.203474564475 257.34879703827 61.6399532685165 54.8769235653159 39.5198784260203 13.8817817605457 37.0221544597437 97.9930618261839
93.842281459977 152.548628810066 181.663670766054 42.8257797357402 38.9273844955167 28.8352779505489 10.3611328128004 103.964958993745
497.327710043086 69.6608404374711 110.047521195189 130.735122704544 31.5363577990744 29.3926143572947 22.0688244996651 88.7473913080652
102.971969752265 362.593255124403 48.5885715078399 76.0018505632213 93.7696513475451 23.5193808681326 22.4250996430249 85.985433144965
110.890377248868 75.0416093602667 254.189678686134 33.88945877688 55.2320457010355 70.8806433360366 18.0971986370936 84.2856386412198
462.564553602887 82.2774642666672 54.1607332134627 183.673658357483 25.2279725378555 42.2556875562094 54.8777030762359 79.6878893708162
148.942523492183 338.754431918773 57.8370159449717 37.8079887065259 133.212465737243 19.0356784893396 32.5587326449545 104.638555463877
185.756507701931 108.81517028476 238.113704135801 40.365056449039 27.445916708293 100.652477935121 14.6669434414343 106.730234927451
566.665162284254 137.488877483489 78.1806963327568 170.910213895984 29.8589706053292 20.9230208899199 77.8247560465373 94.4995145002887
289.46469617019 412.523665880942 95.7419469505522 54.0376823305303 123.05371944642 22.4345425416501 16.0906200527011 133.948935654452
669.451066142894 210.320751988309 287.941051773194 66.6038557277531 39.3152141180219 93.2282260954735 17.3065693170877 116.770366538158
3720.02787535623 485.017665143663 146.222416408852 200.989195566079 48.7388440878192 29.93899517257 72.1193793785338 104.380045424547
1774.93727270285 2663.11779499619 331.144403438825 100.584992327087 146.933366827077 37.1890251903325 23.1947196370196 137.378232827673
1670.97739396651 1270.95268061284 1828.15240021398 231.167382815367 74.8520571355361 113.367842904627 28.9238684135833 125.049671807392
1333.33075716964 1198.41937234844 874.52974766122 1284.54104519113 173.090825992853 57.9079598802366 88.235755975372 119.913536190674
312.260547062798 958.948292230185 827.664197863256 615.639201080957 963.116907612813 133.954329101586 45.0738481288705 162.104526122435
1878.42362969378 225.686725736738 666.62203925721 584.476479712001 461.080722238242 744.819156426816 104.251213884089 161.348982413797
914.531971093121 1353.66641828025 155.876876388237 466.169545512082 434.172038901019 355.441839428163 579.33760144267 206.841181101586
239.516726942545 658.446182110594 934.6657205614 108.971490249294 346.217754963957 334.591819954318 276.419776941885 612.213902456804
69.9896297152966 173.478283330195 459.061187736504 660.140395864774 81.3333725101412 267.156018815929 260.25191389942 692.036417330585
101.33305839842 52.3619955780138 127.024836911851 337.957736761075 500.715654237143 62.9291542836927 207.850738667628 741.617091350377
41.9522236298368 78.7681094730137 40.6708987215909 98.6636719074704 262.763110554514 389.720468260213 49.0027095340434 739.442717974452
25.0671353522032 32.6226069887886 61.2076779390573 31.5902079901905 76.6651061297095 204.376994146187 303.378060069852 614.036196578564
105.194167341653 19.5005545205349 25.3690016949176 47.5812780347733 24.5566094778384 59.6207675631635 159.044202013254 714.41674081411
35.8205554763839 81.8191842382255 15.1595159233826 19.7114860118731 36.9583601382442 19.0764773195172 46.344768673672 680.059671228492
50.7815802766626 27.810048227797 63.3905004133863 11.720850126381 15.2203030509204 28.5215497534442 14.7316981417667 565.008424177127
34.3067652852599 39.2692196605576 21.3892986016583 48.4944194946234 8.93623974624088 11.5874371520736 21.7033414496293 449.906477297986
153.97779023238 26.612862130922 30.3807314569335 16.5054303825788 37.3642317382829 6.88109479215437 8.92092793917345 366.497448714481
188.913236835009 118.459512792854 20.2750241363598 22.932633972541 12.392099155091 27.999901178387 5.15442291418794 290.102912545678

