# Simulated data from SIR age-structured hybrid model
# random seed = 6059335
# Flag=0 if no issues, =1 if negative pop #'s, =2 if NaN, or=3 if NA. Flag:
0

# True SSB
116848.524643765
105652.720252829
83831.0018768891
67161.5781985545
53535.1240363343
42485.3155139651
34201.6326149157
28332.6376615307
24037.0659287641
20737.4094099692
18615.7835973927
20531.0537340134
25034.2384532902
29850.6291180449
31527.0530474011
27989.5634362404
25034.5057364179
22472.0266165502
22180.3624992017
22160.1801869937
19839.3857883562
17663.7797506687
17351.7609980494
21298.9079907033
20720.8809917616
18365.5443048346
16585.1981594569
17452.0808269946
22150.5202676532
28160.6640900699
25834.6086078169
38566.484787584
48498.9346369546
46376.3766041028
43007.4179373135
42824.8120495822
45460.3319168206
45429.9162750551
46730.6646882305
64147.9041364718
68015.4749785541
57768.2432143937
50921.81604815
42288.9704418319
36050.6303305744
37056.3505826046
38137.8651820002
34479.4750819988
34442.5928805158
38323.7239756661

# True R (numbers)
23.1845517806208
9.00357743150372
12.2865665554136
20.9579973876447
32.8125194007738
29.0275482005957
32.0109516000477
29.1770181502092
157.99800303917
131.239716178455
214.197766215543
133.85927378807
46.5711055937139
33.3795484304095
42.6581316507591
105.238316283531
54.8830383371403
35.1137342606053
24.1793419613851
65.9135979080838
212.704870386146
11.5464970235118
27.5381879101344
43.6769755110076
84.1017361928144
188.972117778186
165.151271870481
134.67924522737
451.515856559993
275.50726200587
84.7288589427996
123.237098354886
148.85657831065
230.567227966876
194.163945378873
182.752257268671
736.665969391081
111.08882812826
134.409930150426
35.077767170576
14.330782021978
52.3186382816326
245.914675904972
74.3213987763159
83.5353744350572
134.818499061152
230.620590847261
163.448932283235
324.616379187554
968.38024443141

# True infection rate given (selected) susceptible
-999 -999 0.351585352602308 0.351585352602306 0.351585352602307 0.351585352602307 0.351585352602307 0.351585352602307
-999 -999 0.343771261840147 0.343771261840146 0.343771261840147 0.343771261840147 0.343771261840147 0.343771261840146
-999 -999 0.00576144739572881 0.00576144739572915 0.0057614473957292 0.00576144739572869 0.00576144739572858 0.00576144739572918
-999 -999 0.00553274159109133 0.00553274159109171 0.00553274159109171 0.00553274159109124 0.00553274159109122 0.00553274159109056
-999 -999 0.0201012514421994 0.0201012514421991 0.0201012514421988 0.0201012514421989 0.0201012514421992 0.0201012514421988
-999 -999 0.00915147061049353 0.00915147061049301 0.00915147061049162 0.00915147061049315 0.00915147061049329 0.00915147061049223
-999 -999 0.00961000769070679 0.00961000769070732 0.00961000769070688 0.00961000769070657 0.00961000769070687 0.0096100076907073
-999 -999 0.00470280882568284 0.00470280882568271 0.00470280882568269 0.0047028088256832 0.00470280882568334 0.00470280882568214
-999 -999 0.0031212729255123 0.00312127292551288 0.00312127292551244 0.00312127292551241 0.00312127292551223 0.00312127292551209
-999 -999 0.00294692243213801 0.00294692243213704 0.00294692243213737 0.00294692243213736 0.00294692243213632 0.00294692243213815
-999 -999 0.00227420101930728 0.00227420101930753 0.00227420101930797 0.00227420101930765 0.00227420101930688 0.00227420101930763
-999 -999 0.0194707157131314 0.01947071571313 0.0194707157131308 0.0194707157131306 0.0194707157131302 0.0194707157131307
-999 -999 0.218658328841837 0.218658328841837 0.218658328841837 0.218658328841838 0.218658328841837 0.218658328841837
-999 -999 0.424004882759807 0.424004882759807 0.424004882759806 0.424004882759806 0.424004882759807 0.424004882759807
-999 -999 0.522385058978234 0.522385058978234 0.522385058978234 0.522385058978234 0.522385058978234 0.522385058978233
-999 -999 0.00177620735025492 0.00177620735025509 0.00177620735025469 0.00177620735025494 0.0017762073502543 0.001776207350255
-999 -999 0.00144695861043109 0.00144695861043079 0.00144695861043205 0.00144695861043143 0.00144695861043157 0.00144695861043209
-999 -999 0.00362744611495629 0.00362744611495691 0.00362744611495667 0.00362744611495668 0.00362744611495724 0.00362744611495631
-999 -999 0.00539709462770668 0.00539709462770663 0.0053970946277064 0.00539709462770568 0.00539709462770647 0.00539709462770601
-999 -999 0.215524014467321 0.215524014467321 0.215524014467321 0.215524014467321 0.215524014467321 0.215524014467321
-999 -999 0.017876721547828 0.0178767215478281 0.0178767215478282 0.0178767215478279 0.0178767215478282 0.0178767215478282
-999 -999 0.00192788799074536 0.00192788799074497 0.00192788799074477 0.00192788799074585 0.00192788799074501 0.00192788799074517
-999 -999 0.0963524869497766 0.0963524869497768 0.0963524869497759 0.0963524869497762 0.0963524869497766 0.0963524869497765
-999 -999 0.573979354498859 0.57397935449886 0.573979354498859 0.57397935449886 0.57397935449886 0.57397935449886
-999 -999 0.0492201600370753 0.0492201600370755 0.0492201600370753 0.0492201600370763 0.0492201600370759 0.0492201600370769
-999 -999 0.0954032794207917 0.0954032794207907 0.0954032794207902 0.0954032794207911 0.0954032794207913 0.0954032794207901
-999 -999 0.00170911713780553 0.00170911713780714 0.00170911713780669 0.00170911713780642 0.00170911713780643 0.0017091171378052
-999 -999 0.0198284661157948 0.0198284661157951 0.0198284661157944 0.0198284661157946 0.0198284661157955 0.0198284661157954
-999 -999 0.0118395668137077 0.0118395668137068 0.0118395668137073 0.0118395668137072 0.0118395668137076 0.0118395668137079
-999 -999 0.720608868636181 0.720608868636181 0.720608868636181 0.72060886863618 0.720608868636181 0.720608868636181
-999 -999 0.0129211761151346 0.0129211761151346 0.0129211761151344 0.0129211761151353 0.0129211761151351 0.0129211761151352
-999 -999 0.639536971692223 0.639536971692222 0.639536971692222 0.639536971692222 0.639536971692222 0.639536971692223
-999 -999 0.628481488250003 0.628481488250003 0.628481488250003 0.628481488250002 0.628481488250003 0.628481488250002
-999 -999 0.181582556061291 0.181582556061292 0.181582556061292 0.181582556061292 0.181582556061291 0.181582556061292
-999 -999 0.00824475797330118 0.00824475797330021 0.00824475797330031 0.00824475797329992 0.00824475797330078 0.0082447579733003
-999 -999 0.0255164284036051 0.0255164284036056 0.0255164284036044 0.0255164284036046 0.0255164284036047 0.0255164284036048
-999 -999 0.477196413203971 0.47719641320397 0.477196413203971 0.477196413203971 0.47719641320397 0.477196413203971
-999 -999 0.393272919459422 0.393272919459422 0.393272919459422 0.393272919459423 0.393272919459422 0.393272919459422
-999 -999 0.0259369264691494 0.0259369264691492 0.0259369264691492 0.0259369264691492 0.025936926469149 0.0259369264691499
-999 -999 0.801385634305128 0.801385634305128 0.801385634305128 0.801385634305128 0.801385634305128 0.801385634305128
-999 -999 0.808169343857861 0.808169343857861 0.808169343857861 0.808169343857861 0.808169343857861 0.808169343857861
-999 -999 0.00202863686416454 0.00202863686416442 0.00202863686416478 0.00202863686416436 0.00202863686416414 0.00202863686416464
-999 -999 0.00207486163293869 0.00207486163293715 0.00207486163293778 0.00207486163293819 0.00207486163293732 0.00207486163293853
-999 -999 0.0045360809755151 0.00453608097551538 0.00453608097551587 0.00453608097551535 0.00453608097551595 0.00453608097551644
-999 -999 0.00274012742189932 0.00274012742189904 0.00274012742189904 0.00274012742189904 0.00274012742189954 0.0027401274218988
-999 -999 0.0634077855152615 0.0634077855152609 0.0634077855152616 0.0634077855152612 0.0634077855152608 0.0634077855152617
-999 -999 0.470284962617443 0.470284962617443 0.470284962617445 0.470284962617444 0.470284962617444 0.470284962617444
-999 -999 0.010468229880695 0.0104682298806949 0.0104682298806959 0.0104682298806966 0.0104682298806958 0.0104682298806955
-999 -999 0.0151388286156514 0.0151388286156521 0.015138828615652 0.0151388286156523 0.0151388286156517 0.0151388286156524
-999 -999 0.334152345935743 0.334152345935744 0.334152345935743 0.334152345935744 0.334152345935743 0.334152345935744

# Duration of outbreak (days) based on incidence
0
0
0
0
0
0
0
0
0
0
0
0
0
0
0
0
0
0
0
0
0
0
0
0
0
0
0
0
0
0
0
0
0
0
0
0
0
0
0
0
0
0
0
0
0
0
0
0
0
0

# Duration of outbreak (days) based on prevalence
0
0
0
0
0
0
0
0
0
0
0
0
0
0
0
0
0
0
0
0
0
0
0
15
0
0
0
0
0
30
0
12
0
0
0
0
0
0
0
15
17
0
0
0
0
0
0
0
0
0

# Peak (point) prevalence
0.0149982548263863
0.0153781349187751
0.000127522895061489
9.13259083798409e-05
0.000426234953917927
0.000117654450899727
0.000219481906307212
7.85665561766769e-05
5.65396307611878e-05
9.30289228686589e-05
7.95602133706419e-05
0.00189131765125866
0.0195300663035216
0.053096538509494
0.0772187825804288
4.23192738096684e-05
3.65601467833384e-05
0.000182916150474341
0.000208848553873892
0.0269389370595065
0.00237407636752724
7.08752010966763e-05
0.0216093606232689
0.114628632922493
0.00332725409572036
0.0150148890162731
6.09993718682743e-05
0.00238717034483003
0.000739710622892709
0.220867252378465
0.00116917896668962
0.137904838430105
0.0998433325912762
0.0134478625277934
0.000364297493534752
0.00181928145886144
0.0597915827570122
0.0382175912060477
0.00150104015071792
0.249359589480983
0.158305375466032
3.01193307453255e-05
3.92460741991745e-05
0.000172211662661993
5.53594557331409e-05
0.00284600985083839
0.0526814570691651
0.000749780414183619
0.00132834742584711
0.0304118925121142

# Day of peak prevalence
68
83
98
58
88
45
77
42
37
59
56
119
99
79
80
49
43
95
78
110
119
56
119
70
119
119
59
119
119
55
119
41
40
115
119
119
67
87
119
26
32
50
59
113
42
110
56
119
119
81

# Total immunity
0.54723106229283
0.633972239069407
0.711746615034551
0.679382916849205
0.621766452369302
0.570097402753577
0.507580852770176
0.450240673197504
0.249253145462505
0.169028418174361
0.100983800864598
0.0764641753324691
0.071220256830603
0.112998622792127
0.213736090712335
0.271813406788316
0.22629999195672
0.199088730427354
0.18047924048407
0.136051373983723
0.102684248296777
0.101345262284303
0.0919380068559421
0.0930633233207072
0.208140407070544
0.116855878845563
0.083677880789873
0.0615108802974575
0.0297664582713786
0.0219562118254611
0.0856882963622191
0.0720958777440846
0.18368021201931
0.231320307846396
0.189476872072847
0.145776015364181
0.0673478392265016
0.111051823158038
0.13263642078268
0.130864339529064
0.401110613074955
0.585122552678815
0.352941529219489
0.306133832417848
0.257147211380284
0.19294047821842
0.132662425378194
0.177586920823814
0.10945818389544
0.0447224646946802

# Observed immunity (based on survey selectivity)
0.664069037374013
0.685525651501743
0.762235944881559
0.749011775390625
0.735730396427065
0.726260975400327
0.701762641049285
0.657409581601769
0.60110577947659
0.540862825584833
0.463786394539399
0.31501261050291
0.204850715611533
0.224397969440727
0.344892769521742
0.531024173405139
0.474345006454007
0.412320642122706
0.320746450427115
0.252834562860439
0.340051244512075
0.30638704436445
0.238034941052352
0.173495317782846
0.422234909053726
0.409305651462634
0.383453233613475
0.277578094628917
0.171386341850932
0.110313422275795
0.375007971886672
0.197802575939957
0.381249590674753
0.570517947884524
0.530850472764481
0.416864467742613
0.309598539868365
0.42529849190237
0.430924464886674
0.246568903371038
0.533219515095687
0.769240782588979
0.696762358602831
0.664113187586449
0.600986623484612
0.440145642649373
0.355072814681742
0.536589269757864
0.418562366814264
0.292828352950069

# True total proportion of susceptible
1 1 1 0.969302501089635 0.648529318688105 0.188270771914535 0.0228074346820113 0.00201883783656313
1 1 1 0.984499798940943 0.814267094991136 0.437942757080796 0.12042487118248 0.00793334547029285
1 1 1 0.98865835827925 0.864496051655825 0.597448478267165 0.297185538173094 0.0436259630484331
1 1 1 0.999814922961273 0.98681033581387 0.861188854136964 0.594674825101028 0.106189320933889
1 1 1 0.999762973951035 0.997444574650788 0.982351729223363 0.856982424526904 0.202743822863949
1 1 1 0.999151672500996 0.991268157292318 0.981308367892397 0.965560802192123 0.227082020758631
1 1 1 0.99964493065102 0.995599869882466 0.984549937444323 0.974283611226153 0.232331852852526
1 1 1 0.999599558273154 0.995639023617188 0.988007191266338 0.976623998227382 0.24965472206072
1 1 1 0.999821140816438 0.997810767611681 0.992247982584422 0.984455129293081 0.257994249800483
1 1 1 0.999879289833244 0.998614036413996 0.995520173330828 0.989845721609614 0.273494961679756
1 1 1 0.999889469376097 0.998773935247335 0.996515349732388 0.993315251394619 0.306298574542926
1 1 1 0.999903132094109 0.998920944970665 0.996935570767747 0.994583698350459 0.364852496326123
1 1 1 0.999264858712442 0.992534727461742 0.984896126472954 0.982186487903597 0.413529609313719
1 1 1 0.990833090375501 0.905588230656924 0.811419833653452 0.794920733698451 0.375357996832345
1 1 1 0.984404020662346 0.8256240777504 0.591315366496246 0.505532094269427 0.248717571862201
1 1 1 0.981227300139664 0.782298207257084 0.458675041147428 0.297827469595246 0.172691900082658
1 1 1 0.999932132138296 0.980550562793068 0.78120390778301 0.457930006996686 0.210821019393133
1 1 1 0.999937324948467 0.999305513729049 0.979378094142905 0.780181642483835 0.309521285365521
1 1 1 0.999876468119114 0.99870166405665 0.996957786978713 0.976930192537208 0.433804231308201
1 1 1 0.999760610454092 0.997482586364024 0.994157361314485 0.992181182403573 0.493843554668384
1 1 1 0.99092065138633 0.906995910135569 0.817606456278723 0.804840670489123 0.429009402513908
1 1 1 0.999469608104764 0.985606113442255 0.897122660448686 0.807630371257504 0.472330248843251
1 1 1 0.999918652454469 0.998656390924409 0.984077513491677 0.895628096470206 0.571467120896819
1 1 1 0.996883916835365 0.968187249998565 0.937270523196255 0.919704532623442 0.576808234625612
1 1 1 0.978894182603647 0.767333400287115 0.499926485112759 0.451926545001547 0.279044262577377
1 1 1 0.997760870955098 0.956826019830217 0.733266357979558 0.475608533528192 0.280382572348823
1 1 1 0.996868998647197 0.965923836860335 0.896353622716573 0.678209808039458 0.299611774595024
1 1 1 0.999926750515101 0.996137352964547 0.964568900352881 0.895011403730264 0.499885987277968
1 1 1 0.999239647579924 0.992305972105719 0.981658617877998 0.949632439266591 0.505855558140274
1 1 1 0.999521314032112 0.994450195319871 0.983241119662431 0.972187760559599 0.547911999589275
1 1 1 0.980329038557885 0.764089248201111 0.439128127413288 0.386795754976312 0.205306279196165
1 1 1 0.999552227989428 0.975879310660952 0.756753412363918 0.434024230726277 0.252089483533158
1 1 1 0.973516189828547 0.71827553288044 0.417968092653108 0.2885967472433 0.119929429375898
1 1 1 0.976293100229493 0.721093552949453 0.31630254688912 0.160378115446163 0.0670488966077354
1 1 1 0.994316403395591 0.917834519668172 0.622969422768346 0.261887953173992 0.0775295578069221
1 1 1 0.999650635367731 0.990834380000536 0.911614057006202 0.618219665333814 0.180937614814318
1 1 1 0.999104417820873 0.990662140443139 0.97376715158617 0.894427106508528 0.314422481397978
1 1 1 0.982177142449807 0.808548085597718 0.603939574810381 0.56868466387484 0.205095051621111
1 1 1 0.986817014123144 0.841788626115618 0.555226383143033 0.389390275746331 0.16504872087116
1 1 1 0.998849829495864 0.975414630652521 0.822773978850082 0.541333798214242 0.206784210014871
1 1 1 0.968481548485474 0.654296551735142 0.268358159992091 0.181398799062487 0.061046670592375
1 1 1 0.970106200595729 0.64199824482485 0.166443455248752 0.0504896339209442 0.0164023821700263
1 1 1 0.999924011951589 0.969350525612268 0.640933976378409 0.166108212398677 0.0243145993321491
1 1 1 0.999915775041033 0.999081859872063 0.967785045138201 0.639744288312944 0.102115639867582
1 1 1 0.999862676788072 0.998541728897335 0.996470235824214 0.965061283014541 0.159403958715202
1 1 1 0.999892229574664 0.998785018435619 0.996496033921632 0.99431994922946 0.286250438375696
1 1 1 0.997489622004919 0.974606107587462 0.95042292930731 0.945626521760403 0.3023905764901
1 1 1 0.979272495622297 0.783470424605693 0.562043037911281 0.524241999639501 0.167403886783008
1 1 1 0.999636256502364 0.975660431776225 0.777430887156005 0.557020675196266 0.202172189959514
1 1 1 0.99944309540728 0.994057688388707 0.96518739654154 0.767898988972235 0.334309900781949

# True vulnerable proportion of susceptible
0 0 0.05 0.484651250544818 0.6161028527537 0.188270771914535 0.0228074346820113 0.00201883783656313
0 0 0.05 0.492249899470472 0.77355374024158 0.437942757080796 0.12042487118248 0.00793334547029285
0 0 0.05 0.494329179139625 0.821271249073033 0.597448478267165 0.297185538173094 0.0436259630484331
0 0 0.05 0.499907461480637 0.937469819023176 0.861188854136964 0.594674825101028 0.106189320933889
0 0 0.05 0.499881486975517 0.947572345918249 0.982351729223363 0.856982424526904 0.202743822863949
0 0 0.05 0.499575836250498 0.941704749427702 0.981308367892397 0.965560802192123 0.227082020758631
0 0 0.05 0.49982246532551 0.945819876388343 0.984549937444323 0.974283611226153 0.232331852852526
0 0 0.05 0.499799779136577 0.945857072436329 0.988007191266338 0.976623998227382 0.24965472206072
0 0 0.05 0.499910570408219 0.947920229231097 0.992247982584422 0.984455129293081 0.257994249800483
0 0 0.05 0.499939644916622 0.948683334593297 0.995520173330828 0.989845721609614 0.273494961679756
0 0 0.05 0.499944734688048 0.948835238484969 0.996515349732388 0.993315251394619 0.306298574542926
0 0 0.05 0.499951566047054 0.948974897722132 0.996935570767747 0.994583698350459 0.364852496326123
0 0 0.05 0.499632429356221 0.942907991088655 0.984896126472954 0.982186487903597 0.413529609313719
0 0 0.05 0.495416545187751 0.860308819124078 0.811419833653452 0.794920733698451 0.375357996832345
0 0 0.05 0.492202010331173 0.78434287386288 0.591315366496246 0.505532094269427 0.248717571862201
0 0 0.05 0.490613650069832 0.74318329689423 0.458675041147428 0.297827469595246 0.172691900082658
0 0 0.05 0.499966066069148 0.931523034653415 0.78120390778301 0.457930006996686 0.210821019393133
0 0 0.05 0.499968662474233 0.949340238042596 0.979378094142905 0.780181642483835 0.309521285365521
0 0 0.05 0.499938234059557 0.948766580853817 0.996957786978713 0.976930192537208 0.433804231308201
0 0 0.05 0.499880305227046 0.947608457045822 0.994157361314485 0.992181182403573 0.493843554668384
0 0 0.05 0.495460325693165 0.86164611462879 0.817606456278723 0.804840670489123 0.429009402513908
0 0 0.05 0.499734804052382 0.936325807770142 0.897122660448686 0.807630371257504 0.472330248843251
0 0 0.05 0.499959326227234 0.948723571378189 0.984077513491677 0.895628096470206 0.571467120896819
0 0 0.05 0.498441958417683 0.919777887498637 0.937270523196255 0.919704532623442 0.576808234625612
0 0 0.05 0.489447091301823 0.72896673027276 0.499926485112759 0.451926545001547 0.279044262577377
0 0 0.05 0.498880435477549 0.908984718838706 0.733266357979558 0.475608533528192 0.280382572348823
0 0 0.05 0.498434499323599 0.917627645017318 0.896353622716573 0.678209808039458 0.299611774595024
0 0 0.05 0.499963375257551 0.946330485316319 0.964568900352881 0.895011403730264 0.499885987277968
0 0 0.05 0.499619823789962 0.942690673500434 0.981658617877998 0.949632439266591 0.505855558140274
0 0 0.05 0.499760657016056 0.944727685553877 0.983241119662431 0.972187760559599 0.547911999589275
0 0 0.05 0.490164519278943 0.725884785791055 0.439128127413288 0.386795754976312 0.205306279196165
0 0 0.05 0.499776113994714 0.927085345127905 0.756753412363918 0.434024230726277 0.252089483533158
0 0 0.05 0.486758094914273 0.682361756236418 0.417968092653108 0.2885967472433 0.119929429375898
0 0 0.05 0.488146550114746 0.685038875301981 0.31630254688912 0.160378115446163 0.0670488966077354
0 0 0.05 0.497158201697796 0.871942793684763 0.622969422768346 0.261887953173992 0.0775295578069221
0 0 0.05 0.499825317683865 0.941292661000509 0.911614057006202 0.618219665333814 0.180937614814318
0 0 0.05 0.499552208910436 0.941129033420982 0.97376715158617 0.894427106508528 0.314422481397978
0 0 0.05 0.491088571224903 0.768120681317832 0.603939574810381 0.56868466387484 0.205095051621111
0 0 0.05 0.493408507061572 0.799699194809837 0.555226383143033 0.389390275746331 0.16504872087116
0 0 0.05 0.499424914747932 0.926643899119894 0.822773978850082 0.541333798214242 0.206784210014871
0 0 0.05 0.484240774242737 0.621581724148385 0.268358159992091 0.181398799062487 0.061046670592375
0 0 0.05 0.485053100297865 0.609898332583608 0.166443455248752 0.0504896339209442 0.0164023821700263
0 0 0.05 0.499962005975794 0.920882999331655 0.640933976378409 0.166108212398677 0.0243145993321491
0 0 0.05 0.499957887520517 0.94912776687846 0.967785045138201 0.639744288312944 0.102115639867582
0 0 0.05 0.499931338394036 0.948614642452468 0.996470235824214 0.965061283014541 0.159403958715202
0 0 0.05 0.499946114787332 0.948845767513838 0.996496033921632 0.99431994922946 0.286250438375696
0 0 0.05 0.498744811002459 0.925875802208089 0.95042292930731 0.945626521760403 0.3023905764901
0 0 0.05 0.489636247811148 0.744296903375408 0.562043037911281 0.524241999639501 0.167403886783008
0 0 0.05 0.499818128251182 0.926877410187414 0.777430887156005 0.557020675196266 0.202172189959514
0 0 0.05 0.49972154770364 0.944354803969272 0.96518739654154 0.767898988972235 0.334309900781949

# True survival by age
0.778267540515681 0.778267540515681 0.776015639404478 0.756456175935505 0.750706905665424 0.770221045874193 0.777761419426559 0.778708782077804
0.778267540515681 0.778267540515681 0.772960067494354 0.726023744658701 0.696254269067057 0.73207986599452 0.765953532307364 0.777954432332938
0.778267540515681 0.778267540515681 0.778203531157702 0.777640754493966 0.777288416079823 0.777717352247559 0.778261857985525 0.77872167045365
0.778267540515681 0.778267540515681 0.778254109783699 0.778133356744017 0.778022755688313 0.77811023259215 0.778323938783996 0.778715634400341
0.778267540515681 0.778267540515681 0.778135307685461 0.776945652032118 0.77576289971446 0.775678968336174 0.776077379344272 0.778156483647005
0.778267540515681 0.778267540515681 0.778199323364584 0.77758640007389 0.776987388402201 0.776938666465258 0.776968548818815 0.778369875503865
0.778267540515681 0.778267540515681 0.778215066842272 0.777743179437615 0.777277273986376 0.777242520109091 0.777258768788104 0.778433067725033
0.778267540515681 0.778267540515681 0.778242704797568 0.778019496319705 0.77780004518136 0.777783178229753 0.777794902428173 0.778543649463311
0.778267540515681 0.778267540515681 0.778261618568147 0.778208427007622 0.778156437230288 0.7781541534114 0.778159231869772 0.778632652990052
0.778267540515681 0.778267540515681 0.778260621406713 0.778198422145871 0.778136998703089 0.778132167098729 0.778135978200864 0.778617097090218
0.778267540515681 0.778267540515681 0.77827730650868 0.77836524859089 0.778453520671508 0.778464037918073 0.77846511930393 0.77869727783139
0.778267540515681 0.778267540515681 0.77806355621933 0.776227946801585 0.774396596378426 0.774201990581566 0.774212839600827 0.777117744599105
0.778267540515681 0.778267540515681 0.77637220413106 0.759328502078398 0.742528964859497 0.740941405272284 0.741045563698275 0.762904717192662
0.778267540515681 0.778267540515681 0.772987370745875 0.725954759394761 0.687466352500135 0.69267940995999 0.694430568958446 0.738961547259282
0.778267540515681 0.778267540515681 0.771392754308042 0.710600185115629 0.670516733752278 0.697182134035073 0.709022710461414 0.744470553625017
0.778267540515681 0.778267540515681 0.77827495946181 0.778350347642936 0.778493901112907 0.778624255728638 0.778686160109405 0.778734320239323
0.778267540515681 0.778267540515681 0.778284298908487 0.778435149260218 0.778590128361748 0.778646046342051 0.778710078722833 0.778759024761319
0.778267540515681 0.778267540515681 0.778242589193258 0.77801807635071 0.777794164957946 0.777789801421445 0.777995425744235 0.778481273842385
0.778267540515681 0.778267540515681 0.778260789131886 0.778200100890302 0.778140123097282 0.77813454586019 0.778147929705366 0.77851088461727
0.778267540515681 0.778267540515681 0.77641909483782 0.759787636375476 0.743236827773139 0.74151773850655 0.741591849476574 0.760280584988854
0.778267540515681 0.778267540515681 0.777969301430387 0.77531706932406 0.773177603272778 0.773487956482067 0.773570908867846 0.776013069565414
0.778267540515681 0.778267540515681 0.778279244981455 0.778384805921413 0.778494399815943 0.778532405920635 0.778559177828923 0.778659483946996
0.778267540515681 0.778267540515681 0.776713270031311 0.762726143410844 0.748776796088835 0.747685578392034 0.750482229749942 0.760731762907388
0.778267540515681 0.778267540515681 0.771201417702118 0.707828160271594 0.648299234142511 0.64584361801348 0.648335453881775 0.696977247859437
0.778267540515681 0.778267540515681 0.778004131515785 0.775700299659257 0.774551280300377 0.77590049828551 0.776178966220645 0.777181929393022
0.778267540515681 0.778267540515681 0.776766135722437 0.763288304972947 0.750995482442216 0.756391181752754 0.764265549722525 0.770231916390613
0.778267540515681 0.778267540515681 0.778281811761201 0.778411475721159 0.778547625164372 0.778578650827255 0.778632710713747 0.778726533986913
0.778267540515681 0.778267540515681 0.778068164249104 0.776273962951749 0.774496083461265 0.77444019096165 0.774754644258698 0.77654091455283
0.778267540515681 0.778267540515681 0.778179777547193 0.77739098359093 0.776616976661344 0.776554255434236 0.776627547405653 0.777643131652588
0.778267540515681 0.778267540515681 0.764290472252211 0.638564019401211 0.514180032880185 0.503419912084418 0.506515677300294 0.62534454466376
0.778267540515681 0.778267540515681 0.778110137883092 0.776734966194709 0.776108214643096 0.777184222800476 0.777376873712325 0.778044990049726
0.778267540515681 0.778267540515681 0.773216810258132 0.727783092467707 0.684631242614358 0.701954102801146 0.734726556588593 0.753201638589116
0.778267540515681 0.778267540515681 0.771495144607 0.712351292200011 0.685993288667025 0.721964996684606 0.739557062398547 0.76249264005926
0.778267540515681 0.778267540515681 0.775187447364457 0.748209445127464 0.73621659433952 0.759147290925161 0.768835671935401 0.774634692801644
0.778267540515681 0.778267540515681 0.778228698518267 0.777884358899567 0.777633994651657 0.777984641730106 0.77845768824594 0.778699212954175
0.778267540515681 0.778267540515681 0.77793956460138 0.774989113500608 0.772098001591986 0.772334922585089 0.774415898837528 0.777517435842248
0.778267540515681 0.778267540515681 0.772665457600938 0.722297360187031 0.672826862285861 0.669179042530047 0.678110740238142 0.743404703402833
0.778267540515681 0.778267540515681 0.772313231164415 0.719795178982909 0.686897067710388 0.706557875631172 0.71077504796721 0.754267429986591
0.778267540515681 0.778267540515681 0.778121167588845 0.776830137298676 0.776010819318383 0.776879310520707 0.777453219718741 0.778229598782776
0.778267540515681 0.778267540515681 0.770894454012614 0.704622091871072 0.641636137965858 0.657034370601453 0.698686102427994 0.748197759572609
0.778267540515681 0.778267540515681 0.769216959110173 0.690631136552318 0.665938364414339 0.730081735623504 0.745868761556656 0.767718073154126
0.778267540515681 0.778267540515681 0.778271067796149 0.778317699528213 0.778501467936089 0.778723770192917 0.778777421671962 0.778793193739257
0.778267540515681 0.778267540515681 0.778275522990864 0.778347399721846 0.778430902633508 0.778561334590998 0.778738726197359 0.778791699306026
0.778267540515681 0.778267540515681 0.778216156667081 0.777753790220039 0.777292633357562 0.77729014849581 0.777802193719025 0.778641388775045
0.778267540515681 0.778267540515681 0.778266969816515 0.778261907534305 0.778257490656187 0.778258049041503 0.778275156133035 0.778713962662937
0.778267540515681 0.778267540515681 0.777638371614742 0.77197658703207 0.766328503421412 0.76573012269046 0.765758665567706 0.775046144681943
0.778267540515681 0.778267540515681 0.775373344445323 0.749399573713765 0.724687759451967 0.723279770975976 0.723559963502077 0.761135983183749
0.778267540515681 0.778267540515681 0.778147653347061 0.777104571235016 0.776598370332692 0.777153442836288 0.777264237147532 0.778310124634929
0.778267540515681 0.778267540515681 0.778104177975642 0.776634703299422 0.775252178448589 0.775846162149629 0.776683829695886 0.778032429006591
0.778267540515681 0.778267540515681 0.776009530082154 0.755700308109454 0.735623449202845 0.734698039843341 0.743712828072113 0.763525009925569

# True Numbers-at-age
23.1845517806208 8.50219645643569 39.9054251089608 183.840711116174 175.42226338946 259.960654799852 114.54958671432 111.962391046235
9.00357743150372 18.0437840922622 6.61698352513134 30.9672339816378 139.067441312204 131.690704533926 200.227167426082 176.278346327788
12.2865665554136 7.00719206345889 14.0428914670809 5.11466403219455 22.4829471770708 96.8262997018547 96.4081133279207 290.501227003929
20.9579973876447 9.56223593446398 5.45347013314915 10.9282277273467 3.97737119697892 17.4757344000717 75.3034934320551 301.250358164801
32.8125194007738 16.3109290810163 7.44197784254594 4.24418554370598 8.50361852474332 3.09448529906886 13.5980477587584 293.198875383865
29.0275482005957 25.5369187721633 12.6942666594082 5.79086571829787 3.29750150459993 6.59679176482048 2.40032716431319 238.70774314678
32.0109516000477 22.591198545278 19.8745549651602 9.87866972496108 4.50289842720255 2.56211708231143 5.12530259670862 187.667895028515
29.1770181502092 24.9130845713356 17.5819965291349 15.4666781206726 7.68306800050534 3.50000061453354 1.99138633787029 150.07058162653
157.99800303917 22.7075261553447 19.3890450559925 13.6830605345754 12.0333771211847 5.97589063792452 2.72224160177798 118.385388438961
131.239716178455 122.964717231684 17.6725305321156 15.0897495877675 10.648273015262 9.36384986846953 4.65016412023326 94.2970665092896
214.197766215543 102.139611128182 95.6994480501085 13.7538345937534 11.7428193197769 8.28581520546707 7.28631279053934 77.0397681960786
133.85927378807 166.703168696524 79.4919439419585 74.4807086628058 10.7055068826448 9.14123904208977 6.45020916229086 65.6627981348207
46.5711055937139 104.178327786257 129.739665097614 61.8497845942679 57.8140075616568 8.29030809242598 7.07716546276782 56.0215603421547
33.3795484304095 36.2447798095158 81.0786109412464 100.72626975506 46.964304289837 42.9285751891361 6.1426325281423 47.9836147192659
42.6581316507591 25.9782190604588 28.2081356388842 62.6727422952018 73.1227149247666 32.2863789678407 29.7357401324339 39.7236779774625
105.238316283531 33.1994392028304 20.2180046551609 21.7595514443738 44.5352622766745 49.0300039744534 22.5094865890643 50.6564236021779
54.8830383371403 81.9035655819948 25.8380458948867 15.735166753394 16.9365544312827 34.6704300668548 38.1759503529809 56.9757212776698
35.1137342606053 42.713687262674 63.7428865449639 20.1093454344672 12.2488068803127 13.1866340886581 26.9959932965351 74.0983544419596
24.1793419613851 27.3278796013225 33.2426763322772 49.6074290674047 15.6454342515961 9.52705051920395 10.2564295092346 78.6869406537276
65.9135979080838 18.8179969995748 21.2684016448299 25.871471515214 38.6045063051629 12.1743401344474 7.41332712914786 69.2396591649401
212.704870386146 51.2984137304639 14.6454362422905 16.513193153726 19.6568241920999 28.6922908039974 9.02748916430498 58.1392315508291
11.5464970235118 165.541296331133 39.923890286364 11.393699802558 12.802960521129 15.1982162168021 22.1931413807732 52.1002065355593
27.5381879101344 8.98626384006016 128.835417549408 31.0719351887938 8.86868280954096 9.96703306676352 11.832303836969 57.8469938413663
43.6769755110076 21.4320777750789 6.99371745722862 100.06817846065 23.6993772948604 6.64066389965621 7.45220688337561 52.8859793704826
84.1017361928144 33.9923723081155 16.6798904581515 5.39356481802276 70.8310746615314 15.3642881499124 4.28883039896547 41.6918542841442
188.972117778186 65.4536513798802 26.4551599925304 12.9770236896726 4.18378984557189 54.8622995641408 11.9211588313192 35.7310556978886
165.151271870481 147.070865329269 50.9404522771902 20.5494723973166 9.90521041568395 3.1420072735121 41.4973596009941 36.6321305123921
134.67924522737 128.531874171676 114.460480641323 39.6460274902266 15.9959451340865 7.71167804588415 2.44629978390047 60.8376136200565
451.515856559993 104.816484941614 100.032185589461 89.0580560516642 30.7761788751322 12.3887968576113 5.97223341848928 49.1381782385563
275.50726200587 351.400135188777 81.5752679410087 77.8430239295663 69.2329297906994 23.9013029911939 9.62057291948831 42.8501678014694
84.7288589427996 214.418359195518 273.483318950247 62.3472000587342 49.7077542428085 35.5981901161734 12.0323918505299 31.6690896809071
123.237098354886 65.9417206601127 166.874849052504 212.800143017102 48.4272503299557 38.5785963993039 27.6663517185418 33.9936797257118
148.85657831065 95.9114334369463 51.320300755518 129.030438496684 154.872346162557 33.1548085697941 27.0804040228009 45.9312986026129
230.567227966876 115.850243091409 74.6447554083056 39.5933628526531 91.9149995962469 106.24139006763 23.9366112591702 55.0497811805249
194.163945378873 179.442989433299 90.162483758895 57.8636774041086 29.6241280507139 67.6693479714672 80.6528634539649 61.0467909348743
182.752257268671 151.111496226836 139.654654049035 70.1670323908592 45.0112496010664 23.0367290341488 52.6457134376918 110.321929689154
736.665969391081 142.230149788177 117.605172512104 108.642880765462 54.3786862295604 34.7530958661415 17.792070335203 126.546901380872
111.08882812826 573.323212179596 110.693108862822 90.8694544353024 78.4724659800078 36.5874408310625 23.2560434166595 106.140555672969
134.409930150426 86.4568290461501 446.198846263564 85.4897525734802 65.4073952193378 53.9025067776705 25.8511444683767 96.5881795198025
35.077767170576 104.606885759057 67.2865437025319 347.1967672314 66.4110162292864 50.7568463536396 41.8757423007744 95.2658356952084
14.330782021978 27.2998875826259 81.4121437007058 51.8708233699592 244.642512417463 42.6117079717473 33.3489925976782 100.535684005374
52.3186382816326 11.1531824779112 21.2466163652848 62.6236016120974 35.8236056978995 162.916834585499 31.1100297138951 102.05703341583
245.914675904972 40.7178979385757 8.6801598960065 16.5356268056653 48.7410575428989 27.8887296225784 126.867211656316 103.709111726194
74.3213987763159 191.387409993273 31.6894182836238 6.75555598270878 12.8704621269605 37.9415454184305 21.7130865550021 179.564206156211
83.5353744350572 57.8419322333285 148.950608861131 24.6612173036972 5.25415927059542 10.0041153991939 29.4915894724524 156.704609210653
134.818499061152 65.0128704076285 45.0164983379073 115.923339010677 19.1928860208934 4.08908880944153 7.78578333296268 144.980638607259
230.620590847261 104.924861680339 50.5974067540097 35.0065564632879 89.4901036068242 14.708055620729 3.13113847574585 118.328716061531
163.448932283235 179.484520030971 81.6596140389051 39.2318804951169 26.2338984907748 64.8523826759538 10.6380391008628 92.3298100795945
324.616379187554 127.206998527987 139.686975965141 63.5432370376007 30.4872736709012 20.373202815409 50.400252472754 80.1297933370462
968.38024443141 252.638391041403 99.0010778807582 108.691019607259 49.3498830433819 23.6353253283245 15.8064712150311 101.488638853996

