# Simulated data from SIR age-structured hybrid model
# random seed = 3408645
# Flag=0 if no issues, =1 if negative pop #'s, =2 if NaN, or=3 if NA. Flag:
0

# True SSB
14967.5680999547
14578.454825238
13772.6552041727
12906.5651304469
11173.3229436221
11005.2735553984
12231.757415957
10674.8657378263
9560.3390999689
9493.74423786978
7655.07965981373
6348.1079557343
7844.36208273335
13458.6123759554
17388.8185127819
18535.9267973078
26518.2948628326
48305.7389334392
53374.5639983988
52723.5801541399
44984.7963498132
36850.801692478
30589.4047173314
30855.5120148144
31237.3347745525
34311.3663753143
34805.3835721028
28095.0435854191
23954.1278135673
20700.0343259559
15305.7321050381
14042.7185889289
11472.0132694246
12110.1537391014
12454.2407706277
11503.3475815777
11910.2634743522
11650.7985407161
9940.55312247306
9254.67373374194
12127.8647049934
14321.3156235217
14313.4273272728
13835.9975434963
13728.6135129634
12917.2419751541
13866.7612861009
16348.8579362139
20304.0302863773
20394.4696847242

# True R (numbers)
27.7363667628097
13.7815141727815
58.449319286817
27.0457188663684
9.89396121257577
31.3300099940856
11.696549782118
12.8121854798424
17.2860079813003
42.5011612214018
208.855924964625
144.801381596335
96.695340384383
281.367094030903
688.981625582158
394.987600406738
86.326874776325
17.3821181614155
25.3528011200655
30.2675802985808
216.899621586781
146.107757186314
207.614862522002
20.9741005369967
15.6846443797469
16.1537724368197
19.0039919418267
3.6207513667986
16.8787993651364
32.2540733521046
74.4951574562306
14.2100575240533
37.2742011500692
42.3822790431806
14.3326983024461
9.03230929165279
22.0965665395044
134.718458485855
44.2200054123414
47.8560747433783
37.7217496319168
37.6239002584368
23.6462675724768
86.1960491784162
89.0531380771547
209.006014854996
55.6999666112057
98.8415996376037
88.6532525013096
40.4079877218863

# True infection rate given (selected) susceptible
-999 -999 0.0132908892596192 0.0132908892596184 0.0132908892596197 0.0132908892596197 0.01329088925962 0.0132908892596191
-999 -999 0.0286919054042197 0.0286919054042204 0.0286919054042201 0.0286919054042204 0.028691905404221 0.0286919054042206
-999 -999 0.0110500230157597 0.0110500230157596 0.0110500230157598 0.0110500230157602 0.0110500230157599 0.0110500230157602
-999 -999 0.0199451386363305 0.0199451386363307 0.0199451386363301 0.0199451386363303 0.0199451386363299 0.0199451386363306
-999 -999 0.17192146480261 0.17192146480261 0.17192146480261 0.171921464802611 0.17192146480261 0.17192146480261
-999 -999 0.0139118524871463 0.0139118524871452 0.0139118524871457 0.0139118524871454 0.0139118524871461 0.0139118524871455
-999 -999 0.0296217219239679 0.0296217219239678 0.0296217219239673 0.0296217219239677 0.029621721923968 0.0296217219239674
-999 -999 0.00846637822817474 0.00846637822817347 0.00846637822817352 0.00846637822817439 0.00846637822817485 0.00846637822817441
-999 -999 0.00236591637328507 0.00236591637328567 0.00236591637328552 0.00236591637328505 0.00236591637328545 0.00236591637328631
-999 -999 0.0322771452628289 0.0322771452628285 0.0322771452628293 0.0322771452628281 0.0322771452628287 0.032277145262829
-999 -999 0.00723120443047784 0.00723120443047783 0.00723120443047806 0.00723120443047774 0.0072312044304775 0.00723120443047792
-999 -999 0.00118123941632708 0.0011812394163267 0.00118123941632688 0.00118123941632674 0.00118123941632565 0.00118123941632685
-999 -999 0.00174811077123687 0.00174811077123812 0.00174811077123722 0.00174811077123846 0.00174811077123832 0.00174811077123804
-999 -999 0.629456235620772 0.629456235620771 0.629456235620772 0.629456235620772 0.629456235620772 0.629456235620772
-999 -999 0.545257842065324 0.545257842065324 0.545257842065324 0.545257842065324 0.545257842065325 0.545257842065323
-999 -999 0.0166482260347614 0.016648226034762 0.0166482260347626 0.0166482260347623 0.0166482260347627 0.0166482260347619
-999 -999 0.64036897432638 0.64036897432638 0.64036897432638 0.640368974326379 0.64036897432638 0.64036897432638
-999 -999 0.874822877622044 0.874822877622044 0.874822877622044 0.874822877622043 0.874822877622044 0.874822877622044
-999 -999 0.807680546668644 0.807680546668644 0.807680546668644 0.807680546668644 0.807680546668644 0.807680546668644
-999 -999 0.339147839794342 0.339147839794342 0.339147839794344 0.339147839794342 0.339147839794342 0.339147839794342
-999 -999 0.0039536807125165 0.00395368071251669 0.00395368071251629 0.00395368071251663 0.00395368071251676 0.00395368071251628
-999 -999 0.00237223820670225 0.00237223820670158 0.00237223820670125 0.00237223820670189 0.00237223820670208 0.00237223820670221
-999 -999 0.0048742659863912 0.00487426598639158 0.00487426598639071 0.0048742659863918 0.00487426598639107 0.00487426598639114
-999 -999 0.33403458145345 0.33403458145345 0.334034581453451 0.33403458145345 0.334034581453449 0.33403458145345
-999 -999 0.484489858316585 0.484489858316585 0.484489858316585 0.484489858316585 0.484489858316584 0.484489858316585
-999 -999 0.330103761267079 0.330103761267079 0.330103761267078 0.330103761267078 0.330103761267078 0.330103761267078
-999 -999 0.422239218716407 0.422239218716407 0.422239218716407 0.422239218716406 0.422239218716407 0.422239218716407
-999 -999 0.00211221038474083 0.00211221038474184 0.00211221038474094 0.00211221038474024 0.00211221038474069 0.00211221038474024
-999 -999 0.00227064702719028 0.0022706470271908 0.00227064702719 0.00227064702718962 0.00227064702719025 0.00227064702719025
-999 -999 0.00621703283112384 0.00621703283112498 0.00621703283112388 0.00621703283112484 0.0062170328311246 0.00621703283112447
-999 -999 0.00412280466863427 0.00412280466863424 0.00412280466863407 0.00412280466863362 0.00412280466863328 0.00412280466863442
-999 -999 0.00372410292223274 0.00372410292223309 0.0037241029222334 0.00372410292223268 0.00372410292223304 0.00372410292223308
-999 -999 0.00239080268136655 0.00239080268136652 0.00239080268136687 0.00239080268136692 0.00239080268136631 0.00239080268136627
-999 -999 0.00430525963910442 0.00430525963910463 0.00430525963910455 0.0043052596391035 0.00430525963910424 0.00430525963910394
-999 -999 0.0134764289701867 0.0134764289701872 0.0134764289701865 0.0134764289701868 0.0134764289701861 0.0134764289701868
-999 -999 0.00329753696597174 0.00329753696597111 0.00329753696597119 0.00329753696597287 0.00329753696597172 0.00329753696597151
-999 -999 0.00443061614956286 0.00443061614956278 0.00443061614956246 0.00443061614956254 0.00443061614956096 0.00443061614956213
-999 -999 0.0781606669861011 0.0781606669861012 0.0781606669861012 0.0781606669861002 0.0781606669861003 0.0781606669861009
-999 -999 0.00514474691863365 0.00514474691863347 0.00514474691863407 0.00514474691863357 0.00514474691863432 0.00514474691863301
-999 -999 0.00546530043210995 0.00546530043210995 0.00546530043210973 0.0054653004321096 0.0054653004321097 0.00546530043210902
-999 -999 0.478970616820806 0.478970616820805 0.478970616820805 0.478970616820805 0.478970616820805 0.478970616820805
-999 -999 0.262962132971377 0.262962132971377 0.262962132971377 0.262962132971377 0.262962132971377 0.262962132971377
-999 -999 0.0034534927303306 0.00345349273033059 0.00345349273033068 0.00345349273032977 0.00345349273033082 0.00345349273032986
-999 -999 0.00214942267652713 0.00214942267652826 0.00214942267652729 0.0021494226765276 0.0021494226765275 0.0021494226765279
-999 -999 0.00440733151531683 0.00440733151531904 0.00440733151531712 0.00440733151531766 0.00440733151531608 0.00440733151531802
-999 -999 0.0057895144219678 0.00578951442196797 0.00578951442196834 0.00578951442196905 0.00578951442196853 0.00578951442196834
-999 -999 0.0453580067020338 0.0453580067020352 0.0453580067020355 0.0453580067020346 0.0453580067020352 0.0453580067020343
-999 -999 0.293044235877492 0.293044235877492 0.293044235877492 0.293044235877493 0.293044235877493 0.293044235877493
-999 -999 0.565298085400945 0.565298085400944 0.565298085400944 0.565298085400945 0.565298085400944 0.565298085400944
-999 -999 0.282998641397798 0.282998641397798 0.282998641397799 0.282998641397798 0.282998641397799 0.282998641397799

# Duration of outbreak (days) based on incidence
0
0
0
0
0
0
0
0
0
0
0
0
0
0
0
0
0
0
0
0
0
0
0
0
0
0
0
0
0
0
0
0
0
0
0
0
0
0
0
0
0
0
0
0
0
0
0
0
0
0

# Duration of outbreak (days) based on prevalence
0
0
0
0
0
0
0
0
0
0
0
0
0
33
0
0
25
26
21
0
0
0
0
0
0
0
0
0
0
0
0
0
0
0
0
0
0
0
0
0
13
0
0
0
0
0
0
0
20
0

# Peak (point) prevalence
0.00195462814086891
0.00598999977715848
0.00189548331853116
0.00382928891390898
0.0392960498793828
0.00233126073441531
0.00670529304485291
0.00149246963675095
0.000302182206865307
0.00810329649132448
0.00134920462146853
0.000134380130318039
0.000267975824901976
0.186918188334192
0.0989672111078036
0.00222672174394766
0.141692439117428
0.352894091298868
0.188476806422574
0.0224238413321728
0.000120320880219616
7.34059196107589e-05
0.000182690066374961
0.036594605679556
0.061285694891729
0.0386778637302544
0.0445441354002871
6.95460580381704e-05
8.10597209015162e-05
0.000273735041300505
0.000182159005975568
0.000182056214775936
0.000132289424857226
0.000404493827894852
0.00236148032833664
0.000418791817745988
0.000683792973772485
0.0204916826475219
0.000761886346548316
0.000887637143133301
0.106390992046929
0.0466547191017082
0.000314683104714815
0.000211047376026891
0.000552732338058904
0.000852933255553345
0.0117791410260793
0.0714777754387802
0.120504870470576
0.0394078198827709

# Day of peak prevalence
119
119
119
119
119
119
119
119
119
119
119
119
119
77
78
119
71
25
34
99
107
84
87
100
87
108
95
87
83
97
107
89
92
119
119
119
119
119
119
119
98
117
119
119
119
119
119
116
80
112

# Total immunity
0.169505889347098
0.156730142378297
0.111872113426672
0.0969401382526928
0.095330817948454
0.11662400925997
0.109891683027737
0.107128721977119
0.0914799136502509
0.0614575720143906
0.0216892857642844
0.0133121190553541
0.0101696582697818
0.0053604344842755
0.0295637928574812
0.0416769592214164
0.0388379859164629
0.104955291153434
0.304281199656774
0.533335139543782
0.370198785074572
0.274156663422825
0.184507970493449
0.177361123623277
0.225876468187195
0.333929263617593
0.411595536123228
0.556211030179042
0.504916251181144
0.414249928620265
0.260837468508601
0.241611906953335
0.188757361960511
0.143270904924755
0.13081661043661
0.125239096395156
0.103907016190013
0.0451224641099998
0.0489856631743777
0.0391810844287332
0.0330375313631094
0.131504620197039
0.174541186025047
0.107716996384744
0.072168445416591
0.0363105737138035
0.031602827541915
0.0288298271247601
0.0650429969675665
0.17242192440316

# Observed immunity (based on survey selectivity)
0.294011628767575
0.238243390724899
0.229744637069409
0.208874767979983
0.189523534651699
0.230884339295979
0.185132049922196
0.177582774995298
0.154609239717216
0.132725094662183
0.137508392338602
0.119681989033777
0.0793600899939898
0.0337047179443758
0.261128416904481
0.391776059051374
0.215061426020385
0.247854429960858
0.436842961277835
0.659717540277845
0.717351539249776
0.686853106303294
0.624920953588282
0.457215965413399
0.418648675239433
0.465202889272923
0.506544941220035
0.663294217833401
0.629043227030686
0.590430771529066
0.563873753361434
0.528252962473406
0.447174889435353
0.323967813728648
0.255318618984378
0.217991317073953
0.171684121551028
0.146338812043426
0.180711492428372
0.150237038308662
0.0880809357765651
0.282300205467296
0.343464803617944
0.274337001825487
0.223890418627792
0.186280957664923
0.134901190693256
0.104367735104319
0.177300783276872
0.39190219534173

# True total proportion of susceptible
1 1 1 0.999573431899619 0.994599451075616 0.979548736065508 0.959146582699903 0.420177026416852
1 1 1 0.99950485907556 0.994615208382699 0.985190939325557 0.969730787353738 0.428829030874074
1 1 1 0.9989508196492 0.988975281945278 0.974588266659172 0.964217851263642 0.479262059846833
1 1 1 0.999596061698895 0.994908180795712 0.981328495453782 0.966606593616669 0.60558381268789
1 1 1 0.999251209417994 0.992090596052819 0.980650052197453 0.966435493143803 0.713199911065508
1 1 1 0.993615675013319 0.933831271478213 0.865161092564456 0.84764096524729 0.633172991012887
1 1 1 0.999495396047279 0.988577837918246 0.924590949374998 0.855892341679859 0.638026491648247
1 1 1 0.998886151027019 0.988315489506593 0.967386549580213 0.903158886755589 0.657155959416005
1 1 1 0.999684388276219 0.995728819788821 0.982348200309379 0.961183130219706 0.677034752121843
1 1 1 0.999914251890298 0.99882688511713 0.994103095494482 0.980650273364929 0.773207800059291
1 1 1 0.998770993231825 0.987570852813795 0.975285979939081 0.969379330127097 0.785239614350321
1 1 1 0.99972566960419 0.996027284025333 0.982388724676476 0.969870939259854 0.794095417005651
1 1 1 0.999957448642596 0.999300175155984 0.995220597631965 0.981546379202366 0.833217606521911
1 1 1 0.999935151037497 0.999309017367414 0.998068732495658 0.993927404682042 0.845486156482219
1 1 1 0.976255695719432 0.738488502920454 0.446949524708314 0.409884302077321 0.342599105692727
1 1 1 0.979534029103343 0.757551083956512 0.377626831918185 0.203438329105327 0.158289555799961
1 1 1 0.999382525206062 0.973412908547493 0.747697752156902 0.371703611952325 0.170234391231646
1 1 1 0.976686822628158 0.743193552286977 0.444342787035352 0.29815292477263 0.112955967105462
1 1 1 0.968230917887288 0.620637110257486 0.1362352103321 0.0522925172471022 0.020804705337581
1 1 1 0.970933263922512 0.648134792207715 0.159516300559344 0.0251560555057177 0.00510491059325331
1 1 1 0.987402999220297 0.840963473389201 0.45783652865441 0.104117842521426 0.00947719562557967
1 1 1 0.999855084267646 0.985959522059762 0.838483453034292 0.456199217298552 0.068725423179432
1 1 1 0.999913088753798 0.998985990030967 0.984321023191932 0.836924528675796 0.207005225274652
1 1 1 0.999821625254269 0.998128745670541 0.995596314203271 0.980783045011708 0.271191751594643
1 1 1 0.987374759803945 0.867124499958126 0.732719550213747 0.715031021000764 0.191455605149578
1 1 1 0.98222196173121 0.798026648555955 0.515858045053399 0.408284490640081 0.111437639434471
1 1 1 0.987891124069382 0.856602279547384 0.582549707185869 0.357154998691265 0.0865943241978967
1 1 1 0.984316110068939 0.82222560724564 0.554454345670692 0.350269749767682 0.105600708156059
1 1 1 0.999923298682815 0.983551279627823 0.82093099910528 0.553440420491906 0.165736375908769
1 1 1 0.999917724674875 0.999100512154064 0.982002210935558 0.819475715656912 0.293748857121763
1 1 1 0.999768426608745 0.997600984911253 0.994698749015606 0.97741442802536 0.316111939363428
1 1 1 0.999852100732435 0.998289002378231 0.994792496254868 0.991747289559734 0.346585657974188
1 1 1 0.999861580125177 0.998467801064102 0.995660952109868 0.992031723254495 0.381994953540708
1 1 1 0.999912833677592 0.998989905590592 0.996812906919073 0.993921801161187 0.426226586635053
1 1 1 0.999842484817282 0.998337209889919 0.995996821799457 0.993666130758909 0.434502868079191
1 1 1 0.999497414028064 0.99480885588236 0.988766071778073 0.985933758889547 0.480530158827325
1 1 1 0.999879498761236 0.998292349179508 0.992525017101073 0.986370528298607 0.569919374959425
1 1 1 0.999837699945823 0.998255972426253 0.995209314430545 0.989290381702404 0.722311798667545
1 1 1 0.997078961236428 0.970303891056257 0.941561545055744 0.935564951821082 0.693635354693972
1 1 1 0.999809861956512 0.995178929693513 0.96674973640314 0.937887704353 0.743828046283875
1 1 1 0.999798589108476 0.997794917712369 0.991358758715901 0.962795666459094 0.787448799963195
1 1 1 0.982356086435387 0.810444132484462 0.61012719319946 0.581665787593338 0.456530408972496
1 1 1 0.990202369643477 0.881639950796276 0.636744384843019 0.463590180708549 0.349133971027994
1 1 1 0.999872271357028 0.988928331905362 0.879386597472774 0.634862802655022 0.368046229089636
1 1 1 0.99992144789874 0.999086745508367 0.987444899496946 0.877933124377647 0.523041061814465
1 1 1 0.999837325566869 0.998294235173168 0.995995557040157 0.984212746321318 0.596460052984682
1 1 1 0.999786391123904 0.997700251862609 0.994235274778326 0.991728405552531 0.685118887290202
1 1 1 0.998300576096783 0.982686819689921 0.965044424282939 0.959906565142572 0.715652379868207
1 1 1 0.988959905975989 0.883111820379367 0.756078115948545 0.728254586763267 0.562699550403846
1 1 1 0.978838702333439 0.760184537565695 0.447662779467756 0.350350427118622 0.261111221197455

# True vulnerable proportion of susceptible
0 0 0.05 0.499786715949809 0.944869478521835 0.979548736065508 0.959146582699903 0.420177026416852
0 0 0.05 0.49975242953778 0.944884447963564 0.985190939325557 0.969730787353738 0.428829030874074
0 0 0.05 0.4994754098246 0.939526517848014 0.974588266659172 0.964217851263642 0.479262059846833
0 0 0.05 0.499798030849447 0.945162771755927 0.981328495453782 0.966606593616669 0.60558381268789
0 0 0.05 0.499625604708997 0.942486066250178 0.980650052197453 0.966435493143803 0.713199911065508
0 0 0.05 0.49680783750666 0.887139707904302 0.865161092564456 0.84764096524729 0.633172991012887
0 0 0.05 0.49974769802364 0.939148946022334 0.924590949374998 0.855892341679859 0.638026491648247
0 0 0.05 0.49944307551351 0.938899715031263 0.967386549580213 0.903158886755589 0.657155959416005
0 0 0.05 0.49984219413811 0.94594237879938 0.982348200309379 0.961183130219706 0.677034752121843
0 0 0.05 0.499957125945149 0.948885540861274 0.994103095494482 0.980650273364929 0.773207800059291
0 0 0.05 0.499385496615913 0.938192310173105 0.975285979939081 0.969379330127097 0.785239614350321
0 0 0.05 0.499862834802095 0.946225919824066 0.982388724676476 0.969870939259854 0.794095417005651
0 0 0.05 0.499978724321298 0.949335166398185 0.995220597631965 0.981546379202366 0.833217606521911
0 0 0.05 0.499967575518749 0.949343566499043 0.998068732495658 0.993927404682042 0.845486156482219
0 0 0.05 0.488127847859716 0.701564077774431 0.446949524708314 0.409884302077321 0.342599105692727
0 0 0.05 0.489767014551672 0.719673529758687 0.377626831918185 0.203438329105327 0.158289555799961
0 0 0.05 0.499691262603031 0.924742263120119 0.747697752156902 0.371703611952325 0.170234391231646
0 0 0.05 0.488343411314079 0.706033874672628 0.444342787035352 0.29815292477263 0.112955967105462
0 0 0.05 0.484115458943644 0.589605254744612 0.1362352103321 0.0522925172471022 0.020804705337581
0 0 0.05 0.485466631961256 0.615728052597329 0.159516300559344 0.0251560555057177 0.00510491059325331
0 0 0.05 0.493701499610149 0.798915299719741 0.45783652865441 0.104117842521426 0.00947719562557967
0 0 0.05 0.499927542133823 0.936661545956774 0.838483453034292 0.456199217298552 0.068725423179432
0 0 0.05 0.499956544376899 0.949036690529419 0.984321023191932 0.836924528675796 0.207005225274652
0 0 0.05 0.499910812627134 0.948222308387014 0.995596314203271 0.980783045011708 0.271191751594643
0 0 0.05 0.493687379901972 0.82376827496022 0.732719550213747 0.715031021000764 0.191455605149578
0 0 0.05 0.491110980865605 0.758125316128157 0.515858045053399 0.408284490640081 0.111437639434471
0 0 0.05 0.493945562034691 0.813772165570015 0.582549707185869 0.357154998691265 0.0865943241978967
0 0 0.05 0.49215805503447 0.781114326883358 0.554454345670692 0.350269749767682 0.105600708156059
0 0 0.05 0.499961649341407 0.934373715646432 0.82093099910528 0.553440420491906 0.165736375908769
0 0 0.05 0.499958862337438 0.949145486546361 0.982002210935558 0.819475715656912 0.293748857121763
0 0 0.05 0.499884213304373 0.94772093566569 0.994698749015606 0.97741442802536 0.316111939363428
0 0 0.05 0.499926050366217 0.948374552259319 0.994792496254868 0.991747289559734 0.346585657974188
0 0 0.05 0.499930790062588 0.948544411010897 0.995660952109868 0.992031723254495 0.381994953540708
0 0 0.05 0.499956416838796 0.949040410311062 0.996812906919073 0.993921801161187 0.426226586635053
0 0 0.05 0.499921242408641 0.948420349395423 0.995996821799457 0.993666130758909 0.434502868079191
0 0 0.05 0.499748707014032 0.945068413088242 0.988766071778073 0.985933758889547 0.480530158827325
0 0 0.05 0.499939749380618 0.948377731720532 0.992525017101073 0.986370528298607 0.569919374959425
0 0 0.05 0.499918849972911 0.948343173804941 0.995209314430545 0.989290381702404 0.722311798667545
0 0 0.05 0.498539480618214 0.921788696503445 0.941561545055744 0.935564951821082 0.693635354693972
0 0 0.05 0.499904930978256 0.945419983208838 0.96674973640314 0.937887704353 0.743828046283875
0 0 0.05 0.499899294554238 0.94790517182675 0.991358758715901 0.962795666459094 0.787448799963195
0 0 0.05 0.491178043217694 0.769921925860238 0.61012719319946 0.581665787593338 0.456530408972496
0 0 0.05 0.495101184821739 0.837557953256462 0.636744384843019 0.463590180708549 0.349133971027994
0 0 0.05 0.499936135678514 0.939481915310094 0.879386597472774 0.634862802655022 0.368046229089636
0 0 0.05 0.49996072394937 0.949132408232949 0.987444899496946 0.877933124377647 0.523041061814465
0 0 0.05 0.499918662783434 0.94837952341451 0.995995557040157 0.984212746321318 0.596460052984682
0 0 0.05 0.499893195561952 0.947815239269478 0.994235274778326 0.991728405552531 0.685118887290202
0 0 0.05 0.499150288048392 0.933552478705425 0.965044424282939 0.959906565142572 0.715652379868207
0 0 0.05 0.494479952987995 0.838956229360399 0.756078115948545 0.728254586763267 0.562699550403846
0 0 0.05 0.48941935116672 0.72217531068741 0.447662779467756 0.350350427118622 0.261111221197455

# True survival by age
0.759137681939394 0.759137681939394 0.759004000628543 0.757801682981036 0.756614542121846 0.756530428631526 0.756596642156333 0.758345823894448
0.837348439565915 0.837348439565915 0.836989577230415 0.833761794223292 0.830568958201673 0.830283496932813 0.830400738541458 0.834502651133544
0.827225079060743 0.827225079060743 0.82710226125339 0.825998639475088 0.824921994922482 0.824842040193523 0.824871960649458 0.826271142633423
0.745521697334223 0.745521697334223 0.745310647510007 0.743412293332614 0.74153521570342 0.741390686824647 0.741461637972881 0.743201561328472
0.799431576608128 0.799431576608129 0.797258263728537 0.777715087608582 0.758469102973045 0.756815852910398 0.757440658950614 0.768571719765305
0.854133712169012 0.854133712169012 0.853966050963608 0.852470153760024 0.851183285842152 0.851282257597076 0.851347454403579 0.852145543753278
0.750473399415079 0.750473399415079 0.750142064489387 0.747162019208981 0.744256668105587 0.744390816420391 0.744886512603823 0.746458528019916
0.758533665828937 0.758533665828937 0.758458955112665 0.757788029053058 0.757137443510967 0.757106870109854 0.757239641695239 0.757748179562501
0.838653097138257 0.838653097138257 0.838642210989594 0.838544397291926 0.838448866265581 0.838446336121514 0.838459479856539 0.838635939040196
0.716943955544209 0.716943955544209 0.716596287686788 0.71346763100693 0.710346780500881 0.710035447186254 0.710137762358626 0.711715461982493
0.703666578685418 0.703666578685418 0.703617034900943 0.703172580568701 0.702745349069224 0.702716898657519 0.702726744419002 0.703033685879734
0.855975736581367 0.855975736581367 0.855978198702703 0.856000450836571 0.856023776240538 0.856030518433776 0.856034455760337 0.856089743945056
0.75677604480687 0.75677604480687 0.756783677278727 0.756852390806908 0.756921363707269 0.756930719809057 0.756936515098258 0.756999378518125
0.712503518726356 0.712503518726356 0.705305426179643 0.640527303960197 0.575834717900378 0.568820971639954 0.569419898920063 0.590887775176535
0.725339970084349 0.725339970084349 0.719017910658649 0.663635622036133 0.636799869648412 0.669179249192212 0.673889418146755 0.682439876517566
0.778139372061042 0.778139372061042 0.777958630697795 0.776379867603988 0.775667224306045 0.777106355575499 0.777828947385802 0.778016239505023
0.841287948308657 0.841287948308657 0.832923370138897 0.757694061120922 0.686596933514752 0.716304672426548 0.779354717850246 0.813138870738918
0.659842622728355 0.659842622728355 0.650950755216904 0.573014408579054 0.534476025721778 0.581238603625982 0.607346258976794 0.640420086860317
0.810418752374684 0.810418752374684 0.800396583394865 0.713395804723924 0.692412906325878 0.783513458156249 0.80037829730423 0.806704480840399
0.785918988545299 0.785918988545299 0.781693077253873 0.744903251071399 0.734060823148197 0.772871872988733 0.784297288968581 0.786002351886602
0.769086459223386 0.769086459223385 0.769065932155281 0.768890726695757 0.768846244638252 0.769197721585535 0.769538157150658 0.769629243777894
0.759067831096642 0.759067831096642 0.759067942087404 0.759069023725165 0.759077940491165 0.759162068630226 0.759379860081248 0.759600608079637
0.766160036128427 0.766160036128427 0.76612891879818 0.765848938348825 0.765569971972821 0.765556192890048 0.765730141190331 0.766473533307639
0.7297029523527 0.7297029523527 0.725777878566262 0.690459327942284 0.655267277961717 0.651549940298838 0.65272211434985 0.708872076266508
0.824566144086284 0.824566144086284 0.818306318277365 0.762763692192327 0.721490986472264 0.732948395009104 0.735170626389215 0.800948040946984
0.838132426376372 0.838132426376372 0.833793216431955 0.795518943845453 0.772420818339666 0.793559915344214 0.802939109305983 0.828820788214728
0.788150539574752 0.788150539574752 0.782874497804764 0.736035200930197 0.702354158408174 0.726893485689942 0.750792911090208 0.779481449075359
0.799355906593605 0.799355906593605 0.799353896270576 0.79934379218454 0.799411478927012 0.79955160230637 0.799659711519125 0.799789255951001
0.80755684939662 0.80755684939662 0.807551748207127 0.807505877597926 0.807469280669283 0.807557570014013 0.80771104806328 0.807933500983919
0.70152372175609 0.70152372175609 0.701487570607744 0.70116229594782 0.700838079252604 0.700825946709151 0.701053944488967 0.701791452280117
0.861654672639581 0.861654672639581 0.861617180165193 0.861279915912658 0.860944865725184 0.860910657019176 0.860929677894894 0.861657421406292
0.703799856353727 0.703799856353727 0.70379158148724 0.703717219875022 0.70364405915951 0.703638739990394 0.703641301860508 0.704184063146748
0.783609279450135 0.783609279450135 0.783605899157771 0.783575553494958 0.783545952488987 0.783544233005854 0.783546373719548 0.78390620610209
0.796274527896042 0.796274527896042 0.796245162262262 0.795980940370807 0.795717645221584 0.795690667148896 0.795693798494609 0.796308667034879
0.763865917004438 0.763865917004438 0.763728300180541 0.762490054117047 0.761256480208777 0.761126849947721 0.761134575539649 0.762988046082694
0.810569512038288 0.810569512038288 0.810550601286123 0.810380733389863 0.810214488151181 0.810200772472392 0.810203161442326 0.810629454035229
0.809656697238294 0.809656697238294 0.809623321066202 0.80932303203723 0.809024430727318 0.808997656019517 0.809004639814343 0.809477206992882
0.77805925752639 0.77805925752639 0.777105807358544 0.768526389912617 0.759976229095465 0.759084164410209 0.759200191310604 0.76443368506433
0.776102664495619 0.776102664495619 0.776065833920565 0.775737005135523 0.775439631048686 0.775440520039732 0.775448161387879 0.775756447810895
0.789745940891145 0.789745940891145 0.789702738114607 0.789314092144922 0.788931501833415 0.788927556253014 0.788967199691117 0.789233750293974
0.826219545496192 0.826219545496191 0.819994069746576 0.763977413603202 0.70819728278086 0.702789672020434 0.706358360733995 0.728266296254282
0.790317271350012 0.790317271350012 0.787013248533958 0.757868970525227 0.739536830455152 0.750197960460284 0.752093170070271 0.760425779337488
0.754447314680951 0.754447314680951 0.754434758821313 0.754328679122005 0.754305761952523 0.754498484950922 0.754642577272815 0.754737823363376
0.79875385401197 0.79875385401197 0.798751289173386 0.798728271557973 0.798711092700999 0.798767909823667 0.798900401415403 0.799044972018684
0.773066553030592 0.773066553030592 0.773039446993321 0.772795556670926 0.772552505336858 0.772538066777217 0.772656993537465 0.77304239650616
0.782189003653812 0.782189003653812 0.782143123157991 0.781730358764926 0.781319657033524 0.781277171310499 0.781294171440363 0.78185361742479
0.767079256995057 0.767079256995057 0.766544574486884 0.761733692797714 0.756944930943436 0.756450457664695 0.756478658932144 0.759927892317731
0.762717578518598 0.762717578518599 0.759127091559347 0.726874686145585 0.695689194864783 0.693437728724229 0.693809578280795 0.711487332380729
0.741722971537622 0.741722971537622 0.735037124179602 0.675609309255643 0.629611109984419 0.640770268118565 0.644507599418361 0.666745397330507
0.775745708229906 0.775745708229906 0.772243429396193 0.741475440752864 0.725289638418694 0.744686288218773 0.751554980881354 0.757853838776867

# True Numbers-at-age
27.7363667628097 8.03906153179608 15.1360757414723 38.3117265895768 21.0234415696901 6.5187726817373 1.28065770566759 47.9970083853905
13.7815141727815 21.0557211697403 6.10275453621583 11.4883420415941 29.0326908874906 15.9066416170764 4.9316498910662 37.3672721883474
58.449319286817 11.5399293874341 17.630975265417 5.10794193920829 9.57854067325039 24.1136518242143 13.2070220262832 35.2783334185739
27.0457188663684 48.3507427680838 9.54611899987559 14.582619510129 4.21915309230379 7.90154888062385 19.8899537672011 40.0435710171288
9.89396121257577 20.1631702348792 36.0465278158323 7.11482413300486 10.8408986128219 3.12865059838724 5.85813475158424 44.5080822005315
31.3300099940856 7.90954501106912 16.1190749702876 28.7383921798928 5.53330607391953 8.22248664628877 2.36781237107707 38.6448427267796
11.696549782118 26.7600177385406 6.75580904187236 13.7651427975628 24.4986216004091 4.70985764556916 6.99965699531451 34.9468615532932
12.8121854798424 8.77794947641377 20.0826814806503 5.0678165419662 10.284791887327 18.2332624855001 3.50597477800905 31.3003329226499
17.2860079813003 9.71847401930517 6.65837019480534 15.2318896116745 3.84033070893905 7.7870010366131 13.8045282922884 26.3726333765303
42.5011612214018 14.4969641306741 8.15042833574797 5.58399030175876 12.7726156940388 3.21992092899484 6.52898248852269 33.6915757683062
208.855924964625 30.470950641294 10.393510807228 5.8405666884542 3.9839963321615 9.07298643683547 2.28625799672323 28.6152924277364
144.801381596335 146.964934158036 21.4413895870516 7.31305125639268 4.10692635030393 2.79973489313534 6.37574089045475 21.7241291469372
96.695340384383 123.946469269922 125.798417767557 18.3533620364073 6.25997517246308 3.51562660312894 2.39665851204778 24.0556580420601
281.367094030903 73.1767172473474 93.7997187818682 95.2021891939772 13.8907859365996 4.7383089443144 2.66108577528626 20.0242365296741
688.981625582158 200.475044550828 52.1386685275786 66.1574506309762 60.9796015755268 7.99879680121637 2.6952494976352 13.3473517658089
394.987600406738 499.745911688429 145.412562817156 37.4886365092234 43.9044409018127 38.8318023345076 5.35262883787903 10.9250652066169
86.326874776325 307.355403352397 388.871969911307 113.124958255492 29.1054226496849 34.0552358090178 30.1764403925973 12.6633078031136
17.3821181614155 72.6257593644728 258.574396687918 323.900551731078 85.7141090347383 19.9836939399245 24.3939245305874 33.8151789947406
25.3528011200655 11.4694624362026 47.9215715366921 168.319198803755 185.599683088613 45.8121363451701 11.6152943609307 36.4714786744234
30.2675802985808 20.5463854529269 9.29506743795562 38.356262128881 120.078210281091 128.511615980548 35.8944253733298 38.7183347928216
216.899621586781 23.7878660939742 16.1477944734262 7.2658898688578 28.5717043587502 88.1447098811002 99.3230133436951 58.5846027176782
146.107757186314 166.81456197307 18.2949257066946 12.4187186089574 5.58667534135741 21.9672475991395 67.8007100103602 121.521272137792
207.614862522002 110.90569835381 126.623567752234 13.8870916068227 9.42666461041884 4.24072201231036 16.6767011294751 143.794125891555
20.9741005369967 159.066210570656 84.9715138576036 97.0099770563875 10.635414363838 7.21677136159553 3.24651099884934 122.984244451445
15.6846443797469 15.3048630847889 116.071083472964 61.6704450661353 66.9814435620497 6.96903902018707 4.70208694979793 89.2991662357929
16.1537724368197 12.9330267375725 12.6198719395929 94.9817009752256 47.0399763777894 48.3265077909195 5.10794596460193 74.9808284629769
19.0039919418267 13.5390004876035 10.8395890799522 10.5223636154725 75.5597424444561 36.3346570484107 38.3499794314436 66.2470389308784
3.6207513667986 14.9780065030249 10.6707705396075 8.48603785737756 7.74483001797489 53.0696993141143 26.4114255132679 80.4312306003759
16.8787993651364 2.89426899135733 11.9727579671904 8.52972200704453 6.78326168153775 6.19130601870763 42.4319631205174 85.4481869838466
32.2540733521046 13.6305900369072 2.33728674796685 9.66862162726541 6.88780065496483 5.47727543058279 4.99983604368066 103.309218266043
74.4951574562306 22.6269975797623 9.56218225242263 1.63957760264494 6.77927293882416 4.82723298130038 3.83861673902496 76.0066811010705
14.2100575240533 64.1891005111825 19.4966581924067 8.23894050855804 1.41213525973831 5.83658023003034 4.15581631751595 68.7964999198895
37.2742011500692 10.0010364442069 45.1762797192452 13.7215839029501 5.79788430939817 0.993640586244537 4.10684395891139 51.3696028478127
42.3822790431806 29.2084099052851 7.83690496179952 35.4003992900021 10.7518977015816 4.54290878362834 0.778561351032463 43.4868531688371
14.3326983024461 33.747929236267 23.257912807925 6.24009766294199 28.1780431163579 8.55547472076588 3.61475012084182 35.2484545191823
9.03230929165279 10.948259731946 25.778892913062 17.7627262145438 4.75801240471229 21.4507179219298 6.51180152402389 29.6454607399344
22.0965665395044 7.3213145351139 8.87432554859187 20.895097151173 14.3945710967453 3.85501058510094 17.3793882304349 29.307365835685
134.718458485855 17.8906330846813 5.92775134594303 7.18486092287359 16.9108833810998 11.6455596871083 3.11869452727709 37.7836503565455
44.2200054123414 104.818943784604 13.9199726945442 4.60648999550976 5.52175522708028 12.8518693826414 8.83995994417781 31.2508085589844
47.8560747433783 34.3192640245289 81.3502615608475 10.8028152173429 3.57342475330349 4.28178783602828 9.96586027755815 31.0979469243912
37.7217496319168 37.7941407755663 27.1034994577432 64.2425243009407 8.52681428588639 2.81918735731242 3.37802041387168 32.4062861532782
37.6239002584368 31.1664468362034 31.2262578140074 22.2247088247289 49.0798375587736 6.03866670804177 1.98129575820975 25.9864989542727
23.6462675724768 29.7348181897928 24.6313812212635 24.5754786017609 16.8434171972202 36.2963475074692 4.53019544827235 21.2509227271944
86.1960491784162 17.8398630722824 22.4333537358155 18.5827701510997 18.5379883124574 12.7050866428334 27.3855392036376 19.4575535322198
89.0531380771547 68.8494264818652 14.2496593840314 17.9186702169652 14.842583883547 14.8064969015212 10.1484155018247 37.425778580468
209.006014854996 68.8440024898634 53.2251888084687 11.0155488100748 13.8474687251224 11.4666753649067 11.438582492044 36.7729577757628
55.6999666112057 163.482206517083 53.8490217150868 41.6297154053295 8.61118892329231 10.8192995150951 8.95865169343007 37.687967890963
98.8415996376037 42.7262890027732 125.403809507036 41.2776754371262 31.7107568458195 6.51819580488238 8.18426406980508 35.417166824004
88.6532525013096 75.3882255324979 32.588091687281 95.197429181539 30.0036973781804 22.0608308986211 4.51996289431743 30.877186346904
40.4079877218863 65.7561538817465 55.9171786609127 23.9534571963202 64.3162693722526 18.8906612099128 14.1359245298277 23.5003723137912

