# Simulated data from SIR age-structured hybrid model
# random seed = 5572126
# Flag=0 if no issues, =1 if negative pop #'s, =2 if NaN, or=3 if NA. Flag:
0

# Number of years (nyr)
50

# Starting age
0

# Ending age
8

# Sample size for comp data
200

# Sample size for fishery age comp data
200

# Sample size for antibody prevalence data
200

# Survey data
32672.225920537
33585.0363754366
21797.4933683313
27202.5831313983
46095.7347397288
33600.3824708611
27826.6601325324
26956.8919353371
17052.3151859794
29974.0008797553
15580.4574195785
18665.3765286968
26739.1242937193
37125.0642060223
41968.7463836282
29625.2253790023
27272.7081708726
18914.9096084608
20759.465748308
61651.858798982
41339.4674343955
64821.1432774117
36757.6413512387
18567.443800332
22995.5790492983
28085.7745923849
35761.810849914
23021.3741239432
14188.0658069382
28928.584132634
16401.8453438911
19804.4098753492
26510.5142720169
24654.3716112374
12249.1291869122
19812.2490552991
19724.9768083563
19595.0876619961
17293.0296476727
14986.0163080052
30772.3543716925
36990.5268969977
50432.294358847
27919.1007540068
24528.4450770545
37797.8658715705
30054.491754709
57836.2949704825
125437.83944491
90576.9964655288

# Catches
0
0
0
0
0
0
0
0
0
0
0
0
0
0
0
0
0
0
0
0
0
0
0
0
0
0
0
0
0
0
0
0
0
0
0
0
0
0
0
0
0
0
0
0
0
0
0
0
0
0

# Catch compositions
-999 -999 -999 -999 -999 -999 -999 -999
-999 -999 -999 -999 -999 -999 -999 -999
-999 -999 -999 -999 -999 -999 -999 -999
-999 -999 -999 -999 -999 -999 -999 -999
-999 -999 -999 -999 -999 -999 -999 -999
-999 -999 -999 -999 -999 -999 -999 -999
-999 -999 -999 -999 -999 -999 -999 -999
-999 -999 -999 -999 -999 -999 -999 -999
-999 -999 -999 -999 -999 -999 -999 -999
-999 -999 -999 -999 -999 -999 -999 -999
-999 -999 -999 -999 -999 -999 -999 -999
-999 -999 -999 -999 -999 -999 -999 -999
-999 -999 -999 -999 -999 -999 -999 -999
-999 -999 -999 -999 -999 -999 -999 -999
-999 -999 -999 -999 -999 -999 -999 -999
-999 -999 -999 -999 -999 -999 -999 -999
-999 -999 -999 -999 -999 -999 -999 -999
-999 -999 -999 -999 -999 -999 -999 -999
-999 -999 -999 -999 -999 -999 -999 -999
-999 -999 -999 -999 -999 -999 -999 -999
-999 -999 -999 -999 -999 -999 -999 -999
-999 -999 -999 -999 -999 -999 -999 -999
-999 -999 -999 -999 -999 -999 -999 -999
-999 -999 -999 -999 -999 -999 -999 -999
-999 -999 -999 -999 -999 -999 -999 -999
-999 -999 -999 -999 -999 -999 -999 -999
-999 -999 -999 -999 -999 -999 -999 -999
-999 -999 -999 -999 -999 -999 -999 -999
-999 -999 -999 -999 -999 -999 -999 -999
-999 -999 -999 -999 -999 -999 -999 -999
-999 -999 -999 -999 -999 -999 -999 -999
-999 -999 -999 -999 -999 -999 -999 -999
-999 -999 -999 -999 -999 -999 -999 -999
-999 -999 -999 -999 -999 -999 -999 -999
-999 -999 -999 -999 -999 -999 -999 -999
-999 -999 -999 -999 -999 -999 -999 -999
-999 -999 -999 -999 -999 -999 -999 -999
-999 -999 -999 -999 -999 -999 -999 -999
-999 -999 -999 -999 -999 -999 -999 -999
-999 -999 -999 -999 -999 -999 -999 -999
-999 -999 -999 -999 -999 -999 -999 -999
-999 -999 -999 -999 -999 -999 -999 -999
-999 -999 -999 -999 -999 -999 -999 -999
-999 -999 -999 -999 -999 -999 -999 -999
-999 -999 -999 -999 -999 -999 -999 -999
-999 -999 -999 -999 -999 -999 -999 -999
-999 -999 -999 -999 -999 -999 -999 -999
-999 -999 -999 -999 -999 -999 -999 -999
-999 -999 -999 -999 -999 -999 -999 -999
-999 -999 -999 -999 -999 -999 -999 -999

# Age composition from fishery-independent survey
0 0 5 1 3 37 21 133
0 0 5 20 2 7 38 128
0 0 9 35 27 4 5 120
0 0 4 71 37 19 2 67
0 0 4 19 87 22 12 56
0 0 1 26 25 68 25 55
0 0 1 8 47 27 50 67
0 0 1 6 12 48 15 118
0 0 1 9 18 10 38 124
0 0 3 6 11 26 14 140
0 0 4 27 14 10 16 129
0 0 21 14 40 13 14 98
0 0 3 92 21 23 6 55
0 0 7 40 85 12 10 46
0 0 6 32 45 67 12 38
0 0 6 26 49 38 50 31
0 0 5 17 32 47 34 65
0 0 5 39 34 33 36 53
0 0 6 26 57 24 15 72
0 0 3 58 27 43 10 59
0 0 4 21 69 23 32 51
0 0 1 24 21 65 14 75
0 0 0 19 49 18 46 68
0 0 1 18 39 35 11 96
0 0 4 6 30 31 27 102
0 0 3 18 12 22 27 118
0 0 1 11 28 18 22 120
0 0 5 12 18 27 11 127
0 0 4 22 11 19 19 125
0 0 13 32 30 16 15 94
0 0 12 55 37 20 9 67
0 0 0 74 50 23 7 46
0 0 0 13 101 35 19 32
0 0 0 11 15 94 33 47
0 0 5 1 16 16 82 80
0 0 1 23 7 13 13 143
0 0 5 20 39 5 11 120
0 0 1 43 22 26 1 107
0 0 9 11 50 19 25 86
0 0 13 84 6 26 11 60
0 0 4 74 58 4 18 42
0 0 4 43 70 43 4 36
0 0 3 28 38 76 28 27
0 0 0 11 37 35 58 59
0 0 13 16 15 27 29 100
0 0 23 83 5 6 25 58
0 0 6 87 64 4 4 35
0 0 4 59 80 31 1 25
0 0 7 19 69 64 30 11
0 0 2 33 23 47 51 44

# Antibody prevalence values
0 0 0 0 0 1 0 2 0 7 14 33 5 17 101 20
0 0 0 0 0 7 0 26 0 4 0 1 8 34 97 23
0 0 0 0 0 15 0 38 0 35 0 4 0 7 76 25
0 0 0 0 0 3 2 67 7 24 7 13 1 0 64 12
0 0 0 0 0 3 0 13 24 54 22 14 7 2 60 1
0 0 0 0 0 1 0 23 11 22 47 18 13 1 64 0
0 0 0 0 0 0 0 5 0 48 9 9 45 15 62 7
0 0 0 0 0 1 0 8 3 17 10 32 7 19 89 14
0 0 0 0 0 0 0 4 0 27 2 10 5 37 88 27
0 0 0 0 0 5 0 6 0 4 0 12 0 8 104 61
0 0 0 0 0 2 0 27 0 17 1 11 0 9 90 43
0 0 0 0 0 23 0 10 0 43 1 6 0 12 50 55
0 0 0 0 0 7 0 76 3 20 4 9 0 6 49 26
0 0 0 0 0 6 0 37 27 65 2 8 13 8 29 5
0 0 0 0 0 4 0 33 14 33 41 19 15 1 38 2
0 0 0 0 0 2 0 26 10 45 21 19 38 5 34 0
0 0 0 0 0 6 0 20 1 35 12 41 13 13 48 11
0 0 0 0 0 2 0 43 0 33 3 23 3 22 59 12
0 0 0 0 0 13 2 21 15 45 9 15 11 5 56 8
0 0 0 0 0 1 1 46 3 29 19 34 5 6 45 11
0 0 0 0 0 3 0 17 21 59 18 7 22 9 44 0
0 0 0 0 0 3 0 31 8 18 39 22 12 0 64 3
0 0 0 0 0 0 0 25 2 46 3 15 21 12 72 4
0 0 0 0 0 0 0 18 6 28 16 19 13 7 80 13
0 0 0 0 0 2 0 9 0 37 5 24 12 16 91 4
0 0 0 0 0 3 0 10 0 5 0 36 11 16 94 25
0 0 0 0 0 2 0 15 0 29 0 10 2 22 74 46
0 0 0 0 0 1 0 14 0 18 3 17 0 7 83 57
0 0 0 0 0 3 0 23 2 11 5 9 4 14 86 43
0 0 0 0 0 11 0 28 0 21 2 10 3 9 70 46
0 0 0 0 0 15 0 59 1 42 4 11 2 2 39 25
0 0 0 0 0 1 2 79 9 35 13 12 3 4 33 9
0 0 0 0 0 0 0 5 28 84 20 20 10 2 28 3
0 0 0 0 0 0 0 7 7 10 61 29 23 8 53 2
0 0 0 0 0 2 0 2 0 14 2 15 58 27 70 10
0 0 0 0 0 3 0 21 0 8 0 13 6 12 111 26
0 0 0 0 0 4 0 11 0 37 0 5 0 5 108 30
0 0 0 0 0 1 0 37 0 17 0 27 0 4 81 33
0 0 0 0 0 14 0 8 1 50 0 14 1 19 62 31
0 0 0 0 0 10 0 80 0 7 0 35 1 9 31 27
0 0 0 0 0 3 0 68 20 57 2 4 9 3 25 9
0 0 0 0 0 2 1 32 29 58 32 6 2 0 33 5
0 0 0 0 0 1 2 27 14 29 37 26 31 5 27 1
0 0 0 0 0 0 0 15 3 38 11 24 31 20 55 3
0 0 0 0 0 19 0 9 7 16 18 13 13 9 82 14
0 0 0 0 0 17 0 91 0 2 3 7 16 9 47 8
0 0 0 0 0 11 6 67 17 52 2 1 4 0 39 1
0 0 0 0 0 4 1 41 44 51 26 6 1 0 26 0
0 0 0 0 0 2 0 14 32 42 56 4 29 1 20 0
0 0 0 0 0 4 0 32 3 16 42 10 51 3 39 0

# Average weight-at-age
70
94
115
134
150
160
165
168

# Maturity logistic function parameter age-at-50%
3

# Maturity logistic function parameter age-at-95%
4

# Infection prevalence index (avg of 3 different samples)
0
0
0.0666666666666667
0.0722222222222222
0.0111111111111111
0
0.0166666666666667
0
0.00555555555555556
0
0.00555555555555556
0
0.0666666666666667
0.0722222222222222
0.0333333333333333
0
0
0.0111111111111111
0
0.0833333333333333
0.05
0
0
0
0
0
0
0.0111111111111111
0
0
0.0222222222222222
0
0
0
0
0
0
0
0
0.0333333333333333
0.0444444444444444
0
0
0
0
0.0555555555555556
0.0111111111111111
0.0333333333333333
0.00555555555555556
0

