# Simulated data from SIR age-structured hybrid model
# random seed = 6616154
# Flag=0 if no issues, =1 if negative pop #'s, =2 if NaN, or=3 if NA. Flag:
0

# Number of years (nyr)
50

# Starting age
0

# Ending age
8

# Sample size for comp data
200

# Sample size for fishery age comp data
200

# Sample size for antibody prevalence data
200

# Survey data
8660.4707570532
4498.85067702012
5582.61715470047
6606.64023022396
3762.50298384691
11391.4994948067
7405.86868504476
2479.92731951329
3441.64414680363
3566.20682376593
3930.70544243621
5121.06721984194
4693.87131505202
4139.2509373516
5527.17705848
6395.84400651219
3723.47564970259
4599.77548712894
5219.91474381369
7322.68225408533
5280.99195655176
5137.27327546294
5578.57075253145
10159.4307569593
4137.76388243673
3937.40234043686
9342.48533037744
18868.21456223
33852.2476114396
25765.6043753197
25999.0838742623
13739.505093511
16614.1568192239
17477.6146834632
16404.2509603259
13290.4231139026
26791.2991693551
20807.1638515717
16314.9561193679
20632.7512219068
41350.5770474206
42502.5334116973
19863.7380870628
13037.2294158102
16684.4295489499
14513.6416373305
7539.58642607461
6461.84501349102
7087.22065114869
14333.0536314873

# Catches
0
0
0
0
0
0
0
0
0
0
0
0
0
0
0
0
0
0
0
0
0
0
0
0
0
0
0
0
0
0
0
0
0
0
0
0
0
0
0
0
0
0
0
0
0
0
0
0
0
0

# Catch compositions
-999 -999 -999 -999 -999 -999 -999 -999
-999 -999 -999 -999 -999 -999 -999 -999
-999 -999 -999 -999 -999 -999 -999 -999
-999 -999 -999 -999 -999 -999 -999 -999
-999 -999 -999 -999 -999 -999 -999 -999
-999 -999 -999 -999 -999 -999 -999 -999
-999 -999 -999 -999 -999 -999 -999 -999
-999 -999 -999 -999 -999 -999 -999 -999
-999 -999 -999 -999 -999 -999 -999 -999
-999 -999 -999 -999 -999 -999 -999 -999
-999 -999 -999 -999 -999 -999 -999 -999
-999 -999 -999 -999 -999 -999 -999 -999
-999 -999 -999 -999 -999 -999 -999 -999
-999 -999 -999 -999 -999 -999 -999 -999
-999 -999 -999 -999 -999 -999 -999 -999
-999 -999 -999 -999 -999 -999 -999 -999
-999 -999 -999 -999 -999 -999 -999 -999
-999 -999 -999 -999 -999 -999 -999 -999
-999 -999 -999 -999 -999 -999 -999 -999
-999 -999 -999 -999 -999 -999 -999 -999
-999 -999 -999 -999 -999 -999 -999 -999
-999 -999 -999 -999 -999 -999 -999 -999
-999 -999 -999 -999 -999 -999 -999 -999
-999 -999 -999 -999 -999 -999 -999 -999
-999 -999 -999 -999 -999 -999 -999 -999
-999 -999 -999 -999 -999 -999 -999 -999
-999 -999 -999 -999 -999 -999 -999 -999
-999 -999 -999 -999 -999 -999 -999 -999
-999 -999 -999 -999 -999 -999 -999 -999
-999 -999 -999 -999 -999 -999 -999 -999
-999 -999 -999 -999 -999 -999 -999 -999
-999 -999 -999 -999 -999 -999 -999 -999
-999 -999 -999 -999 -999 -999 -999 -999
-999 -999 -999 -999 -999 -999 -999 -999
-999 -999 -999 -999 -999 -999 -999 -999
-999 -999 -999 -999 -999 -999 -999 -999
-999 -999 -999 -999 -999 -999 -999 -999
-999 -999 -999 -999 -999 -999 -999 -999
-999 -999 -999 -999 -999 -999 -999 -999
-999 -999 -999 -999 -999 -999 -999 -999
-999 -999 -999 -999 -999 -999 -999 -999
-999 -999 -999 -999 -999 -999 -999 -999
-999 -999 -999 -999 -999 -999 -999 -999
-999 -999 -999 -999 -999 -999 -999 -999
-999 -999 -999 -999 -999 -999 -999 -999
-999 -999 -999 -999 -999 -999 -999 -999
-999 -999 -999 -999 -999 -999 -999 -999
-999 -999 -999 -999 -999 -999 -999 -999
-999 -999 -999 -999 -999 -999 -999 -999
-999 -999 -999 -999 -999 -999 -999 -999

# Age composition from fishery-independent survey
0 0 0 5 23 67 21 84
0 0 0 1 7 23 62 107
0 0 1 12 5 7 17 158
0 0 7 14 29 2 4 144
0 0 14 38 21 16 2 109
0 0 1 80 42 19 7 51
0 0 2 19 121 22 1 35
0 0 3 45 25 85 12 30
0 0 3 33 44 17 72 31
0 0 14 19 30 48 12 77
0 0 8 61 34 34 14 49
0 0 2 44 73 22 14 45
0 0 1 23 46 66 10 54
0 0 3 21 34 47 53 42
0 0 2 14 31 35 32 86
0 0 3 34 24 30 29 80
0 0 1 7 45 21 24 102
0 0 5 13 22 45 14 101
0 0 11 23 15 16 32 103
0 0 11 41 29 7 7 105
0 0 3 76 38 21 9 53
0 0 11 27 85 35 4 38
0 0 3 89 32 44 12 20
0 0 0 41 87 19 28 25
0 0 11 17 70 53 16 33
0 0 8 56 14 48 44 30
0 0 17 34 56 10 26 57
0 0 16 75 46 23 5 35
0 0 11 116 57 7 2 7
0 0 8 73 99 15 2 3
0 0 4 53 98 36 3 6
0 0 6 16 87 44 21 26
0 0 8 48 22 49 22 51
0 0 5 27 84 11 31 42
0 0 17 36 43 44 5 55
0 0 23 62 52 15 25 23
0 0 3 116 49 10 2 20
0 0 4 21 132 21 2 20
0 0 14 82 15 50 17 22
0 0 34 63 54 7 26 16
0 0 5 143 17 13 5 17
0 0 5 56 123 5 2 9
0 0 1 20 80 74 5 20
0 0 2 9 39 45 69 36
0 0 4 9 14 40 43 90
0 0 2 23 17 7 31 120
0 0 2 27 38 11 9 113
0 0 3 22 24 29 10 112
0 0 3 45 27 22 29 74
0 0 6 23 67 22 17 65

# Antibody prevalence values
0 0 0 0 0 0 0 3 1 24 3 58 4 17 57 33
0 0 0 0 0 3 0 1 0 11 0 31 4 58 45 47
0 0 0 0 0 3 0 20 0 4 0 7 0 22 60 84
0 0 0 0 0 9 0 14 0 32 0 3 0 6 51 85
0 0 0 0 0 14 0 44 0 27 0 13 0 2 38 62
0 0 0 0 0 1 0 89 0 37 0 13 0 8 11 41
0 0 0 0 0 4 0 16 6 117 2 15 2 3 20 15
0 0 0 0 0 1 0 46 2 21 23 54 7 10 28 8
0 0 0 0 0 1 0 20 1 59 0 14 20 41 32 12
0 0 0 0 0 14 0 14 0 42 1 37 1 9 42 40
0 0 0 0 0 7 0 66 0 23 0 28 1 27 23 25
0 0 0 0 0 3 0 30 0 75 0 20 0 20 14 38
0 0 0 0 0 4 0 20 1 45 5 61 1 18 15 30
0 0 0 0 0 4 0 25 0 31 1 48 1 40 13 37
0 0 0 0 0 7 0 13 0 33 0 32 0 28 13 74
0 0 0 0 0 0 0 25 0 17 0 27 0 31 11 89
0 0 0 0 0 1 0 10 0 42 0 20 0 26 10 91
0 0 0 0 0 2 0 9 0 21 0 49 0 18 9 92
0 0 0 0 0 4 0 23 0 9 0 18 1 36 8 101
0 0 0 0 0 13 0 41 0 25 0 13 0 11 6 91
0 0 0 0 0 3 0 80 0 36 0 11 0 10 2 58
0 0 0 0 0 11 1 24 2 88 1 31 0 10 3 29
0 0 0 0 0 6 0 78 2 29 9 40 2 12 5 17
0 0 0 0 0 0 0 44 1 83 0 17 3 30 5 17
0 0 0 0 0 10 0 8 7 54 11 55 4 7 15 29
0 0 0 0 0 7 0 46 0 16 6 52 11 40 9 13
0 0 0 0 0 17 0 40 0 52 0 15 1 25 21 29
0 0 0 0 0 19 0 77 0 38 0 31 0 4 9 22
0 0 0 0 0 10 1 120 5 41 3 7 4 3 1 5
0 0 0 0 0 3 0 86 9 84 7 4 4 0 3 0
0 0 0 0 0 3 0 64 8 75 23 9 10 0 8 0
0 0 0 0 0 6 1 33 7 60 21 16 34 1 21 0
0 0 0 0 0 2 0 66 0 34 5 41 17 3 32 0
0 0 0 0 0 6 0 28 5 65 2 9 9 18 53 5
0 0 0 0 0 15 0 44 3 37 9 27 2 8 43 12
0 0 0 0 0 26 0 66 0 40 0 21 6 13 21 7
0 0 0 0 0 2 0 121 2 45 2 6 0 1 19 2
0 0 0 0 0 9 0 15 19 106 7 7 5 0 32 0
0 0 0 0 0 10 0 75 6 21 33 21 14 0 20 0
0 0 0 0 0 53 1 52 4 42 1 7 16 5 19 0
0 0 0 0 0 9 1 145 2 23 3 1 1 0 15 0
0 0 0 0 0 1 0 52 14 111 5 0 5 0 12 0
0 0 0 0 0 0 0 19 10 80 49 15 3 0 24 0
0 0 0 0 0 1 0 6 7 28 28 20 58 9 43 0
0 0 0 0 0 1 0 16 0 8 2 30 24 20 98 1
0 0 0 0 0 2 0 22 0 18 0 7 7 27 89 28
0 0 0 0 0 0 0 24 0 25 0 12 0 12 89 38
0 0 0 0 0 10 0 22 0 35 0 33 0 12 60 28
0 0 0 0 0 0 0 49 0 43 0 19 0 17 40 32
0 0 0 0 0 5 0 15 0 65 0 24 1 12 37 41

# Average weight-at-age
70
94
115
134
150
160
165
168

# Maturity logistic function parameter age-at-50%
3

# Maturity logistic function parameter age-at-95%
4

# Infection prevalence index (avg of 3 different samples)
0
0
0
0
0
0.194444444444444
0.122222222222222
0
0
0
0.00555555555555556
0
0
0
0
0
0
0
0
0
0
0
0
0
0
0
0
0.316666666666667
0.0777777777777778
0.1
0.105555555555556
0.0222222222222222
0
0.0222222222222222
0
0
0.316666666666667
0.283333333333333
0.127777777777778
0.116666666666667
0.0833333333333333
0.305555555555556
0.161111111111111
0
0
0
0
0
0.00555555555555556
0.0388888888888889

