# Simulated data from SIR age-structured hybrid model
# random seed = 2209623
# Flag=0 if no issues, =1 if negative pop #'s, =2 if NaN, or=3 if NA. Flag:
0

# Number of years (nyr)
50

# Starting age
0

# Ending age
8

# Sample size for comp data
200

# Sample size for fishery age comp data
200

# Sample size for antibody prevalence data
200

# Survey data
21135.0412698376
20336.7251872657
42891.7657913936
36596.4383530655
21886.9463381073
34044.2606784534
22716.0959387995
32792.309944635
35923.8439377403
25809.8328563635
20163.7047998087
15195.1860658023
26097.3546816334
39023.2751336311
46199.6783459423
46993.0173649991
75710.204896883
73430.8444514622
34391.4696338495
71771.5941960714
50861.6830717311
52302.2953918872
52008.7061375629
39672.5142351099
19977.6417005785
18917.0612370662
10801.0881632882
18632.8514339951
10313.8360308691
11134.8748491173
14600.4389665654
16363.0964559604
13055.2279382325
19250.0782433538
13428.4884140049
11795.2343791119
7206.56203725241
8305.10015701793
8628.42028938049
4724.87518203873
6937.48015840061
11409.1177600642
20191.2185013578
16331.2959933331
42648.6578449943
23467.1949154073
64729.1511320085
41518.786779819
48942.6686222371
34113.5515932166

# Catches
0
0
0
0
0
0
0
0
0
0
0
0
0
0
0
0
0
0
0
0
0
0
0
0
0
0
0
0
0
0
0
0
0
0
0
0
0
0
0
0
0
0
0
0
0
0
0
0
0
0

# Catch compositions
-999 -999 -999 -999 -999 -999 -999 -999
-999 -999 -999 -999 -999 -999 -999 -999
-999 -999 -999 -999 -999 -999 -999 -999
-999 -999 -999 -999 -999 -999 -999 -999
-999 -999 -999 -999 -999 -999 -999 -999
-999 -999 -999 -999 -999 -999 -999 -999
-999 -999 -999 -999 -999 -999 -999 -999
-999 -999 -999 -999 -999 -999 -999 -999
-999 -999 -999 -999 -999 -999 -999 -999
-999 -999 -999 -999 -999 -999 -999 -999
-999 -999 -999 -999 -999 -999 -999 -999
-999 -999 -999 -999 -999 -999 -999 -999
-999 -999 -999 -999 -999 -999 -999 -999
-999 -999 -999 -999 -999 -999 -999 -999
-999 -999 -999 -999 -999 -999 -999 -999
-999 -999 -999 -999 -999 -999 -999 -999
-999 -999 -999 -999 -999 -999 -999 -999
-999 -999 -999 -999 -999 -999 -999 -999
-999 -999 -999 -999 -999 -999 -999 -999
-999 -999 -999 -999 -999 -999 -999 -999
-999 -999 -999 -999 -999 -999 -999 -999
-999 -999 -999 -999 -999 -999 -999 -999
-999 -999 -999 -999 -999 -999 -999 -999
-999 -999 -999 -999 -999 -999 -999 -999
-999 -999 -999 -999 -999 -999 -999 -999
-999 -999 -999 -999 -999 -999 -999 -999
-999 -999 -999 -999 -999 -999 -999 -999
-999 -999 -999 -999 -999 -999 -999 -999
-999 -999 -999 -999 -999 -999 -999 -999
-999 -999 -999 -999 -999 -999 -999 -999
-999 -999 -999 -999 -999 -999 -999 -999
-999 -999 -999 -999 -999 -999 -999 -999
-999 -999 -999 -999 -999 -999 -999 -999
-999 -999 -999 -999 -999 -999 -999 -999
-999 -999 -999 -999 -999 -999 -999 -999
-999 -999 -999 -999 -999 -999 -999 -999
-999 -999 -999 -999 -999 -999 -999 -999
-999 -999 -999 -999 -999 -999 -999 -999
-999 -999 -999 -999 -999 -999 -999 -999
-999 -999 -999 -999 -999 -999 -999 -999
-999 -999 -999 -999 -999 -999 -999 -999
-999 -999 -999 -999 -999 -999 -999 -999
-999 -999 -999 -999 -999 -999 -999 -999
-999 -999 -999 -999 -999 -999 -999 -999
-999 -999 -999 -999 -999 -999 -999 -999
-999 -999 -999 -999 -999 -999 -999 -999
-999 -999 -999 -999 -999 -999 -999 -999
-999 -999 -999 -999 -999 -999 -999 -999
-999 -999 -999 -999 -999 -999 -999 -999
-999 -999 -999 -999 -999 -999 -999 -999

# Age composition from fishery-independent survey
0 0 12 48 39 4 30 67
0 0 2 72 39 28 3 56
0 0 1 51 87 22 11 28
0 0 3 13 75 55 14 40
0 0 3 27 24 55 45 46
0 0 1 32 37 23 38 69
0 0 3 21 40 20 15 101
0 0 0 25 28 35 24 88
0 0 0 8 47 24 28 93
0 0 2 1 21 48 13 115
0 0 5 12 1 18 40 124
0 0 3 58 25 1 9 104
0 0 1 50 69 11 0 69
0 0 22 8 63 46 7 54
0 0 19 107 7 23 16 28
0 0 7 83 83 1 12 14
0 0 1 23 88 56 3 29
0 0 1 10 43 77 46 23
0 0 1 17 12 37 75 58
0 0 1 11 26 10 33 119
0 0 0 4 13 21 13 149
0 0 2 5 6 21 30 136
0 0 2 20 10 8 16 144
0 0 2 5 29 8 6 150
0 0 0 13 10 34 12 131
0 0 0 6 19 12 34 129
0 0 0 4 9 27 10 150
0 0 2 14 6 10 24 144
0 0 0 20 19 3 9 149
0 0 12 5 26 22 5 130
0 0 4 72 7 17 6 94
0 0 10 6 87 2 20 75
0 0 3 38 19 79 7 54
0 0 0 10 82 12 56 40
0 0 0 9 25 67 12 87
0 0 0 16 17 14 70 83
0 0 2 6 16 21 24 131
0 0 2 12 17 12 17 140
0 0 3 16 19 7 9 146
0 0 6 16 34 15 6 123
0 0 8 58 30 12 13 79
0 0 10 76 49 12 7 46
0 0 6 47 83 24 10 30
0 0 36 27 49 45 23 20
0 0 5 141 16 14 9 15
0 0 0 25 137 5 13 20
0 0 3 5 44 122 8 18
0 0 1 3 14 42 118 22
0 0 0 20 14 6 40 120
0 0 1 16 32 8 7 136

# Antibody prevalence values
0 0 0 0 0 14 0 41 2 48 0 4 18 13 44 16
0 0 0 0 0 9 0 87 1 27 0 22 0 2 39 13
0 0 0 0 0 0 0 48 31 63 16 5 13 3 17 4
0 0 0 0 0 2 0 12 26 53 45 13 6 2 40 1
0 0 0 0 0 3 0 22 6 17 30 35 37 6 42 2
0 0 0 0 0 0 0 30 1 45 1 18 16 19 63 7
0 0 0 0 0 4 0 16 1 32 0 38 1 13 70 25
0 0 0 0 0 0 0 33 6 15 19 17 14 14 67 15
0 0 0 0 0 0 0 12 1 46 6 13 13 13 75 21
0 0 0 0 0 1 0 0 0 19 1 47 9 20 69 34
0 0 0 0 0 12 0 13 0 2 3 13 1 36 83 37
0 0 0 0 0 3 0 59 0 19 0 4 1 7 57 50
0 0 0 0 0 2 0 55 18 54 8 6 0 1 44 12
0 0 0 0 0 22 0 10 9 59 25 21 4 1 42 7
0 0 0 0 0 21 1 94 3 3 16 19 12 9 20 2
0 0 0 0 0 6 1 82 28 56 0 0 8 0 19 0
0 0 0 0 0 0 2 30 47 58 37 7 3 0 16 0
0 0 0 0 0 1 0 13 13 18 66 16 44 0 29 0
0 0 0 0 0 3 0 21 1 17 23 19 54 7 55 0
0 0 0 0 0 0 0 15 0 28 2 13 16 15 101 10
0 0 0 0 0 1 0 2 2 24 7 16 8 12 118 10
0 0 0 0 0 0 1 9 0 7 3 14 11 16 120 19
0 0 0 0 0 0 0 23 0 15 1 6 3 19 115 18
0 0 0 0 0 0 0 10 5 25 4 3 2 5 119 27
0 0 0 0 0 0 0 10 0 10 6 24 4 12 110 24
0 0 0 0 0 0 0 4 0 42 0 9 8 35 68 34
0 0 0 0 0 0 0 1 0 3 2 25 0 7 112 50
0 0 0 0 0 1 0 6 0 10 0 7 0 19 94 63
0 0 0 0 0 1 0 20 0 11 1 6 1 3 84 73
0 0 0 0 0 13 0 7 0 27 0 16 0 9 84 44
0 0 0 0 0 1 0 75 1 9 1 19 1 4 57 32
0 0 0 0 0 4 0 7 18 91 1 2 5 9 41 22
0 0 0 0 0 0 0 57 0 14 9 55 1 3 42 19
0 0 0 0 0 1 0 12 2 90 1 5 14 32 27 16
0 0 0 0 0 1 0 16 1 18 31 36 3 5 68 21
0 0 0 0 0 0 0 8 0 29 4 5 27 45 62 20
0 0 0 0 0 2 0 8 0 10 1 24 5 16 81 53
0 0 0 0 0 4 0 12 0 7 0 12 1 23 90 51
0 0 0 0 0 3 0 22 0 15 0 10 0 12 78 60
0 0 0 0 0 10 0 23 0 34 1 17 0 2 51 62
0 0 0 0 0 20 0 49 0 25 0 20 0 8 31 47
0 0 0 0 0 10 1 63 0 47 0 14 0 16 23 26
0 0 0 0 0 2 1 52 18 61 10 22 0 7 11 16
0 0 0 0 0 30 0 20 10 57 11 30 9 8 19 6
0 0 0 0 0 1 1 153 2 8 7 3 9 4 8 4
0 0 0 0 0 1 0 27 54 86 4 0 9 0 19 0
0 0 0 0 0 1 0 7 16 27 95 23 7 0 24 0
0 0 0 0 0 1 0 2 2 16 8 27 101 18 24 1
0 0 0 0 0 3 0 18 0 19 0 7 11 28 104 10
0 0 0 0 0 0 0 16 0 35 0 6 1 6 98 38

# Average weight-at-age
70
94
115
134
150
160
165
168

# Maturity logistic function parameter age-at-50%
3

# Maturity logistic function parameter age-at-95%
4

# Infection prevalence index (avg of 3 different samples)
0
0.05
0.0222222222222222
0
0
0
0.0555555555555556
0
0
0.00555555555555556
0.00555555555555556
0.0111111111111111
0.0111111111111111
0.0166666666666667
0.00555555555555556
0.0722222222222222
0.0388888888888889
0
0
0
0.00555555555555556
0
0
0
0
0
0
0
0
0
0.0722222222222222
0
0
0.0555555555555556
0
0
0
0
0
0
0
0
0
0.00555555555555556
0
0.0111111111111111
0.00555555555555556
0
0
0

