# Simulated data from SIR age-structured hybrid model
# random seed = 66556
# Flag=0 if no issues, =1 if negative pop #'s, =2 if NaN, or=3 if NA. Flag:
0

# Number of years (nyr)
50

# Starting age
0

# Ending age
8

# Sample size for comp data
200

# Sample size for fishery age comp data
200

# Sample size for antibody prevalence data
200

# Survey data
27555.8938033133
21080.307890897
42745.7937295243
48935.9544233177
42401.4300809179
54507.7856705005
49694.5008685282
28180.7318397952
17870.9966241443
37360.9650774828
19886.0082678159
30970.1596071981
20348.6648317111
19525.539181334
23700.3211383651
23957.1190462703
33590.944209585
51104.1936481297
60805.3715245671
65671.5443770483
71252.1965841254
47604.4151332463
40162.7091175617
32025.8141192079
53579.8216699235
52017.5234279921
43202.2132726318
38851.1938205459
18288.0298819385
49150.1589711184
18783.7456954441
17913.8156599395
13978.3493612672
18352.4030242317
10552.4556038101
7313.58713047273
13603.0157332566
7272.16702391451
10738.4644585724
21214.1312956711
21498.6316925078
11616.4710211795
18883.1583733755
17765.7456740838
8388.81774943769
19431.2541920444
16715.9357006657
31444.0768196743
46139.4783783009
11327.2099746497

# Catches
0
0
0
0
0
0
0
0
0
0
0
0
0
0
0
0
0
0
0
0
0
0
0
0
0
0
0
0
0
0
0
0
0
0
0
0
0
0
0
0
0
0
0
0
0
0
0
0
0
0

# Catch compositions
-999 -999 -999 -999 -999 -999 -999 -999
-999 -999 -999 -999 -999 -999 -999 -999
-999 -999 -999 -999 -999 -999 -999 -999
-999 -999 -999 -999 -999 -999 -999 -999
-999 -999 -999 -999 -999 -999 -999 -999
-999 -999 -999 -999 -999 -999 -999 -999
-999 -999 -999 -999 -999 -999 -999 -999
-999 -999 -999 -999 -999 -999 -999 -999
-999 -999 -999 -999 -999 -999 -999 -999
-999 -999 -999 -999 -999 -999 -999 -999
-999 -999 -999 -999 -999 -999 -999 -999
-999 -999 -999 -999 -999 -999 -999 -999
-999 -999 -999 -999 -999 -999 -999 -999
-999 -999 -999 -999 -999 -999 -999 -999
-999 -999 -999 -999 -999 -999 -999 -999
-999 -999 -999 -999 -999 -999 -999 -999
-999 -999 -999 -999 -999 -999 -999 -999
-999 -999 -999 -999 -999 -999 -999 -999
-999 -999 -999 -999 -999 -999 -999 -999
-999 -999 -999 -999 -999 -999 -999 -999
-999 -999 -999 -999 -999 -999 -999 -999
-999 -999 -999 -999 -999 -999 -999 -999
-999 -999 -999 -999 -999 -999 -999 -999
-999 -999 -999 -999 -999 -999 -999 -999
-999 -999 -999 -999 -999 -999 -999 -999
-999 -999 -999 -999 -999 -999 -999 -999
-999 -999 -999 -999 -999 -999 -999 -999
-999 -999 -999 -999 -999 -999 -999 -999
-999 -999 -999 -999 -999 -999 -999 -999
-999 -999 -999 -999 -999 -999 -999 -999
-999 -999 -999 -999 -999 -999 -999 -999
-999 -999 -999 -999 -999 -999 -999 -999
-999 -999 -999 -999 -999 -999 -999 -999
-999 -999 -999 -999 -999 -999 -999 -999
-999 -999 -999 -999 -999 -999 -999 -999
-999 -999 -999 -999 -999 -999 -999 -999
-999 -999 -999 -999 -999 -999 -999 -999
-999 -999 -999 -999 -999 -999 -999 -999
-999 -999 -999 -999 -999 -999 -999 -999
-999 -999 -999 -999 -999 -999 -999 -999
-999 -999 -999 -999 -999 -999 -999 -999
-999 -999 -999 -999 -999 -999 -999 -999
-999 -999 -999 -999 -999 -999 -999 -999
-999 -999 -999 -999 -999 -999 -999 -999
-999 -999 -999 -999 -999 -999 -999 -999
-999 -999 -999 -999 -999 -999 -999 -999
-999 -999 -999 -999 -999 -999 -999 -999
-999 -999 -999 -999 -999 -999 -999 -999
-999 -999 -999 -999 -999 -999 -999 -999
-999 -999 -999 -999 -999 -999 -999 -999

# Age composition from fishery-independent survey
0 0 21 24 27 86 4 38
0 0 24 77 19 9 48 23
0 0 14 82 69 8 4 23
0 0 6 50 69 42 5 28
0 0 1 46 66 52 25 10
0 0 0 9 64 47 42 38
0 0 1 3 10 61 46 79
0 0 2 11 1 14 55 117
0 0 8 11 13 3 20 145
0 0 0 60 20 12 1 107
0 0 2 8 94 14 4 78
0 0 5 26 20 52 6 91
0 0 13 47 34 12 41 53
0 0 2 53 50 14 8 73
0 0 2 23 86 35 9 45
0 0 23 14 31 56 19 57
0 0 19 77 10 20 26 48
0 0 8 94 57 9 5 27
0 0 2 15 123 35 3 22
0 0 2 12 32 104 34 16
0 0 1 27 19 28 83 42
0 0 1 11 31 28 18 111
0 0 2 25 18 14 22 119
0 0 4 15 31 18 25 107
0 0 2 60 6 36 7 89
0 0 0 22 77 13 10 78
0 0 0 4 39 65 9 83
0 0 1 12 11 34 42 100
0 0 1 4 11 4 48 132
0 0 6 8 14 12 3 157
0 0 0 20 6 10 7 157
0 0 1 10 40 7 7 135
0 0 0 10 14 27 8 141
0 0 1 19 15 11 26 128
0 0 2 7 21 15 7 148
0 0 2 19 9 22 19 129
0 0 9 18 38 7 14 114
0 0 25 37 18 22 11 87
0 0 7 109 24 8 10 42
0 0 1 32 118 11 4 34
0 0 0 20 54 90 16 20
0 0 1 6 23 67 76 27
0 0 0 9 17 15 58 101
0 0 5 14 22 12 18 129
0 0 17 38 16 19 11 99
0 0 3 93 35 10 5 54
0 0 0 52 98 17 3 30
0 0 3 9 71 77 11 29
0 0 1 14 20 76 54 35
0 0 0 2 15 26 57 100

# Antibody prevalence values
0 0 0 0 0 18 0 26 6 18 69 26 5 1 30 1
0 0 0 0 0 22 0 78 0 18 4 7 35 11 24 1
0 0 0 0 0 9 1 80 24 42 5 0 7 0 32 0
0 0 0 0 0 6 5 39 31 55 29 5 6 0 24 0
0 0 0 0 0 0 1 40 24 41 44 2 28 0 20 0
0 0 0 0 0 0 0 11 10 43 36 14 47 1 37 1
0 0 0 0 0 1 0 3 2 8 34 24 39 4 84 1
0 0 0 0 0 2 0 9 0 6 5 13 30 25 106 4
0 0 0 0 0 9 0 11 0 28 0 2 1 12 113 24
0 0 0 0 0 0 0 76 0 10 0 10 0 1 87 16
0 0 0 0 0 2 0 11 26 55 8 4 3 5 79 7
0 0 0 0 0 6 0 26 2 16 41 23 11 4 67 4
0 0 0 0 0 3 0 55 0 31 3 6 25 19 53 5
0 0 0 0 0 0 0 56 7 56 5 7 4 5 48 12
0 0 0 0 0 2 0 22 23 50 20 13 11 2 54 3
0 0 0 0 0 9 1 13 9 17 35 30 27 5 51 3
0 0 0 0 0 14 0 82 0 16 3 15 12 5 51 2
0 0 0 0 0 3 3 104 21 32 3 4 1 1 27 1
0 0 0 0 0 4 0 17 53 68 30 3 4 0 21 0
0 0 0 0 0 2 2 21 9 16 85 10 33 0 22 0
0 0 0 0 0 1 0 11 2 31 10 17 77 6 45 0
0 0 0 0 0 4 1 11 2 23 3 15 7 8 117 9
0 0 0 0 0 3 0 25 5 11 5 18 8 9 107 9
0 0 0 0 0 8 0 14 6 21 8 11 6 19 90 17
0 0 0 0 0 4 1 48 1 10 9 22 3 6 87 9
0 0 0 0 0 2 3 26 21 50 7 3 16 3 65 4
0 0 0 0 0 0 0 3 18 27 46 9 13 1 82 1
0 0 0 0 0 0 0 11 1 7 17 26 51 19 67 1
0 0 0 0 0 1 0 3 0 14 0 7 17 25 125 8
0 0 0 0 0 1 0 3 0 13 0 8 2 4 129 40
0 0 0 0 0 1 0 15 0 13 0 10 0 7 124 30
0 0 0 0 0 3 0 10 1 30 0 12 0 4 99 41
0 0 0 0 0 4 0 10 0 12 2 25 0 7 101 39
0 0 0 0 0 0 0 22 0 22 0 12 1 23 87 33
0 0 0 0 0 2 0 10 0 29 0 19 0 11 71 58
0 0 0 0 0 2 0 18 0 14 1 22 0 16 73 54
0 0 0 0 0 2 0 18 0 36 0 10 1 19 62 52
0 0 0 0 0 11 0 47 0 24 1 23 0 7 43 44
0 0 0 0 0 7 0 100 1 23 0 4 1 15 25 24
0 0 0 0 0 0 2 35 35 73 9 5 5 1 32 3
0 0 0 0 0 0 0 10 14 38 84 16 10 1 26 1
0 0 0 0 0 1 0 5 2 20 10 41 67 19 34 1
0 0 0 0 0 4 0 13 0 8 0 18 15 24 98 20
0 0 0 0 0 4 0 12 0 24 0 9 0 17 93 41
0 0 0 0 0 14 0 33 0 29 0 13 0 3 65 43
0 0 0 0 0 4 0 97 3 30 0 6 1 7 34 18
0 0 0 0 0 1 2 41 29 69 12 3 2 1 37 3
0 0 0 0 0 0 1 13 20 46 71 14 10 0 25 0
0 0 0 0 0 0 2 9 6 25 28 28 55 6 41 0
0 0 0 0 0 0 0 4 0 20 2 23 34 23 82 12

# Average weight-at-age
70
94
115
134
150
160
165
168

# Maturity logistic function parameter age-at-50%
3

# Maturity logistic function parameter age-at-95%
4

# Infection prevalence index (avg of 3 different samples)
0
0.0444444444444444
0.00555555555555556
0.0555555555555556
0.0222222222222222
0.0277777777777778
0
0
0
0.0777777777777778
0.0222222222222222
0
0
0.133333333333333
0.0222222222222222
0
0.127777777777778
0.3
0.0111111111111111
0
0.00555555555555556
0.00555555555555556
0
0
0.0333333333333333
0.05
0
0
0
0
0
0
0
0
0
0
0
0
0.0277777777777778
0.00555555555555556
0
0
0
0
0.0166666666666667
0.166666666666667
0.144444444444444
0
0
0

# Simulated data from SIR age-structured hybrid model
# random seed = 66556
# Flag=0 if no issues, =1 if negative pop #'s, =2 if NaN, or=3 if NA. Flag:
0

# Number of years (nyr)
50

# Starting age
0

# Ending age
8

# Sample size for comp data
200

# Sample size for fishery age comp data
200

# Sample size for antibody prevalence data
200

# Survey data
19238.6465302602
12610.9679689845
19311.6543216488
16242.6765651252
19658.0033350478
29615.3364458295
40021.9786829561
35350.1314042987
27406.0897735691
62363.8427947063
45057.692854038
86838.4210137472
46359.2806932608
36121.8808583025
45337.4904017431
43929.4498472841
40031.6205001579
36108.4515169949
38619.9540237232
48219.3625583737
48961.5441826865
31320.6038023567
24259.0331946642
18697.8569526927
23510.6162497416
17044.8333157094
14874.6671657976
13383.0839648296
6971.32751905783
22677.104427091
11262.9322950808
13142.5227847874
13279.8498879099
20503.3751354585
12943.3201516254
10044.7897355416
21510.760879039
10879.051091242
8824.44920921388
14109.3370416231
19735.5152933092
10810.4925622511
26216.7209719107
28895.7854618235
13216.4611581726
18067.9906131832
10197.600727586
15991.0920812894
24580.83997364
6539.97876763181

# Catches
0
0
0
0
0
0
0
0
0
0
0
0
0
0
0
0
0
0
0
0
0
0
0
0
0
0
0
0
0
0
0
0
0
0
0
0
0
0
0
0
0
0
0
0
0
0
0
0
0
0

# Catch compositions
-999 -999 -999 -999 -999 -999 -999 -999
-999 -999 -999 -999 -999 -999 -999 -999
-999 -999 -999 -999 -999 -999 -999 -999
-999 -999 -999 -999 -999 -999 -999 -999
-999 -999 -999 -999 -999 -999 -999 -999
-999 -999 -999 -999 -999 -999 -999 -999
-999 -999 -999 -999 -999 -999 -999 -999
-999 -999 -999 -999 -999 -999 -999 -999
-999 -999 -999 -999 -999 -999 -999 -999
-999 -999 -999 -999 -999 -999 -999 -999
-999 -999 -999 -999 -999 -999 -999 -999
-999 -999 -999 -999 -999 -999 -999 -999
-999 -999 -999 -999 -999 -999 -999 -999
-999 -999 -999 -999 -999 -999 -999 -999
-999 -999 -999 -999 -999 -999 -999 -999
-999 -999 -999 -999 -999 -999 -999 -999
-999 -999 -999 -999 -999 -999 -999 -999
-999 -999 -999 -999 -999 -999 -999 -999
-999 -999 -999 -999 -999 -999 -999 -999
-999 -999 -999 -999 -999 -999 -999 -999
-999 -999 -999 -999 -999 -999 -999 -999
-999 -999 -999 -999 -999 -999 -999 -999
-999 -999 -999 -999 -999 -999 -999 -999
-999 -999 -999 -999 -999 -999 -999 -999
-999 -999 -999 -999 -999 -999 -999 -999
-999 -999 -999 -999 -999 -999 -999 -999
-999 -999 -999 -999 -999 -999 -999 -999
-999 -999 -999 -999 -999 -999 -999 -999
-999 -999 -999 -999 -999 -999 -999 -999
-999 -999 -999 -999 -999 -999 -999 -999
-999 -999 -999 -999 -999 -999 -999 -999
-999 -999 -999 -999 -999 -999 -999 -999
-999 -999 -999 -999 -999 -999 -999 -999
-999 -999 -999 -999 -999 -999 -999 -999
-999 -999 -999 -999 -999 -999 -999 -999
-999 -999 -999 -999 -999 -999 -999 -999
-999 -999 -999 -999 -999 -999 -999 -999
-999 -999 -999 -999 -999 -999 -999 -999
-999 -999 -999 -999 -999 -999 -999 -999
-999 -999 -999 -999 -999 -999 -999 -999
-999 -999 -999 -999 -999 -999 -999 -999
-999 -999 -999 -999 -999 -999 -999 -999
-999 -999 -999 -999 -999 -999 -999 -999
-999 -999 -999 -999 -999 -999 -999 -999
-999 -999 -999 -999 -999 -999 -999 -999
-999 -999 -999 -999 -999 -999 -999 -999
-999 -999 -999 -999 -999 -999 -999 -999
-999 -999 -999 -999 -999 -999 -999 -999
-999 -999 -999 -999 -999 -999 -999 -999
-999 -999 -999 -999 -999 -999 -999 -999

# Age composition from fishery-independent survey
0 0 16 11 7 10 9 147
0 0 1 77 17 7 11 87
0 0 5 6 99 4 4 82
0 0 16 31 12 78 5 58
0 0 2 88 31 4 41 34
0 0 11 19 83 17 8 62
0 0 1 75 18 57 8 41
0 0 6 26 85 12 36 35
0 0 10 13 50 65 11 51
0 0 9 71 12 29 39 40
0 0 2 73 66 3 14 42
0 0 2 18 95 47 6 32
0 0 5 15 21 85 34 40
0 0 4 31 14 19 73 59
0 0 2 28 53 10 19 88
0 0 0 8 45 34 9 104
0 0 8 15 27 31 35 84
0 0 2 53 13 18 22 92
0 0 6 33 77 10 6 68
0 0 2 14 49 54 9 72
0 0 1 12 10 49 46 82
0 0 1 29 12 15 39 104
0 0 2 17 37 15 8 121
0 0 0 1 37 26 9 127
0 0 0 1 13 35 22 129
0 0 2 6 5 8 23 156
0 0 1 5 14 5 10 165
0 0 3 5 22 23 1 146
0 0 7 27 8 17 11 130
0 0 8 27 39 4 5 117
0 0 9 48 39 20 4 80
0 0 3 26 48 32 25 66
0 0 2 33 24 52 22 67
0 0 6 21 56 31 25 61
0 0 1 52 43 42 12 50
0 0 3 17 69 28 28 55
0 0 0 40 30 50 17 63
0 0 4 7 59 30 39 61
0 0 3 25 12 60 21 79
0 0 8 42 42 9 42 57
0 0 1 30 60 20 4 85
0 0 19 7 50 45 19 60
0 0 7 83 10 26 32 42
0 0 3 34 95 9 7 52
0 0 0 48 48 55 4 45
0 0 2 3 71 31 53 40
0 0 2 6 15 64 27 86
0 0 2 14 6 25 63 90
0 0 1 10 18 4 18 149
0 0 2 6 22 18 11 141

# Antibody prevalence values
0 0 0 0 0 11 0 7 0 7 1 18 5 13 93 45
0 0 0 0 0 1 0 84 0 8 0 3 0 6 66 32
0 0 0 0 0 6 0 9 20 87 1 2 2 1 58 14
0 0 0 0 0 14 3 30 2 2 43 45 2 2 46 11
0 0 0 0 0 2 0 70 1 31 1 11 24 22 26 12
0 0 0 0 0 10 0 13 19 76 10 3 4 2 61 2
0 0 0 0 0 6 2 72 2 18 33 18 10 2 31 6
0 0 0 0 0 1 1 40 22 47 11 3 31 5 39 0
0 0 0 0 0 11 0 7 8 33 44 20 10 4 62 1
0 0 0 0 0 9 0 79 0 14 15 14 26 7 36 0
0 0 0 0 0 1 1 69 21 42 8 0 15 3 39 1
0 0 0 0 0 0 1 14 26 67 42 5 3 1 40 1
0 0 0 0 0 6 0 9 8 15 50 24 39 3 46 0
0 0 0 0 0 1 0 41 0 20 2 13 40 20 59 4
0 0 0 0 0 1 0 26 5 48 0 11 7 8 81 13
0 0 0 0 0 0 1 11 15 19 38 7 5 2 96 6
0 0 0 0 0 8 0 16 0 19 7 16 28 12 89 5
0 0 0 0 0 5 0 49 0 19 1 21 6 21 67 11
0 0 0 0 0 0 0 30 15 49 11 3 3 4 73 12
0 0 0 0 0 2 0 8 12 31 29 31 8 4 74 1
0 0 0 0 0 2 0 7 1 24 14 30 27 16 74 5
0 0 0 0 0 1 0 28 0 17 3 11 8 28 82 22
0 0 0 0 0 0 0 18 3 22 7 9 2 14 88 37
0 0 0 0 0 0 0 12 0 32 3 38 6 7 74 28
0 0 0 0 0 0 0 2 1 15 5 30 5 21 94 27
0 0 0 0 0 2 0 11 0 3 0 9 7 29 99 40
0 0 0 0 0 0 0 13 2 18 1 3 4 8 85 66
0 0 0 0 0 4 0 6 1 14 0 10 0 2 102 61
0 0 0 0 0 2 0 37 0 5 0 15 0 7 76 58
0 0 0 0 0 7 0 24 0 31 0 5 1 14 64 54
0 0 0 0 0 2 0 40 0 46 0 24 0 2 37 49
0 0 0 0 0 3 0 36 0 57 0 25 0 21 24 34
0 0 0 0 0 5 0 39 3 38 2 34 2 18 25 34
0 0 0 0 0 7 0 25 0 49 2 26 4 28 23 36
0 0 0 0 0 5 0 46 1 26 17 20 8 12 38 27
0 0 0 0 0 3 0 24 1 70 7 23 12 8 30 22
0 0 0 0 0 0 0 37 3 24 6 45 8 9 37 31
0 0 0 0 0 1 0 10 1 63 1 23 10 34 35 22
0 0 0 0 0 9 0 15 1 16 4 52 4 19 39 41
0 0 0 0 0 4 0 40 0 39 1 8 5 36 25 42
0 0 0 0 0 0 0 27 1 47 5 29 1 9 26 55
0 0 0 0 0 14 0 10 10 28 19 35 12 14 35 23
0 0 0 0 0 4 0 77 0 8 4 23 16 17 31 20
0 0 0 0 0 3 0 36 21 61 6 3 9 5 43 13
0 0 0 0 0 2 0 52 9 36 31 25 1 3 37 4
0 0 0 0 0 1 1 9 19 45 25 12 41 6 35 6
0 0 0 0 0 0 0 8 2 15 25 45 16 6 75 8
0 0 0 0 0 0 0 13 0 7 3 21 17 43 82 14
0 0 0 0 0 2 0 14 0 25 0 9 0 15 93 42
0 0 0 0 0 2 0 6 0 22 1 19 0 11 89 50

# Average weight-at-age
70
94
115
134
150
160
165
168

# Maturity logistic function parameter age-at-50%
3

# Maturity logistic function parameter age-at-95%
4

# Infection prevalence index (avg of 3 different samples)
0
0
0.0277777777777778
0
0.0611111111111111
0.00555555555555556
0.0111111111111111
0.0166666666666667
0
0.0111111111111111
0
0.0388888888888889
0
0
0.0333333333333333
0
0
0
0.00555555555555556
0
0
0.00555555555555556
0
0
0
0.00555555555555556
0
0
0.00555555555555556
0
0
0
0
0.0222222222222222
0.00555555555555556
0
0
0.00555555555555556
0
0
0.0222222222222222
0
0.0444444444444444
0
0.05
0
0
0
0
0

