# Simulated data from SIR age-structured hybrid model
# random seed = 683614
# Flag=0 if no issues, =1 if negative pop #'s, =2 if NaN, or=3 if NA. Flag:
0

# Number of years (nyr)
50

# Starting age
0

# Ending age
8

# Sample size for comp data
20

# Sample size for fishery age comp data
20

# Sample size for antibody prevalence data
20

# Survey data
40516.5238448643
37408.2444756382
41411.2746990525
33744.6128810482
36134.3678219233
16489.2169363229
40586.5231642416
23992.3028067277
20676.5580974396
15413.9429779531
17542.6795405035
10524.4515747515
8876.30991942371
11799.1093511487
6987.35190437157
9950.72000637086
32902.6093571871
41117.4342837033
45998.2864498465
44944.6539629205
41129.2351464998
31715.8314740436
37552.3857279999
17904.141650133
27003.6373596938
20473.9040170496
25896.6429751422
23673.9665738585
17274.2371465681
8989.22431161795
9866.19337458754
15193.2711789956
12798.3074219698
13881.9229738173
32647.5145710125
16454.6597080933
15938.7606330441
15953.0732814298
15126.6616439584
12882.6456151177
12266.0715208406
10158.1500737552
9646.70750685783
11677.1211706669
17299.6358164072
12936.2321438605
14576.0422659983
20527.5828241674
17014.7374296029
12551.6695649835

# Catches
0
0
0
0
0
0
0
0
0
0
0
0
0
0
0
0
0
0
0
0
0
0
0
0
0
0
0
0
0
0
0
0
0
0
0
0
0
0
0
0
0
0
0
0
0
0
0
0
0
0

# Catch compositions
-999 -999 -999 -999 -999 -999 -999 -999
-999 -999 -999 -999 -999 -999 -999 -999
-999 -999 -999 -999 -999 -999 -999 -999
-999 -999 -999 -999 -999 -999 -999 -999
-999 -999 -999 -999 -999 -999 -999 -999
-999 -999 -999 -999 -999 -999 -999 -999
-999 -999 -999 -999 -999 -999 -999 -999
-999 -999 -999 -999 -999 -999 -999 -999
-999 -999 -999 -999 -999 -999 -999 -999
-999 -999 -999 -999 -999 -999 -999 -999
-999 -999 -999 -999 -999 -999 -999 -999
-999 -999 -999 -999 -999 -999 -999 -999
-999 -999 -999 -999 -999 -999 -999 -999
-999 -999 -999 -999 -999 -999 -999 -999
-999 -999 -999 -999 -999 -999 -999 -999
-999 -999 -999 -999 -999 -999 -999 -999
-999 -999 -999 -999 -999 -999 -999 -999
-999 -999 -999 -999 -999 -999 -999 -999
-999 -999 -999 -999 -999 -999 -999 -999
-999 -999 -999 -999 -999 -999 -999 -999
-999 -999 -999 -999 -999 -999 -999 -999
-999 -999 -999 -999 -999 -999 -999 -999
-999 -999 -999 -999 -999 -999 -999 -999
-999 -999 -999 -999 -999 -999 -999 -999
-999 -999 -999 -999 -999 -999 -999 -999
-999 -999 -999 -999 -999 -999 -999 -999
-999 -999 -999 -999 -999 -999 -999 -999
-999 -999 -999 -999 -999 -999 -999 -999
-999 -999 -999 -999 -999 -999 -999 -999
-999 -999 -999 -999 -999 -999 -999 -999
-999 -999 -999 -999 -999 -999 -999 -999
-999 -999 -999 -999 -999 -999 -999 -999
-999 -999 -999 -999 -999 -999 -999 -999
-999 -999 -999 -999 -999 -999 -999 -999
-999 -999 -999 -999 -999 -999 -999 -999
-999 -999 -999 -999 -999 -999 -999 -999
-999 -999 -999 -999 -999 -999 -999 -999
-999 -999 -999 -999 -999 -999 -999 -999
-999 -999 -999 -999 -999 -999 -999 -999
-999 -999 -999 -999 -999 -999 -999 -999
-999 -999 -999 -999 -999 -999 -999 -999
-999 -999 -999 -999 -999 -999 -999 -999
-999 -999 -999 -999 -999 -999 -999 -999
-999 -999 -999 -999 -999 -999 -999 -999
-999 -999 -999 -999 -999 -999 -999 -999
-999 -999 -999 -999 -999 -999 -999 -999
-999 -999 -999 -999 -999 -999 -999 -999
-999 -999 -999 -999 -999 -999 -999 -999
-999 -999 -999 -999 -999 -999 -999 -999
-999 -999 -999 -999 -999 -999 -999 -999

# Age composition from fishery-independent survey
0 0 1 7 4 1 5 2
0 0 0 7 8 2 1 2
0 0 0 1 6 5 1 7
0 0 1 1 1 7 5 5
0 0 0 2 2 3 7 6
0 0 0 3 4 3 2 8
0 0 0 1 1 3 4 11
0 0 0 2 1 1 6 10
0 0 0 3 8 2 0 7
0 0 0 0 3 3 0 14
0 0 0 0 1 0 4 15
0 0 1 1 0 1 2 15
0 0 0 2 3 2 0 13
0 0 1 1 2 1 0 15
0 0 0 1 3 2 0 14
0 0 5 1 2 1 1 10
0 0 3 11 1 0 1 4
0 0 0 8 8 0 0 4
0 0 0 0 12 7 1 0
0 0 0 1 0 9 9 1
0 0 0 0 0 0 10 10
0 0 0 0 3 3 4 10
0 0 0 0 1 3 0 16
0 0 3 2 0 0 5 10
0 0 1 2 2 0 1 14
0 0 0 1 5 1 0 13
0 0 0 2 5 4 1 8
0 0 1 1 4 3 5 6
0 0 2 2 2 1 3 10
0 0 0 1 3 2 1 13
0 0 0 0 3 2 1 14
0 0 0 4 1 2 1 12
0 0 0 1 7 2 1 9
0 0 0 4 4 3 2 7
0 0 1 3 3 4 4 5
0 0 0 2 8 2 3 5
0 0 0 5 6 4 1 4
0 0 0 2 4 5 5 4
0 0 0 0 8 1 0 11
0 0 0 2 0 4 3 11
0 0 0 0 1 3 1 15
0 0 0 0 2 8 0 10
0 0 1 0 1 1 3 14
0 0 0 6 2 1 0 11
0 0 1 4 8 1 0 6
0 0 1 4 3 5 3 4
0 0 0 5 6 1 6 2
0 0 1 2 6 3 1 7
0 0 2 0 4 8 1 5
0 0 0 10 0 2 1 7

# Antibody prevalence values
0 0 0 0 0 0 0 7 0 4 2 2 3 0 2 0
0 0 0 0 0 0 0 5 1 5 3 0 1 0 5 0
0 0 0 0 0 0 0 2 2 7 1 0 2 0 6 0
0 0 0 0 0 0 0 2 0 1 4 2 10 0 1 0
0 0 0 0 0 0 0 3 0 3 0 1 2 1 10 0
0 0 0 0 0 1 0 0 0 2 0 3 0 3 10 1
0 0 0 0 0 0 0 1 0 2 2 0 0 0 12 3
0 0 0 0 0 0 0 2 0 3 0 1 1 2 6 5
0 0 0 0 0 0 0 2 0 3 0 2 0 0 12 1
0 0 0 0 0 0 0 0 0 4 4 4 0 1 6 1
0 0 0 0 0 0 0 1 0 0 1 3 2 4 7 2
0 0 0 0 0 0 0 0 0 1 0 2 0 3 14 0
0 0 0 0 0 0 0 3 0 1 0 0 0 1 10 5
0 0 0 0 0 1 0 1 0 2 0 0 0 3 7 6
0 0 0 0 0 0 0 0 0 1 0 2 0 1 10 6
0 0 0 0 0 8 0 2 0 0 0 1 0 0 6 3
0 0 0 0 0 1 1 14 0 1 0 1 0 0 0 2
0 0 0 0 0 0 0 3 6 9 0 0 0 0 2 0
0 0 0 0 0 0 0 0 2 7 9 0 1 0 1 0
0 0 0 0 0 1 0 1 1 2 5 1 7 0 2 0
0 0 0 0 0 0 0 1 0 0 0 2 4 1 12 0
0 0 0 0 0 0 0 1 0 4 0 2 0 0 13 0
0 0 0 0 0 0 0 1 0 0 0 6 1 1 9 2
0 0 0 0 0 0 0 0 0 1 1 2 0 1 15 0
0 0 0 0 0 0 0 2 0 2 0 2 0 3 7 4
0 0 0 0 0 0 0 4 1 5 2 1 0 0 5 2
0 0 0 0 0 0 0 2 2 1 2 4 0 0 9 0
0 0 0 0 0 0 0 0 1 1 2 3 1 2 10 0
0 0 0 0 0 0 0 0 0 0 0 3 0 4 10 3
0 0 0 0 0 0 0 3 0 2 0 0 0 4 9 2
0 0 0 0 0 0 0 1 0 3 0 0 0 2 8 6
0 0 0 0 0 0 0 2 0 3 1 8 1 0 2 3
0 0 0 0 0 0 0 4 0 4 1 2 1 2 5 1
0 0 0 0 0 1 0 1 0 4 0 4 0 1 7 2
0 0 0 0 0 1 0 7 0 0 2 3 0 0 7 0
0 0 0 0 0 0 0 4 1 6 1 0 2 1 4 1
0 0 0 0 0 0 0 4 0 3 5 3 0 0 5 0
0 0 0 0 0 0 0 3 0 4 1 2 4 1 4 1
0 0 0 0 0 2 0 1 0 1 0 4 0 3 7 2
0 0 0 0 0 0 0 7 0 1 0 2 0 1 6 3
0 0 0 0 0 0 0 3 0 2 0 0 0 2 7 6
0 0 0 0 0 0 0 0 0 2 2 5 1 1 3 6
0 0 0 0 0 0 0 2 0 0 0 0 1 1 15 1
0 0 0 0 0 0 0 8 0 0 0 0 0 2 3 7
0 0 0 0 0 0 0 1 3 6 0 0 0 1 7 2
0 0 0 0 0 0 0 5 0 1 5 1 0 0 5 3
0 0 0 0 0 0 0 8 0 2 0 1 4 2 3 0
0 0 0 0 0 0 0 2 0 5 3 2 1 0 3 4
0 0 0 0 0 0 0 3 2 1 3 2 0 1 7 1
0 0 0 0 0 3 0 4 0 2 0 1 3 1 4 2

# Average weight-at-age
70
94
115
134
150
160
165
168

# Maturity logistic function parameter age-at-50%
3

# Maturity logistic function parameter age-at-95%
4

# Infection prevalence index (avg of 3 different samples)
0.0388888888888889
0.0444444444444444
0.0444444444444444
0
0
0.0222222222222222
0
0.0166666666666667
0.0111111111111111
0
0
0
0
0
0
0
0.188888888888889
0.222222222222222
0.0166666666666667
0
0
0
0
0
0.00555555555555556
0.0166666666666667
0
0
0
0
0.0111111111111111
0
0
0
0.0888888888888889
0
0
0
0
0
0
0
0
0
0.0277777777777778
0
0
0.0111111111111111
0
0.0277777777777778

