# Simulated data from SIR age-structured hybrid model
# random seed = 2240429
# Flag=0 if no issues, =1 if negative pop #'s, =2 if NaN, or=3 if NA. Flag:
0

# Number of years (nyr)
50

# Starting age
0

# Ending age
8

# Sample size for comp data
200

# Sample size for fishery age comp data
200

# Sample size for antibody prevalence data
200

# Survey data
9491.0796554542
16338.0985077043
22767.468194891
24381.662396549
21616.7778936554
23200.6319803141
18093.593454256
31259.4737861041
38522.0584735468
24699.7947981893
23352.5113115294
22639.6671036857
20110.5503677824
14999.4570437184
13468.2790564675
13526.0640544366
21479.9254327968
21545.1104581232
23487.6168108759
21705.7486578036
26529.6551625805
22368.6500506016
32909.8949090828
35615.0926017672
62207.0258657477
75074.8944744923
44131.9186078256
29975.2165077525
29653.2261927178
31883.6461647655
12488.950413569
21758.915833674
14606.6696795895
11102.7413855442
16406.2492696663
15648.2547362254
13409.0128061386
7951.57653191317
11110.2398115505
7300.3077527002
7192.10355400401
8339.43635621567
3934.74083800791
10355.7698200937
10266.5189920962
18516.7602374184
27382.0678257091
31567.7305642929
29972.2027008284
33561.4718240129

# Catches
0
0
0
0
0
0
0
0
0
0
0
0
0
0
0
0
0
0
0
0
0
0
0
0
0
0
0
0
0
0
0
0
0
0
0
0
0
0
0
0
0
0
0
0
0
0
0
0
0
0

# Catch compositions
-999 -999 -999 -999 -999 -999 -999 -999
-999 -999 -999 -999 -999 -999 -999 -999
-999 -999 -999 -999 -999 -999 -999 -999
-999 -999 -999 -999 -999 -999 -999 -999
-999 -999 -999 -999 -999 -999 -999 -999
-999 -999 -999 -999 -999 -999 -999 -999
-999 -999 -999 -999 -999 -999 -999 -999
-999 -999 -999 -999 -999 -999 -999 -999
-999 -999 -999 -999 -999 -999 -999 -999
-999 -999 -999 -999 -999 -999 -999 -999
-999 -999 -999 -999 -999 -999 -999 -999
-999 -999 -999 -999 -999 -999 -999 -999
-999 -999 -999 -999 -999 -999 -999 -999
-999 -999 -999 -999 -999 -999 -999 -999
-999 -999 -999 -999 -999 -999 -999 -999
-999 -999 -999 -999 -999 -999 -999 -999
-999 -999 -999 -999 -999 -999 -999 -999
-999 -999 -999 -999 -999 -999 -999 -999
-999 -999 -999 -999 -999 -999 -999 -999
-999 -999 -999 -999 -999 -999 -999 -999
-999 -999 -999 -999 -999 -999 -999 -999
-999 -999 -999 -999 -999 -999 -999 -999
-999 -999 -999 -999 -999 -999 -999 -999
-999 -999 -999 -999 -999 -999 -999 -999
-999 -999 -999 -999 -999 -999 -999 -999
-999 -999 -999 -999 -999 -999 -999 -999
-999 -999 -999 -999 -999 -999 -999 -999
-999 -999 -999 -999 -999 -999 -999 -999
-999 -999 -999 -999 -999 -999 -999 -999
-999 -999 -999 -999 -999 -999 -999 -999
-999 -999 -999 -999 -999 -999 -999 -999
-999 -999 -999 -999 -999 -999 -999 -999
-999 -999 -999 -999 -999 -999 -999 -999
-999 -999 -999 -999 -999 -999 -999 -999
-999 -999 -999 -999 -999 -999 -999 -999
-999 -999 -999 -999 -999 -999 -999 -999
-999 -999 -999 -999 -999 -999 -999 -999
-999 -999 -999 -999 -999 -999 -999 -999
-999 -999 -999 -999 -999 -999 -999 -999
-999 -999 -999 -999 -999 -999 -999 -999
-999 -999 -999 -999 -999 -999 -999 -999
-999 -999 -999 -999 -999 -999 -999 -999
-999 -999 -999 -999 -999 -999 -999 -999
-999 -999 -999 -999 -999 -999 -999 -999
-999 -999 -999 -999 -999 -999 -999 -999
-999 -999 -999 -999 -999 -999 -999 -999
-999 -999 -999 -999 -999 -999 -999 -999
-999 -999 -999 -999 -999 -999 -999 -999
-999 -999 -999 -999 -999 -999 -999 -999
-999 -999 -999 -999 -999 -999 -999 -999

# Age composition from fishery-independent survey
0 0 8 48 52 16 3 73
0 0 7 37 66 22 5 63
0 0 6 51 54 35 23 31
0 0 4 58 61 23 27 27
0 0 1 21 91 35 20 32
0 0 3 20 29 69 33 46
0 0 10 31 26 20 48 65
0 0 4 46 38 19 17 76
0 0 3 27 55 26 10 79
0 0 0 10 52 53 23 62
0 0 0 5 20 42 48 85
0 0 1 3 10 22 41 123
0 0 1 19 5 10 18 147
0 0 3 4 21 5 6 161
0 0 3 45 11 21 4 116
0 0 0 45 53 9 12 81
0 0 6 33 64 29 4 64
0 0 14 22 34 56 25 49
0 0 5 74 21 25 35 40
0 0 4 39 86 5 20 46
0 0 3 25 75 54 6 37
0 0 3 42 45 44 29 37
0 0 14 21 43 30 30 62
0 0 9 87 13 18 21 52
0 0 2 50 96 3 16 33
0 0 1 8 65 68 8 50
0 0 3 5 17 55 69 51
0 0 1 23 13 10 55 98
0 0 2 12 45 7 6 128
0 0 5 16 21 26 9 123
0 0 1 23 22 13 28 113
0 0 1 4 28 17 22 128
0 0 0 10 9 33 15 133
0 0 1 9 24 6 30 130
0 0 3 12 17 17 5 146
0 0 1 9 22 14 9 145
0 0 1 7 35 14 17 126
0 0 3 19 15 34 13 116
0 0 2 14 26 5 35 118
0 0 6 12 28 29 7 118
0 0 13 41 13 26 15 92
0 0 3 58 34 8 16 81
0 0 11 30 72 28 5 54
0 0 6 73 36 33 14 38
0 0 3 30 81 18 27 41
0 0 12 51 36 48 12 41
0 0 7 77 45 13 31 27
0 0 8 56 72 25 12 27
0 0 3 38 58 47 20 34
0 0 1 20 62 34 38 45

# Antibody prevalence values
0 0 0 0 0 6 0 55 0 35 2 15 0 0 61 26
0 0 0 0 0 8 0 51 8 58 12 10 2 3 38 10
0 0 0 0 0 8 0 47 5 33 19 29 9 12 32 6
0 0 0 0 0 2 2 55 15 39 17 12 14 7 30 7
0 0 0 0 0 1 1 15 22 51 31 12 16 1 49 1
0 0 0 0 0 3 1 15 5 14 42 29 29 6 55 1
0 0 0 0 0 7 0 24 1 28 4 22 32 22 55 5
0 0 0 0 0 2 0 42 1 40 1 24 7 12 63 8
0 0 0 0 0 2 1 31 20 35 13 13 9 8 63 5
0 0 0 0 0 1 0 9 10 27 29 19 21 6 71 7
0 0 0 0 0 1 0 9 1 25 12 29 24 15 75 9
0 0 0 0 0 3 0 4 0 12 1 23 5 33 87 32
0 0 0 0 0 0 0 8 0 7 0 8 0 16 105 56
0 0 0 0 0 2 0 9 1 19 0 5 0 8 90 66
0 0 0 0 0 8 0 44 0 9 3 13 2 2 82 37
0 0 0 0 0 6 1 47 1 41 0 5 2 7 46 44
0 0 0 0 0 2 1 32 19 56 13 9 1 0 53 14
0 0 0 0 0 5 0 21 2 50 21 33 15 9 32 12
0 0 0 0 0 5 0 61 1 16 6 30 17 15 35 14
0 0 0 0 0 2 2 33 15 70 7 4 13 4 42 8
0 0 0 0 0 3 1 22 16 48 42 19 10 0 38 1
0 0 0 0 0 1 1 22 4 38 26 35 26 8 38 1
0 0 0 0 0 16 0 30 6 36 11 7 20 12 60 2
0 0 0 0 0 6 0 93 2 16 6 12 10 11 42 2
0 0 0 0 0 0 0 51 31 54 5 2 12 1 42 2
0 0 0 0 0 1 1 8 22 47 60 8 4 0 49 0
0 0 0 0 0 2 0 7 2 7 44 18 68 5 47 0
0 0 0 0 0 0 0 28 0 12 5 10 27 16 96 6
0 0 0 0 0 0 0 13 0 28 0 11 4 6 127 11
0 0 0 0 0 2 0 6 0 23 1 28 1 7 104 28
0 0 0 0 0 1 0 24 1 14 1 22 2 21 85 29
0 0 0 0 0 0 0 8 0 33 2 16 0 11 84 46
0 0 0 0 0 2 0 16 1 8 8 25 3 8 96 33
0 0 0 0 0 0 0 11 1 15 0 9 11 21 94 38
0 0 0 0 0 4 0 12 0 23 1 13 3 6 85 53
0 0 0 0 0 1 0 17 0 20 0 13 1 17 86 45
0 0 0 0 0 2 0 12 0 50 0 16 0 18 59 43
0 0 0 0 0 7 0 25 0 12 1 29 0 15 66 45
0 0 0 0 0 0 0 9 0 38 0 9 2 25 60 57
0 0 0 0 0 4 0 10 0 34 0 30 0 14 39 69
0 0 0 0 0 13 0 39 0 15 0 18 1 23 45 46
0 0 0 0 0 4 0 50 0 32 0 13 2 14 23 62
0 0 0 0 0 13 0 34 4 57 2 22 0 5 21 42
0 0 0 0 0 4 3 61 6 41 5 28 3 5 25 19
0 0 0 0 0 9 0 30 11 63 10 19 10 11 20 17
0 0 0 0 0 10 2 40 9 34 21 27 13 4 33 7
0 0 0 0 0 4 0 87 4 34 7 12 11 10 21 10
0 0 0 0 0 8 1 35 29 60 14 9 10 3 29 2
0 0 0 0 0 0 2 41 14 34 41 14 14 1 39 0
0 0 0 0 0 5 0 14 12 38 21 20 47 3 39 1

# Average weight-at-age
70
94
115
134
150
160
165
168

# Maturity logistic function parameter age-at-50%
3

# Maturity logistic function parameter age-at-95%
4

# Infection prevalence index (avg of 3 different samples)
0.0666666666666667
0
0.0277777777777778
0.133333333333333
0.00555555555555556
0
0
0.127777777777778
0.0111111111111111
0
0
0
0
0
0
0
0
0
0.127777777777778
0.0944444444444444
0.0111111111111111
0.0111111111111111
0
0.0944444444444444
0.161111111111111
0.00555555555555556
0
0
0.00555555555555556
0
0
0.0222222222222222
0
0
0.00555555555555556
0
0
0
0
0
0
0
0.00555555555555556
0
0.05
0
0.166666666666667
0.0944444444444444
0.0277777777777778
0.0111111111111111

