# Simulated data from SIR age-structured hybrid model
# random seed = 8803180
# Flag=0 if no issues, =1 if negative pop #'s, =2 if NaN, or=3 if NA. Flag:
0

# True SSB
30990.0255970558
30834.1649051883
30214.6743231173
28432.5299066396
24171.5455619845
20834.5735317448
19348.4086941697
22234.2225865852
27984.3879888627
32453.7237020881
31710.1185754026
28554.2804299831
25292.7603302922
24484.8835161786
23934.3275368908
22818.7877447302
22030.3813606415
18358.2132800476
16828.4213950949
18714.0964800426
23031.9926646081
27491.3693105659
27907.6250488057
24703.1743900636
22074.5559509914
20167.6706348741
19373.7563303594
23648.2752692919
32204.598913291
36966.7606701423
36182.8485955146
40166.3702127724
43522.2112477095
57286.905968904
65242.7762220435
69130.6286209617
72469.3376741599
64958.856272169
61447.4053144183
57130.8151268206
48455.4257773842
46975.4037240243
56312.3067917575
62444.5258581226
63033.8849006104
60052.032242125
68988.7803361451
79366.0171588688
91464.8089094439
99513.2611925052

# True R (numbers)
54.0253093161494
13.3500494317264
40.8132996396952
42.5531900495045
186.566940275953
227.716626415319
213.208145060419
64.9982160188712
37.5553811212884
35.7789587389494
114.26343004613
45.2321884260584
125.277790920404
14.0798683387218
35.8869892311418
29.7366059571308
138.101096204801
158.970618324184
222.500283736861
67.5810018947591
28.9895696135228
45.2514177926904
42.6991531802628
52.773566791014
197.550280717779
335.087653235344
194.425428671937
89.7633849932967
268.914868543139
170.327391417192
670.831743145556
230.533480880482
469.649220372009
290.42123744205
70.4053630361548
238.479371541497
106.842055179614
57.5447524217316
185.658908924636
449.590723005357
390.434831616041
237.119266714059
131.256121732046
536.669385327134
505.164097373706
656.172259818605
504.449341904008
363.763562570602
762.907229265056
110.607134203644

# True infection rate given (selected) susceptible
-999 -999 0.00308461803086207 0.00308461803086335 0.00308461803086355 0.00308461803086415 0.00308461803086243 0.00308461803086342
-999 -999 0.0633016895245382 0.0633016895245389 0.0633016895245386 0.0633016895245381 0.0633016895245379 0.0633016895245382
-999 -999 0.125323834067276 0.125323834067277 0.125323834067276 0.125323834067275 0.125323834067275 0.125323834067276
-999 -999 0.158949144890925 0.158949144890925 0.158949144890925 0.158949144890925 0.158949144890924 0.158949144890924
-999 -999 0.0305111842160553 0.0305111842160547 0.0305111842160553 0.0305111842160546 0.0305111842160555 0.0305111842160555
-999 -999 0.0214895108173784 0.0214895108173788 0.0214895108173788 0.0214895108173783 0.0214895108173796 0.0214895108173786
-999 -999 0.136774710239413 0.136774710239413 0.136774710239412 0.136774710239413 0.136774710239412 0.136774710239413
-999 -999 0.510617420620116 0.510617420620117 0.510617420620117 0.510617420620117 0.510617420620117 0.510617420620117
-999 -999 0.620190142801855 0.620190142801855 0.620190142801856 0.620190142801855 0.620190142801856 0.620190142801855
-999 -999 0.5642037005168 0.5642037005168 0.5642037005168 0.564203700516801 0.564203700516801 0.564203700516799
-999 -999 0.101567095680449 0.101567095680449 0.101567095680448 0.101567095680448 0.101567095680448 0.101567095680448
-999 -999 0.00974561807977223 0.00974561807977124 0.00974561807977162 0.00974561807977241 0.00974561807977181 0.00974561807977087
-999 -999 0.00480949550145351 0.00480949550145352 0.00480949550145324 0.0048094955014531 0.00480949550145335 0.00480949550145326
-999 -999 0.0768035656833599 0.0768035656833599 0.0768035656833614 0.0768035656833599 0.0768035656833606 0.0768035656833597
-999 -999 0.336617220704815 0.336617220704815 0.336617220704815 0.336617220704816 0.336617220704816 0.336617220704816
-999 -999 0.0195303828212644 0.0195303828212647 0.0195303828212643 0.0195303828212638 0.0195303828212642 0.0195303828212645
-999 -999 0.281839223340265 0.281839223340265 0.281839223340266 0.281839223340266 0.281839223340266 0.281839223340265
-999 -999 0.00492210589833144 0.00492210589833118 0.00492210589832974 0.00492210589833132 0.00492210589833018 0.00492210589833196
-999 -999 0.00357982202107271 0.00357982202107157 0.00357982202107204 0.00357982202107135 0.0035798220210725 0.00357982202107197
-999 -999 0.27057729584043 0.270577295840429 0.270577295840429 0.27057729584043 0.27057729584043 0.270577295840429
-999 -999 0.513542124538787 0.513542124538788 0.513542124538787 0.513542124538787 0.513542124538787 0.513542124538787
-999 -999 0.56290228630367 0.56290228630367 0.56290228630367 0.56290228630367 0.56290228630367 0.56290228630367
-999 -999 0.297303771443134 0.297303771443135 0.297303771443134 0.297303771443135 0.297303771443135 0.297303771443135
-999 -999 0.00358844856602169 0.00358844856602117 0.0035884485660219 0.00358844856602149 0.00358844856602184 0.00358844856602139
-999 -999 0.00241637561714244 0.00241637561714259 0.00241637561714187 0.00241637561714249 0.00241637561714173 0.00241637561714259
-999 -999 0.00644250388706967 0.00644250388706952 0.00644250388707011 0.00644250388706931 0.00644250388707018 0.00644250388707011
-999 -999 0.0162274856110223 0.0162274856110227 0.0162274856110229 0.0162274856110227 0.0162274856110223 0.0162274856110226
-999 -999 0.519087985951586 0.519087985951586 0.519087985951586 0.519087985951586 0.519087985951586 0.519087985951586
-999 -999 0.744813868841052 0.744813868841052 0.744813868841052 0.744813868841052 0.744813868841052 0.744813868841052
-999 -999 0.630870201090267 0.630870201090267 0.630870201090267 0.630870201090267 0.630870201090267 0.630870201090267
-999 -999 0.0165206358102497 0.0165206358102495 0.0165206358102487 0.0165206358102497 0.0165206358102497 0.0165206358102501
-999 -999 0.561754971321074 0.561754971321074 0.561754971321074 0.561754971321074 0.561754971321074 0.561754971321074
-999 -999 0.517561556300632 0.517561556300632 0.517561556300632 0.517561556300632 0.517561556300633 0.517561556300632
-999 -999 0.851437026236424 0.851437026236424 0.851437026236424 0.851437026236424 0.851437026236423 0.851437026236424
-999 -999 0.774110026171163 0.774110026171163 0.774110026171164 0.774110026171164 0.774110026171164 0.774110026171164
-999 -999 0.662713892256745 0.662713892256745 0.662713892256745 0.662713892256745 0.662713892256745 0.662713892256745
-999 -999 0.677130881694909 0.677130881694909 0.677130881694909 0.67713088169491 0.677130881694909 0.67713088169491
-999 -999 0.0225904728895369 0.0225904728895375 0.022590472889537 0.0225904728895367 0.0225904728895366 0.0225904728895375
-999 -999 0.232838016300803 0.232838016300803 0.232838016300803 0.232838016300803 0.232838016300803 0.232838016300803
-999 -999 0.421984018811834 0.421984018811834 0.421984018811834 0.421984018811834 0.421984018811834 0.421984018811834
-999 -999 0.00575721470966525 0.00575721470966522 0.00575721470966494 0.00575721470966502 0.0057572147096645 0.00575721470966646
-999 -999 0.0469051643875812 0.0469051643875812 0.046905164387581 0.0469051643875813 0.0469051643875818 0.0469051643875818
-999 -999 0.782471038320204 0.782471038320204 0.782471038320204 0.782471038320204 0.782471038320204 0.782471038320204
-999 -999 0.748282371573863 0.748282371573863 0.748282371573864 0.748282371573863 0.748282371573863 0.748282371573864
-999 -999 0.546024254422438 0.546024254422438 0.546024254422438 0.546024254422438 0.546024254422438 0.546024254422438
-999 -999 0.042214820219685 0.0422148202196847 0.0422148202196844 0.0422148202196838 0.0422148202196841 0.0422148202196852
-999 -999 0.776226328982211 0.776226328982211 0.776226328982211 0.776226328982212 0.77622632898221 0.776226328982211
-999 -999 0.794913356040262 0.794913356040262 0.794913356040262 0.794913356040262 0.794913356040262 0.794913356040262
-999 -999 0.810217884306796 0.810217884306796 0.810217884306796 0.810217884306796 0.810217884306796 0.810217884306796
-999 -999 0.775560089675413 0.775560089675414 0.775560089675414 0.775560089675414 0.775560089675414 0.775560089675414

# Duration of outbreak (days) based on incidence
0
0
0
0
0
0
0
0
0
0
0
0
0
0
0
0
0
0
0
0
0
0
0
0
0
0
0
0
0
0
0
0
0
0
0
0
0
0
0
0
0
0
0
0
0
0
0
0
0
0

# Duration of outbreak (days) based on prevalence
0
0
0
0
0
0
0
0
15
0
0
0
0
0
0
0
0
0
0
0
0
0
0
0
0
0
0
0
26
0
0
0
0
24
17
0
0
0
0
0
0
0
25
18
0
0
22
19
18
13

# Peak (point) prevalence
0.000156667021477712
0.0096228472373761
0.0217316616811795
0.0273194472804119
0.00387867552994939
0.00261300227569144
0.0232140742671003
0.0880578216209766
0.115766386021008
0.0799371797651647
0.0123390141648314
0.000843655354819217
0.0003414916744123
0.0119901538892813
0.0485898480212507
0.00251614430652775
0.0447823590391893
0.000348269142418583
0.000268033977821231
0.0475389748647602
0.0910932870978052
0.0917270969290706
0.0337313009061447
0.000196863106353497
0.000134951946636831
0.000495099051443461
0.00204460830875866
0.0978430953961277
0.19559323636238
0.0944944025459338
0.00135457688964632
0.082657766215837
0.0642344385407901
0.255472188040214
0.142529621500305
0.0824134175296797
0.085252678229701
0.00133752999348521
0.0229455942781802
0.0391859578082641
0.000232517474673063
0.00549162228404609
0.210618929860183
0.140130972805109
0.0513444302455947
0.00376808753298578
0.176210998032808
0.165787655703396
0.164621176942996
0.127313870226595

# Day of peak prevalence
119
119
119
119
119
119
119
84
67
74
119
119
119
119
104
119
113
119
119
114
86
77
109
119
110
119
119
85
47
61
119
77
81
30
37
56
53
119
117
92
117
119
39
43
73
119
42
36
34
38

# Total immunity
0.268948315948316
0.258929484910839
0.238441859077365
0.236204163865113
0.153957733695832
0.0915782526425666
0.0622049503994344
0.0669555565405527
0.1336746456647
0.249168538434098
0.289719748002514
0.269346264181491
0.184628731544311
0.177332315083694
0.171314445800974
0.238944036816507
0.140887683512028
0.124993424515516
0.0737040241181455
0.063782368637936
0.0953523483310146
0.185196387335481
0.300141111527272
0.307935270105377
0.160381308346809
0.078529614230224
0.0572753997041872
0.0504653007296478
0.08269590593089
0.156938749104424
0.111822340943718
0.0907815850636177
0.0970930470618864
0.111581128837407
0.215740478541034
0.259771572858456
0.318068554917434
0.409662596905414
0.308774066810683
0.195714692641187
0.16592756862869
0.131858809115507
0.119043525562192
0.157698510464028
0.167914894614762
0.136524272959884
0.101974948720243
0.146700991562183
0.15315441113108
0.224968709334071

# Observed immunity (based on survey selectivity)
0.573924843341782
0.451953927442705
0.378046265101198
0.363958606658911
0.409476530967505
0.382796790073621
0.323777986145082
0.252202806084397
0.316370088112409
0.421049961766715
0.545053381130191
0.518447615537606
0.462482195440693
0.367859349924954
0.320418104714735
0.393731541818445
0.332278825974766
0.445878095223134
0.378165838141482
0.256071701622846
0.247403733200274
0.340905781007059
0.484330934299138
0.545975313069951
0.482353467736183
0.411749436209017
0.330413109012558
0.205873582248709
0.275461084546665
0.455758756664144
0.577907089231162
0.409874495473134
0.45923968271532
0.377661098229653
0.521039184784688
0.580410953199895
0.588720010969323
0.705980403228223
0.588278917594311
0.55483046818466
0.6417737363159
0.506621917252728
0.328336853785214
0.482312506975261
0.598037017113112
0.629863133519861
0.426450520899082
0.489129001265735
0.521889149241983
0.575898865337077

# True total proportion of susceptible
1 1 1 0.999931921245388 0.972347323826404 0.673807291388437 0.207004767294094 0.0233511773802575
1 1 1 0.999886950381904 0.998801297441143 0.970232421199883 0.672069317214237 0.144843571421902
1 1 1 0.997639437169686 0.976071713754958 0.953173244266564 0.922982193337541 0.206720318496885
1 1 1 0.995319118064029 0.950043947864377 0.885199100528579 0.858749480762167 0.257210500618789
1 1 1 0.994061478361119 0.934718403304497 0.835602229774964 0.769992811650935 0.353865509283223
1 1 1 0.998868597964731 0.982737842363473 0.913899058397815 0.815208756301503 0.40781950075252
1 1 1 0.999204663253838 0.990897817535348 0.967694019101234 0.898741390070216 0.50210651806545
1 1 1 0.994899763995345 0.947211588240392 0.890623003883276 0.863462806929221 0.4855477189714
1 1 1 0.981049410594915 0.7910824380814 0.54232265636381 0.481048300110251 0.251927448053189
1 1 1 0.977163366741342 0.733766778331526 0.357097858191394 0.21401704235871 0.105233782862597
1 1 1 0.979152103979636 0.753868621336452 0.367225822445552 0.155877455824663 0.0505266476114063
1 1 1 0.996210908587989 0.941175921282117 0.692522439512084 0.33144517602254 0.087558580139001
1 1 1 0.999640031062129 0.99261380160665 0.934560172198561 0.686867167170989 0.190073585904699
1 1 1 0.999823387358687 0.997873475671549 0.989269581197858 0.93116342206078 0.37164496159985
1 1 1 0.997141269412666 0.970926857204371 0.942428355334858 0.931136312764636 0.416470989871138
1 1 1 0.987442764911931 0.865405252807319 0.712036245760135 0.674063259436676 0.314254472278805
1 1 1 0.999276130529586 0.980234223044318 0.852753972397739 0.700405524715485 0.343016753251938
1 1 1 0.989462270521953 0.889483560272509 0.765187498664299 0.646686982611567 0.325505254485349
1 1 1 0.999819362333689 0.987662537193451 0.886279718379851 0.762141367420326 0.365723177916223
1 1 1 0.99986877537726 0.998506924548418 0.985185529535061 0.883838744884641 0.493660819245265
1 1 1 0.989887766294411 0.894652456008906 0.790331043867623 0.766985541625193 0.381509980499272
1 1 1 0.980913939420684 0.785180676398634 0.504228174823735 0.415887907027717 0.213552281409861
1 1 1 0.979168280804363 0.757229262631345 0.397249520106882 0.226681226730585 0.101489113027705
1 1 1 0.988896444268304 0.864671006785511 0.568747152610887 0.282320876929457 0.105976011794972
1 1 1 0.999868446220188 0.987585261985105 0.862378859904485 0.566972199480014 0.173193801522783
1 1 1 0.999911621057712 0.998984646850199 0.985917497851676 0.860764007670534 0.342847500716632
1 1 1 0.9997634596418 0.997544860505088 0.99448745486317 0.981219027144612 0.42267991277059
1 1 1 0.999400016062167 0.993752188050136 0.986114903818467 0.98247455428221 0.462876178028517
1 1 1 0.980717731064489 0.791110496732166 0.565154278941835 0.533249712743469 0.267446447345235
1 1 1 0.97288636304737 0.681870733738842 0.25986837789664 0.151524027808169 0.0763316778138021
1 1 1 0.976856304082746 0.723396780924701 0.29484301639705 0.0943055897289919 0.0313046596555554
1 1 1 0.999388725226133 0.970805519668241 0.713958957745808 0.290137880270896 0.0588654400338922
1 1 1 0.979204497236063 0.773319241605397 0.510585619717374 0.335458996319138 0.075168769856999
1 1 1 0.980813707792259 0.774815517992191 0.424461359119035 0.25383235401474 0.0698555089910181
1 1 1 0.969309588478629 0.637313028253446 0.169362656879569 0.0636020487976826 0.0131846035781159
1 1 1 0.971991380483929 0.662002796252687 0.184489683539569 0.0367217020583639 0.00645806199548425
1 1 1 0.975756197058017 0.709619085470717 0.264643773774767 0.0601156013766254 0.00413371469726767
1 1 1 0.975272880128216 0.706892415242818 0.277042788340011 0.0840520092355443 0.0102181450403291
1 1 1 0.999163440785044 0.966995223901695 0.69417840997477 0.270954561130045 0.0238101897893779
1 1 1 0.991299535440071 0.909188483094549 0.793657771531482 0.550577756177064 0.0832000985492577
1 1 1 0.984301206394732 0.825100749660431 0.592638434360344 0.492057701353386 0.109636197091664
1 1 1 0.99978920552574 0.982205966345009 0.821539098224678 0.589699478586668 0.135005752065461
1 1 1 0.998256700291289 0.982244811043043 0.949001162805365 0.790346128161987 0.230895678839852
1 1 1 0.971647130463712 0.680123743821964 0.302486911567407 0.244376866966197 0.0647675862331361
1 1 1 0.972837991988917 0.674173239660095 0.216043941964375 0.0753726580193596 0.0183697018261149
1 1 1 0.979847000176245 0.758243224410352 0.34620758207408 0.0961018006262965 0.0134450089811738
1 1 1 0.998430569728801 0.964240269692669 0.733053443631494 0.332225861295503 0.0456399338770932
1 1 1 0.97182874400917 0.682546508060727 0.300792241392061 0.181064897579792 0.0297318516524452
1 1 1 0.97125512444145 0.654875419902214 0.185087582977334 0.060882842129941 0.011528979443937
1 1 1 0.970738131137942 0.648033958989904 0.166171859791216 0.033581101078532 0.00306829778723076

# True vulnerable proportion of susceptible
0 0 0.05 0.499965960622694 0.923729957635084 0.673807291388437 0.207004767294094 0.0233511773802575
0 0 0.05 0.499943475190952 0.948861232569086 0.970232421199883 0.672069317214237 0.144843571421902
0 0 0.05 0.498819718584843 0.92726812806721 0.953173244266564 0.922982193337541 0.206720318496885
0 0 0.05 0.497659559032014 0.902541750471158 0.885199100528579 0.858749480762167 0.257210500618789
0 0 0.05 0.497030739180559 0.887982483139272 0.835602229774964 0.769992811650935 0.353865509283223
0 0 0.05 0.499434298982366 0.933600950245299 0.913899058397815 0.815208756301503 0.40781950075252
0 0 0.05 0.499602331626919 0.941352926658581 0.967694019101234 0.898741390070216 0.50210651806545
0 0 0.05 0.497449881997673 0.899851008828372 0.890623003883276 0.863462806929221 0.4855477189714
0 0 0.05 0.490524705297457 0.75152831617733 0.54232265636381 0.481048300110251 0.251927448053189
0 0 0.05 0.488581683370671 0.697078439414949 0.357097858191394 0.21401704235871 0.105233782862597
0 0 0.05 0.489576051989818 0.716175190269629 0.367225822445552 0.155877455824663 0.0505266476114063
0 0 0.05 0.498105454293995 0.894117125218011 0.692522439512084 0.33144517602254 0.087558580139001
0 0 0.05 0.499820015531064 0.942983111526317 0.934560172198561 0.686867167170989 0.190073585904699
0 0 0.05 0.499911693679343 0.947979801887972 0.989269581197858 0.93116342206078 0.37164496159985
0 0 0.05 0.498570634706333 0.922380514344153 0.942428355334858 0.931136312764636 0.416470989871138
0 0 0.05 0.493721382455966 0.822134990166953 0.712036245760135 0.674063259436676 0.314254472278805
0 0 0.05 0.499638065264793 0.931222511892102 0.852753972397739 0.700405524715485 0.343016753251938
0 0 0.05 0.494731135260977 0.845009382258883 0.765187498664299 0.646686982611567 0.325505254485349
0 0 0.05 0.499909681166845 0.938279410333779 0.886279718379851 0.762141367420326 0.365723177916223
0 0 0.05 0.49993438768863 0.948581578320997 0.985185529535061 0.883838744884641 0.493660819245265
0 0 0.05 0.494943883147205 0.849919833208461 0.790331043867623 0.766985541625193 0.381509980499272
0 0 0.05 0.490456969710342 0.745921642578702 0.504228174823735 0.415887907027717 0.213552281409861
0 0 0.05 0.489584140402181 0.719367799499778 0.397249520106882 0.226681226730585 0.101489113027705
0 0 0.05 0.494448222134152 0.821437456446235 0.568747152610887 0.282320876929457 0.105976011794972
0 0 0.05 0.499934223110094 0.93820599888585 0.862378859904485 0.566972199480014 0.173193801522783
0 0 0.05 0.499955810528856 0.949035414507689 0.985917497851676 0.860764007670534 0.342847500716632
0 0 0.05 0.4998817298209 0.947667617479833 0.99448745486317 0.981219027144612 0.42267991277059
0 0 0.05 0.499700008031083 0.944064578647629 0.986114903818467 0.98247455428221 0.462876178028517
0 0 0.05 0.490358865532244 0.751554971895558 0.565154278941835 0.533249712743469 0.267446447345235
0 0 0.05 0.486443181523685 0.6477771970519 0.25986837789664 0.151524027808169 0.0763316778138021
0 0 0.05 0.488428152041373 0.687226941878466 0.29484301639705 0.0943055897289919 0.0313046596555554
0 0 0.05 0.499694362613066 0.922265243684829 0.713958957745808 0.290137880270896 0.0588654400338922
0 0 0.05 0.489602248618032 0.734653279525127 0.510585619717374 0.335458996319138 0.075168769856999
0 0 0.05 0.49040685389613 0.736074742092581 0.424461359119035 0.25383235401474 0.0698555089910181
0 0 0.05 0.484654794239315 0.605447376840774 0.169362656879569 0.0636020487976826 0.0131846035781159
0 0 0.05 0.485995690241965 0.628902656440053 0.184489683539569 0.0367217020583639 0.00645806199548425
0 0 0.05 0.487878098529008 0.674138131197181 0.264643773774767 0.0601156013766254 0.00413371469726767
0 0 0.05 0.487636440064108 0.671547794480677 0.277042788340011 0.0840520092355443 0.0102181450403291
0 0 0.05 0.499581720392522 0.91864546270661 0.69417840997477 0.270954561130045 0.0238101897893779
0 0 0.05 0.495649767720036 0.863729058939822 0.793657771531482 0.550577756177064 0.0832000985492577
0 0 0.05 0.492150603197366 0.78384571217741 0.592638434360344 0.492057701353386 0.109636197091664
0 0 0.05 0.49989460276287 0.933095668027759 0.821539098224678 0.589699478586668 0.135005752065461
0 0 0.05 0.499128350145644 0.933132570490891 0.949001162805365 0.790346128161987 0.230895678839852
0 0 0.05 0.485823565231856 0.646117556630866 0.302486911567407 0.244376866966197 0.0647675862331361
0 0 0.05 0.486418995994458 0.640464577677091 0.216043941964375 0.0753726580193596 0.0183697018261149
0 0 0.05 0.489923500088122 0.720331063189834 0.34620758207408 0.0961018006262965 0.0134450089811738
0 0 0.05 0.499215284864401 0.916028256208035 0.733053443631494 0.332225861295503 0.0456399338770932
0 0 0.05 0.485914372004585 0.64841918265769 0.300792241392061 0.181064897579792 0.0297318516524452
0 0 0.05 0.485627562220725 0.622131648907103 0.185087582977334 0.060882842129941 0.011528979443937
0 0 0.05 0.485369065568971 0.615632261040409 0.166171859791216 0.033581101078532 0.00306829778723076

# True survival by age
0.778267540515681 0.778267540515681 0.77825621349908 0.778154314363456 0.778073024008105 0.778288835821775 0.778643504391533 0.778783041246419
0.778267540515681 0.778267540515681 0.777501729151818 0.770610352906744 0.763735205422296 0.763423113580622 0.768148840702549 0.776505089255649
0.778267540515681 0.778267540515681 0.776724337248091 0.762873194875068 0.749661035992883 0.748873709231952 0.749821626954023 0.772310321580813
0.778267540515681 0.778267540515681 0.776303631166021 0.75872287134252 0.742843975564429 0.74355974144395 0.744612738617876 0.768560865346776
0.778267540515681 0.778267540515681 0.777914173890835 0.774758025693156 0.772026683981355 0.77244972560984 0.772948394916451 0.776111201709551
0.778267540515681 0.778267540515681 0.778027016739507 0.775865627356554 0.773785680912887 0.773917164150481 0.774444537302032 0.776621510632181
0.778267540515681 0.778267540515681 0.776584004110451 0.761445990354451 0.74657635574274 0.745701805233905 0.748060258934234 0.76162674645914
0.778267540515681 0.778267540515681 0.771977431509156 0.715689980517599 0.665092470840047 0.666283549421743 0.669714844384174 0.717458906760822
0.778267540515681 0.778267540515681 0.770694750329421 0.703984832288517 0.664555619101455 0.696373679754133 0.705686710722589 0.740510570509812
0.778267540515681 0.778267540515681 0.771350647376069 0.710690372103434 0.681977165892012 0.729210208786976 0.749079999835748 0.764186851325325
0.778267540515681 0.778267540515681 0.777022935750492 0.766092083756462 0.760571687150696 0.769463942464994 0.774837546092381 0.777516125984973
0.778267540515681 0.778267540515681 0.778173251733182 0.777330245883648 0.776612803714803 0.777125558682375 0.777999011156416 0.778588977271981
0.778267540515681 0.778267540515681 0.778234855437204 0.777940999337799 0.777655049610939 0.777691512365312 0.777985510122496 0.778575176345244
0.778267540515681 0.778267540515681 0.777334693548302 0.768940812544941 0.760582272802403 0.759816519856824 0.760931587620365 0.771668848654859
0.778267540515681 0.778267540515681 0.774097026073254 0.736683144260238 0.701347018422951 0.6996900188291 0.70063791275921 0.743840737454197
0.778267540515681 0.778267540515681 0.778051017997283 0.776136200625493 0.774779097391992 0.775337657421505 0.775522346366376 0.777272345818348
0.778267540515681 0.778267540515681 0.774768975681706 0.743307603216674 0.71311923381487 0.718677757166496 0.729419014273534 0.754616544933411
0.778267540515681 0.778267540515681 0.778233503012162 0.777936371426335 0.777751232388013 0.777871851090444 0.778015709843121 0.7784056220927
0.778267540515681 0.778267540515681 0.77825010632448 0.778093326420077 0.777946956523082 0.778019149607931 0.778128630494379 0.778478242153113
0.778267540515681 0.778267540515681 0.774910699599444 0.744703606329694 0.714583587597123 0.712133218309218 0.71899136139655 0.745394725378778
0.778267540515681 0.778267540515681 0.771932644204507 0.715564569197282 0.670640635985564 0.678246040637642 0.681216316173684 0.73026082235155
0.778267540515681 0.778267540515681 0.771355987163929 0.710481327757573 0.675272546742636 0.708831908515778 0.721090384785556 0.749167348180031
0.778267540515681 0.778267540515681 0.774580590843285 0.742177207153541 0.725351538750168 0.749296172961688 0.761964661502071 0.771262959716807
0.778267540515681 0.778267540515681 0.778249995721831 0.778099961561586 0.778051464677215 0.778297931855284 0.778551172333751 0.778707085606428
0.778267540515681 0.778267540515681 0.778264503505872 0.778237244562968 0.778217173765883 0.778288544903018 0.778464011364105 0.778697908940561
0.778267540515681 0.778267540515681 0.778214719962533 0.777739428793859 0.777265510434161 0.77723351575322 0.777432466451777 0.778255774301231
0.778267540515681 0.778267540515681 0.778092626682021 0.776518942054284 0.77495364618038 0.774791487774219 0.774844979695704 0.777096740875396
0.778267540515681 0.778267540515681 0.7718677861611 0.714308714405028 0.657435244150776 0.652057081643266 0.652524969688493 0.719308081075851
0.778267540515681 0.778267540515681 0.769287941868035 0.690213306526158 0.643405689102969 0.677002246781373 0.682749063643564 0.73062693410632
0.778267540515681 0.778267540515681 0.770593578684119 0.703623070496026 0.679016830868032 0.738777809929249 0.755464191892273 0.767044752130798
0.778267540515681 0.778267540515681 0.778088834312879 0.776534178911389 0.775958802778225 0.777589754710145 0.778413435440847 0.778672203357539
0.778267540515681 0.778267540515681 0.771367942068653 0.709314057507928 0.651017911393471 0.67989946745 0.738609371843792 0.770646435540885
0.778267540515681 0.778267540515681 0.771899510577465 0.715922594022378 0.684822534778137 0.713500026842978 0.735897643426785 0.769187160347088
0.778267540515681 0.778267540515681 0.768115392915519 0.678704116165483 0.628932829934878 0.692390554844625 0.727126558385138 0.76457986438203
0.778267540515681 0.778267540515681 0.768994210322833 0.688396627218595 0.666170671846656 0.747299354903757 0.766970811763499 0.776348448830859
0.778267540515681 0.778267540515681 0.77023133107751 0.700171212846882 0.677367905740954 0.74905045059893 0.772879135723803 0.777759372582709
0.778267540515681 0.778267540515681 0.770072290221175 0.698314805730067 0.667927769612052 0.735283224449783 0.76891547887676 0.778121042267007
0.778267540515681 0.778267540515681 0.778013173438987 0.775799952953304 0.775007444966429 0.777243640783117 0.778328361685593 0.778743351127961
0.778267540515681 0.778267540515681 0.775381302596161 0.749429752498739 0.725256552685668 0.738359336606319 0.763015511992732 0.777413649012124
0.778267540515681 0.778267540515681 0.773054049790371 0.726590870633433 0.688255096321781 0.695623022353957 0.721098551073757 0.770081158395587
0.778267540515681 0.778267540515681 0.778223370349538 0.777841144302293 0.77766835233218 0.777961224275877 0.778103711556756 0.778645467404649
0.778267540515681 0.778267540515681 0.777708797026672 0.772681395830576 0.767849806469005 0.769182111021054 0.771896515331687 0.777220120560225
0.778267540515681 0.778267540515681 0.768881287856067 0.684569574036415 0.60310464690718 0.600143441498807 0.630011567932607 0.735332756077436
0.778267540515681 0.778267540515681 0.769272060844258 0.690878339373469 0.662195365227594 0.724219186900083 0.734704728147093 0.767113936131644
0.778267540515681 0.778267540515681 0.771580091434966 0.713223979102146 0.692779800185749 0.749789922025967 0.768679574910955 0.77633405865285
0.778267540515681 0.778267540515681 0.777767143400956 0.773375160835212 0.771187423803221 0.77515134495221 0.77778775622656 0.778659056746417
0.778267540515681 0.778267540515681 0.768940857429001 0.685147922323555 0.60741650424374 0.641670744692637 0.716652319674001 0.770263061929043
0.778267540515681 0.778267540515681 0.768752740624433 0.685815002350128 0.655045244854363 0.721400828134156 0.744248306206645 0.773127076405453
0.778267540515681 0.778267540515681 0.768583273077163 0.684223924745372 0.657953790229169 0.742853333433597 0.766976203236996 0.776561640924371
0.778267540515681 0.778267540515681 0.768974020860324 0.688067405170072 0.664027413417902 0.74782574426146 0.7725411437408 0.778228841208565

# True Numbers-at-age
54.0253093161494 94.224697578626 44.3480651581863 61.7392257029216 20.10581841739 20.6822476472358 81.6903137165239 41.3414023157036
13.3500494317264 42.0461446070785 73.3320236403511 34.5141572660206 48.0426448461876 15.6437949361765 16.0967624435448 95.8036151718932
40.8132996396952 10.3899101369925 32.7231495515176 57.0157751825749 26.596966911047 36.6918592306335 11.9428346383926 86.7567041601381
42.5531900495045 31.7636663309151 8.08612980849607 25.4168666480727 43.4958065718095 19.9387097688039 27.4775687206612 75.9580937882101
186.566940275953 33.1177665609242 24.720630473122 6.2772919324153 19.2843580437556 32.3105978741844 14.8256218804178 78.8385659876107
227.716626415319 145.198993750102 25.774482728743 19.2305288325593 4.86338230425766 14.8880389932298 24.9583124622036 72.6469348258095
213.208145060419 177.224458774778 113.003663751243 20.0532439054478 14.920306317072 3.7632155878397 11.5221089174022 75.7480010138486
64.9982160188712 165.932978674083 137.928043649869 87.7568376750915 15.2694621654031 11.139147916765 2.80623665733643 66.3109353431814
37.5553811212884 50.5860017189138 129.14025120312 106.477336869909 62.8066894459723 10.1556043199865 7.42183101151596 49.4547495238797
35.7789587389494 29.2281340983942 39.369443142301 99.5277136584669 74.9584301388907 41.7385383884809 7.072095550436 41.8592522984036
114.26343004613 27.8456022199742 22.7473080386197 30.3676454546493 70.7333878545399 51.1199377458351 30.4361682927274 37.2858555465084
45.2321884260584 88.9275186728869 21.6713283539173 17.6751800725891 23.2644127851297 53.797812138412 39.3349488364753 52.5734399109482
125.277790920404 35.2027440384903 69.20940124171 16.8640480545453 13.7394520718634 18.0674408398381 41.8076548139529 71.5356521106011
14.0798683387218 97.4996382208602 27.3971530222389 53.8611683702376 13.1192343964337 10.6845542825721 14.0508953913045 88.2216326144417
35.8869892311418 10.9579045027616 75.8808036393175 21.296757548638 41.4160505712304 9.97825711466699 8.11830085120523 78.7696558036311
29.7366059571308 27.9296788454335 8.52818138656998 58.7391044332443 15.6889623134786 29.0470235829866 6.98168690844294 64.280068225526
138.101096204801 23.1430351815401 21.7367624624284 6.63536020948626 45.5895453429623 12.1554800602539 22.5212512199 55.3775736318491
158.970618324184 107.47960048583 18.0114730708051 16.8409691876522 4.93211369379251 32.5107816449415 8.73587314698538 58.2162621458877
222.500283736861 123.72167213742 83.647884325715 14.0171317823019 13.1012024611448 3.83595750362492 25.2892218985479 52.1125122991327
67.5810018947591 173.164748587928 96.288561482877 65.0989748703055 10.9066366953598 10.1920405814403 2.98444839490242 60.2467245709968
28.9895696135228 52.5961001302197 134.768502987543 74.6150365421202 48.4794413542826 7.79370357838866 7.25809066039926 47.0533833310377
45.2514177926904 22.5616410437245 40.9338374890626 104.032206866657 53.3918764789017 32.5122833820609 5.28604859394553 39.3055721878781
42.6991531802628 35.2177096303647 17.5589928850971 31.5745606247837 73.912940464173 36.0540684052762 23.0457438799121 33.2581700992947
52.773566791014 33.2313649277054 27.4088002566193 13.6008550835515 23.4339192216022 53.6128650992375 27.0151754757724 43.2108371400677
197.550280717779 41.0719540306824 25.8628926502643 21.3308986824545 10.5828248177162 18.2327951734951 41.7267820275729 54.6812815934207
335.087653235344 153.746971102408 31.9649686476323 20.1281713076836 16.6004998146852 8.23573602010251 14.1903756250943 75.0629977534867
194.425428671937 260.787843740643 119.656277061607 24.8756091247283 15.6544724555028 12.9029959619235 6.40109006171971 69.4502701601056
89.7633849932967 151.315000186215 202.962713744418 93.1036669178573 19.3163816804899 12.1314905084222 9.99713143808346 58.9294310932374
268.914868543139 69.8599288670952 117.763553038055 156.660380531153 66.5047606224885 12.6992701062225 7.91042429690479 48.9117938871754
170.327391417192 209.287713349166 54.3697150199946 90.5940813437127 108.129079248053 42.7895413369402 8.59743439439615 41.1371087911623
670.831743145556 132.56028000071 162.881833928406 41.8969532692934 63.7440856838299 73.4214647156912 31.6119636367817 38.0490572432041
230.533480880482 522.086570837739 103.167363086223 126.736536292098 32.5344162058596 49.4627844114172 57.0917787387339 54.2349204547812
469.649220372009 179.416725171371 406.323031422153 79.579996552469 89.8960067918485 21.1804876867446 33.6297207799167 83.9644709619816
290.42123744205 365.51274364403 139.634213426501 313.640549091112 56.9731175641355 61.5628112376264 15.1122785330396 89.3324252603337
70.4053630361548 226.025422177544 284.466704022978 107.255188710546 212.86913166454 35.8322640598242 42.625509030615 79.2903126695505
238.479371541497 54.7942087292618 175.908249412136 218.753248423289 73.8341101600339 141.807172456381 26.7774278166477 94.2494325113625
106.842055179614 185.600753953326 42.6445540622254 135.490045092224 153.164727262729 50.0128565713491 106.220726426612 93.9990947641509
57.5447524217316 83.1517035082785 144.447042297111 32.8393894121586 94.6147045169346 102.302974663833 36.7736144437261 154.817434316992
185.658908924636 44.7852129368448 64.714271779077 112.381701771451 25.4767967609679 73.3271004039231 79.5143364906606 149.18499469629
449.590723005357 144.492302423601 34.8548775238292 50.1782363486227 84.2221909439656 18.477213792333 54.1417492095056 176.649123272881
390.434831616041 349.901866232046 112.453668830664 26.9447042247436 36.459048435396 57.9663521405705 12.8531753029029 175.075698387118
237.119266714059 303.86275613347 272.317264854261 87.5140731655699 20.9586995670614 28.3530481243535 45.0955742780848 146.323002410312
131.256121732046 184.542228514432 236.486519870312 211.783532459401 67.6204962083917 16.0931334064101 21.8086574101718 148.534298216211
536.669385327134 102.152379038026 143.62322630721 181.830059958485 144.980562603659 40.7822354894504 9.65818846702239 122.961841328842
505.164097373706 417.67236258861 79.5018807917504 110.485335286449 125.622449872296 96.0054566042322 29.5352774261375 101.42165882782
656.172259818605 393.152819619858 325.060842373211 61.3420684505506 78.8007904654357 87.0286957213737 71.9839238213546 101.440252529906
504.449341904008 510.677570803642 305.978077972352 252.821642804121 47.4404320539091 60.7701785926968 67.4604105378595 134.97558594445
363.763562570602 392.596548638386 397.443777025873 235.279045630538 173.220223285671 28.8161013979981 38.9944457526803 152.312367813356
762.907229265056 283.105373171045 305.545150323742 305.535992832766 161.357899232043 113.46708357589 20.7879594121137 146.778365830832
110.607134203644 593.745932961747 220.331722484603 234.836891708675 209.055036167009 106.166041383139 84.2894012693384 129.926318804736

