# Simulated data from SIR age-structured hybrid model
# random seed = 938300
# Flag=0 if no issues, =1 if negative pop #'s, =2 if NaN, or=3 if NA. Flag:
0

# Number of years (nyr)
50

# Starting age
0

# Ending age
8

# Sample size for comp data
200

# Sample size for fishery age comp data
200

# Sample size for antibody prevalence data
200

# Survey data
13904.889507722
19574.4105271533
13306.1508766559
17329.1476483829
20638.1102162824
27423.1981019317
24170.6867740688
23102.7093672688
31351.9431987456
35714.5187795156
24784.7638169868
20020.1331870518
18687.5156807911
14677.981219909
9600.58761865725
19452.0400358338
15873.0171422692
15941.791961845
8607.39478012217
6860.98626953289
10848.6021449834
20218.9276144387
18812.0531975705
12816.9815483655
10021.6294106195
8500.22297527836
6074.37331358713
5655.4312254097
7690.52733523397
5969.45016532107
14583.9077803097
9955.20445759409
14659.5863528404
13055.7328515277
9588.92462586904
12854.9319854628
13702.2277695557
9445.19639094225
9831.80907179626
13469.6699492613
13567.1701604291
8018.13223906235
3712.08198587458
7385.79054631191
11554.3167603287
11334.3126214635
10501.0996445332
8602.43031134636
9163.97753755138
6160.11550536778

# Catches
0
0
0
0
0
0
0
0
0
0
0
0
0
0
0
0
0
0
0
0
0
0
0
0
0
0
0
0
0
0
0
0
0
0
0
0
0
0
0
0
0
0
0
0
0
0
0
0
0
0

# Catch compositions
-999 -999 -999 -999 -999 -999 -999 -999
-999 -999 -999 -999 -999 -999 -999 -999
-999 -999 -999 -999 -999 -999 -999 -999
-999 -999 -999 -999 -999 -999 -999 -999
-999 -999 -999 -999 -999 -999 -999 -999
-999 -999 -999 -999 -999 -999 -999 -999
-999 -999 -999 -999 -999 -999 -999 -999
-999 -999 -999 -999 -999 -999 -999 -999
-999 -999 -999 -999 -999 -999 -999 -999
-999 -999 -999 -999 -999 -999 -999 -999
-999 -999 -999 -999 -999 -999 -999 -999
-999 -999 -999 -999 -999 -999 -999 -999
-999 -999 -999 -999 -999 -999 -999 -999
-999 -999 -999 -999 -999 -999 -999 -999
-999 -999 -999 -999 -999 -999 -999 -999
-999 -999 -999 -999 -999 -999 -999 -999
-999 -999 -999 -999 -999 -999 -999 -999
-999 -999 -999 -999 -999 -999 -999 -999
-999 -999 -999 -999 -999 -999 -999 -999
-999 -999 -999 -999 -999 -999 -999 -999
-999 -999 -999 -999 -999 -999 -999 -999
-999 -999 -999 -999 -999 -999 -999 -999
-999 -999 -999 -999 -999 -999 -999 -999
-999 -999 -999 -999 -999 -999 -999 -999
-999 -999 -999 -999 -999 -999 -999 -999
-999 -999 -999 -999 -999 -999 -999 -999
-999 -999 -999 -999 -999 -999 -999 -999
-999 -999 -999 -999 -999 -999 -999 -999
-999 -999 -999 -999 -999 -999 -999 -999
-999 -999 -999 -999 -999 -999 -999 -999
-999 -999 -999 -999 -999 -999 -999 -999
-999 -999 -999 -999 -999 -999 -999 -999
-999 -999 -999 -999 -999 -999 -999 -999
-999 -999 -999 -999 -999 -999 -999 -999
-999 -999 -999 -999 -999 -999 -999 -999
-999 -999 -999 -999 -999 -999 -999 -999
-999 -999 -999 -999 -999 -999 -999 -999
-999 -999 -999 -999 -999 -999 -999 -999
-999 -999 -999 -999 -999 -999 -999 -999
-999 -999 -999 -999 -999 -999 -999 -999
-999 -999 -999 -999 -999 -999 -999 -999
-999 -999 -999 -999 -999 -999 -999 -999
-999 -999 -999 -999 -999 -999 -999 -999
-999 -999 -999 -999 -999 -999 -999 -999
-999 -999 -999 -999 -999 -999 -999 -999
-999 -999 -999 -999 -999 -999 -999 -999
-999 -999 -999 -999 -999 -999 -999 -999
-999 -999 -999 -999 -999 -999 -999 -999
-999 -999 -999 -999 -999 -999 -999 -999
-999 -999 -999 -999 -999 -999 -999 -999

# Age composition from fishery-independent survey
0 0 0 10 43 93 17 37
0 0 2 15 13 23 99 48
0 0 1 6 19 21 24 129
0 0 24 14 18 24 7 113
0 0 3 101 14 11 9 62
0 0 5 14 108 7 3 63
0 0 13 46 21 75 5 40
0 0 7 83 33 12 44 21
0 0 6 31 90 26 6 41
0 0 0 25 41 72 19 43
0 0 3 11 39 42 57 48
0 0 1 3 17 25 37 117
0 0 4 3 7 20 25 141
0 0 3 14 7 7 27 142
0 0 3 21 31 11 3 131
0 0 0 14 31 18 7 130
0 0 0 5 18 25 28 124
0 0 4 5 7 24 14 146
0 0 2 57 5 1 18 117
0 0 8 48 55 2 3 84
0 0 2 81 37 22 1 57
0 0 2 12 105 33 15 33
0 0 1 4 18 92 31 54
0 0 0 5 19 31 82 63
0 0 6 4 5 11 16 158
0 0 1 22 6 13 20 138
0 0 4 24 21 8 6 137
0 0 11 5 37 20 7 120
0 0 9 47 11 28 21 84
0 0 13 70 42 4 18 53
0 0 3 69 55 31 2 40
0 0 2 17 89 43 21 28
0 0 2 9 36 74 29 50
0 0 0 30 23 38 58 51
0 0 2 14 53 19 23 89
0 0 4 32 32 29 9 94
0 0 4 33 46 14 27 76
0 0 2 28 58 37 11 64
0 0 2 11 39 45 29 74
0 0 1 1 23 40 39 96
0 0 0 19 3 18 38 122
0 0 0 8 38 12 8 134
0 0 10 20 14 26 8 122
0 0 6 55 34 8 14 83
0 0 5 32 84 16 0 63
0 0 2 23 50 62 13 50
0 0 2 22 32 38 51 55
0 0 0 25 49 21 21 84
0 0 0 4 41 34 15 106
0 0 9 4 3 51 23 110

# Antibody prevalence values
0 0 0 0 0 1 0 9 12 18 73 21 23 1 41 1
0 0 0 0 0 3 0 8 0 13 17 29 63 21 45 1
0 0 0 0 0 2 0 10 0 15 1 11 10 20 110 21
0 0 0 0 0 25 0 16 0 14 0 14 0 14 88 29
0 0 0 0 0 4 0 89 0 17 0 10 0 9 54 17
0 0 0 0 0 7 0 20 37 69 12 3 7 0 42 3
0 0 0 0 0 19 2 32 5 9 73 14 9 2 34 1
0 0 0 0 0 4 0 88 4 28 6 6 29 10 25 0
0 0 0 0 0 2 0 33 32 68 7 2 3 0 51 2
0 0 0 0 0 2 2 22 21 23 58 11 13 1 47 0
0 0 0 0 0 0 0 18 3 33 24 22 42 6 52 0
0 0 0 0 0 0 0 8 0 22 9 31 19 18 87 6
0 0 0 0 0 3 0 4 0 7 0 18 8 34 107 19
0 0 0 0 0 2 0 20 0 6 0 6 1 15 104 46
0 0 0 0 0 1 0 14 0 21 0 4 1 11 97 51
0 0 0 0 0 0 1 12 2 28 6 20 0 3 86 42
0 0 0 0 0 1 0 1 0 17 3 23 6 16 90 43
0 0 0 0 0 4 0 3 0 6 0 23 0 22 82 60
0 0 0 0 0 3 0 48 0 6 0 6 0 14 74 49
0 0 0 0 0 17 0 43 2 38 2 4 1 1 46 46
0 0 0 0 0 2 0 75 9 40 10 17 1 1 32 13
0 0 0 0 0 1 0 21 39 71 18 4 15 3 27 1
0 0 0 0 0 0 1 12 4 13 51 32 22 7 54 4
0 0 0 0 0 0 0 1 1 21 6 13 60 26 63 9
0 0 0 0 0 6 0 5 0 8 0 13 5 21 119 23
0 0 0 0 0 4 0 20 0 11 0 6 1 9 99 50
0 0 0 0 0 2 0 30 0 24 0 8 0 8 81 47
0 0 0 0 0 6 0 1 0 48 0 29 0 9 72 35
0 0 0 0 0 5 0 46 0 7 0 33 0 16 55 38
0 0 0 0 0 8 0 58 0 47 0 4 0 20 30 33
0 0 0 0 0 2 1 60 1 63 2 30 0 3 19 19
0 0 0 0 0 2 0 22 25 63 21 22 8 9 22 6
0 0 0 0 0 3 0 6 4 33 25 50 25 13 31 10
0 0 0 0 0 1 0 29 0 16 0 37 29 42 33 13
0 0 0 0 0 2 0 23 0 42 0 20 1 29 43 40
0 0 0 0 0 5 0 31 0 32 1 35 1 10 44 41
0 0 0 0 0 2 0 46 2 34 6 11 3 25 35 36
0 0 0 0 0 2 0 21 3 55 4 25 3 14 32 41
0 0 0 0 0 0 1 11 6 40 5 38 7 21 36 35
0 0 0 0 0 1 0 3 0 11 6 40 13 35 47 44
0 0 0 0 0 0 0 19 0 7 2 23 2 26 45 76
0 0 0 0 0 2 0 11 0 33 0 5 1 12 41 95
0 0 0 0 0 11 0 22 0 7 6 21 3 4 51 75
0 0 0 0 0 5 0 57 1 31 1 6 4 12 25 58
0 0 0 0 0 3 0 34 0 82 0 15 0 3 28 35
0 0 0 0 0 2 1 22 7 32 32 36 7 11 36 14
0 0 0 0 0 2 0 28 0 22 8 26 24 26 43 21
0 0 0 0 0 1 0 21 0 37 1 26 5 30 44 35
0 0 0 0 0 1 0 4 0 45 0 33 0 22 41 54
0 0 0 0 0 2 0 6 0 8 0 36 0 35 41 72

# Average weight-at-age
70
94
115
134
150
160
165
168

# Maturity logistic function parameter age-at-50%
3

# Maturity logistic function parameter age-at-95%
4

# Infection prevalence index (avg of 3 different samples)
0
0
0
0
0.138888888888889
0.00555555555555556
0
0.05
0.0944444444444444
0.0111111111111111
0.0166666666666667
0
0
0
0.0111111111111111
0.00555555555555556
0
0.00555555555555556
0.00555555555555556
0.00555555555555556
0.122222222222222
0.0388888888888889
0
0
0
0
0
0
0
0
0.172222222222222
0
0
0
0.00555555555555556
0
0
0
0
0
0
0
0
0
0.0444444444444444
0
0
0
0
0.00555555555555556

