# Simulated data from SIR age-structured hybrid model
# random seed = 1353741
# Flag=0 if no issues, =1 if negative pop #'s, =2 if NaN, or=3 if NA. Flag:
0

# Number of years (nyr)
50

# Starting age
0

# Ending age
8

# Sample size for comp data
200

# Sample size for fishery age comp data
200

# Sample size for antibody prevalence data
200

# Survey data
42960.0878619106
55839.0142581587
42006.9862539383
26863.5787766191
29941.6698450095
20979.4294878386
29227.9900597436
20246.0757650067
19310.4088443433
15630.4979665193
8608.60332540411
7395.13611933975
12779.8748968558
10965.0243961435
38608.7615625713
31926.2198626744
30323.7878030768
32735.4052996654
37255.6282955366
29222.2802934749
19111.0410745372
22958.3191002324
24206.1865889066
15395.5595888355
21314.0016337482
19715.9202658148
20030.0806904798
14742.5195186937
14613.0743846569
8081.89876728395
13044.8525288267
29522.5681238134
25592.5878393738
16744.1600477781
29850.6423961373
24413.2054760853
36780.5604607592
42936.3670827274
23958.4763902752
25000.9915892591
10226.4529638136
26210.9133625916
17683.2285900895
17500.4103679626
26933.8571240015
21034.376540905
20430.342790562
20379.9908370591
25466.0019788533
13566.3826938406

# Catches
0
0
0
0
0
0
0
0
0
0
0
0
0
0
0
0
0
0
0
0
0
0
0
0
0
0
0
0
0
0
0
0
0
0
0
0
0
0
0
0
0
0
0
0
0
0
0
0
0
0

# Catch compositions
-999 -999 -999 -999 -999 -999 -999 -999
-999 -999 -999 -999 -999 -999 -999 -999
-999 -999 -999 -999 -999 -999 -999 -999
-999 -999 -999 -999 -999 -999 -999 -999
-999 -999 -999 -999 -999 -999 -999 -999
-999 -999 -999 -999 -999 -999 -999 -999
-999 -999 -999 -999 -999 -999 -999 -999
-999 -999 -999 -999 -999 -999 -999 -999
-999 -999 -999 -999 -999 -999 -999 -999
-999 -999 -999 -999 -999 -999 -999 -999
-999 -999 -999 -999 -999 -999 -999 -999
-999 -999 -999 -999 -999 -999 -999 -999
-999 -999 -999 -999 -999 -999 -999 -999
-999 -999 -999 -999 -999 -999 -999 -999
-999 -999 -999 -999 -999 -999 -999 -999
-999 -999 -999 -999 -999 -999 -999 -999
-999 -999 -999 -999 -999 -999 -999 -999
-999 -999 -999 -999 -999 -999 -999 -999
-999 -999 -999 -999 -999 -999 -999 -999
-999 -999 -999 -999 -999 -999 -999 -999
-999 -999 -999 -999 -999 -999 -999 -999
-999 -999 -999 -999 -999 -999 -999 -999
-999 -999 -999 -999 -999 -999 -999 -999
-999 -999 -999 -999 -999 -999 -999 -999
-999 -999 -999 -999 -999 -999 -999 -999
-999 -999 -999 -999 -999 -999 -999 -999
-999 -999 -999 -999 -999 -999 -999 -999
-999 -999 -999 -999 -999 -999 -999 -999
-999 -999 -999 -999 -999 -999 -999 -999
-999 -999 -999 -999 -999 -999 -999 -999
-999 -999 -999 -999 -999 -999 -999 -999
-999 -999 -999 -999 -999 -999 -999 -999
-999 -999 -999 -999 -999 -999 -999 -999
-999 -999 -999 -999 -999 -999 -999 -999
-999 -999 -999 -999 -999 -999 -999 -999
-999 -999 -999 -999 -999 -999 -999 -999
-999 -999 -999 -999 -999 -999 -999 -999
-999 -999 -999 -999 -999 -999 -999 -999
-999 -999 -999 -999 -999 -999 -999 -999
-999 -999 -999 -999 -999 -999 -999 -999
-999 -999 -999 -999 -999 -999 -999 -999
-999 -999 -999 -999 -999 -999 -999 -999
-999 -999 -999 -999 -999 -999 -999 -999
-999 -999 -999 -999 -999 -999 -999 -999
-999 -999 -999 -999 -999 -999 -999 -999
-999 -999 -999 -999 -999 -999 -999 -999
-999 -999 -999 -999 -999 -999 -999 -999
-999 -999 -999 -999 -999 -999 -999 -999
-999 -999 -999 -999 -999 -999 -999 -999
-999 -999 -999 -999 -999 -999 -999 -999

# Age composition from fishery-independent survey
0 0 3 21 43 37 44 52
0 0 0 36 44 30 28 62
0 0 0 2 46 21 29 102
0 0 0 4 7 60 31 98
0 0 2 5 1 12 50 130
0 0 0 8 5 8 8 171
0 0 1 4 15 10 7 163
0 0 2 7 14 14 7 156
0 0 1 9 18 17 13 142
0 0 1 6 11 15 4 163
0 0 2 18 11 8 8 153
0 0 13 6 13 10 4 154
0 0 37 71 6 13 6 67
0 0 9 117 38 2 1 33
0 0 2 25 125 21 0 27
0 0 0 36 35 93 24 12
0 0 2 25 49 27 76 21
0 0 0 13 26 56 24 81
0 0 5 11 15 18 49 102
0 0 7 22 14 14 19 124
0 0 6 24 42 16 9 103
0 0 5 45 41 22 2 85
0 0 2 16 60 27 16 79
0 0 0 14 27 57 24 78
0 0 0 11 24 34 45 86
0 0 0 16 23 15 29 117
0 0 2 23 25 19 20 111
0 0 2 15 23 21 10 129
0 0 3 6 26 26 23 116
0 0 7 14 20 13 13 133
0 0 22 43 23 12 16 84
0 0 6 89 37 11 7 50
0 0 6 38 93 22 9 32
0 0 2 14 45 90 20 29
0 0 6 24 18 36 72 44
0 0 2 57 30 13 23 75
0 0 2 32 64 16 13 73
0 0 1 10 39 54 18 78
0 0 0 22 16 41 58 63
0 0 2 18 35 14 29 102
0 0 2 15 23 23 20 117
0 0 6 12 8 20 16 138
0 0 4 30 19 16 20 111
0 0 6 37 38 12 12 95
0 0 7 32 60 22 12 67
0 0 2 36 49 41 16 56
0 0 5 25 42 39 25 64
0 0 3 35 36 37 28 61
0 0 0 32 41 31 16 80
0 0 1 30 46 21 21 81

# Antibody prevalence values
0 0 0 0 1 3 23 2 42 6 49 0 28 0 46 0
0 0 0 0 0 0 20 13 35 10 25 2 24 0 71 0
0 0 0 0 0 0 2 4 29 19 20 4 27 1 93 1
0 0 0 0 0 1 1 6 0 9 32 21 18 10 94 8
0 0 0 0 0 1 0 5 1 6 1 0 32 22 126 6
0 0 0 0 0 1 0 16 0 5 1 13 1 8 118 37
0 0 0 0 0 1 0 2 0 19 0 11 2 12 119 34
0 0 0 0 0 0 0 3 1 10 0 15 0 5 123 43
0 0 0 0 0 1 0 0 0 14 0 14 0 17 109 45
0 0 0 0 0 1 0 5 0 12 0 8 1 7 118 48
0 0 0 0 0 0 11 5 5 3 2 6 8 6 129 25
0 0 0 0 10 6 3 3 19 0 7 1 4 0 145 2
0 0 0 0 12 22 51 15 4 1 9 0 6 0 80 0
0 0 0 0 2 5 86 24 43 1 2 0 2 0 35 0
0 0 0 0 3 4 20 10 101 14 26 0 2 0 20 0
0 0 0 0 0 0 15 21 27 10 84 5 20 2 16 0
0 0 0 0 0 4 6 7 28 43 22 13 54 4 19 0
0 0 0 0 0 0 4 15 12 21 20 15 15 4 91 3
0 0 0 0 1 1 3 4 6 14 10 5 37 16 100 3
0 0 0 0 2 0 13 19 6 4 12 2 14 2 119 7
0 0 0 0 2 3 14 8 33 4 8 0 8 2 116 2
0 0 0 0 2 2 19 13 29 6 25 7 5 1 88 3
0 0 0 0 0 1 7 18 29 30 11 4 21 3 76 0
0 0 0 0 0 2 3 14 3 22 34 24 18 3 75 2
0 0 0 0 0 2 0 9 2 21 12 26 26 26 70 6
0 0 0 0 0 3 0 15 2 15 2 19 13 24 88 19
0 0 0 0 0 4 0 19 5 22 3 9 6 14 87 31
0 0 0 0 0 1 3 12 2 30 2 20 3 18 72 37
0 0 0 0 0 3 5 15 4 17 11 12 5 15 82 31
0 0 0 0 3 5 10 8 18 4 17 5 19 2 105 4
0 0 0 0 8 15 20 9 18 2 18 0 8 0 102 0
0 0 0 0 3 4 53 23 39 3 12 0 14 0 49 0
0 0 0 0 1 2 15 17 63 31 20 2 7 0 42 0
0 0 0 0 0 1 7 4 33 13 67 7 26 0 42 0
0 0 0 0 5 6 14 8 15 2 33 3 63 3 48 0
0 0 0 0 6 1 26 14 20 7 12 2 24 1 85 2
0 0 0 0 0 2 10 19 44 32 8 4 5 0 74 2
0 0 0 0 0 3 2 12 19 20 38 19 11 3 72 1
0 0 0 0 0 2 1 12 2 15 11 26 29 23 76 3
0 0 0 0 0 1 0 16 4 22 4 11 13 21 92 16
0 0 0 0 0 2 0 9 0 24 2 34 5 10 78 36
0 0 0 0 0 3 9 7 8 10 14 13 9 13 96 18
0 0 0 0 1 10 8 11 8 8 12 3 19 5 96 19
0 0 0 0 1 3 26 20 25 13 5 6 6 1 86 8
0 0 0 0 1 3 9 14 39 11 11 11 7 0 91 3
0 0 0 0 0 3 16 12 30 13 34 3 16 3 64 6
0 0 0 0 0 3 15 18 23 11 29 9 27 6 59 0
0 0 0 0 5 5 20 14 26 15 27 8 20 5 52 3
0 0 0 0 0 2 22 22 26 11 23 3 18 3 70 0
0 0 0 0 0 0 12 30 21 25 29 9 11 2 60 1

# Average weight-at-age
70
94
115
134
150
160
165
168

# Maturity logistic function parameter age-at-50%
3

# Maturity logistic function parameter age-at-95%
4

# Infection prevalence index (avg of 3 different samples)
0.00555555555555556
0
0
0
0
0
0
0
0
0.0611111111111111
0
0.133333333333333
0.111111111111111
0.0388888888888889
0.0111111111111111
0
0
0
0.1
0.0333333333333333
0.0111111111111111
0.00555555555555556
0
0
0
0
0
0.0166666666666667
0.0277777777777778
0.0777777777777778
0.0277777777777778
0.0111111111111111
0.0166666666666667
0.0944444444444444
0.0388888888888889
0
0
0
0
0
0.00555555555555556
0
0.0111111111111111
0
0.05
0.00555555555555556
0.0222222222222222
0.00555555555555556
0
0.0888888888888889

