# Simulated data from SIR age-structured hybrid model
# random seed = 4098669
# Flag=0 if no issues, =1 if negative pop #'s, =2 if NaN, or=3 if NA. Flag:
0

# Number of years (nyr)
50

# Starting age
0

# Ending age
8

# Sample size for comp data
200

# Sample size for fishery age comp data
200

# Sample size for antibody prevalence data
200

# Survey data
12669.6965006253
13005.8365130681
8763.35501073779
7226.66722913491
8029.49452419044
7212.40432732748
3533.27791976925
6616.17770088808
4879.96697294103
3820.04196979973
9272.901827743
6314.6873968422
14352.4466810974
5887.21901052999
6398.35808146038
5975.4116704278
30330.6776231006
36141.5220796813
25945.1340340055
15965.7674264335
50769.9924748454
27402.2558820771
26914.0187121789
39165.4851109379
11362.0786802884
16100.7237920881
11805.1770349948
15416.5641458904
7998.10841601122
7754.10675330247
20456.2856512283
17259.0647538288
7810.23983861908
9261.74254472773
6711.56295237807
15535.9054843943
13751.2889721641
6037.67929452872
8356.59035445894
10116.6916678304
10502.4000695427
8099.62360285116
7454.62264663068
7697.21307602453
10906.2754262611
7309.28174555922
18046.7978094187
25709.6427966186
17818.2308771163
13052.8380261605

# Catches
0
0
0
0
0
0
0
0
0
0
0
0
0
0
0
0
0
0
0
0
0
0
0
0
0
0
0
0
0
0
0
0
0
0
0
0
0
0
0
0
0
0
0
0
0
0
0
0
0
0

# Catch compositions
-999 -999 -999 -999 -999 -999 -999 -999
-999 -999 -999 -999 -999 -999 -999 -999
-999 -999 -999 -999 -999 -999 -999 -999
-999 -999 -999 -999 -999 -999 -999 -999
-999 -999 -999 -999 -999 -999 -999 -999
-999 -999 -999 -999 -999 -999 -999 -999
-999 -999 -999 -999 -999 -999 -999 -999
-999 -999 -999 -999 -999 -999 -999 -999
-999 -999 -999 -999 -999 -999 -999 -999
-999 -999 -999 -999 -999 -999 -999 -999
-999 -999 -999 -999 -999 -999 -999 -999
-999 -999 -999 -999 -999 -999 -999 -999
-999 -999 -999 -999 -999 -999 -999 -999
-999 -999 -999 -999 -999 -999 -999 -999
-999 -999 -999 -999 -999 -999 -999 -999
-999 -999 -999 -999 -999 -999 -999 -999
-999 -999 -999 -999 -999 -999 -999 -999
-999 -999 -999 -999 -999 -999 -999 -999
-999 -999 -999 -999 -999 -999 -999 -999
-999 -999 -999 -999 -999 -999 -999 -999
-999 -999 -999 -999 -999 -999 -999 -999
-999 -999 -999 -999 -999 -999 -999 -999
-999 -999 -999 -999 -999 -999 -999 -999
-999 -999 -999 -999 -999 -999 -999 -999
-999 -999 -999 -999 -999 -999 -999 -999
-999 -999 -999 -999 -999 -999 -999 -999
-999 -999 -999 -999 -999 -999 -999 -999
-999 -999 -999 -999 -999 -999 -999 -999
-999 -999 -999 -999 -999 -999 -999 -999
-999 -999 -999 -999 -999 -999 -999 -999
-999 -999 -999 -999 -999 -999 -999 -999
-999 -999 -999 -999 -999 -999 -999 -999
-999 -999 -999 -999 -999 -999 -999 -999
-999 -999 -999 -999 -999 -999 -999 -999
-999 -999 -999 -999 -999 -999 -999 -999
-999 -999 -999 -999 -999 -999 -999 -999
-999 -999 -999 -999 -999 -999 -999 -999
-999 -999 -999 -999 -999 -999 -999 -999
-999 -999 -999 -999 -999 -999 -999 -999
-999 -999 -999 -999 -999 -999 -999 -999
-999 -999 -999 -999 -999 -999 -999 -999
-999 -999 -999 -999 -999 -999 -999 -999
-999 -999 -999 -999 -999 -999 -999 -999
-999 -999 -999 -999 -999 -999 -999 -999
-999 -999 -999 -999 -999 -999 -999 -999
-999 -999 -999 -999 -999 -999 -999 -999
-999 -999 -999 -999 -999 -999 -999 -999
-999 -999 -999 -999 -999 -999 -999 -999
-999 -999 -999 -999 -999 -999 -999 -999
-999 -999 -999 -999 -999 -999 -999 -999

# Age composition from fishery-independent survey
0 0 0 3 0 15 58 124
0 0 1 3 4 7 25 160
0 0 0 9 6 5 6 174
0 0 2 11 13 6 6 162
0 0 4 20 12 8 2 154
0 0 3 34 36 10 8 109
0 0 2 32 48 30 6 82
0 0 1 5 47 38 28 81
0 0 1 9 22 34 37 97
0 0 8 19 17 6 38 112
0 0 1 44 30 7 11 107
0 0 19 18 69 20 12 62
0 0 0 75 28 42 12 43
0 0 2 7 103 16 17 55
0 0 4 24 20 75 11 66
0 0 48 16 27 17 55 37
0 0 26 127 11 6 3 27
0 0 5 64 110 2 6 13
0 0 1 45 82 60 3 9
0 0 3 30 40 61 54 12
0 0 4 32 35 29 55 45
0 0 0 25 42 33 27 73
0 0 3 6 31 49 25 86
0 0 0 35 15 31 30 89
0 0 0 4 73 9 18 96
0 0 0 3 16 50 7 124
0 0 2 1 4 12 54 127
0 0 1 22 6 1 12 158
0 0 7 10 29 6 5 143
0 0 9 26 15 29 3 118
0 0 1 61 43 11 21 63
0 0 0 6 84 25 6 79
0 0 0 6 14 88 26 66
0 0 2 20 7 10 77 84
0 0 23 14 24 4 11 124
0 0 6 114 14 10 2 54
0 0 0 14 139 5 5 37
0 0 4 14 27 110 7 38
0 0 2 22 22 18 90 46
0 0 2 10 31 17 21 119
0 0 2 25 15 24 16 118
0 0 6 29 21 14 26 104
0 0 7 59 30 14 8 82
0 0 8 43 68 19 12 50
0 0 3 43 59 44 10 41
0 0 14 22 69 36 36 23
0 0 6 64 26 46 23 35
0 0 4 39 72 12 30 43
0 0 2 27 48 50 12 61
0 0 0 15 37 65 38 45

# Antibody prevalence values
0 0 0 0 0 1 0 3 0 3 0 11 15 37 109 21
0 0 0 0 0 1 0 5 0 4 0 4 1 15 99 71
0 0 0 0 0 1 0 6 0 1 0 7 0 5 95 85
0 0 0 0 0 1 0 3 0 5 1 7 2 5 112 64
0 0 0 0 0 0 0 27 0 10 0 8 0 4 89 62
0 0 0 0 0 4 0 23 0 42 0 11 0 4 66 50
0 0 0 0 0 1 0 26 0 47 0 29 1 7 51 38
0 0 0 0 0 0 0 10 0 42 0 39 0 20 46 43
0 0 0 0 0 2 0 7 0 13 0 39 0 42 38 59
0 0 0 0 0 7 0 10 0 10 0 11 0 38 29 95
0 0 0 0 0 3 0 41 0 23 0 11 0 7 23 92
0 0 0 0 0 11 0 20 0 45 0 17 0 10 22 75
0 0 0 0 0 1 0 75 0 22 0 38 0 7 11 46
0 0 0 0 0 3 0 10 1 93 3 14 1 24 11 40
0 0 0 0 0 1 1 18 5 21 44 54 11 2 21 22
0 0 0 0 0 36 0 20 2 24 3 10 25 25 32 23
0 0 0 0 0 21 0 133 0 6 0 14 1 3 11 11
0 0 0 0 0 4 3 70 35 62 5 1 5 2 12 1
0 0 0 0 0 3 3 38 40 44 51 8 1 0 12 0
0 0 0 0 0 1 1 27 12 35 55 17 39 5 8 0
0 0 0 0 0 3 0 36 2 40 17 15 40 10 37 0
0 0 0 0 0 0 1 19 14 37 15 10 18 6 78 2
0 0 0 0 0 4 0 10 8 41 15 17 24 3 75 3
0 0 0 0 0 1 0 32 0 10 9 29 17 20 73 9
0 0 0 0 0 0 1 6 13 41 2 6 17 9 93 12
0 0 0 0 0 0 0 1 4 10 38 33 7 2 97 8
0 0 0 0 0 1 0 3 0 7 0 7 23 24 117 18
0 0 0 0 0 0 0 19 0 10 0 6 1 6 119 39
0 0 0 0 0 2 0 9 0 35 0 8 1 0 92 53
0 0 0 0 0 6 0 28 0 19 0 18 0 2 93 34
0 0 0 0 0 3 0 67 0 33 0 8 0 12 47 30
0 0 0 0 0 0 0 6 7 84 8 19 1 2 44 29
0 0 0 0 0 2 0 4 4 17 39 40 18 10 48 18
0 0 0 0 0 3 0 13 1 6 8 12 44 32 60 21
0 0 0 0 0 24 0 14 0 21 0 7 2 12 75 45
0 0 0 0 0 0 0 117 0 12 0 11 1 1 41 17
0 0 0 0 0 1 0 13 48 85 3 0 6 2 40 2
0 0 0 0 0 3 0 15 9 17 90 25 4 1 36 0
0 0 0 0 0 1 0 20 0 23 4 11 77 28 35 1
0 0 0 0 0 2 0 6 0 25 0 17 5 16 101 28
0 0 0 0 0 5 0 23 0 20 0 32 0 14 82 24
0 0 0 0 0 11 0 24 0 24 0 10 0 18 72 41
0 0 0 0 0 9 0 58 0 32 0 17 0 6 40 38
0 0 0 0 0 8 0 55 4 52 0 22 2 7 27 23
0 0 0 0 0 6 2 62 17 35 22 23 5 3 17 8
0 0 0 0 0 10 0 24 12 64 15 18 15 10 25 7
0 0 0 0 0 6 0 51 2 33 7 36 12 15 24 14
0 0 0 0 0 3 0 47 12 48 11 9 20 9 35 6
0 0 0 0 0 1 0 24 11 54 23 29 9 4 39 6
0 0 0 0 0 1 0 23 1 39 14 40 22 12 37 11

# Average weight-at-age
70
94
115
134
150
160
165
168

# Maturity logistic function parameter age-at-50%
3

# Maturity logistic function parameter age-at-95%
4

# Infection prevalence index (avg of 3 different samples)
0
0
0.00555555555555556
0.00555555555555556
0
0
0
0
0
0
0
0
0
0.0166666666666667
0
0
0.3
0.238888888888889
0.05
0
0.05
0.00555555555555556
0
0.00555555555555556
0
0
0
0
0
0
0
0.0777777777777778
0
0
0
0
0.0833333333333333
0
0
0
0
0
0
0
0.0166666666666667
0
0.00555555555555556
0.0111111111111111
0
0.00555555555555556

