# Simulated data from SIR age-structured hybrid model
# random seed = 2086145
# Flag=0 if no issues, =1 if negative pop #'s, =2 if NaN, or=3 if NA. Flag:
0

# Number of years (nyr)
50

# Starting age
0

# Ending age
8

# Sample size for comp data
200

# Sample size for fishery age comp data
200

# Sample size for antibody prevalence data
200

# Survey data
17299.9438417505
14060.6553726288
12624.0729237981
44395.6377421095
20048.0237166964
21431.6015538247
20011.776662854
29261.3896098799
28395.4044646915
27877.734810573
28889.1522872645
39999.0787864131
33264.327421361
34032.8203934439
24469.4524559746
26242.289966345
26461.5727725101
18526.5654981424
13302.2647127685
18594.8135877755
17511.029126906
23131.6187658639
12895.5517181801
12324.3327144961
8635.83622226471
13515.8487416498
17033.7068208589
7307.54592039383
11978.4576274326
8544.2275514495
8285.37549687804
11057.7211443779
10940.0052341287
22129.1639079199
17559.7227005463
27237.2867629423
14290.4539646451
14417.7840453724
16615.896989169
14646.4803233194
15503.01658714
13963.0342006407
11640.9058636198
14741.852997197
10366.2397203032
11376.0741008421
14425.0899100794
24278.3557324955
32744.4550161646
16101.1144885756

# Catches
0
0
0
0
0
0
0
0
0
0
0
0
0
0
0
0
0
0
0
0
0
0
0
0
0
0
0
0
0
0
0
0
0
0
0
0
0
0
0
0
0
0
0
0
0
0
0
0
0
0

# Catch compositions
-999 -999 -999 -999 -999 -999 -999 -999
-999 -999 -999 -999 -999 -999 -999 -999
-999 -999 -999 -999 -999 -999 -999 -999
-999 -999 -999 -999 -999 -999 -999 -999
-999 -999 -999 -999 -999 -999 -999 -999
-999 -999 -999 -999 -999 -999 -999 -999
-999 -999 -999 -999 -999 -999 -999 -999
-999 -999 -999 -999 -999 -999 -999 -999
-999 -999 -999 -999 -999 -999 -999 -999
-999 -999 -999 -999 -999 -999 -999 -999
-999 -999 -999 -999 -999 -999 -999 -999
-999 -999 -999 -999 -999 -999 -999 -999
-999 -999 -999 -999 -999 -999 -999 -999
-999 -999 -999 -999 -999 -999 -999 -999
-999 -999 -999 -999 -999 -999 -999 -999
-999 -999 -999 -999 -999 -999 -999 -999
-999 -999 -999 -999 -999 -999 -999 -999
-999 -999 -999 -999 -999 -999 -999 -999
-999 -999 -999 -999 -999 -999 -999 -999
-999 -999 -999 -999 -999 -999 -999 -999
-999 -999 -999 -999 -999 -999 -999 -999
-999 -999 -999 -999 -999 -999 -999 -999
-999 -999 -999 -999 -999 -999 -999 -999
-999 -999 -999 -999 -999 -999 -999 -999
-999 -999 -999 -999 -999 -999 -999 -999
-999 -999 -999 -999 -999 -999 -999 -999
-999 -999 -999 -999 -999 -999 -999 -999
-999 -999 -999 -999 -999 -999 -999 -999
-999 -999 -999 -999 -999 -999 -999 -999
-999 -999 -999 -999 -999 -999 -999 -999
-999 -999 -999 -999 -999 -999 -999 -999
-999 -999 -999 -999 -999 -999 -999 -999
-999 -999 -999 -999 -999 -999 -999 -999
-999 -999 -999 -999 -999 -999 -999 -999
-999 -999 -999 -999 -999 -999 -999 -999
-999 -999 -999 -999 -999 -999 -999 -999
-999 -999 -999 -999 -999 -999 -999 -999
-999 -999 -999 -999 -999 -999 -999 -999
-999 -999 -999 -999 -999 -999 -999 -999
-999 -999 -999 -999 -999 -999 -999 -999
-999 -999 -999 -999 -999 -999 -999 -999
-999 -999 -999 -999 -999 -999 -999 -999
-999 -999 -999 -999 -999 -999 -999 -999
-999 -999 -999 -999 -999 -999 -999 -999
-999 -999 -999 -999 -999 -999 -999 -999
-999 -999 -999 -999 -999 -999 -999 -999
-999 -999 -999 -999 -999 -999 -999 -999
-999 -999 -999 -999 -999 -999 -999 -999
-999 -999 -999 -999 -999 -999 -999 -999
-999 -999 -999 -999 -999 -999 -999 -999

# Age composition from fishery-independent survey
0 0 1 6 26 36 44 87
0 0 4 11 6 27 32 120
0 0 20 9 9 8 21 133
0 0 0 89 16 7 7 81
0 0 5 6 116 15 7 51
0 0 3 35 23 95 5 39
0 0 4 21 50 16 69 40
0 0 11 33 36 26 10 84
0 0 5 50 39 14 22 70
0 0 1 32 73 40 8 46
0 0 1 6 50 56 30 57
0 0 7 30 9 44 46 64
0 0 0 45 37 8 31 79
0 0 6 15 48 31 3 97
0 0 7 28 18 48 22 77
0 0 1 22 32 19 35 91
0 0 2 24 31 34 19 90
0 0 1 19 39 35 17 89
0 0 0 11 30 34 30 95
0 0 3 7 16 39 30 105
0 0 3 5 13 17 39 123
0 0 5 41 12 10 13 119
0 0 2 31 41 11 5 110
0 0 2 27 30 44 6 91
0 0 8 5 46 30 36 75
0 0 3 86 10 28 21 52
0 0 1 27 93 8 13 58
0 0 4 22 44 72 5 53
0 0 1 21 32 37 53 56
0 0 5 6 34 35 30 90
0 0 13 26 10 33 21 97
0 0 15 48 24 5 22 86
0 0 4 69 45 20 2 60
0 0 2 50 86 22 10 30
0 0 4 15 61 75 15 30
0 0 5 34 17 52 56 36
0 0 3 25 29 20 46 77
0 0 4 23 40 32 14 87
0 0 6 33 23 32 22 84
0 0 2 64 34 16 22 62
0 0 3 52 59 20 9 57
0 0 0 25 56 51 15 53
0 0 3 7 67 52 21 50
0 0 1 17 16 37 48 81
0 0 0 12 23 16 36 113
0 0 20 26 27 28 8 91
0 0 8 68 29 7 11 77
0 0 8 51 85 15 3 38
0 0 1 22 63 61 12 41
0 0 4 7 49 48 46 46

# Antibody prevalence values
0 0 0 0 0 1 0 6 0 25 4 24 30 12 91 7
0 0 0 0 0 3 0 12 0 10 0 24 5 15 99 32
0 0 0 0 0 13 0 20 0 13 0 5 0 15 87 47
0 0 0 0 0 0 0 83 0 30 0 11 0 6 48 22
0 0 0 0 0 7 2 9 38 74 15 3 3 0 46 3
0 0 0 0 0 3 0 27 10 11 67 19 13 2 48 0
0 0 0 0 0 5 0 26 2 45 5 12 48 18 38 1
0 0 0 0 0 3 0 32 9 33 12 24 3 4 72 8
0 0 0 0 0 3 1 61 7 33 16 7 17 11 40 4
0 0 0 0 0 0 3 33 13 44 14 9 11 3 69 1
0 0 0 0 0 3 0 5 10 43 35 17 24 3 58 2
0 0 0 0 0 10 0 22 2 11 11 29 33 13 67 2
0 0 0 0 0 2 0 42 0 41 1 10 9 25 59 11
0 0 0 0 0 4 1 11 16 50 10 12 5 0 77 14
0 0 0 0 0 6 1 24 4 14 24 26 8 4 83 6
0 0 0 0 0 3 0 27 0 26 1 18 23 24 66 12
0 0 0 0 0 3 0 21 6 32 3 28 3 9 74 21
0 0 0 0 0 2 2 19 1 31 6 25 10 14 71 19
0 0 0 0 0 0 0 16 1 23 6 25 13 17 83 16
0 0 0 0 0 0 0 8 1 18 4 25 7 28 76 33
0 0 0 0 0 5 0 5 0 16 2 10 6 13 89 54
0 0 0 0 0 4 0 35 0 10 3 7 3 9 82 47
0 0 0 0 0 2 0 27 2 49 0 1 1 8 70 40
0 0 0 0 0 0 0 36 3 40 3 36 2 4 46 30
0 0 0 0 0 8 0 8 1 43 0 30 5 26 53 26
0 0 0 0 0 3 0 61 0 9 0 33 6 15 42 31
0 0 0 0 0 1 0 23 17 77 5 1 8 6 49 13
0 0 0 0 0 0 1 26 8 36 29 34 5 0 55 6
0 0 0 0 0 0 0 25 0 32 9 34 26 27 37 10
0 0 0 0 0 7 0 7 0 37 1 23 8 31 57 29
0 0 0 0 0 10 0 31 0 11 0 30 0 20 57 41
0 0 0 0 0 13 0 52 0 30 0 4 0 20 37 44
0 0 0 0 0 9 0 79 5 49 0 9 0 3 16 30
0 0 0 0 0 3 1 47 29 59 19 8 4 5 18 7
0 0 0 0 0 3 1 13 20 40 45 21 20 2 35 0
0 0 0 0 0 7 0 21 3 20 21 32 46 13 34 3
0 0 0 0 0 4 0 33 0 27 1 12 14 31 71 7
0 0 0 0 0 4 0 17 2 50 4 23 1 8 68 23
0 0 0 0 0 12 0 30 3 19 10 22 7 10 58 29
0 0 0 0 0 6 0 52 4 51 1 15 2 6 39 24
0 0 0 0 0 7 0 38 10 54 12 10 7 5 46 11
0 0 0 0 0 1 1 35 11 36 29 16 13 4 48 6
0 0 0 0 0 4 0 9 2 38 13 46 14 16 54 4
0 0 0 0 0 1 0 16 1 11 5 30 19 34 68 15
0 0 0 0 0 1 0 10 0 37 1 10 3 21 89 28
0 0 0 0 0 14 0 35 0 11 0 28 0 8 51 53
0 0 0 0 0 6 0 89 2 21 0 15 1 15 23 28
0 0 0 0 0 4 1 43 23 70 11 2 2 1 39 4
0 0 0 0 0 0 1 18 23 56 39 16 7 3 35 2
0 0 0 0 0 4 0 8 2 44 21 44 32 11 34 0

# Average weight-at-age
70
94
115
134
150
160
165
168

# Maturity logistic function parameter age-at-50%
3

# Maturity logistic function parameter age-at-95%
4

# Infection prevalence index (avg of 3 different samples)
0
0
0
0.144444444444444
0.0388888888888889
0
0.0333333333333333
0.0111111111111111
0.15
0.0722222222222222
0
0.00555555555555556
0.0111111111111111
0.00555555555555556
0
0
0
0
0.00555555555555556
0
0
0.0222222222222222
0
0.00555555555555556
0
0.0611111111111111
0
0
0
0
0
0.0166666666666667
0.0166666666666667
0.0888888888888889
0
0
0
0
0
0.15
0.0277777777777778
0
0
0
0
0
0.155555555555556
0.138888888888889
0.00555555555555556
0

