# Simulated data from SIR age-structured hybrid model
# random seed = 9215739
# Flag=0 if no issues, =1 if negative pop #'s, =2 if NaN, or=3 if NA. Flag:
0

# True SSB
35800.6492329383
31649.8167052828
32039.6757957415
37399.0780112576
48735.5579987078
51990.911548599
47689.5678015094
41804.6945324911
50396.7913354249
97228.3724053378
119494.461643077
94298.5022271864
88648.2379592309
85482.0925274843
78264.8971486486
73798.9984118382
66442.1526831611
55996.3789955575
45579.277105832
33521.7369453206
26998.4450174899
23714.6462689848
22725.7392593578
25164.9371147609
23731.5438764509
22849.3030850852
19450.2770580387
20264.4515788218
23286.6930000511
32734.0588544659
44305.6324703465
40025.0066632372
50677.4357919311
74957.7335989129
101227.243987705
108662.443062985
83271.0324711348
65516.5676077359
56765.1480940183
47728.3420455817
54222.5495050178
73317.8755584266
85692.738995912
80910.8893727169
78471.7239222965
63825.2099245714
53097.5646899877
43368.5528057871
35938.7310087137
31668.093426967

# True R (numbers)
202.670150012715
621.852060075246
206.656963186172
34.3910648997222
64.3102042177061
346.840490657106
1676.11792815886
354.317088026439
88.5049077626163
104.912586415235
79.1900012882814
137.67568020431
166.675641625768
41.9858577331177
60.253533089499
12.9095707607439
22.625755648096
37.6520699929632
7.26194528516696
94.6083600844192
120.097322016551
129.774671845112
68.5273336691716
46.3262673721706
126.844377704678
51.3504677687995
536.765868509171
205.708015836797
216.703397058915
390.597718985332
922.326930875244
721.517725651589
93.6248572331201
32.6374695126796
14.3244374023742
12.993399793997
76.7650503179584
320.491375711148
714.184741187528
405.242330785426
78.8647804450462
223.064189492328
90.8856161538073
43.4279198266329
46.6201815297573
21.2025195275647
4.15433583491931
26.2225891242706
22.8484089638065
14.544579708205

# True infection rate given (selected) susceptible
-999 -999 0.0698196635035464 0.069819663503547 0.0698196635035476 0.0698196635035473 0.0698196635035463 0.0698196635035468
-999 -999 0.0222060142176853 0.0222060142176853 0.0222060142176855 0.0222060142176852 0.0222060142176848 0.0222060142176837
-999 -999 0.0306322778987212 0.0306322778987229 0.0306322778987223 0.0306322778987225 0.0306322778987217 0.0306322778987221
-999 -999 0.583455704207233 0.583455704207233 0.583455704207233 0.583455704207233 0.583455704207233 0.583455704207233
-999 -999 0.851147727279327 0.851147727279327 0.851147727279327 0.851147727279327 0.851147727279327 0.851147727279327
-999 -999 0.761415942991434 0.761415942991433 0.761415942991434 0.761415942991433 0.761415942991434 0.761415942991434
-999 -999 0.00405424650189695 0.00405424650189717 0.00405424650189619 0.00405424650189719 0.004054246501897 0.00405424650189656
-999 -999 0.00249727746788423 0.00249727746788309 0.00249727746788413 0.00249727746788391 0.0024972774678838 0.00249727746788367
-999 -999 0.688312262784335 0.688312262784336 0.688312262784336 0.688312262784335 0.688312262784337 0.688312262784336
-999 -999 0.956741462510516 0.956741462510516 0.956741462510515 0.956741462510515 0.956741462510515 0.956741462510515
-999 -999 0.914315481617815 0.914315481617815 0.914315481617814 0.914315481617814 0.914315481617815 0.914315481617814
-999 -999 0.00743859655835402 0.0074385965583543 0.00743859655835486 0.00743859655835406 0.00743859655835397 0.00743859655835446
-999 -999 0.00839970836516553 0.00839970836516562 0.00839970836516512 0.00839970836516481 0.008399708365165 0.00839970836516503
-999 -999 0.0147810295288473 0.0147810295288464 0.0147810295288464 0.0147810295288461 0.0147810295288465 0.0147810295288462
-999 -999 0.197029393097386 0.197029393097386 0.197029393097386 0.197029393097386 0.197029393097387 0.197029393097385
-999 -999 0.429167420145536 0.429167420145536 0.429167420145536 0.429167420145536 0.429167420145536 0.429167420145536
-999 -999 0.0643065319552605 0.0643065319552612 0.0643065319552607 0.06430653195526 0.0643065319552601 0.0643065319552602
-999 -999 0.0217556882236815 0.0217556882236804 0.0217556882236811 0.0217556882236818 0.0217556882236817 0.0217556882236808
-999 -999 0.0298633448095875 0.029863344809587 0.029863344809588 0.0298633448095879 0.0298633448095888 0.0298633448095878
-999 -999 0.0982620792435803 0.0982620792435814 0.098262079243581 0.0982620792435809 0.0982620792435809 0.0982620792435813
-999 -999 0.0237723034932498 0.0237723034932488 0.0237723034932497 0.0237723034932485 0.0237723034932496 0.0237723034932504
-999 -999 0.051241754041189 0.0512417540411885 0.0512417540411889 0.0512417540411887 0.0512417540411886 0.0512417540411896
-999 -999 0.0302995578091123 0.0302995578091121 0.030299557809112 0.0302995578091109 0.0302995578091128 0.0302995578091116
-999 -999 0.333102304515259 0.333102304515258 0.333102304515259 0.333102304515258 0.333102304515259 0.333102304515258
-999 -999 0.108974491484138 0.108974491484138 0.108974491484138 0.108974491484138 0.108974491484138 0.108974491484138
-999 -999 0.0895885641733225 0.0895885641733225 0.0895885641733229 0.0895885641733229 0.0895885641733226 0.0895885641733239
-999 -999 0.00781658894050488 0.00781658894050426 0.00781658894050534 0.00781658894050559 0.00781658894050554 0.00781658894050554
-999 -999 0.0790086552476206 0.0790086552476197 0.07900865524762 0.0790086552476202 0.0790086552476201 0.0790086552476199
-999 -999 0.441811867735072 0.441811867735071 0.44181186773507 0.441811867735071 0.441811867735071 0.441811867735071
-999 -999 0.861318752897058 0.861318752897058 0.861318752897058 0.861318752897058 0.861318752897058 0.861318752897058
-999 -999 0.773457266947047 0.773457266947047 0.773457266947047 0.773457266947047 0.773457266947047 0.773457266947047
-999 -999 0.0411557305600445 0.0411557305600452 0.041155730560045 0.0411557305600458 0.0411557305600458 0.0411557305600454
-999 -999 0.735011523915291 0.735011523915291 0.735011523915291 0.73501152391529 0.735011523915291 0.735011523915291
-999 -999 0.888768239771237 0.888768239771236 0.888768239771236 0.888768239771237 0.888768239771237 0.888768239771236
-999 -999 0.892100303881856 0.892100303881856 0.892100303881856 0.892100303881856 0.892100303881856 0.892100303881856
-999 -999 0.739212128643483 0.739212128643483 0.739212128643483 0.739212128643483 0.739212128643483 0.739212128643483
-999 -999 0.00188138513745005 0.00188138513744907 0.00188138513745069 0.00188138513744974 0.00188138513744921 0.00188138513744957
-999 -999 0.00146109255181033 0.00146109255181079 0.0014610925518107 0.00146109255181057 0.00146109255181071 0.00146109255181122
-999 -999 0.00299084941878189 0.00299084941878136 0.00299084941878139 0.00299084941878144 0.00299084941878189 0.00299084941878261
-999 -999 0.0046442105463118 0.0046442105463108 0.00464421054631073 0.0046442105463115 0.00464421054631048 0.00464421054631118
-999 -999 0.614383133033002 0.614383133033003 0.614383133033002 0.614383133033002 0.614383133033003 0.614383133033002
-999 -999 0.870196998237985 0.870196998237984 0.870196998237985 0.870196998237985 0.870196998237984 0.870196998237984
-999 -999 0.820495602900422 0.820495602900422 0.820495602900422 0.820495602900422 0.820495602900422 0.820495602900422
-999 -999 0.320269794587519 0.320269794587518 0.320269794587519 0.32026979458752 0.320269794587519 0.320269794587519
-999 -999 0.0595474130200589 0.0595474130200593 0.059547413020059 0.0595474130200589 0.0595474130200595 0.0595474130200585
-999 -999 0.360264218720069 0.360264218720068 0.360264218720068 0.360264218720068 0.360264218720068 0.360264218720068
-999 -999 0.00638427602235877 0.00638427602235839 0.00638427602235816 0.0063842760223587 0.00638427602235896 0.00638427602235797
-999 -999 0.00508741419764543 0.00508741419764499 0.00508741419764517 0.00508741419764452 0.00508741419764507 0.00508741419764516
-999 -999 0.0189602187656589 0.0189602187656596 0.0189602187656592 0.0189602187656593 0.0189602187656597 0.0189602187656594
-999 -999 0.0662516819602779 0.0662516819602776 0.0662516819602782 0.0662516819602776 0.0662516819602775 0.0662516819602786

# Duration of outbreak (days) based on incidence
0
0
0
0
0
0
0
0
0
2
0
0
0
0
0
0
0
0
0
0
0
0
0
0
0
0
0
0
0
0
0
0
0
0
0
0
0
0
0
0
0
0
0
0
0
0
0
0
0
0

# Duration of outbreak (days) based on prevalence
0
0
0
13
26
16
0
0
19
24
19
0
0
0
0
0
0
0
0
0
0
0
0
0
0
0
0
0
0
28
21
0
23
24
21
0
0
0
0
0
0
23
18
0
0
0
0
0
0
0

# Peak (point) prevalence
0.00556086100672645
0.00164270866969273
0.00353009943498553
0.108434917007688
0.28567476020027
0.134115542527883
0.000108987976787183
8.7639211890611e-05
0.131418376670171
0.493983086655843
0.265309429119872
0.000153896157439967
0.000265178064069387
0.000706140310606854
0.0144803727644684
0.0358201282831451
0.00460093334508304
0.00131159008343211
0.00201348469840189
0.00816217321386601
0.00154709293890028
0.00452352517246409
0.00318832097045448
0.048578723679189
0.0196084899078935
0.0182142962518518
0.0010113976793329
0.0174472442992956
0.0809988116447354
0.330828934491933
0.17569569693619
0.00408111084577294
0.164404528174202
0.299701283241801
0.250446855234189
0.082390461372254
2.44247672172394e-05
2.12823466292878e-05
4.98318784352751e-05
0.000115575861268288
0.0812717812097055
0.263092714550675
0.165462984101953
0.01733370986453
0.00459742760931343
0.0301698565812994
0.000231819538113443
0.000196807226159718
0.00106056527666444
0.00523284106502172

# Day of peak prevalence
119
119
119
70
30
40
100
94
56
14
17
119
119
119
114
86
119
119
119
119
119
119
119
103
119
119
119
119
93
30
36
119
50
24
22
40
63
66
60
77
63
27
31
102
119
101
113
104
119
119

# Total immunity
0.233733439435726
0.0998406558697544
0.0818532827207437
0.0810632328761776
0.156721783696869
0.224250928696819
0.0967033184259208
0.0806656279189148
0.0766265090501242
0.129323266634299
0.369414611001313
0.555486075843816
0.453664557204066
0.431794520096068
0.398572643636863
0.433999216438395
0.537812296486858
0.505342823271202
0.500131478395268
0.361736909944894
0.258482321926622
0.183182905465183
0.158073993058214
0.142418546789203
0.148346191603344
0.144463184444332
0.0500942595782366
0.0379518132255145
0.0340107039319797
0.0500609662323989
0.0762495044202033
0.0823508978611696
0.0791628071892077
0.153344058948835
0.332932430445762
0.617820157499776
0.715158843986616
0.423337273277855
0.203285560286445
0.147124298582187
0.138233167006579
0.166991128654354
0.307790775355566
0.467861168943496
0.484987457663768
0.476384667599776
0.576396392497505
0.530025010425108
0.486280174105992
0.462193441510419

# Observed immunity (based on survey selectivity)
0.589629568767204
0.540640728224666
0.436663413186769
0.289598689668054
0.310947293985214
0.516661896542215
0.742540311000239
0.655550996959305
0.391056109992087
0.263005419583654
0.505382365230262
0.810973117672926
0.749311695177798
0.685771771176813
0.604159450020713
0.564384869146755
0.650290080389941
0.623261713842504
0.596595026412671
0.583487134475806
0.581330684532532
0.547857739617379
0.460233115599842
0.329264764605024
0.362800983659117
0.326342611401153
0.314188647223423
0.239855792592079
0.197137199111629
0.215068992587526
0.429142711390216
0.579592990078166
0.362171805964712
0.365435850014738
0.464636808536591
0.688175390734565
0.860813153567016
0.83947144915714
0.819257825697107
0.737083628199398
0.501600868944684
0.400702313460556
0.531219724712084
0.718393328640677
0.682113132151179
0.598889235910811
0.674872389025824
0.633950736813719
0.601029073629463
0.588089072162225

# True total proportion of susceptible
1 1 1 0.998262879234331 0.982054627546397 0.961737829939264 0.952892516258368 0.264720115041288
1 1 1 0.997419395461943 0.972228902467068 0.93258520639767 0.910266768959789 0.260955721400997
1 1 1 0.999191103530668 0.989318175876462 0.957021242048487 0.916970315522793 0.259845013416853
1 1 1 0.998866763315449 0.987817061455581 0.967743190012043 0.934744507561655 0.327288464678156
1 1 1 0.978244153304664 0.761498357548693 0.495566226536375 0.452360266436964 0.166590110070761
1 1 1 0.96920634153832 0.634117581442573 0.163431240200329 0.0743094959474633 0.0263529048847817
1 1 1 0.972587689580593 0.669190013933351 0.19436651668996 0.0381628658768822 0.008433199992499
1 1 1 0.999851302064554 0.971114180477993 0.667020977944382 0.193587804449603 0.0183026353401668
1 1 1 0.999908582901802 0.998937127252944 0.969405312644943 0.665626373427572 0.119293705839982
1 1 1 0.974964859929386 0.722672561584602 0.409250531304003 0.356019149337468 0.0726603100180017
1 1 1 0.965842313873479 0.588590769521408 0.0765739455910891 0.0170421539272879 0.00317373896619774
1 1 1 0.96720983318203 0.599723028359656 0.0844612908254934 0.0058603134345978 0.000330390782174925
1 1 1 0.999731794730253 0.964569547368013 0.596130330241874 0.0838293585275471 0.00248684611070111
1 1 1 0.999698582725674 0.996715005693131 0.958949599106108 0.591905459280761 0.0589996445048255
1 1 1 0.999459936555654 0.994288852533135 0.986435289544087 0.948369127622411 0.156405967661278
1 1 1 0.992751076846703 0.924913239496831 0.848943313522644 0.833716050822192 0.167370669452174
1 1 1 0.984307225800633 0.826450294995937 0.604344931729989 0.530831984617072 0.127718459206917
1 1 1 0.997615912864858 0.960466628899513 0.785611034728123 0.570238666610346 0.145545585339974
1 1 1 0.999194928678362 0.98955276083494 0.945442660653045 0.771729286027946 0.202216984504446
1 1 1 0.998874278528132 0.987897967110299 0.9681245555183 0.923483897471708 0.297151188668419
1 1 1 0.996339850934036 0.961781124504309 0.916890028652105 0.894185332731606 0.299014756374975
1 1 1 0.999133443943077 0.987664407559893 0.945586774480361 0.900330178587097 0.342453889823865
1 1 1 0.998116397677266 0.980172879694688 0.951627448717267 0.908609912679929 0.337722456392624
1 1 1 0.998882916905237 0.986911626354794 0.959022780246068 0.92974538568696 0.353222940741268
1 1 1 0.987234091541278 0.864717279143021 0.720337102488268 0.682373662327215 0.269633061645145
1 1 1 0.995877824458592 0.945668275698426 0.791062762024875 0.652206219092737 0.24793650772808
1 1 1 0.996569814590045 0.961209386256312 0.881017698790944 0.730624271248656 0.328464417852298
1 1 1 0.99971229403201 0.993694915660008 0.955857406854508 0.87567995806888 0.455597788358784
1 1 1 0.997087896366556 0.970270152366665 0.937324518128547 0.897833705777308 0.545779432037632
1 1 1 0.983233869664856 0.818156808947347 0.612331779227797 0.567295291416656 0.348128184341298
1 1 1 0.969090500175298 0.636303308835224 0.175484815997139 0.0926876761777812 0.0528979124815622
1 1 1 0.97169746566099 0.658279169142654 0.178831926934601 0.0366694919155327 0.0133219528007116
1 1 1 0.998470290868821 0.956559893828021 0.636161729038607 0.171413008224831 0.0160369041866167
1 1 1 0.97336520932144 0.701769874355529 0.342399934677001 0.183212200297732 0.0313999186282811
1 1 1 0.968167478563596 0.617295271815062 0.125215874738553 0.0382240675908937 0.00727015800895108
1 1 1 0.968192596974795 0.613786586329875 0.107668292319269 0.0131972438212283 0.0015144905138873
1 1 1 0.973083293020214 0.674472222572423 0.196091630519592 0.0263491008802066 0.00141976741208196
1 1 1 0.999931117299791 0.972395042905172 0.67345720099795 0.195727950677648 0.0143555710192807
1 1 1 0.999947475030788 0.999405877449087 0.971412443102947 0.672650122529285 0.0842120421202317
1 1 1 0.999890970589538 0.998857083383778 0.997334575132216 0.969267640842148 0.125367624291033
1 1 1 0.999832052440435 0.998210895019298 0.99566556738692 0.993977892752954 0.152268768083778
1 1 1 0.977527650103718 0.753710333085994 0.481968642418806 0.446959722475836 0.0625994556185717
1 1 1 0.968747737031756 0.627736597589241 0.150473078501472 0.0649643186854407 0.00817319718211813
1 1 1 0.97049962222235 0.643157766891002 0.153584159753058 0.026010941465214 0.00227600615103087
1 1 1 0.98825113511898 0.849711947406793 0.467546491125199 0.10380710693529 0.00699284056709021
1 1 1 0.997718992353676 0.965399466526306 0.809933317168314 0.441121338034273 0.0504924216627882
1 1 1 0.986595534483261 0.856555203628519 0.688193361545501 0.552495141458796 0.102132912221325
1 1 1 0.999765249862093 0.984259829737272 0.852489983464686 0.684525153888117 0.131618665209307
1 1 1 0.999814052768898 0.997905172731821 0.980755452465299 0.849115528943656 0.241511786528844
1 1 1 0.999315100459437 0.992948844213155 0.984843396922347 0.967140234419863 0.295995757698497

# True vulnerable proportion of susceptible
0 0 0.05 0.499131439617165 0.932951896169077 0.961737829939264 0.952892516258368 0.264720115041288
0 0 0.05 0.498709697730971 0.923617457343714 0.93258520639767 0.910266768959789 0.260955721400997
0 0 0.05 0.499595551765334 0.939852267082639 0.957021242048487 0.916970315522793 0.259845013416853
0 0 0.05 0.499433381657724 0.938426208382802 0.967743190012043 0.934744507561655 0.327288464678156
0 0 0.05 0.489122076652332 0.723423439671259 0.495566226536375 0.452360266436964 0.166590110070761
0 0 0.05 0.48460317076916 0.602411702370444 0.163431240200329 0.0743094959474633 0.0263529048847817
0 0 0.05 0.486293844790297 0.635730513236684 0.19436651668996 0.0381628658768822 0.008433199992499
0 0 0.05 0.499925651032277 0.922558471454093 0.667020977944382 0.193587804449603 0.0183026353401668
0 0 0.05 0.499954291450901 0.948990270890296 0.969405312644943 0.665626373427572 0.119293705839982
0 0 0.05 0.487482429964693 0.686538933505372 0.409250531304003 0.356019149337468 0.0726603100180017
0 0 0.05 0.482921156936739 0.559161231045337 0.0765739455910891 0.0170421539272879 0.00317373896619774
0 0 0.05 0.483604916591015 0.569736876941673 0.0844612908254934 0.0058603134345978 0.000330390782174925
0 0 0.05 0.499865897365126 0.916341069999613 0.596130330241874 0.0838293585275471 0.00248684611070111
0 0 0.05 0.499849291362837 0.946879255408475 0.958949599106108 0.591905459280761 0.0589996445048255
0 0 0.05 0.499729968277827 0.944574409906478 0.986435289544087 0.948369127622411 0.156405967661278
0 0 0.05 0.496375538423351 0.87866757752199 0.848943313522644 0.833716050822192 0.167370669452174
0 0 0.05 0.492153612900316 0.78512778024614 0.604344931729989 0.530831984617072 0.127718459206917
0 0 0.05 0.498807956432429 0.912443297454537 0.785611034728123 0.570238666610346 0.145545585339974
0 0 0.05 0.499597464339181 0.940075122793193 0.945442660653045 0.771729286027946 0.202216984504446
0 0 0.05 0.499437139264066 0.938503068754784 0.9681245555183 0.923483897471708 0.297151188668419
0 0 0.05 0.498169925467018 0.913692068279094 0.916890028652105 0.894185332731606 0.299014756374975
0 0 0.05 0.499566721971538 0.938281187181899 0.945586774480361 0.900330178587097 0.342453889823865
0 0 0.05 0.499058198838633 0.931164235709953 0.951627448717267 0.908609912679929 0.337722456392624
0 0 0.05 0.499441458452619 0.937566045037055 0.959022780246068 0.92974538568696 0.353222940741268
0 0 0.05 0.493617045770639 0.82148141518587 0.720337102488268 0.682373662327215 0.269633061645145
0 0 0.05 0.497938912229296 0.898384861913505 0.791062762024875 0.652206219092737 0.24793650772808
0 0 0.05 0.498284907295022 0.913148916943496 0.881017698790944 0.730624271248656 0.328464417852298
0 0 0.05 0.499856147016005 0.944010169877007 0.955857406854508 0.87567995806888 0.455597788358784
0 0 0.05 0.498543948183278 0.921756644748332 0.937324518128547 0.897833705777308 0.545779432037632
0 0 0.05 0.491616934832428 0.777248968499979 0.612331779227797 0.567295291416656 0.348128184341298
0 0 0.05 0.484545250087649 0.604488143393462 0.175484815997139 0.0926876761777812 0.0528979124815622
0 0 0.05 0.485848732830495 0.625365210685521 0.178831926934601 0.0366694919155327 0.0133219528007116
0 0 0.05 0.49923514543441 0.908731899136619 0.636161729038607 0.171413008224831 0.0160369041866167
0 0 0.05 0.48668260466072 0.666681380637752 0.342399934677001 0.183212200297732 0.0313999186282811
0 0 0.05 0.484083739281798 0.586430508224309 0.125215874738553 0.0382240675908937 0.00727015800895108
0 0 0.05 0.484096298487397 0.583097257013381 0.107668292319269 0.0131972438212283 0.0015144905138873
0 0 0.05 0.486541646510107 0.640748611443802 0.196091630519592 0.0263491008802066 0.00141976741208196
0 0 0.05 0.499965558649895 0.923775290759913 0.67345720099795 0.195727950677648 0.0143555710192807
0 0 0.05 0.499973737515394 0.949435583576632 0.971412443102947 0.672650122529285 0.0842120421202317
0 0 0.05 0.499945485294769 0.948914229214589 0.997334575132216 0.969267640842148 0.125367624291033
0 0 0.05 0.499916026220218 0.948300350268333 0.99566556738692 0.993977892752954 0.152268768083778
0 0 0.05 0.488763825051859 0.716024816431694 0.481968642418806 0.446959722475836 0.0625994556185717
0 0 0.05 0.484373868515878 0.596349767709779 0.150473078501472 0.0649643186854407 0.00817319718211813
0 0 0.05 0.485249811111175 0.610999878546452 0.153584159753058 0.026010941465214 0.00227600615103087
0 0 0.05 0.49412556755949 0.807226350036453 0.467546491125199 0.10380710693529 0.00699284056709021
0 0 0.05 0.498859496176838 0.917129493199991 0.809933317168314 0.441121338034273 0.0504924216627882
0 0 0.05 0.493297767241631 0.813727443447093 0.688193361545501 0.552495141458796 0.102132912221325
0 0 0.05 0.499882624931047 0.935046838250409 0.852489983464686 0.684525153888117 0.131618665209307
0 0 0.05 0.499907026384449 0.94800991409523 0.980755452465299 0.849115528943656 0.241511786528844
0 0 0.05 0.499657550229718 0.943301402002497 0.984843396922347 0.967140234419863 0.295995757698497

# True survival by age
0.786634328702282 0.786634328702282 0.785784553760339 0.778152237214658 0.770787605238463 0.770308856940194 0.770463751439364 0.782514665999775
0.824063639036702 0.824063639036702 0.823797701819397 0.821412254292213 0.819163256693938 0.819132836455022 0.819261269007231 0.822997761548299
0.782945476493953 0.782945476493953 0.782588725142912 0.77938127228656 0.776245198383716 0.776139608586441 0.776446344473899 0.781479034855817
0.728889434080294 0.728889434080294 0.72213728441612 0.661445169272454 0.602169225797196 0.598222820406648 0.60269985211191 0.685115262716003
0.73666466243303 0.73666466243303 0.727028678721827 0.642414603648517 0.597393506019049 0.641469727751076 0.64982295512606 0.705072348673127
0.830228132815418 0.830228132815418 0.820537172283327 0.73631572834737 0.713623629705369 0.798905176946091 0.816216305876306 0.825531459410378
0.763061359364738 0.763061359364738 0.763040567478803 0.762874600351307 0.762983572652978 0.763434904858692 0.763587957757138 0.763617087751923
0.767655373341653 0.767655373341653 0.767652811529909 0.767629841529421 0.767624130429029 0.767805930508521 0.768092842548784 0.768199069632801
0.812740257435749 0.812740257435749 0.804071430343372 0.726059953405058 0.648208095536652 0.644682207316475 0.697490257181349 0.792463143804444
0.785334500800477 0.785334500800477 0.773945675815155 0.674310444348833 0.629100908565646 0.692423254560411 0.7045757222336 0.769265178105837
0.729564746489013 0.729564746489013 0.719410547709662 0.631512675958064 0.61626674954061 0.714594443648959 0.726721829400763 0.729547002527571
0.843611268261219 0.843611268261219 0.843533185077878 0.842868896359371 0.84287847094961 0.843838331345446 0.84399189740389 0.844002701447978
0.872336940273781 0.872336940273781 0.872239699878923 0.871364884453772 0.870566368692765 0.871309076853251 0.872472203429865 0.872656883224019
0.808335221810282 0.808335221810282 0.808170267018124 0.806686312778727 0.805212920578209 0.805190851812697 0.806574302732945 0.808582914122867
0.812210761541666 0.812210761541666 0.809699505011314 0.78711200796679 0.764772025302869 0.762673183187089 0.764602636488516 0.804744743190524
0.829749901189382 0.829749901189382 0.824186449826668 0.774521745725428 0.732013192362857 0.735352733876556 0.737053500983032 0.811479110396888
0.779203790217322 0.779203790217322 0.778429030849876 0.771586115708069 0.767130299066618 0.770049572794125 0.771227728779419 0.777688231743415
0.764880613002529 0.764880613002529 0.764642827238858 0.762509760322916 0.760563445234537 0.761264604727856 0.762409539566136 0.764667238214166
0.70518639323736 0.70518639323736 0.704877439393481 0.702099884166251 0.699384631095496 0.699381164784091 0.70057151739592 0.704474040486331
0.765020984843123 0.765020984843123 0.763841814185184 0.753243182929357 0.742894657266693 0.742207156097377 0.7432849372916 0.758406793563757
0.81955146860443 0.81955146860443 0.819267212556635 0.816720943723119 0.814374053596137 0.814375881662828 0.814515080541951 0.818163976673678
0.804201715725632 0.804201715725632 0.803572108085435 0.797911510254765 0.792392643646583 0.792320803217371 0.792912356361617 0.800204408850409
0.791796376709649 0.791796376709649 0.791439893773006 0.78823921366738 0.785167510223766 0.785036035762171 0.785364468741623 0.789723116062546
0.694832304337734 0.694832304337734 0.691057680782281 0.657129006972704 0.624062177906543 0.622461642202068 0.624692111560438 0.668613904029639
0.740400884021558 0.740400884021558 0.739115749633816 0.727721364414793 0.719368892894337 0.722056396526247 0.723055251210695 0.733914854047114
0.708823555381409 0.708823555381409 0.707808558541104 0.698718175670752 0.690622628829359 0.692904354416172 0.695815725506634 0.704291949424949
0.79357126300791 0.79357126300791 0.793497762927653 0.792840503558452 0.792248385291346 0.792335832637189 0.792632330280858 0.793425180413067
0.817865820459191 0.817865820459191 0.816861166752535 0.80782230313826 0.798900587679913 0.79867954469504 0.800326588391536 0.808956118266965
0.71724487187087 0.71724487187087 0.71212213634678 0.66616859344734 0.622825932884363 0.621252397432115 0.625324148351702 0.661623156336001
0.829643843975609 0.829643843975609 0.818737921971802 0.722420224657664 0.660188512967163 0.696247149700981 0.706089508882569 0.753986702768367
0.682387833083803 0.682387833083803 0.674184526239221 0.602912400641709 0.583471072165427 0.654184500951924 0.667827732586947 0.674384250891742
0.777789722623979 0.777789722623979 0.777303020482856 0.773075570066638 0.771884945388624 0.776487650365268 0.777947411779121 0.778187150474536
0.819065879701756 0.819065879701756 0.809775388806063 0.726303771680362 0.650233979289905 0.701023341405184 0.787585858404688 0.816525683399953
0.819868238034533 0.819868238034533 0.808774040863022 0.711893035691263 0.672075064484935 0.744187839508426 0.77957988445914 0.81333215260886
0.875930070451547 0.875930070451547 0.864078695840285 0.761199009447088 0.73705126920798 0.846527850157626 0.867174884200947 0.874521626910034
0.738653773698411 0.738653773698411 0.730197821861424 0.656803327802308 0.640277140073508 0.720990776706266 0.73702540906681 0.739008330366197
0.751112043539328 0.751112043539328 0.751119082134317 0.751196350531737 0.75139351512082 0.751612004680728 0.751687846272639 0.751698984791308
0.839600229134522 0.839600229134522 0.839601245025991 0.839610414981922 0.839630072045979 0.839744905844209 0.839926841795141 0.839995914719487
0.769941551382833 0.769941551382833 0.769932814039882 0.769854211440802 0.769775967371209 0.769787528417063 0.770004109304486 0.770430683985671
0.814971092239557 0.814971092239557 0.81493478115666 0.814608070686725 0.814282491019506 0.814248020946127 0.814281194296887 0.815278631030314
0.795456477291402 0.795456477291402 0.787836791558011 0.719272500589245 0.650942354390045 0.643725459332121 0.643983489973002 0.77267342848547
0.798674238694366 0.798674238694366 0.788064422638137 0.694971380462453 0.646857262915258 0.696656467569035 0.704102410714961 0.785850853661334
0.808318344124956 0.808318344124956 0.798174835457187 0.710068025395198 0.687511767444642 0.77819121416996 0.795578589465798 0.807126512101726
0.829742615066512 0.829742615066512 0.825575642333314 0.789314645897674 0.778973244969765 0.817301224099503 0.827987099441295 0.829975201359681
0.689740559893564 0.689740559893564 0.689096881957891 0.683387633673475 0.679453937912061 0.684094475062171 0.689031839273872 0.6903459870256
0.785514386262246 0.785514386262246 0.781019874975414 0.740672975791897 0.703091342629949 0.712807809577167 0.74615155778714 0.781467743182224
0.7596811749459 0.7596811749459 0.759632713070086 0.759210702372582 0.758974345875105 0.759192104843761 0.75940107365779 0.760094610101134
0.779227236492152 0.779227236492152 0.779191239521978 0.778867476010132 0.778562421781505 0.778691863683691 0.77890202362676 0.779593827955534
0.849993330229345 0.849993330229345 0.849760907524436 0.847669605565195 0.845587340527051 0.845441598993255 0.846103219649483 0.849157028676625
0.763016858749526 0.763016858749526 0.762233785010293 0.755191870963955 0.748247345045554 0.747601308262464 0.747888551900188 0.758778243553069

# True Numbers-at-age
202.670150012715 91.0784301052467 25.5172948015317 29.1133117747732 24.4622998860624 1.28145923688633 3.9641218769591 174.752033199737
621.852060075246 159.427297403243 71.6454197250984 20.0510961087926 22.6545886902676 18.8552375478031 0.98711939998136 139.800241104558
206.656963186172 512.445671568077 131.378238859903 59.0213321154221 16.4702160557531 18.5578066505812 15.4449442145652 115.863994185254
34.3910648997222 161.80113451259 401.217020503132 102.815128460892 46.0001209161653 12.7849261296208 14.403448790005 102.537452826435
64.3102042177061 25.0672838321771 117.935137368431 289.733769647658 68.0065700485841 27.6998571986647 7.64823456795239 78.9309303870503
346.840490657106 47.3750548810357 18.4661821823437 85.7422270958479 186.129204791791 40.6266833136537 17.7686198559711 60.6220148593967
1676.11792815886 287.956732943033 39.3321033559102 15.1521889107691 63.1333503942048 132.826198717692 32.4568676214273 64.5484176586366
354.317088026439 1278.98082471651 219.728656077739 30.0119904648287 11.5592200597505 48.1697092373227 101.404156380783 74.0739479737223
88.5049077626163 271.993416490263 981.816502494569 168.675320611765 23.0380994844989 8.87313624680375 36.9849884232875 134.791344638219
104.912586415235 71.931501519316 221.059999339125 789.450599495535 122.468395423961 14.933482591631 5.72035306140926 132.613841816839
79.1900012882814 82.3914736800957 56.4902898375007 171.088430584217 532.334784537287 77.0449788317909 10.3402906180184 106.045632534204
137.67568020431 57.7742332143497 60.1099146082753 40.639710352274 108.044512623705 328.060227334195 55.0559137842494 84.8797882609305
166.675641625768 116.144755185884 48.738994154777 50.7047077242777 34.2539478129857 91.0683935947638 276.829794814495 118.105515728631
41.9858577331177 145.397319233992 101.317360367701 42.5120856339633 44.1823017874275 29.8203349609424 79.3487179535622 344.591892304152
60.253533089499 33.9386476235946 117.529774293629 81.8816781819368 34.2939176085953 35.5761602601223 24.0110609085412 342.631753318552
12.9095707607439 48.938567996198 27.5653348320541 95.1638000696429 64.4500521294748 26.2270288250952 27.1329833911615 294.090022808814
22.625755648096 10.7117150631245 40.6067719591951 22.718975453514 73.7064325598054 47.1782884072494 19.286117347993 258.646370486067
37.6520699929632 17.6300745575274 8.34660897691463 31.6094901421382 17.5296460230439 56.542437652737 36.3296208331604 216.020226989428
7.26194528516696 28.7993383770318 13.4849022348418 6.38217468596523 24.1025447522113 13.3324079730281 43.0437564500603 192.881639862425
94.6083600844192 5.12102500353394 20.3089015577213 9.50520335776674 4.48092410774496 16.856949369988 9.32443501755312 166.035337940151
120.097322016551 72.3773808061752 3.91769159160979 15.5127882099582 7.15972963159503 3.32885457926126 12.5113484523763 132.853040362766
129.774671845112 98.4259366341237 59.3169887334429 3.20963626991472 12.6696190266139 5.83069804273443 2.71093888291323 118.886253808765
68.5273336691716 104.36501375557 79.1543071130646 47.6654776818127 2.56100572349612 10.0393129144937 4.6197833565373 97.2828413870857
46.3262673721706 54.2596945048232 82.6358397469126 62.6458764132397 37.5717986469921 2.01081848758627 7.88122241217007 80.4547223411361
126.844377704678 32.1889871095713 37.7013885654478 57.1061317649977 41.166422558367 23.447138491508 1.25165737795323 58.7164834724636
51.3504677687995 93.915689385708 23.8327545116851 27.8656900717867 41.5573521244751 29.6138438202329 16.9301563280301 43.9979168376986
536.765868509171 36.3984211343789 66.5696528564736 16.8690276169799 19.4702641307654 28.7004477713923 20.5195613340398 42.7676476285885
205.708015836797 425.96196821236 28.8847410311029 52.8228706204822 13.3744483503877 15.4252853187949 22.7403931820063 50.1973962520963
216.703397058915 168.241555147395 348.379734616414 23.5948232600115 42.6714930030123 10.6848546470194 12.3198598552062 58.8072321132417
390.597718985332 155.429400257504 120.670392665049 248.088920874965 15.7181302237604 26.5769124371697 6.63799156567449 46.612132397916
922.326930875244 324.056993027095 128.951045096459 98.7974265341037 179.22445395357 10.3769290190486 18.504099532232 39.831944220281
721.517725651589 629.384675754792 221.132549267413 86.9367992464085 59.5661936088993 104.572284306552 6.78842613173986 39.2195866987295
93.6248572331201 561.189071702834 489.528932379102 171.886998472634 67.2087156371861 45.9782481008135 81.1990873345237 35.8012169551141
32.6374695126796 76.6849260515968 459.650820693293 396.408481549104 124.842175293491 43.7013906117311 32.2318251155888 93.1838660408626
14.3244374023742 26.7584246232664 62.8715352057311 371.753651638119 282.200437303756 83.9033130108122 32.522043462858 100.916716854948
12.993399793997 12.5472054630404 23.4385087654302 54.3259541460447 282.978511385274 207.99619048578 71.0264911841452 116.456150680291
76.7650503179584 9.59762379100801 9.26804066464414 17.114748048197 35.6814674691577 181.184671972022 149.963334930287 138.410394194691
320.491375711148 57.6591538167211 7.2088908187857 6.96140219721103 12.8565362740757 26.8108232663196 136.180574518312 216.768569054324
714.184741187528 269.084632482718 48.4106387562217 6.05259370670891 5.84486578765642 10.794734478064 22.5142522593813 296.466432314234
405.242330785426 549.880507603873 207.179439387023 37.2729393270459 4.65961475524994 4.49923721584811 8.30965197378731 245.742902984289
78.8647804450462 330.260784941902 448.13671788317 168.837731097023 30.3628371940282 3.79424271009617 3.66349499877148 207.115330863853
223.064189492328 62.7335004351763 262.708080577379 353.058593996415 121.44033703997 19.7644567290424 2.44245063137421 162.391743085283
90.8856161538073 178.155621722761 50.1036307006971 207.030891842585 245.365618453821 78.5545640251817 13.7690366082757 129.335425308725
43.4279198266329 73.4645107542218 144.006457147494 39.9914571903366 147.006016566471 168.691750013334 61.130471557348 115.344401443739
46.6201815297573 36.0339957638492 60.9566352677899 118.888223359687 31.5658428711225 114.513753754863 137.871973781385 146.348234646227
21.2025195275647 32.1558301106744 24.8541084133597 42.0050272976784 81.2467416334201 21.4475362422975 78.3382262623318 196.02909617521
4.15433583491931 16.6548841139083 25.2588671541394 19.4115526456276 31.1119885667913 57.1238806593499 15.287971329699 211.642604946013
26.2225891242706 3.15597072819136 12.6524019322416 19.1874617853758 14.7374585182293 23.6132011713542 43.3679991946157 172.478105129051
22.8484089638065 20.4333556569745 2.45921834897868 9.85864074451363 14.9444899318165 11.474031394857 18.3874076276597 168.242288549404
14.544579708205 19.4209952255879 17.3682160226324 2.08974761602887 8.35687011131083 12.636871496978 9.70062344936675 158.421766637138

