# Simulated data from SIR age-structured hybrid model
# random seed = 4648150
# Flag=0 if no issues, =1 if negative pop #'s, =2 if NaN, or=3 if NA. Flag:
0

# True SSB
32935.9732429998
24895.6762091894
23693.6642597654
21003.2118723182
22279.2934387767
43225.9213222767
40270.0931305449
23468.4419361563
23329.6958412844
21813.1479075606
18795.7780178749
21810.1943819511
14115.1286704509
12343.7690181201
10288.1549898511
8927.16726026958
8793.04143812234
9876.42981037827
17539.399671532
16429.8380251755
22764.2022924822
20584.0610734526
11971.9288061677
14022.0366330063
17182.6543104896
18028.1058577652
18153.6936782545
20250.7158205569
29396.428270846
41233.4226711879
34518.1328629463
23377.6685139452
24467.0019664079
21532.6689502629
24177.8456591704
20956.9175049311
29870.7834755844
20956.3493333509
13203.137443413
13124.530540845
11855.5642569916
12208.1473663016
12903.9215097451
11929.6940825759
10930.8375566159
9757.40225417857
10088.6234985263
10621.581139896
9778.0640399105
10373.9758529176

# True R (numbers)
19.3779961961679
78.6721610819836
809.657192914568
303.551236452926
65.2822210050339
237.573348093741
80.9544716354947
151.264588502447
100.352270536776
21.7618415793128
10.8283620451484
3.10448025985067
20.0730350627273
40.9838588780491
26.8290263553578
298.124559483026
82.4713767613422
486.797974883695
59.1277015522883
82.0186061229429
60.4185525808891
135.612819111388
61.2432247192128
212.876975965876
182.964331843745
487.28108975742
667.141081615946
197.828073746342
164.718947807855
127.011591125236
120.668825375037
129.084111532518
109.553620694316
370.496502217076
57.9926013975682
83.7182761179125
7.97010278441267
24.1134952638698
70.2353059862479
40.4694242785853
37.7018634005208
10.9038897424924
16.6588187241383
65.2887062646662
33.2430303211564
45.1033158390947
42.6803510259602
24.7408165744488
197.353153100938
77.7536325420532

# True infection rate given (selected) susceptible
-999 -999 0.639895752046921 0.639895752046921 0.63989575204692 0.63989575204692 0.63989575204692 0.639895752046921
-999 -999 0.0029499064876338 0.00294990648763367 0.00294990648763357 0.00294990648763336 0.00294990648763363 0.00294990648763307
-999 -999 0.00769097382965435 0.00769097382965465 0.0076909738296535 0.00769097382965338 0.00769097382965384 0.00769097382965349
-999 -999 0.00718990941505724 0.00718990941505727 0.00718990941505619 0.00718990941505734 0.00718990941505753 0.00718990941505703
-999 -999 0.0877361428281415 0.0877361428281415 0.0877361428281413 0.0877361428281414 0.0877361428281413 0.0877361428281406
-999 -999 0.947889683400519 0.947889683400519 0.947889683400519 0.947889683400519 0.947889683400519 0.947889683400519
-999 -999 0.926870319792462 0.926870319792462 0.926870319792462 0.926870319792462 0.926870319792462 0.926870319792462
-999 -999 0.523551371228335 0.523551371228335 0.523551371228335 0.523551371228335 0.523551371228335 0.523551371228335
-999 -999 0.59233372537918 0.59233372537918 0.59233372537918 0.59233372537918 0.59233372537918 0.59233372537918
-999 -999 0.617568876968814 0.617568876968813 0.617568876968814 0.617568876968814 0.617568876968814 0.617568876968814
-999 -999 0.032375242695719 0.0323752426957187 0.0323752426957193 0.0323752426957189 0.0323752426957191 0.0323752426957197
-999 -999 0.617961612565835 0.617961612565835 0.617961612565835 0.617961612565835 0.617961612565835 0.617961612565835
-999 -999 0.00181438379281229 0.00181438379281159 0.00181438379281107 0.00181438379281182 0.00181438379281158 0.00181438379281171
-999 -999 0.00118102264417558 0.00118102264417553 0.00118102264417511 0.00118102264417467 0.00118102264417526 0.00118102264417559
-999 -999 0.00186810736830935 0.00186810736830937 0.00186810736830908 0.00186810736830879 0.0018681073683094 0.00186810736830946
-999 -999 0.00723188744528123 0.00723188744528093 0.00723188744527991 0.00723188744528046 0.00723188744528085 0.0072318874452807
-999 -999 0.00609996813283534 0.00609996813283461 0.00609996813283582 0.0060999681328362 0.00609996813283562 0.00609996813283531
-999 -999 0.00327930947316773 0.0032793094731663 0.00327930947316697 0.00327930947316675 0.00327930947316599 0.00327930947316527
-999 -999 0.847318685903153 0.847318685903153 0.847318685903153 0.847318685903153 0.847318685903154 0.847318685903153
-999 -999 0.788478610168625 0.788478610168625 0.788478610168625 0.788478610168625 0.788478610168625 0.788478610168625
-999 -999 0.910964565024185 0.910964565024186 0.910964565024186 0.910964565024185 0.910964565024185 0.910964565024185
-999 -999 0.870648842623527 0.870648842623527 0.870648842623527 0.870648842623527 0.870648842623526 0.870648842623527
-999 -999 0.00102164671827006 0.00102164671826999 0.00102164671826942 0.00102164671826991 0.00102164671827043 0.00102164671827051
-999 -999 0.00416845916928964 0.00416845916928903 0.00416845916928959 0.00416845916928962 0.00416845916928861 0.00416845916929014
-999 -999 0.203005239554704 0.203005239554703 0.203005239554703 0.203005239554703 0.203005239554703 0.203005239554703
-999 -999 0.471271079008673 0.471271079008672 0.471271079008672 0.471271079008672 0.471271079008672 0.471271079008673
-999 -999 0.656431795189522 0.656431795189522 0.656431795189522 0.656431795189522 0.656431795189522 0.656431795189522
-999 -999 0.739487593980417 0.739487593980417 0.739487593980417 0.739487593980417 0.739487593980416 0.739487593980416
-999 -999 0.897680298909849 0.897680298909849 0.897680298909849 0.897680298909848 0.897680298909849 0.897680298909848
-999 -999 0.935590168185795 0.935590168185795 0.935590168185795 0.935590168185795 0.935590168185795 0.935590168185795
-999 -999 0.89096986151613 0.89096986151613 0.89096986151613 0.89096986151613 0.89096986151613 0.89096986151613
-999 -999 0.311003828436106 0.311003828436105 0.311003828436105 0.311003828436106 0.311003828436106 0.311003828436106
-999 -999 0.501910760752219 0.50191076075222 0.501910760752219 0.50191076075222 0.50191076075222 0.501910760752219
-999 -999 0.0570521360677464 0.0570521360677471 0.0570521360677466 0.0570521360677458 0.0570521360677466 0.0570521360677464
-999 -999 0.507189230429688 0.507189230429687 0.507189230429687 0.507189230429687 0.507189230429688 0.507189230429687
-999 -999 0.0857500989327117 0.0857500989327123 0.0857500989327131 0.0857500989327127 0.0857500989327125 0.0857500989327129
-999 -999 0.851733357658507 0.851733357658507 0.851733357658507 0.851733357658507 0.851733357658507 0.851733357658507
-999 -999 0.800158586853386 0.800158586853386 0.800158586853386 0.800158586853386 0.800158586853386 0.800158586853387
-999 -999 0.000900455792121618 0.000900455792121611 0.000900455792122198 0.000900455792122444 0.000900455792122405 0.000900455792122301
-999 -999 0.0034428073024126 0.003442807302413 0.00344280730241276 0.00344280730241234 0.00344280730241464 0.00344280730241328
-999 -999 0.00180552045321403 0.00180552045321331 0.00180552045321368 0.00180552045321334 0.00180552045321374 0.00180552045321391
-999 -999 0.00311374056313875 0.00311374056313792 0.00311374056313779 0.0031137405631378 0.00311374056313907 0.00311374056313824
-999 -999 0.0986948787209981 0.0986948787209994 0.0986948787209993 0.0986948787209992 0.0986948787209988 0.0986948787209987
-999 -999 0.00679902023777984 0.0067990202377783 0.00679902023777871 0.00679902023777923 0.00679902023777853 0.00679902023777813
-999 -999 0.00431761653154507 0.00431761653154461 0.00431761653154493 0.00431761653154468 0.00431761653154492 0.00431761653154416
-999 -999 0.0146730369961675 0.014673036996168 0.0146730369961669 0.0146730369961671 0.0146730369961682 0.0146730369961683
-999 -999 0.0416464015585152 0.0416464015585161 0.0416464015585153 0.041646401558516 0.041646401558517 0.0416464015585156
-999 -999 0.169131935488674 0.169131935488675 0.169131935488675 0.169131935488676 0.169131935488676 0.169131935488675
-999 -999 0.0031596202882968 0.00315962028829559 0.00315962028829573 0.00315962028829549 0.00315962028829477 0.00315962028829485
-999 -999 0.00213004796185806 0.00213004796185747 0.00213004796185678 0.00213004796185637 0.00213004796185692 0.00213004796185751

# Duration of outbreak (days) based on incidence
0
0
0
0
0
3
0
0
0
0
0
0
0
0
0
0
0
0
0
0
0
0
0
0
0
0
0
0
0
2
0
0
0
0
0
0
0
0
0
0
0
0
0
0
0
0
0
0
0
0

# Duration of outbreak (days) based on prevalence
12
0
0
0
0
42
37
0
15
20
0
32
0
0
0
0
0
0
48
44
41
39
0
0
0
23
41
43
42
40
36
0
0
0
22
0
44
36
0
0
0
0
0
0
0
0
0
0
0
0

# Peak (point) prevalence
0.107349675890206
0.000251962778744827
0.00106161989305957
0.00082306972533854
0.0200481311152851
0.620371268146291
0.489151543635166
0.0785327906361777
0.109296091485923
0.118010543890552
0.0067711305569056
0.143543132022372
0.000159697324344102
9.02502392899259e-05
0.000140778443500288
0.000853668915476527
0.000844440019656764
0.00049129875739252
0.405996409795249
0.282873919285252
0.493002181785485
0.357751534601438
6.32408390072691e-05
0.000683978372572035
0.0645402513055454
0.125654763824065
0.179743935806076
0.231458696522197
0.464537584531941
0.552315776943845
0.380769713378225
0.0552510081771033
0.0956582844577895
0.01337464066285
0.1138947175351
0.0225529878487979
0.3735089979259
0.245698449148572
5.46620581414281e-05
0.000463622877779204
0.000172301814819778
0.000406399015742501
0.0275662239160664
0.00129922403222621
0.000774955036240146
0.00351411600078294
0.0129056032369907
0.0615976262225026
0.000662503434484621
0.000457170244486754

# Day of peak prevalence
77
119
119
119
119
23
25
93
90
86
119
91
119
119
116
119
119
119
52
58
32
36
113
119
119
111
87
70
36
25
31
119
102
119
104
119
46
50
116
119
119
119
119
119
119
119
119
119
119
119

# Total immunity
0.267546590036667
0.274994266855734
0.0614108664241654
0.0448015825374628
0.04178283781962
0.0329095230330206
0.0830550796225119
0.126018650036958
0.119860647465323
0.146385094971313
0.191272719089473
0.191584319527565
0.293944005666058
0.206531143926028
0.165268559317613
0.0428282411622526
0.0340176306519924
0.0132245080852226
0.0121116813720569
0.0325220276265423
0.0527579637470554
0.0844235844259606
0.12053731842278
0.0630237414471708
0.041361491971315
0.0218022891097762
0.0156440026993847
0.0205055890800912
0.0283966575484123
0.0511204906138827
0.0995466617371445
0.131374124712505
0.113750263258589
0.0689143365029067
0.0637767958477224
0.0730881563208691
0.0754767335433554
0.173626878420712
0.205238998092587
0.162757561515012
0.130623403691541
0.121793207641582
0.107580009247342
0.0738991418971641
0.059465770908516
0.0442370814437817
0.0342559929829744
0.0312147005489564
0.0165516720993922
0.0126464730922764

# Observed immunity (based on survey selectivity)
0.440279605471084
0.519142362410352
0.431745192301685
0.384422399661833
0.267190498692836
0.103791438900831
0.193486911337435
0.425209175358166
0.366466158570775
0.359282014636403
0.377435920470893
0.259634514134215
0.408534424096777
0.373031451153042
0.353385887363035
0.314147008824675
0.242815189794491
0.162283411535931
0.0677492492487473
0.15175627307572
0.13609922153794
0.232084870492897
0.457431900129477
0.306959783720534
0.194243688533938
0.163585499519573
0.167056382099785
0.170487656360992
0.135064293295123
0.138113835273828
0.251485973549611
0.41344853976722
0.334770420853918
0.342989732184983
0.243107841333106
0.266873510536202
0.148331984431563
0.290979234052206
0.475899084156758
0.384022691901075
0.334597265627292
0.24796420758258
0.183153418853843
0.166054302134087
0.144289053356505
0.126529103961667
0.0941220156227732
0.0738359033902733
0.0828041455656822
0.0615248167946826

# True total proportion of susceptible
1 1 1 0.993952487810325 0.911366611766113 0.675293489464072 0.503659674218602 0.0433638927598876
1 1 1 0.994915244298235 0.922939945755153 0.65474896423331 0.361944489088828 0.0300449892509504
1 1 1 0.999977088582571 0.994678631755224 0.922355256822291 0.653847334532636 0.06802766194405
1 1 1 0.999939892727023 0.99937423651823 0.993500809378872 0.920738367328521 0.235384230492244
1 1 1 0.999944099600551 0.999379244056958 0.998303335348424 0.992341865350127 0.39935081500309
1 1 1 0.999308491112419 0.992770445944477 0.985186333590443 0.983223614871568 0.506674887389638
1 1 1 0.992640115318507 0.8795223555987 0.385489138445048 0.206848433721961 0.0428407087674327
1 1 1 0.992800263463093 0.873900616766876 0.286467519095363 0.0338825495582869 0.00296533006429579
1 1 1 0.995826706818587 0.937759041373189 0.68131488800128 0.14783575647783 0.00276293295595542
1 1 1 0.995270586390402 0.931901716134658 0.725124909857204 0.400801109552958 0.0355852738481738
1 1 1 0.995074418754703 0.927622199190205 0.699462988276228 0.423785668330085 0.053434348035217
1 1 1 0.999745061026846 0.992429251692795 0.92108388688154 0.689495436252747 0.0810567762600863
1 1 1 0.995056187083558 0.933065941193199 0.793283980575159 0.656183602930188 0.128909319094177
1 1 1 0.999985955675584 0.994910684935421 0.932717909386073 0.792793748429291 0.210596949344967
1 1 1 0.999990893472794 0.999894864243008 0.994733228720998 0.932481679287558 0.406307046186838
1 1 1 0.999985608078101 0.999846901076034 0.99962103366637 0.994437886986918 0.570032417156509
1 1 1 0.999943855961704 0.99942264787639 0.998773748603984 0.998489852548833 0.612356785244244
1 1 1 0.999952592197606 0.999468601588414 0.99851545818602 0.997815645602231 0.635374761332178
1 1 1 0.999974527742128 0.999697534979283 0.998982384602261 0.998001283414519 0.642769010005811
1 1 1 0.99332175093108 0.897495629491297 0.581293370814189 0.493599300555108 0.184885886522009
1 1 1 0.993775893047323 0.898578611143682 0.495696928932702 0.17929718756598 0.0534842249387041
1 1 1 0.992893321715673 0.877981251787626 0.328761195762549 0.0590532628482316 0.00518677852148346
1 1 1 0.993201425977222 0.884469623967523 0.371431596265567 0.0486523045303801 0.00431807128976653
1 1 1 0.999992132683424 0.993117885406354 0.884245306898336 0.371160198215539 0.012271137979869
1 1 1 0.999967444294901 0.999666107176201 0.992477064266611 0.883280637135379 0.246964832343241
1 1 1 0.998385057066273 0.982334685891504 0.962731474378246 0.951882503516601 0.326889139229508
1 1 1 0.996224505486379 0.951038788967164 0.855776571809013 0.815618666680931 0.358490952335862
1 1 1 0.994754619580597 0.922838636743057 0.698216028854967 0.532766603205068 0.192639957124162
1 1 1 0.994127507430048 0.908214729814862 0.582176480695339 0.294854719676314 0.0859399806950638
1 1 1 0.992985683099049 0.88085496646831 0.361650860125913 0.0896993925172888 0.01073298094179
1 1 1 0.992729830996807 0.872545927934697 0.270565222971992 0.0265451161359499 0.00212422229706966
1 1 1 0.993058623635452 0.880679396598661 0.336695540411775 0.0318740288649431 0.000846395676095039
1 1 1 0.997522744149182 0.963708754279859 0.790128298118498 0.248646223090573 0.0108613535743278
1 1 1 0.99598475834549 0.946178611567203 0.814767710003155 0.575662002097804 0.066709218042928
1 1 1 0.999549735972885 0.991285911780521 0.935070036883024 0.798925942275527 0.181835182054351
1 1 1 0.995940109050341 0.947950228334453 0.852953828231411 0.756064581856027 0.202515981796255
1 1 1 0.99932236769841 0.988781158017935 0.930932269637624 0.830108926767382 0.313417918374132
1 1 1 0.993310481372787 0.896296235434298 0.557798647339077 0.380883494501716 0.0852262524065255
1 1 1 0.993711710758864 0.897114163879737 0.484094150272229 0.161057384191807 0.0278195569835745
1 1 1 0.999993063732256 0.993638126204699 0.896922219904048 0.483826141128386 0.0484895526043381
1 1 1 0.999973154131129 0.999724300003564 0.993111241505124 0.896151226913719 0.264487855319774
1 1 1 0.999986034349344 0.999833411659854 0.999458368600878 0.992822517229799 0.390172593017088
1 1 1 0.999975827568037 0.999744058359775 0.999372884720234 0.99897268724616 0.60798818562225
1 1 1 0.999220452491235 0.991851385647695 0.983611994850723 0.982278807614473 0.592582463549686
1 1 1 0.999946928044358 0.998686168341736 0.990798559508605 0.982462864704929 0.64574227278467
1 1 1 0.999966358925645 0.999609925639442 0.998041054278194 0.990094227383057 0.761587041254156
1 1 1 0.999885022429295 0.998809802180728 0.997396054772021 0.995691760209464 0.806042799581469
1 1 1 0.999671868821595 0.996545706403213 0.992321749056642 0.990507782693001 0.834849600030056
1 1 1 0.998656903980049 0.985210723032307 0.966414972983244 0.959713506340663 0.797034698838157
1 1 1 0.999975341534129 0.99840802980124 0.984708087815661 0.965844409684065 0.816119789861699

# True vulnerable proportion of susceptible
0 0 0.05 0.496976243905163 0.865798281177808 0.675293489464072 0.503659674218602 0.0433638927598876
0 0 0.05 0.497457622149117 0.876792948467395 0.65474896423331 0.361944489088828 0.0300449892509504
0 0 0.05 0.499988544291286 0.944944700167463 0.922355256822291 0.653847334532636 0.06802766194405
0 0 0.05 0.499969946363511 0.949405524692318 0.993500809378872 0.920738367328521 0.235384230492244
0 0 0.05 0.499972049800275 0.94941028185411 0.998303335348424 0.992341865350127 0.39935081500309
0 0 0.05 0.49965424555621 0.943131923647253 0.985186333590443 0.983223614871568 0.506674887389638
0 0 0.05 0.496320057659254 0.835546237818765 0.385489138445048 0.206848433721961 0.0428407087674327
0 0 0.05 0.496400131731547 0.830205585928532 0.286467519095363 0.0338825495582869 0.00296533006429579
0 0 0.05 0.497913353409293 0.89087108930453 0.68131488800128 0.14783575647783 0.00276293295595542
0 0 0.05 0.497635293195201 0.885306630327925 0.725124909857204 0.400801109552958 0.0355852738481738
0 0 0.05 0.497537209377352 0.881241089230694 0.699462988276228 0.423785668330085 0.053434348035217
0 0 0.05 0.499872530513423 0.942807789108155 0.92108388688154 0.689495436252747 0.0810567762600863
0 0 0.05 0.497528093541779 0.886412644133539 0.793283980575159 0.656183602930188 0.128909319094177
0 0 0.05 0.499992977837792 0.94516515068865 0.932717909386073 0.792793748429291 0.210596949344967
0 0 0.05 0.499995446736397 0.949900121030858 0.994733228720998 0.932481679287558 0.406307046186838
0 0 0.05 0.499992804039051 0.949854556022232 0.99962103366637 0.994437886986918 0.570032417156509
0 0 0.05 0.499971927980852 0.949451515482571 0.998773748603984 0.998489852548833 0.612356785244244
0 0 0.05 0.499976296098803 0.949495171508993 0.99851545818602 0.997815645602231 0.635374761332178
0 0 0.05 0.499987263871064 0.949712658230319 0.998982384602261 0.998001283414519 0.642769010005811
0 0 0.05 0.49666087546554 0.852620848016732 0.581293370814189 0.493599300555108 0.184885886522009
0 0 0.05 0.496887946523662 0.853649680586498 0.495696928932702 0.17929718756598 0.0534842249387041
0 0 0.05 0.496446660857837 0.834082189198245 0.328761195762549 0.0590532628482316 0.00518677852148346
0 0 0.05 0.496600712988611 0.840246142769147 0.371431596265567 0.0486523045303801 0.00431807128976653
0 0 0.05 0.499996066341712 0.943461991136036 0.884245306898336 0.371160198215539 0.012271137979869
0 0 0.05 0.49998372214745 0.949682801817391 0.992477064266611 0.883280637135379 0.246964832343241
0 0 0.05 0.499192528533136 0.933217951596929 0.962731474378246 0.951882503516601 0.326889139229508
0 0 0.05 0.49811225274319 0.903486849518806 0.855776571809013 0.815618666680931 0.358490952335862
0 0 0.05 0.497377309790298 0.876696704905904 0.698216028854967 0.532766603205068 0.192639957124162
0 0 0.05 0.497063753715024 0.862803993324119 0.582176480695339 0.294854719676314 0.0859399806950638
0 0 0.05 0.496492841549525 0.836812218144894 0.361650860125913 0.0896993925172888 0.01073298094179
0 0 0.05 0.496364915498404 0.828918631537962 0.270565222971992 0.0265451161359499 0.00212422229706966
0 0 0.05 0.496529311817726 0.836645426768728 0.336695540411775 0.0318740288649431 0.000846395676095039
0 0 0.05 0.498761372074591 0.915523316565866 0.790128298118498 0.248646223090573 0.0108613535743278
0 0 0.05 0.497992379172745 0.898869680988843 0.814767710003155 0.575662002097804 0.066709218042928
0 0 0.05 0.499774867986442 0.941721616191495 0.935070036883024 0.798925942275527 0.181835182054351
0 0 0.05 0.497970054525171 0.90055271691773 0.852953828231411 0.756064581856027 0.202515981796255
0 0 0.05 0.499661183849205 0.939342100117038 0.930932269637624 0.830108926767382 0.313417918374132
0 0 0.05 0.496655240686394 0.851481423662583 0.557798647339077 0.380883494501716 0.0852262524065255
0 0 0.05 0.496855855379432 0.85225845568575 0.484094150272229 0.161057384191807 0.0278195569835745
0 0 0.05 0.499996531866128 0.943956219894464 0.896922219904048 0.483826141128386 0.0484895526043381
0 0 0.05 0.499986577065565 0.949738085003385 0.993111241505124 0.896151226913719 0.264487855319774
0 0 0.05 0.499993017174672 0.949841741076862 0.999458368600878 0.992822517229799 0.390172593017088
0 0 0.05 0.499987913784018 0.949756855441786 0.999372884720234 0.99897268724616 0.60798818562225
0 0 0.05 0.499610226245618 0.942258816365311 0.983611994850723 0.982278807614473 0.592582463549686
0 0 0.05 0.499973464022179 0.948751859924649 0.990798559508605 0.982462864704929 0.64574227278467
0 0 0.05 0.499983179462823 0.94962942935747 0.998041054278194 0.990094227383057 0.761587041254156
0 0 0.05 0.499942511214647 0.948869312071691 0.997396054772021 0.995691760209464 0.806042799581469
0 0 0.05 0.499835934410797 0.946718421083053 0.992321749056642 0.990507782693001 0.834849600030056
0 0 0.05 0.499328451990025 0.935950186880692 0.966414972983244 0.959713506340663 0.797034698838157
0 0 0.05 0.499987670767064 0.948487628311178 0.984708087815661 0.965844409684065 0.816119789861699

# True survival by age
0.778267540515681 0.778267540515681 0.756000152736214 0.556943510502157 0.392733482294509 0.477700247948307 0.5542285048054 0.759465647284168
0.778267540515681 0.778267540515681 0.778190799190043 0.777506740776358 0.776962907152443 0.777446716990852 0.77805225686901 0.778738647958468
0.778267540515681 0.778267540515681 0.778022985931523 0.775822062922364 0.773648566931647 0.773797619871407 0.775254096587694 0.778431778295527
0.778267540515681 0.778267540515681 0.778041962081435 0.776011923814022 0.77398456596491 0.773788759020664 0.774155831806215 0.777613314059544
0.778267540515681 0.778267540515681 0.775185348722939 0.747447375354262 0.719742579955665 0.716729198311928 0.717099865099456 0.753970316133636
0.778267540515681 0.778267540515681 0.746433234293767 0.460144984095332 0.177792386320573 0.151020971209759 0.152271653589388 0.45593773205722
0.778267540515681 0.778267540515681 0.747098728186971 0.468877330476287 0.257472106752041 0.538290451639021 0.64974608246061 0.752072058350349
0.778267540515681 0.778267540515681 0.759902011008248 0.595938354385407 0.473391478360951 0.673425472902048 0.766337296180084 0.777710004695317
0.778267540515681 0.778267540515681 0.757516553044081 0.571625890722434 0.408571633784156 0.495678342876694 0.717367192144271 0.777652638014892
0.778267540515681 0.778267540515681 0.756678668509506 0.563402369429355 0.396048422851266 0.465321538263332 0.605530181781977 0.76341688904077
0.778267540515681 0.778267540515681 0.777145162044811 0.76710166599998 0.758524414915199 0.762726555655675 0.769061844310607 0.777572818366298
0.778267540515681 0.778267540515681 0.756600890286636 0.561656410905152 0.369721845564345 0.379173573772097 0.479651985726595 0.743632983750445
0.778267540515681 0.778267540515681 0.778230814757242 0.77790473483552 0.777652149071359 0.777795091177313 0.777968901240103 0.778637357286361
0.778267540515681 0.778267540515681 0.77825309991591 0.778123144035092 0.77799727932189 0.778034038069069 0.778149063362397 0.778627660890737
0.778267540515681 0.778267540515681 0.778229246035948 0.777884604061637 0.777540077959879 0.77750849315292 0.7775893661422 0.778272936524774
0.778267540515681 0.778267540515681 0.778040863062536 0.776000806281858 0.773961409922197 0.773735911596225 0.773762173520377 0.775912547597811
0.778267540515681 0.778267540515681 0.778080272874469 0.776394999181569 0.774711817469412 0.774527434325 0.77452864900135 0.776180756159169
0.778267540515681 0.778267540515681 0.77817924335184 0.777384636016873 0.776591069265428 0.776505010476367 0.776506619475545 0.777339938421793
0.778267540515681 0.778267540515681 0.74927401106145 0.488339644862852 0.227557263213767 0.198987579307046 0.199557014195639 0.405735186804361
0.778267540515681 0.778267540515681 0.751178721333619 0.509191968636469 0.316392360552549 0.463559792434386 0.511117130896279 0.678535387062556
0.778267540515681 0.778267540515681 0.747485976146188 0.472371093267511 0.252788170876866 0.473369917860112 0.668324215774243 0.74584570075254
0.778267540515681 0.778267540515681 0.748770975633381 0.485401907247088 0.286281417887692 0.584678954779302 0.743931925376308 0.775738174276585
0.778267540515681 0.778267540515681 0.778258692894645 0.778183291106377 0.778180462639703 0.778536994217646 0.778766230449132 0.778797716398863
0.778267540515681 0.778267540515681 0.778147280957324 0.777064958588504 0.776002003904453 0.77620248684234 0.777710153428385 0.778764725145742
0.778267540515681 0.778267540515681 0.77107233877161 0.706317882883724 0.641604531522538 0.635450097989934 0.651222132630632 0.743129855065025
0.778267540515681 0.778267540515681 0.761617591436543 0.612037798056722 0.467516332936398 0.457698813173908 0.461317294555006 0.66977272141747
0.778267540515681 0.778267540515681 0.755316687328476 0.549627530100885 0.363577767919451 0.385528397372357 0.403982974974326 0.614056156119741
0.778267540515681 0.778267540515681 0.752660086037898 0.523539001201004 0.329309267004234 0.4208377610805 0.505660758469176 0.680037680595152
0.778267540515681 0.778267540515681 0.74787072134383 0.476087531207489 0.253786545011253 0.424564077600941 0.599390642067762 0.726508915160052
0.778267540515681 0.778267540515681 0.746805900705543 0.465861701865095 0.251781381797924 0.55104535347631 0.722311151966747 0.772041516179619
0.778267540515681 0.778267540515681 0.748174846108055 0.479532262943972 0.279447603097622 0.615815774735869 0.762810346727949 0.777521178896882
0.778267540515681 0.778267540515681 0.767270778572498 0.669066949155516 0.594323355558625 0.70457002857614 0.77177356433083 0.778614179502012
0.778267540515681 0.778267540515681 0.760582711300781 0.601858667811354 0.454469422637774 0.49891377283666 0.690722874518194 0.77495336767537
0.778267540515681 0.778267540515681 0.77626710146531 0.758345613571722 0.742333560149519 0.745768451373977 0.755462280617954 0.776096256381626
0.778267540515681 0.778267540515681 0.760390291031577 0.599575780598054 0.441564341693789 0.443972557245808 0.492722793972474 0.713689562522742
0.778267540515681 0.778267540515681 0.775247490226093 0.748191813274816 0.723901005798628 0.726826682673027 0.732730556073863 0.766460623942297
0.778267540515681 0.778267540515681 0.749226868399119 0.488057969667307 0.232691004184028 0.237606394263284 0.29621971040012 0.596596315240431
0.778267540515681 0.778267540515681 0.750908948040715 0.506515341041783 0.31241617437636 0.473291623582371 0.570188953653091 0.732121930651578
0.778267540515681 0.778267540515681 0.778262895087338 0.77822473153365 0.778243221510174 0.778497666975776 0.77869993680949 0.778783363824566
0.778267540515681 0.778267540515681 0.77817304504911 0.777322596103147 0.776486941269101 0.776627404301631 0.777628398844482 0.778683285520502
0.778267540515681 0.778267540515681 0.778231169815933 0.77790385759759 0.777576834756071 0.777548810879241 0.777671044156789 0.778467354724015
0.778267540515681 0.778267540515681 0.778185108796562 0.777443242283699 0.776701687595521 0.776620087906366 0.776634566517436 0.77794947448882
0.778267540515681 0.778267540515681 0.774791330109251 0.743506289625744 0.712236583705354 0.708787266484864 0.708815303299669 0.736206680740519
0.778267540515681 0.778267540515681 0.778054721001481 0.776141420090812 0.77426126443264 0.77408964275933 0.774096028236697 0.775962530643746
0.778267540515681 0.778267540515681 0.778142383715058 0.777016067232845 0.77589338615918 0.77579234355994 0.775817653884992 0.77684006507376
0.778267540515681 0.778267540515681 0.777775564544196 0.773347964245694 0.768923851298769 0.768448340763713 0.768530771307634 0.770901021961304
0.778267540515681 0.778267540515681 0.776815902566201 0.763752891389868 0.75071988112981 0.749311769774722 0.749362158950392 0.754969320413387
0.778267540515681 0.778267540515681 0.772278614912246 0.718398110986998 0.664872858666675 0.659412812290428 0.659631053766468 0.678358562844295
0.778267540515681 0.778267540515681 0.778182915565564 0.777423143804808 0.776691332030005 0.776649793103713 0.77666470883652 0.777026789818992
0.778267540515681 0.778267540515681 0.778219178466014 0.777783945093296 0.777350973306166 0.777323244785013 0.777351549423725 0.777576208752656

# True Numbers-at-age
19.3779961961679 33.6725248614746 54.4683780417084 60.0995151985449 76.4789540207214 17.8270872480717 8.36148017465537 80.1540679434228
78.6721610819836 15.0812654397138 26.206233106893 41.1781021188254 33.4720349741553 30.0358459347995 8.51600399859997 65.5084317482701
809.657192914568 61.2279893123288 11.7372593616302 20.3934494852136 32.016251969764 26.006529601828 23.3512698140529 57.6398437001436
303.551236452926 630.12991219045 47.6517566528265 9.13185757518824 15.8216880497214 24.7693274549304 20.1237907070098 62.9718536160481
65.2822210050339 236.244074214712 490.409656965824 37.0750662427922 7.08643036491748 12.2457423579958 19.1662271531271 64.546701716727
237.573348093741 50.8070335809888 183.861094600488 380.158380952149 27.7116609542604 5.10040567352187 8.77688110298078 62.4103960047172
80.9544716354947 184.895625312991 39.5414650659738 137.240031503435 174.927972156934 4.9269223299646 0.770268218379039 29.791724610092
151.264588502447 63.0042375335029 143.898263564451 29.5413782614385 64.348739605812 45.0390735211082 2.65211524618702 22.9060024066544
100.352270536776 117.724319260916 49.034152987265 109.348579863221 17.6048403473985 30.4621449726592 30.3304593850224 19.846642066151
21.7618415793128 78.1009147758207 91.6210164100756 37.1441825523491 62.5064793635468 7.19283838324584 15.0994255405173 37.191870043959
10.8283620451484 16.9365349230237 60.7834068546028 69.3276687046636 20.92712046051 24.7555925699179 3.3469826209715 37.5360596189207
3.10448025985067 8.42736269669099 13.1811553793996 47.237530569656 53.1813701632421 15.8737318031682 18.8817478540687 31.7610562956094
20.0730350627273 2.41611621641346 6.55874283898729 9.97287389506018 26.5312618797753 19.6623143263945 6.01889961690709 32.6752369123628
40.9838588780491 15.6221916289538 1.88038482534816 5.10421578336831 7.75794582288487 20.6320928183823 15.293251564255 30.1246768397876
26.8290263553578 31.896407049861 12.1582446565305 1.46341531936204 3.97170843318809 6.03566074333105 16.0524704893019 35.3563360433437
298.124559483026 20.8801603560147 24.8239382659824 9.46190157217234 1.13836824627967 3.08816248477497 4.69277748972956 39.9991098300024
82.4713767613422 232.020667676175 16.2503510458486 19.314038353076 7.34244324896532 0.881053092901276 2.38942221531463 34.6669049201425
486.797974883695 64.1847955549919 180.574154381143 12.6440775760598 14.9953227913293 5.68827755407194 0.682399791548931 28.7584604349356
59.1277015522883 378.859062640748 49.9529429750853 140.519058825216 9.82931164423434 11.6452337604986 4.41697602171712 22.8849878188649
82.0186061229429 46.0171708634446 294.853710883491 37.428441947266 68.6210272831684 2.23673125703718 2.31725687646631 10.1666833543703
60.4185525808891 63.8324188638271 35.8136703893829 221.487833521933 19.0582620381242 21.7111688056625 1.03685867724366 8.08284411124921
135.612819111388 47.0217983186459 49.6786996343175 26.7702163703857 104.624450066208 4.81770320070942 10.2774141941835 6.7215122925658
61.2432247192128 105.543055192218 36.5955393280769 37.1979683933856 12.9943140836024 29.9520359106741 2.81680967182768 12.8598302035813
212.876975965876 47.6636138754709 82.1407339829584 28.4807966032437 28.9468374668358 10.1119213452633 23.3187680085952 12.2088426458482
182.964331843745 165.675240517378 37.0950435429518 63.9175888046779 22.1314290330672 22.4628038809611 7.84889849494754 27.643058633167
487.28108975742 142.395200546126 128.939661961803 28.6029619814985 45.1461360035525 14.1996251566854 14.2739909272854 25.6537585723005
667.141081615946 379.235055265308 110.821562510271 98.2027147839907 17.5060938690565 21.1065559506288 6.49915158172926 23.7670265706344
197.828073746342 519.214248766213 295.14633373866 83.7053754798231 53.9749155759265 6.36482653389995 8.1371766896959 17.2198355691556
164.718947807855 153.96316839952 404.087596387977 222.14486494551 43.8230286738616 17.7744398849238 2.67855934819222 15.8247879773878
127.011591125236 128.19541038675 119.824536400296 302.205282196771 105.760400322329 11.1216950390684 7.54638867461604 13.1023529536194
120.668825375037 98.8489986420207 99.7703267470942 89.4856708330474 140.785867076809 26.6284997326576 6.12855837405919 15.5664011365836
129.084111532518 93.912629941546 76.9309670555633 74.6456488601576 42.9112662356306 39.3422731046347 16.3982501929204 16.7781343011568
109.553620694316 100.461974002065 73.0891515279663 59.0268829890573 49.9429365505996 25.5031677404295 27.7193864855828 25.7194292726486
370.496502217076 85.2620269323527 78.1862934219371 55.5903450358142 35.5258411608507 22.697537538986 12.7238816366639 39.0777726427301
57.9926013975682 288.345401550146 66.3566680000239 60.6934473689634 42.1566943148482 26.3720241462406 16.9271074204523 39.9405256953022
83.7182761179125 45.1337592577916 224.409866483438 50.4569660924239 36.3903210834331 18.6148929731223 11.7084549999547 36.845507972486
7.97010278441267 65.1552168505004 35.1261398117883 173.973185773258 37.7514889530366 26.3429900336322 13.5298009079679 36.8197737729451
24.1134952638698 6.20287229168203 50.7081903700048 26.3174477301358 84.9089998250496 8.78443187392432 6.25926287600499 25.9743350676548
70.2353059862479 18.7667506522484 4.82749416258023 38.0772338877886 13.330191012379 26.526944895465 4.15759802385837 22.5853428870314
40.4694242785853 54.6618588472834 14.6055528735964 3.75705958298692 29.6326451198683 10.3741307968198 20.6511647131145 20.8266106251513
37.7018634005208 31.4960392993802 42.5415504450906 11.3656475542723 2.9204473087616 23.0093619708393 8.05683427261979 32.2762657379819
10.9038897424924 29.3421365015815 24.5123450415138 33.1071605686663 8.84138107656305 2.27087217441873 17.8909020395161 31.3915859308026
16.6588187241383 8.48614345194371 22.8360324085612 19.0751418929893 25.738938255311 6.86711560284162 1.76360494772119 38.315760728304
65.2887062646662 12.9650178763317 6.60448999280748 17.6931599242471 14.1824879729411 18.3322134511658 4.86732409677367 29.4583892017524
33.2430303211564 50.8120808480525 10.0902525753545 5.1386546187109 13.732394269499 10.9809510707301 14.1907765614007 26.6263824851335
45.1033158390947 25.8719714473346 39.5453931900977 7.85165319127336 3.99281720269864 10.6548738898345 8.51893776567871 31.6938956811019
42.6803510259602 35.1024466871942 20.135315586609 30.7574405135505 6.07206001143446 3.07017238103101 8.18772016168993 30.9799223822752
24.7408165744488 33.2167318213199 27.3190948493254 15.641433350867 23.4910841239761 4.55841616999715 2.30051630034382 29.5244586046514
197.353153100938 19.2549744657458 25.8515041785476 21.0979527308933 11.2367761723919 15.6185842546873 3.00587802624798 21.54566129921
77.7536325420532 153.593553076882 14.9855216201483 20.1171988934176 16.4020367398963 8.72750665305804 12.1301702299758 19.0761154159064

