# Simulated data from SIR age-structured hybrid model
# random seed = 2885659
# Flag=0 if no issues, =1 if negative pop #'s, =2 if NaN, or=3 if NA. Flag:
0

# Number of years (nyr)
50

# Starting age
0

# Ending age
8

# Sample size for comp data
200

# Sample size for fishery age comp data
200

# Sample size for antibody prevalence data
200

# Survey data
19107.2637590351
8196.01964848726
12159.9167683151
9367.76793346239
12346.5528530138
13582.39483959
11393.2556774606
11539.0651376204
21507.2567699208
16251.772417568
11490.9670239638
13673.8836606726
12933.7969179206
11966.0473301997
13321.5147690135
11860.2159959463
5359.97162597204
6020.30958481805
7809.02834750007
7373.36602439314
7474.76769701815
7594.50853110765
6904.05781795206
21164.5527689888
28914.3894326462
29929.5434837075
18215.6889863812
17129.4479031718
15577.3532352613
21671.2223046996
17164.1686435254
9922.91565772862
6046.27848216103
7407.47825051478
13338.4872526217
5766.60888579905
15178.5234981307
19158.5072167038
12921.1843547407
10978.7248638615
10564.3193062318
16238.7566686397
16328.0253214236
31049.2063046768
16944.184803932
15783.0153874276
20916.8943570461
17907.1051955041
10771.547522211
10913.1225659946

# Catches
0
0
0
0
0
0
0
0
0
0
0
0
0
0
0
0
0
0
0
0
0
0
0
0
0
0
0
0
0
0
0
0
0
0
0
0
0
0
0
0
0
0
0
0
0
0
0
0
0
0

# Catch compositions
-999 -999 -999 -999 -999 -999 -999 -999
-999 -999 -999 -999 -999 -999 -999 -999
-999 -999 -999 -999 -999 -999 -999 -999
-999 -999 -999 -999 -999 -999 -999 -999
-999 -999 -999 -999 -999 -999 -999 -999
-999 -999 -999 -999 -999 -999 -999 -999
-999 -999 -999 -999 -999 -999 -999 -999
-999 -999 -999 -999 -999 -999 -999 -999
-999 -999 -999 -999 -999 -999 -999 -999
-999 -999 -999 -999 -999 -999 -999 -999
-999 -999 -999 -999 -999 -999 -999 -999
-999 -999 -999 -999 -999 -999 -999 -999
-999 -999 -999 -999 -999 -999 -999 -999
-999 -999 -999 -999 -999 -999 -999 -999
-999 -999 -999 -999 -999 -999 -999 -999
-999 -999 -999 -999 -999 -999 -999 -999
-999 -999 -999 -999 -999 -999 -999 -999
-999 -999 -999 -999 -999 -999 -999 -999
-999 -999 -999 -999 -999 -999 -999 -999
-999 -999 -999 -999 -999 -999 -999 -999
-999 -999 -999 -999 -999 -999 -999 -999
-999 -999 -999 -999 -999 -999 -999 -999
-999 -999 -999 -999 -999 -999 -999 -999
-999 -999 -999 -999 -999 -999 -999 -999
-999 -999 -999 -999 -999 -999 -999 -999
-999 -999 -999 -999 -999 -999 -999 -999
-999 -999 -999 -999 -999 -999 -999 -999
-999 -999 -999 -999 -999 -999 -999 -999
-999 -999 -999 -999 -999 -999 -999 -999
-999 -999 -999 -999 -999 -999 -999 -999
-999 -999 -999 -999 -999 -999 -999 -999
-999 -999 -999 -999 -999 -999 -999 -999
-999 -999 -999 -999 -999 -999 -999 -999
-999 -999 -999 -999 -999 -999 -999 -999
-999 -999 -999 -999 -999 -999 -999 -999
-999 -999 -999 -999 -999 -999 -999 -999
-999 -999 -999 -999 -999 -999 -999 -999
-999 -999 -999 -999 -999 -999 -999 -999
-999 -999 -999 -999 -999 -999 -999 -999
-999 -999 -999 -999 -999 -999 -999 -999
-999 -999 -999 -999 -999 -999 -999 -999
-999 -999 -999 -999 -999 -999 -999 -999
-999 -999 -999 -999 -999 -999 -999 -999
-999 -999 -999 -999 -999 -999 -999 -999
-999 -999 -999 -999 -999 -999 -999 -999
-999 -999 -999 -999 -999 -999 -999 -999
-999 -999 -999 -999 -999 -999 -999 -999
-999 -999 -999 -999 -999 -999 -999 -999
-999 -999 -999 -999 -999 -999 -999 -999
-999 -999 -999 -999 -999 -999 -999 -999

# Age composition from fishery-independent survey
0 0 4 20 37 48 20 71
0 0 5 21 36 25 35 78
0 0 1 20 39 30 26 84
0 0 8 13 29 44 19 87
0 0 7 54 13 13 29 84
0 0 8 49 61 13 13 56
0 0 0 18 79 45 7 51
0 0 3 7 43 64 32 51
0 0 3 30 13 29 50 75
0 0 2 49 47 4 24 74
0 0 4 8 70 42 6 70
0 0 3 22 29 59 22 65
0 0 2 11 38 22 56 71
0 0 0 36 17 32 15 100
0 0 1 6 49 16 28 100
0 0 2 5 13 37 20 123
0 0 3 3 10 11 49 124
0 0 3 24 10 8 8 147
0 0 1 43 39 2 12 103
0 0 0 15 63 28 10 84
0 0 7 11 21 41 32 88
0 0 8 65 16 11 36 64
0 0 16 37 70 10 12 55
0 0 14 72 34 34 7 39
0 0 1 74 92 6 14 13
0 0 1 19 85 62 4 29
0 0 2 25 33 72 34 34
0 0 0 8 38 38 64 52
0 0 1 2 12 51 21 113
0 0 0 6 5 10 49 130
0 0 1 15 7 6 12 159
0 0 1 8 7 13 5 166
0 0 1 25 16 7 7 144
0 0 3 27 30 15 10 115
0 0 1 19 35 31 11 103
0 0 12 8 49 33 17 81
0 0 1 82 12 18 19 68
0 0 0 13 116 11 8 52
0 0 1 14 26 97 5 57
0 0 8 21 30 16 68 57
0 0 5 44 27 15 14 95
0 0 6 25 71 19 12 67
0 0 3 66 38 42 10 41
0 0 3 25 68 23 32 49
0 0 3 43 40 53 12 49
0 0 1 22 62 28 38 49
0 0 1 11 39 49 35 65
0 0 3 5 22 39 38 93
0 0 1 11 9 21 42 116
0 0 2 9 21 8 13 147

# Antibody prevalence values
0 0 0 0 0 5 0 22 2 34 9 29 5 11 50 33
0 0 0 0 0 4 0 21 0 33 4 19 14 35 42 28
0 0 0 0 0 1 0 13 0 40 1 26 3 18 43 55
0 0 0 0 0 6 0 15 1 22 0 29 1 14 53 59
0 0 0 0 0 5 0 42 0 13 0 19 3 29 40 49
0 0 0 0 0 4 0 45 7 62 1 8 1 8 33 31
0 0 0 0 0 1 0 18 17 54 18 32 1 2 42 15
0 0 0 0 0 8 0 7 3 32 13 47 19 20 34 17
0 0 0 0 0 12 0 36 0 11 6 26 14 29 48 18
0 0 0 0 0 3 0 45 1 47 0 9 4 18 33 40
0 0 0 0 0 2 0 14 19 54 25 8 2 4 56 16
0 0 0 0 0 2 0 24 1 20 25 38 20 11 47 12
0 0 0 0 0 4 0 12 0 42 5 20 25 22 60 10
0 0 0 0 0 0 0 28 0 21 0 32 1 15 69 34
0 0 0 0 0 0 0 12 1 48 0 20 0 27 46 46
0 0 0 0 0 2 0 7 1 12 9 46 2 15 58 48
0 0 0 0 0 5 0 9 0 20 1 9 7 29 60 60
0 0 0 0 0 6 0 30 0 12 1 9 0 10 54 78
0 0 0 0 0 3 0 38 1 36 0 9 1 7 51 54
0 0 0 0 0 4 0 15 1 52 4 15 1 6 48 54
0 0 0 0 0 10 0 12 0 27 3 56 3 16 33 40
0 0 0 0 0 3 0 67 1 18 0 13 0 32 25 41
0 0 0 0 0 17 0 37 1 53 0 9 1 13 22 47
0 0 0 0 0 8 4 99 9 20 14 12 2 1 24 7
0 0 0 0 0 4 2 85 12 48 15 4 13 1 13 3
0 0 0 0 0 3 0 20 45 61 33 4 10 0 24 0
0 0 0 0 0 0 1 31 8 18 50 23 35 2 32 0
0 0 0 0 0 0 0 10 1 44 4 16 44 20 58 3
0 0 0 0 0 0 0 6 0 18 1 55 3 13 85 19
0 0 0 0 0 0 0 4 0 8 0 18 3 40 94 33
0 0 0 0 0 1 0 5 0 9 0 5 1 12 97 70
0 0 0 0 0 3 0 7 2 11 1 7 2 4 98 65
0 0 0 0 0 5 0 22 1 19 2 8 4 2 91 46
0 0 0 0 0 2 0 25 0 39 0 16 3 3 69 43
0 0 0 0 0 1 0 19 0 40 0 31 1 10 56 42
0 0 0 0 0 13 0 7 0 38 0 39 0 21 44 38
0 0 0 0 0 4 0 78 0 15 0 25 0 17 25 36
0 0 0 0 0 4 0 13 24 72 4 4 7 2 52 18
0 0 0 0 0 2 0 14 6 16 54 36 4 1 55 12
0 0 0 0 0 9 0 25 0 28 2 10 30 33 50 13
0 0 0 0 0 4 0 53 0 33 1 13 3 9 50 34
0 0 0 0 0 2 0 27 0 63 0 16 0 11 52 29
0 0 0 0 0 6 1 64 4 24 12 25 6 10 29 19
0 0 0 0 0 4 0 34 6 49 6 24 6 11 44 16
0 0 0 0 0 1 1 38 9 32 21 26 9 8 46 9
0 0 0 0 0 0 0 26 0 60 4 26 13 11 44 16
0 0 0 0 0 0 1 13 7 28 18 32 19 15 59 8
0 0 0 0 0 0 0 3 0 20 7 26 21 21 80 22
0 0 0 0 0 1 0 11 0 18 0 18 5 28 73 46
0 0 0 0 0 1 0 8 0 15 0 9 1 23 73 70

# Average weight-at-age
70
94
115
134
150
160
165
168

# Maturity logistic function parameter age-at-50%
3

# Maturity logistic function parameter age-at-95%
4

# Infection prevalence index (avg of 3 different samples)
0
0
0
0
0
0.0611111111111111
0.0222222222222222
0
0
0.111111111111111
0.0166666666666667
0
0
0
0.00555555555555556
0.00555555555555556
0
0
0
0
0
0.00555555555555556
0
0.0722222222222222
0.1
0.05
0
0
0
0
0.0111111111111111
0
0
0
0
0
0.0222222222222222
0.00555555555555556
0
0
0
0
0
0
0.00555555555555556
0.00555555555555556
0
0
0
0

