# Simulated data from SIR age-structured hybrid model
# random seed = 4217482
# Flag=0 if no issues, =1 if negative pop #'s, =2 if NaN, or=3 if NA. Flag:
0

# Number of years (nyr)
50

# Starting age
0

# Ending age
8

# Sample size for comp data
200

# Sample size for fishery age comp data
200

# Sample size for antibody prevalence data
200

# Survey data
14527.8820059049
39530.4759112589
25502.8330039238
20532.5257574424
23095.9260074657
28270.0113650681
18264.6479480898
17317.4828415552
16861.9272144255
19283.3097802842
16371.1923030981
14462.211744074
13480.5414876976
18486.52389843
7602.80898518293
10169.6443753555
12128.5437210122
9823.1931890432
16214.222643536
8727.55908159264
21600.9442481086
8980.50033810315
13649.7263291206
9331.67949112263
14131.9860686285
23076.7139200339
22511.2258924352
17629.2475441577
25213.5375885115
18799.2141702379
20813.5025724316
7913.13033073756
8005.29474275541
12363.6930420036
18181.8547053817
12387.7417517045
13110.9954892493
10076.6412896783
7642.03435023157
10167.3525373704
10081.382904083
10696.5811634558
5275.79337787573
7515.3388865542
4991.09112213051
7408.80501071842
9392.53188016729
6655.83767968985
9229.00123412069
6339.93213616897

# Catches
0
0
0
0
0
0
0
0
0
0
0
0
0
0
0
0
0
0
0
0
0
0
0
0
0
0
0
0
0
0
0
0
0
0
0
0
0
0
0
0
0
0
0
0
0
0
0
0
0
0

# Catch compositions
-999 -999 -999 -999 -999 -999 -999 -999
-999 -999 -999 -999 -999 -999 -999 -999
-999 -999 -999 -999 -999 -999 -999 -999
-999 -999 -999 -999 -999 -999 -999 -999
-999 -999 -999 -999 -999 -999 -999 -999
-999 -999 -999 -999 -999 -999 -999 -999
-999 -999 -999 -999 -999 -999 -999 -999
-999 -999 -999 -999 -999 -999 -999 -999
-999 -999 -999 -999 -999 -999 -999 -999
-999 -999 -999 -999 -999 -999 -999 -999
-999 -999 -999 -999 -999 -999 -999 -999
-999 -999 -999 -999 -999 -999 -999 -999
-999 -999 -999 -999 -999 -999 -999 -999
-999 -999 -999 -999 -999 -999 -999 -999
-999 -999 -999 -999 -999 -999 -999 -999
-999 -999 -999 -999 -999 -999 -999 -999
-999 -999 -999 -999 -999 -999 -999 -999
-999 -999 -999 -999 -999 -999 -999 -999
-999 -999 -999 -999 -999 -999 -999 -999
-999 -999 -999 -999 -999 -999 -999 -999
-999 -999 -999 -999 -999 -999 -999 -999
-999 -999 -999 -999 -999 -999 -999 -999
-999 -999 -999 -999 -999 -999 -999 -999
-999 -999 -999 -999 -999 -999 -999 -999
-999 -999 -999 -999 -999 -999 -999 -999
-999 -999 -999 -999 -999 -999 -999 -999
-999 -999 -999 -999 -999 -999 -999 -999
-999 -999 -999 -999 -999 -999 -999 -999
-999 -999 -999 -999 -999 -999 -999 -999
-999 -999 -999 -999 -999 -999 -999 -999
-999 -999 -999 -999 -999 -999 -999 -999
-999 -999 -999 -999 -999 -999 -999 -999
-999 -999 -999 -999 -999 -999 -999 -999
-999 -999 -999 -999 -999 -999 -999 -999
-999 -999 -999 -999 -999 -999 -999 -999
-999 -999 -999 -999 -999 -999 -999 -999
-999 -999 -999 -999 -999 -999 -999 -999
-999 -999 -999 -999 -999 -999 -999 -999
-999 -999 -999 -999 -999 -999 -999 -999
-999 -999 -999 -999 -999 -999 -999 -999
-999 -999 -999 -999 -999 -999 -999 -999
-999 -999 -999 -999 -999 -999 -999 -999
-999 -999 -999 -999 -999 -999 -999 -999
-999 -999 -999 -999 -999 -999 -999 -999
-999 -999 -999 -999 -999 -999 -999 -999
-999 -999 -999 -999 -999 -999 -999 -999
-999 -999 -999 -999 -999 -999 -999 -999
-999 -999 -999 -999 -999 -999 -999 -999
-999 -999 -999 -999 -999 -999 -999 -999
-999 -999 -999 -999 -999 -999 -999 -999

# Age composition from fishery-independent survey
0 0 20 62 97 6 3 12
0 0 6 100 60 23 2 9
0 0 10 47 92 22 19 10
0 0 18 68 59 33 7 15
0 0 1 79 65 19 18 18
0 0 1 11 109 40 12 27
0 0 1 10 34 69 38 48
0 0 5 20 31 31 55 58
0 0 8 46 28 16 18 84
0 0 2 42 67 13 16 60
0 0 0 23 63 37 13 64
0 0 0 9 32 50 32 77
0 0 3 4 18 42 47 86
0 0 7 40 6 20 24 103
0 0 11 43 40 1 14 91
0 0 4 87 32 26 0 51
0 0 3 32 96 16 16 37
0 0 0 23 32 87 14 44
0 0 3 19 28 40 61 49
0 0 7 27 20 19 23 104
0 0 5 34 37 16 20 88
0 0 3 45 44 23 8 77
0 0 4 33 47 38 21 57
0 0 4 19 62 37 21 57
0 0 15 26 28 46 30 55
0 0 4 90 25 9 26 46
0 0 12 50 84 8 5 41
0 0 9 62 54 42 6 27
0 0 13 56 67 25 24 15
0 0 2 37 82 35 16 28
0 0 1 7 55 50 30 57
0 0 3 6 8 54 49 80
0 0 9 29 12 15 35 100
0 0 4 56 34 14 8 84
0 0 4 34 58 18 5 81
0 0 1 66 36 30 11 56
0 0 2 9 83 19 31 56
0 0 10 11 19 55 17 88
0 0 10 81 22 15 28 44
0 0 1 26 94 11 5 63
0 0 2 14 52 66 4 62
0 0 2 16 14 52 57 59
0 0 0 23 20 14 30 113
0 0 0 6 53 16 11 114
0 0 6 12 8 44 20 110
0 0 2 36 18 5 38 101
0 0 6 11 53 24 7 99
0 0 3 47 15 25 11 99
0 0 3 24 58 14 25 76
0 0 0 17 39 55 11 78

# Antibody prevalence values
0 0 0 0 0 14 0 72 12 77 3 6 1 4 8 3
0 0 0 0 0 9 0 91 15 41 20 11 2 1 7 3
0 0 0 0 0 7 0 55 14 86 12 6 12 0 8 0
0 0 0 0 0 10 1 63 4 55 24 15 11 0 17 0
0 0 0 0 0 0 3 81 11 46 9 15 18 0 17 0
0 0 0 0 0 4 1 12 21 84 24 13 12 3 26 0
0 0 0 0 0 1 0 15 3 27 37 29 33 1 54 0
0 0 0 0 0 7 0 23 1 31 2 17 32 20 65 2
0 0 0 0 0 11 0 56 0 19 0 15 4 13 63 19
0 0 0 0 0 0 0 57 1 61 1 10 1 4 50 15
0 0 0 0 0 0 1 24 8 62 6 31 0 5 48 15
0 0 0 0 0 0 0 6 3 35 17 37 24 20 53 5
0 0 0 0 0 5 0 6 0 19 0 31 21 19 77 22
0 0 0 0 0 5 0 34 0 11 0 15 1 32 64 38
0 0 0 0 0 12 0 43 0 53 0 6 0 8 42 36
0 0 0 0 0 5 0 77 0 36 0 25 0 1 19 37
0 0 0 0 0 3 0 27 29 79 9 10 5 12 19 7
0 0 0 0 0 3 0 15 7 34 35 45 14 6 35 6
0 0 0 0 0 3 0 15 0 30 4 30 31 37 45 5
0 0 0 0 0 7 0 22 0 20 0 32 4 30 55 30
0 0 0 0 0 9 0 32 0 36 0 21 1 16 45 40
0 0 0 0 0 6 0 57 0 35 0 27 0 5 32 38
0 0 0 0 0 4 0 32 1 54 6 35 0 20 23 25
0 0 0 0 0 3 0 15 9 61 9 26 9 19 24 25
0 0 0 0 0 22 0 31 0 29 9 31 9 22 23 24
0 0 0 0 0 4 0 88 0 25 0 19 3 20 17 24
0 0 0 0 0 4 1 46 12 83 7 8 3 0 30 6
0 0 0 0 0 12 0 49 7 50 30 20 5 1 24 2
0 0 0 0 0 7 1 58 8 52 15 10 18 11 18 2
0 0 0 0 0 0 0 40 21 60 18 19 11 4 26 1
0 0 0 0 0 0 0 6 7 50 16 35 27 8 47 4
0 0 0 0 0 2 0 8 0 10 6 44 18 27 80 5
0 0 0 0 0 11 0 22 0 8 0 12 7 38 78 24
0 0 0 0 0 4 0 44 0 43 0 6 0 3 61 39
0 0 0 0 0 10 0 31 0 61 0 24 0 6 32 36
0 0 0 0 0 0 0 59 3 27 6 24 3 9 39 30
0 0 0 0 0 3 0 9 1 80 2 16 9 27 31 22
0 0 0 0 0 14 0 15 2 26 15 38 5 9 57 19
0 0 0 0 0 7 0 78 0 17 1 6 4 18 47 22
0 0 0 0 0 1 0 34 8 80 3 4 2 6 41 21
0 0 0 0 0 1 0 5 6 57 19 35 6 4 55 12
0 0 0 0 0 1 0 17 0 14 1 53 18 31 52 13
0 0 0 0 0 1 0 23 0 27 0 14 1 44 50 40
0 0 0 0 0 2 0 4 0 37 0 27 0 8 43 79
0 0 0 0 0 4 0 16 0 5 0 38 0 28 40 69
0 0 0 0 0 2 0 33 0 20 0 10 0 23 32 80
0 0 0 0 0 8 0 13 0 49 1 25 0 3 26 75
0 0 0 0 0 1 0 47 0 12 0 39 0 11 24 66
0 0 0 0 0 0 0 30 0 63 0 12 0 27 11 57
0 0 0 0 0 1 0 22 0 30 0 45 0 12 11 79

# Average weight-at-age
70
94
115
134
150
160
165
168

# Maturity logistic function parameter age-at-50%
3

# Maturity logistic function parameter age-at-95%
4

# Infection prevalence index (avg of 3 different samples)
0.0111111111111111
0.127777777777778
0.0277777777777778
0.0611111111111111
0.105555555555556
0.00555555555555556
0
0
0
0.0444444444444444
0.0777777777777778
0
0
0
0
0.0111111111111111
0.0222222222222222
0
0
0
0
0.00555555555555556
0
0
0
0.283333333333333
0
0.0555555555555556
0.05
0.0555555555555556
0
0
0
0
0.0388888888888889
0
0.0555555555555556
0
0.0277777777777778
0.0611111111111111
0
0
0
0
0
0
0
0
0
0

