# Simulated data from SIR age-structured hybrid model
# random seed = 251957
# Flag=0 if no issues, =1 if negative pop #'s, =2 if NaN, or=3 if NA. Flag:
0

# True SSB
28818.8570501675
27653.5054497595
27893.2800832314
25545.0351431909
22896.9576099979
21588.4025256853
25496.8820859325
27365.2219859339
26404.573789242
26130.7261094845
26753.8739175273
29220.6117500293
31417.2356354513
32705.7462425774
30137.9421340017
27830.364405371
30492.9306402747
30967.5448202844
28328.7730739008
26837.2315868834
34952.4309544218
59504.9955945182
77503.4280450083
81722.1443066126
85354.7083554503
81994.0584056186
76911.2947822522
69547.8151018158
56929.7014214502
50629.4730362596
47747.2593948305
48669.4349958035
45317.2310450803
37286.5166730207
31114.5401713615
31316.1595682948
33587.1496594514
34195.4448430264
42915.5825247801
48616.9666126015
62847.7259555526
120120.643602709
160209.063540137
147523.74217351
135137.018473967
120264.146345371
96706.7341314137
85669.9890855598
83620.6300696092
87146.0694070899

# True R (numbers)
52.0017922098788
26.7161536947904
66.7824370277163
213.355039008723
142.062860447657
58.2548289540299
97.6379853327983
90.5457870353113
176.560768697412
184.554943517047
149.380554974948
27.9620082871064
70.2821761671079
212.406073263904
116.31594567484
57.8117920598649
46.1551240898965
318.392136558856
889.428007411945
463.822514338672
413.195307339167
416.225399432275
209.95999924144
274.871603670902
64.7549161613247
52.6468780143486
132.418516652349
110.608186755995
298.449492115311
79.8171211254535
11.1318937799908
12.73850896114
208.47495843317
130.266531125187
170.581461138221
345.910044574893
285.633857662976
426.354147895053
2100.19637872455
895.631665297403
236.331196296504
483.151355998186
85.0723429655967
39.9363499783182
257.408673125503
264.879295760065
488.670838964929
1237.34356906552
606.570772417577
467.96526909909

# True infection rate given (selected) susceptible
-999 -999 0.00942543177772063 0.00942543177772103 0.00942543177772 0.0094254317777202 0.00942543177772004 0.00942543177772013
-999 -999 0.0205246246819011 0.0205246246819022 0.0205246246819015 0.0205246246819008 0.020524624681902 0.020524624681901
-999 -999 0.345969404726339 0.345969404726339 0.34596940472634 0.34596940472634 0.34596940472634 0.34596940472634
-999 -999 0.033656441551726 0.0336564415517265 0.0336564415517275 0.0336564415517257 0.0336564415517258 0.0336564415517261
-999 -999 0.0215889626845256 0.0215889626845248 0.0215889626845252 0.0215889626845262 0.0215889626845258 0.0215889626845257
-999 -999 0.0193501207259361 0.0193501207259365 0.0193501207259362 0.0193501207259364 0.019350120725937 0.0193501207259362
-999 -999 0.622812423032945 0.622812423032945 0.622812423032945 0.622812423032945 0.622812423032945 0.622812423032945
-999 -999 0.455598558219914 0.455598558219914 0.455598558219913 0.455598558219913 0.455598558219914 0.455598558219914
-999 -999 0.0127355881514784 0.0127355881514792 0.0127355881514784 0.0127355881514801 0.0127355881514787 0.0127355881514801
-999 -999 0.0137888793882458 0.0137888793882449 0.0137888793882448 0.0137888793882449 0.0137888793882462 0.0137888793882457
-999 -999 0.104989042947957 0.104989042947957 0.104989042947955 0.104989042947955 0.104989042947956 0.104989042947957
-999 -999 0.492031585551315 0.492031585551314 0.492031585551314 0.492031585551314 0.492031585551314 0.492031585551315
-999 -999 0.447054504093785 0.447054504093785 0.447054504093785 0.447054504093785 0.447054504093785 0.447054504093785
-999 -999 0.334245015502874 0.334245015502874 0.334245015502874 0.334245015502875 0.334245015502874 0.334245015502875
-999 -999 0.0342182686379796 0.0342182686379788 0.0342182686379788 0.0342182686379788 0.0342182686379778 0.0342182686379783
-999 -999 0.0102969269486616 0.0102969269486604 0.0102969269486616 0.0102969269486613 0.010296926948661 0.010296926948661
-999 -999 0.514104740548077 0.514104740548077 0.514104740548076 0.514104740548076 0.514104740548076 0.514104740548077
-999 -999 0.425847008970258 0.425847008970258 0.425847008970257 0.425847008970257 0.425847008970258 0.425847008970257
-999 -999 0.00581997991494574 0.00581997991494552 0.00581997991494509 0.00581997991494526 0.00581997991494584 0.00581997991494601
-999 -999 0.00413100777557732 0.00413100777557732 0.00413100777557675 0.00413100777557754 0.00413100777557763 0.004131007775578
-999 -999 0.691913663723792 0.691913663723793 0.691913663723792 0.691913663723792 0.691913663723792 0.691913663723792
-999 -999 0.91123915707058 0.911239157070581 0.911239157070581 0.91123915707058 0.911239157070581 0.911239157070581
-999 -999 0.857919804003327 0.857919804003327 0.857919804003327 0.857919804003327 0.857919804003327 0.857919804003327
-999 -999 0.66566806906757 0.66566806906757 0.66566806906757 0.66566806906757 0.66566806906757 0.66566806906757
-999 -999 0.672454670580078 0.672454670580078 0.672454670580078 0.672454670580078 0.672454670580078 0.672454670580078
-999 -999 0.478444650148569 0.478444650148569 0.478444650148569 0.478444650148569 0.478444650148568 0.478444650148569
-999 -999 0.221614827686278 0.221614827686278 0.221614827686279 0.221614827686278 0.221614827686278 0.221614827686278
-999 -999 0.414027519595512 0.414027519595512 0.414027519595513 0.414027519595513 0.414027519595512 0.414027519595512
-999 -999 0.00324016040268977 0.00324016040268961 0.00324016040268982 0.00324016040269031 0.00324016040269001 0.00324016040269037
-999 -999 0.00732249296561431 0.00732249296561416 0.00732249296561377 0.00732249296561404 0.00732249296561431 0.00732249296561398
-999 -999 0.216052076217987 0.216052076217988 0.216052076217989 0.216052076217988 0.216052076217988 0.216052076217989
-999 -999 0.582531562385745 0.582531562385745 0.582531562385746 0.582531562385745 0.582531562385745 0.582531562385745
-999 -999 0.426122445177805 0.426122445177804 0.426122445177805 0.426122445177805 0.426122445177805 0.426122445177805
-999 -999 0.00305250701851253 0.00305250701851348 0.00305250701851306 0.00305250701851276 0.00305250701851233 0.00305250701851312
-999 -999 0.00221678260840102 0.00221678260840103 0.00221678260840131 0.00221678260840149 0.00221678260840095 0.00221678260840085
-999 -999 0.269637420465846 0.269637420465846 0.269637420465847 0.269637420465847 0.269637420465846 0.269637420465846
-999 -999 0.570419783575536 0.570419783575537 0.570419783575537 0.570419783575537 0.570419783575537 0.570419783575537
-999 -999 0.0401925078453146 0.0401925078453135 0.0401925078453152 0.0401925078453157 0.0401925078453158 0.040192507845315
-999 -999 0.731756105991097 0.731756105991098 0.731756105991097 0.731756105991098 0.731756105991097 0.731756105991098
-999 -999 0.669049917536703 0.669049917536703 0.669049917536703 0.669049917536703 0.669049917536703 0.669049917536703
-999 -999 0.752502147173271 0.752502147173271 0.752502147173271 0.752502147173271 0.752502147173271 0.752502147173271
-999 -999 0.96396120834002 0.96396120834002 0.96396120834002 0.96396120834002 0.96396120834002 0.96396120834002
-999 -999 0.93755602195064 0.93755602195064 0.93755602195064 0.93755602195064 0.93755602195064 0.93755602195064
-999 -999 0.64797831261915 0.647978312619149 0.647978312619149 0.647978312619149 0.64797831261915 0.64797831261915
-999 -999 0.411435543879661 0.411435543879661 0.411435543879661 0.411435543879661 0.411435543879661 0.411435543879661
-999 -999 0.534392238680342 0.534392238680342 0.534392238680342 0.534392238680342 0.534392238680341 0.534392238680341
-999 -999 0.00230427457565112 0.00230427457565205 0.00230427457565134 0.00230427457565174 0.00230427457565125 0.00230427457565148
-999 -999 0.0116184644811168 0.0116184644811159 0.0116184644811162 0.0116184644811163 0.0116184644811154 0.0116184644811168
-999 -999 0.60081133324726 0.600811333247259 0.60081133324726 0.600811333247259 0.60081133324726 0.600811333247259
-999 -999 0.687743847161539 0.687743847161538 0.687743847161538 0.687743847161538 0.687743847161538 0.687743847161539

# Duration of outbreak (days) based on incidence
0
0
0
0
0
0
0
0
0
0
0
0
0
0
0
0
0
0
0
0
0
0
0
0
0
0
0
0
0
0
0
0
0
0
0
0
0
0
0
0
0
2
0
0
0
0
0
0
0
0

# Duration of outbreak (days) based on prevalence
0
0
0
0
0
0
24
0
0
0
0
0
0
0
0
0
0
0
0
0
27
26
21
0
0
0
0
0
0
0
0
0
0
0
0
0
0
0
25
10
21
24
20
0
0
0
0
0
0
0

# Peak (point) prevalence
0.000906708982030863
0.0027367060659306
0.0511709326697083
0.0045992936951177
0.00284276159998829
0.00277892585597949
0.136806587203081
0.0586431708576913
0.0012159462332722
0.00179711878187619
0.020913483425805
0.0835538528846471
0.0613306793303038
0.0409919353033631
0.0041716481760255
0.00104565644083254
0.0826718916536027
0.0508825572808899
0.000385065651338924
0.000314804429768744
0.167857681664633
0.392062322232656
0.228516893432672
0.0798990763641696
0.0821330263530732
0.0354604753346421
0.018277318007143
0.0328181155566893
9.43135041530731e-05
0.000339266641156808
0.021754736532741
0.0826469724539328
0.0378911407176219
9.74469485876475e-05
7.63783529822044e-05
0.029222175475384
0.0819942478005388
0.00515072956106604
0.178478604041003
0.10957799121453
0.161700773243051
0.510902703683823
0.31989459843117
0.0496452713328218
0.0213693782397589
0.0328877977098892
3.86769647899583e-05
0.000515379924542372
0.0680002521685687
0.0997807417677867

# Day of peak prevalence
119
119
103
119
119
119
67
90
119
119
119
87
92
106
119
119
83
93
119
119
57
21
26
54
54
83
118
94
92
119
114
68
91
97
83
110
72
119
51
56
44
12
14
52
91
75
76
119
62
52

# Total immunity
0.21774955866784
0.201986009801247
0.164696137202903
0.145410749845891
0.107730151081971
0.0962326823778488
0.0774843675088784
0.176887608418761
0.174391896638502
0.118534177601145
0.0898662757208836
0.10009982935362
0.180523977722556
0.175510122072923
0.183659428166866
0.16511013801278
0.147925831842043
0.140826264013517
0.0702154007195816
0.0490138553974289
0.0364939063276243
0.0700814296176588
0.171081547234265
0.24605123377434
0.31610109641804
0.410318528217369
0.415209760938369
0.386149488547318
0.301356995354438
0.268363224908893
0.264211719850535
0.302304453442116
0.307055941458024
0.296130788948637
0.210149520061718
0.119624985956903
0.100448381066928
0.1001628077895
0.0301246752740942
0.047131870217454
0.0681254995444448
0.097985710990364
0.269328978283527
0.498453952573669
0.486753601502649
0.4343183371382
0.336791183291035
0.160365328161983
0.121056666057183
0.132026101209996

# Observed immunity (based on survey selectivity)
0.472823231066114
0.385936969610083
0.30253154394314
0.410169660125027
0.375952736238088
0.314118740477407
0.205870266064091
0.40266588982819
0.500957331047825
0.403180546012716
0.310319891919819
0.254440844095263
0.371515286682636
0.437575428341577
0.502543506918316
0.436932665845967
0.305614326303278
0.431189278075
0.531037567647295
0.44008688682286
0.248227686202259
0.260894018857554
0.448367337717213
0.595026503217161
0.597138149622336
0.654304027399067
0.65004181506139
0.621155721242621
0.710028738310072
0.618662288619619
0.506451661388155
0.435669992542698
0.568751109776686
0.687698666130567
0.646723023280854
0.482971165799226
0.4177355801058
0.496084392598901
0.314476485011078
0.455019372942332
0.416885818520872
0.275113069249539
0.460913527896226
0.729694740365294
0.742036551835374
0.734018123342906
0.824175529943596
0.715715198969477
0.562790949046176
0.538988137195992

# True total proportion of susceptible
1 1 1 0.99911602904761 0.973054043330289 0.769754123369876 0.415521086757256 0.123534897007825
1 1 1 0.99965176675467 0.995631509014068 0.966526960656857 0.763851128472503 0.242818252288624
1 1 1 0.999238996155103 0.992022916824025 0.981131878539264 0.951523128406978 0.399325490193915
1 1 1 0.987095819796877 0.863493476220968 0.721195939316723 0.696507967543062 0.307023234422813
1 1 1 0.998750071923139 0.974628934571946 0.841605557026899 0.700862630214879 0.358930304122135
1 1 1 0.999199944767307 0.990732362677887 0.95956856772033 0.827148267221072 0.415504256258703
1 1 1 0.999283065471098 0.992015806735106 0.97711580195175 0.945499342763161 0.523140791466339
1 1 1 0.977071121470281 0.747773408314252 0.465676706476581 0.423302356472354 0.230147550241852
1 1 1 0.983056725366196 0.798473694485101 0.452478134892007 0.259035468261558 0.131929215430375
1 1 1 0.999528974842526 0.978379767828148 0.790682852592589 0.447202638388605 0.155105927255322
1 1 1 0.999488771854408 0.994409314727479 0.968755571943474 0.781844651885856 0.286868455255239
1 1 1 0.996078269727727 0.959688777339764 0.917861841364635 0.889326849450512 0.397051397580376
1 1 1 0.981713428272385 0.799793392110178 0.567292613977775 0.515367233013213 0.243776249509458
1 1 1 0.98335544320605 0.805932027589505 0.493982481399301 0.325330104508371 0.168646017685396
1 1 1 0.98751896065538 0.853598630775525 0.581632897094291 0.336289462615979 0.132901871700972
1 1 1 0.998727814986776 0.974826052760212 0.8314861980928 0.564069518432853 0.197354081839601
1 1 1 0.999619643852345 0.994922128338041 0.967687662800364 0.824687720992948 0.318313001897137
1 1 1 0.980926153870899 0.793731900794204 0.571380825148075 0.527073601698403 0.228161354597918
1 1 1 0.984153510275512 0.814200537721517 0.505913176677782 0.340454090498028 0.140115452025713
1 1 1 0.99978600183328 0.982026616210099 0.810616697781497 0.503285441718266 0.171249358810922
1 1 1 0.999848221310105 0.998267899220611 0.979170527882719 0.807953872028012 0.301909177755791
1 1 1 0.974672324731405 0.719047648039537 0.400417168185755 0.351573483815279 0.131647859652454
1 1 1 0.967325328710985 0.607520452243365 0.110092440291069 0.0351254044527139 0.0129641214390831
1 1 1 0.969161043158149 0.625415667061393 0.123587314021926 0.0146334435426268 0.00198856968724359
1 1 1 0.975689807992498 0.706532504888607 0.246798664535622 0.0395163401689211 0.00254214867341095
1 1 1 0.975429846789115 0.708720096272335 0.278788926189401 0.0791904453052827 0.00799533787242628
1 1 1 0.982258503721535 0.788021520420585 0.41157731034771 0.144439732136936 0.0147387621777062
1 1 1 0.991722425105007 0.897682205687579 0.645719488688646 0.323919908399702 0.0373715082892762
1 1 1 0.984587562387806 0.82870162552542 0.590567991962517 0.396643454427804 0.064648604629127
1 1 1 0.99988171513357 0.983409832441113 0.826696312796977 0.588924059554189 0.114598625746326
1 1 1 0.999731505610337 0.997194936785452 0.97834932450958 0.821919363051856 0.214710701404111
1 1 1 0.991954445360103 0.916719181258485 0.834532806132067 0.808613103312946 0.199962595132057
1 1 1 0.978550397895582 0.759295463834905 0.46061224536324 0.386070120718513 0.0982717312220682
1 1 1 0.984157320816625 0.812130031094282 0.481652623849569 0.270096958006113 0.0807653096675188
1 1 1 0.999888504713024 0.983047059878402 0.810264685759727 0.480338507124532 0.107578684824541
1 1 1 0.99991915359065 0.999080048983711 0.981525394918284 0.808847383103783 0.236775297708181
1 1 1 0.989944858880592 0.895317800946922 0.792100756027158 0.765207304759295 0.22342650512323
1 1 1 0.978958604282739 0.762413428244869 0.457834600040696 0.372539371058912 0.0988860922541728
1 1 1 0.998504318509208 0.964096741671213 0.738323587445756 0.440854616976648 0.10193475498873
1 1 1 0.973295162958896 0.700947412980893 0.343873966675752 0.217025614227983 0.0586112654271275
1 1 1 0.975525946347189 0.707930447862246 0.278136681815745 0.113724954884267 0.0295149733243006
1 1 1 0.972651869504998 0.674928865483932 0.222640597739753 0.0673717860139991 0.0120198378622977
1 1 1 0.96560100275563 0.583838605162104 0.0651933843230224 0.0071465326228437 0.00105928568054847
1 1 1 0.966509875103725 0.590586263940842 0.071058314933608 0.00367154622909991 0.000160751460375377
1 1 1 0.97636347128124 0.712351339261704 0.242358418987954 0.0238212559721902 0.000479710544878253
1 1 1 0.984706549633667 0.816299924033203 0.458817744670998 0.141481070365071 0.00953534203805305
1 1 1 0.980258638234114 0.773134910914357 0.439454128882731 0.218759602028729 0.020904236925464
1 1 1 0.999916023914368 0.979421805585966 0.77177466721458 0.438537754029266 0.0387645173643424
1 1 1 0.99957195362628 0.995629928600853 0.971363566824226 0.764501797764394 0.118922856852787
1 1 1 0.977961448172031 0.758695252151978 0.492466162664222 0.446172146057124 0.0582707353164688

# True vulnerable proportion of susceptible
0 0 0.05 0.499558014523805 0.924401341163774 0.769754123369876 0.415521086757256 0.123534897007825
0 0 0.05 0.499825883377335 0.945849933563365 0.966526960656857 0.763851128472503 0.242818252288624
0 0 0.05 0.499619498077551 0.942421770982824 0.981131878539264 0.951523128406978 0.399325490193915
0 0 0.05 0.493547909898439 0.82031880240992 0.721195939316723 0.696507967543062 0.307023234422813
0 0 0.05 0.499375035961569 0.925897487843349 0.841605557026899 0.700862630214879 0.358930304122135
0 0 0.05 0.499599972383654 0.941195744543993 0.95956856772033 0.827148267221072 0.415504256258703
0 0 0.05 0.499641532735549 0.942415016398351 0.97711580195175 0.945499342763161 0.523140791466339
0 0 0.05 0.48853556073514 0.71038473789854 0.465676706476581 0.423302356472354 0.230147550241852
0 0 0.05 0.491528362683098 0.758550009760846 0.452478134892007 0.259035468261558 0.131929215430375
0 0 0.05 0.499764487421263 0.92946077943674 0.790682852592589 0.447202638388605 0.155105927255322
0 0 0.05 0.499744385927204 0.944688848991105 0.968755571943474 0.781844651885856 0.286868455255239
0 0 0.05 0.498039134863863 0.911704338472776 0.917861841364635 0.889326849450512 0.397051397580376
0 0 0.05 0.490856714136192 0.759803722504669 0.567292613977775 0.515367233013213 0.243776249509458
0 0 0.05 0.491677721603025 0.765635426210029 0.493982481399301 0.325330104508371 0.168646017685396
0 0 0.05 0.49375948032769 0.810918699236749 0.581632897094291 0.336289462615979 0.132901871700972
0 0 0.05 0.499363907493388 0.926084750122201 0.8314861980928 0.564069518432853 0.197354081839601
0 0 0.05 0.499809821926173 0.945176021921139 0.967687662800364 0.824687720992948 0.318313001897137
0 0 0.05 0.49046307693545 0.754045305754494 0.571380825148075 0.527073601698403 0.228161354597918
0 0 0.05 0.492076755137756 0.773490510835441 0.505913176677782 0.340454090498028 0.140115452025713
0 0 0.05 0.49989300091664 0.932925285399594 0.810616697781497 0.503285441718266 0.171249358810922
0 0 0.05 0.499924110655053 0.948354504259581 0.979170527882719 0.807953872028012 0.301909177755791
0 0 0.05 0.487336162365703 0.68309526563756 0.400417168185755 0.351573483815279 0.131647859652454
0 0 0.05 0.483662664355493 0.577144429631197 0.110092440291069 0.0351254044527139 0.0129641214390831
0 0 0.05 0.484580521579074 0.594144883708324 0.123587314021926 0.0146334435426268 0.00198856968724359
0 0 0.05 0.487844903996249 0.671205879644177 0.246798664535622 0.0395163401689211 0.00254214867341095
0 0 0.05 0.487714923394558 0.673284091458718 0.278788926189401 0.0791904453052827 0.00799533787242628
0 0 0.05 0.491129251860768 0.748620444399555 0.41157731034771 0.144439732136936 0.0147387621777062
0 0 0.05 0.495861212552504 0.8527980954032 0.645719488688646 0.323919908399702 0.0373715082892762
0 0 0.05 0.492293781193903 0.787266544249149 0.590567991962517 0.396643454427804 0.064648604629127
0 0 0.05 0.499940857566785 0.934239340819057 0.826696312796977 0.588924059554189 0.114598625746326
0 0 0.05 0.499865752805168 0.947335189946179 0.97834932450958 0.821919363051856 0.214710701404111
0 0 0.05 0.495977222680052 0.87088322219556 0.834532806132067 0.808613103312946 0.199962595132057
0 0 0.05 0.489275198947791 0.72133069064316 0.46061224536324 0.386070120718513 0.0982717312220682
0 0 0.05 0.492078660408312 0.771523529539568 0.481652623849569 0.270096958006113 0.0807653096675188
0 0 0.05 0.499944252356512 0.933894706884482 0.810264685759727 0.480338507124532 0.107578684824541
0 0 0.05 0.499959576795325 0.949126046534525 0.981525394918284 0.808847383103783 0.236775297708181
0 0 0.05 0.494972429440296 0.850551910899576 0.792100756027158 0.765207304759295 0.22342650512323
0 0 0.05 0.489479302141369 0.724292756832626 0.457834600040696 0.372539371058912 0.0988860922541728
0 0 0.05 0.499252159254604 0.915891904587653 0.738323587445756 0.440854616976648 0.10193475498873
0 0 0.05 0.486647581479448 0.665900042331849 0.343873966675752 0.217025614227983 0.0586112654271275
0 0 0.05 0.487762973173595 0.672533925469134 0.278136681815745 0.113724954884267 0.0295149733243006
0 0 0.05 0.486325934752499 0.641182422209736 0.222640597739753 0.0673717860139991 0.0120198378622977
0 0 0.05 0.482800501377815 0.554646674903998 0.0651933843230224 0.0071465326228437 0.00105928568054847
0 0 0.05 0.483254937551863 0.5610569507438 0.071058314933608 0.00367154622909991 0.000160751460375377
0 0 0.05 0.48818173564062 0.676733772298619 0.242358418987954 0.0238212559721902 0.000479710544878253
0 0 0.05 0.492353274816833 0.775484927831543 0.458817744670998 0.141481070365071 0.00953534203805305
0 0 0.05 0.490129319117057 0.734478165368639 0.439454128882731 0.218759602028729 0.020904236925464
0 0 0.05 0.499958011957184 0.930450715306668 0.77177466721458 0.438537754029266 0.0387645173643424
0 0 0.05 0.49978597681314 0.94584843217081 0.971363566824226 0.764501797764394 0.118922856852787
0 0 0.05 0.488980724086016 0.720760489544379 0.492466162664222 0.446172146057124 0.0582707353164688

# True survival by age
0.778267540515681 0.778267540515681 0.778177194376973 0.777365349133154 0.77661158741067 0.776999431159359 0.777828395030338 0.778511690988393
0.778267540515681 0.778267540515681 0.778038546766314 0.775978586147165 0.773937995528481 0.773858817113033 0.774895122466127 0.77755922480585
0.778267540515681 0.778267540515681 0.773981704411627 0.735442200652319 0.697490489209417 0.694178193243362 0.696731946895212 0.744358973663607
0.778267540515681 0.778267540515681 0.777874383431249 0.774393584428053 0.771890048630095 0.772745344849432 0.772952634546657 0.776222898023243
0.778267540515681 0.778267540515681 0.778025432155707 0.775850149611152 0.773797719001737 0.77427680835013 0.775033359251891 0.776871385613186
0.778267540515681 0.778267540515681 0.778053347076574 0.776127746413927 0.774240523346359 0.774178434444383 0.774816317775281 0.776799252807648
0.778267540515681 0.778267540515681 0.770664354373603 0.702290571261655 0.634964662171989 0.629695876851843 0.634520452580628 0.698971085818111
0.778267540515681 0.778267540515681 0.772641667234751 0.723310984010992 0.698471348145581 0.726155701623942 0.730946151900347 0.752782439531975
0.778267540515681 0.778267540515681 0.778135944015483 0.776982907145213 0.776378552387696 0.777368611694992 0.777980891115279 0.778383204338902
0.778267540515681 0.778267540515681 0.778122439289689 0.776817462889706 0.775581751371398 0.776084576300692 0.777264522571648 0.778267952786278
0.778267540515681 0.778267540515681 0.776978509706015 0.765384094915933 0.753915861069045 0.753309085788945 0.758227433337992 0.771252167060262
0.778267540515681 0.778267540515681 0.772197033561589 0.717802631117135 0.667598885639585 0.666873606259325 0.670353259668334 0.730382992966533
0.778267540515681 0.778267540515681 0.77274061296175 0.7240187017261 0.694386696609141 0.71579057492138 0.721558020120259 0.751724117792935
0.778267540515681 0.778267540515681 0.774122357505224 0.737514533337502 0.714897046598674 0.737584414803342 0.751656246775054 0.764729481692103
0.778267540515681 0.778267540515681 0.777866911993667 0.774317913320315 0.771848064756989 0.773830257100509 0.775926916211358 0.777665028529025
0.778267540515681 0.778267540515681 0.778166402679233 0.777258127194786 0.776407720175746 0.776675504943853 0.777359021785776 0.77829634617939
0.778267540515681 0.778267540515681 0.771936682136779 0.714983239357794 0.658594737494619 0.655758899864965 0.67394140111488 0.738327154329274
0.778267540515681 0.778267540515681 0.77300508484041 0.72665690744754 0.699014931470479 0.718358773179077 0.723045695666112 0.754665337419931
0.778267540515681 0.778267540515681 0.778222293927015 0.777830694647725 0.777666660556182 0.77807319172798 0.77831115073823 0.778599272625196
0.778267540515681 0.778267540515681 0.778243199851535 0.778024300075723 0.77782296426788 0.777973908775927 0.778287403818071 0.778626099163082
0.778267540515681 0.778267540515681 0.76987476221784 0.694352576921079 0.619081882105345 0.613919424550645 0.642750393227519 0.727962656350105
0.778267540515681 0.778267540515681 0.767466447134454 0.673005778354756 0.630853841217368 0.692088399096865 0.702665748547324 0.750291766319368
0.778267540515681 0.778267540515681 0.768066773644599 0.679610362374173 0.660730511760569 0.75628153074362 0.771615931469468 0.776148990440382
0.778267540515681 0.778267540515681 0.770209481118974 0.700188412652422 0.682714189559294 0.758817402714857 0.77643463675167 0.778479242428333
0.778267540515681 0.778267540515681 0.770123934659391 0.698824171401702 0.669103307227871 0.738472558524042 0.772343601292801 0.778385382353057
0.778267540515681 0.778267540515681 0.772377392771589 0.720826383251124 0.699108007907201 0.745809961658444 0.769429686900585 0.777854645190349
0.778267540515681 0.778267540515681 0.775522381069722 0.751312438937859 0.73727892677427 0.755984405709693 0.77079355975854 0.777983718691912
0.778267540515681 0.778267540515681 0.773149001624095 0.727510256445302 0.691020496357996 0.712353651642829 0.745468122213545 0.774955104620493
0.778267540515681 0.778267540515681 0.778254454338359 0.778146914208998 0.778152837906722 0.778331301536769 0.778485464970487 0.778749389622168
0.778267540515681 0.778267540515681 0.778203983960872 0.777632113219901 0.77708884642164 0.777309114026466 0.77773814401537 0.77859400433056
0.778267540515681 0.778267540515681 0.77559980620059 0.751597503254374 0.727724264412508 0.72607956427441 0.734509250908631 0.767230468069184
0.778267540515681 0.778267540515681 0.771152083469808 0.707689738273578 0.654377306202238 0.659594127956944 0.663296560086543 0.750237649377257
0.778267540515681 0.778267540515681 0.773006348051946 0.7267955585684 0.702494702548275 0.730087771540309 0.737971129861595 0.768407850568215
0.778267540515681 0.778267540515681 0.778256735790688 0.778169653014407 0.7782009987868 0.778439862912436 0.778598389412169 0.778740262632061
0.778267540515681 0.778267540515681 0.778267034673561 0.778262542112504 0.778267132479233 0.77836051813943 0.778539786629277 0.778742329181964
0.778267540515681 0.778267540515681 0.774929719914712 0.744892076124849 0.71490778165194 0.712754278290674 0.724373722058384 0.762868255076703
0.778267540515681 0.778267540515681 0.77128678103352 0.709167232740359 0.659573395177399 0.667789103970603 0.671558179002213 0.747487908666692
0.778267540515681 0.778267540515681 0.777791894350716 0.773622381625441 0.771504090344418 0.774201300745223 0.775058190762216 0.77780735698786
0.778267540515681 0.778267540515681 0.769422183876878 0.689947070050714 0.616258874887508 0.647792368598722 0.700575374368317 0.760713441886847
0.778267540515681 0.778267540515681 0.770155556306303 0.69932823074137 0.670391595513076 0.722827411084768 0.743474888665254 0.769260455857699
0.778267540515681 0.778267540515681 0.76921095984914 0.689931296868627 0.656606129490174 0.728273122852582 0.758140955531648 0.773438949695946
0.778267540515681 0.778267540515681 0.766903401691658 0.667748614977685 0.632711161127955 0.728079688418497 0.763452410986335 0.776062471460152
0.778267540515681 0.778267540515681 0.767200073453547 0.671418310593272 0.655718779369015 0.764335506511246 0.777215091947845 0.778565746027619
0.778267540515681 0.778267540515681 0.770431254621168 0.702546921863648 0.690553803960007 0.767626226333899 0.778223399528184 0.778775503463851
0.778267540515681 0.778267540515681 0.773188463070287 0.728689887663753 0.709677262234317 0.754052403656999 0.776368280485399 0.778751797529147
0.778267540515681 0.778267540515681 0.77171607239394 0.713762959942295 0.676754201542097 0.718437525366601 0.760187164897322 0.777546288633398
0.778267540515681 0.778267540515681 0.778265983002017 0.778262799787656 0.778365635440029 0.778552758312391 0.778677316720745 0.778788984869984
0.778267540515681 0.778267540515681 0.778150381686898 0.777096095392878 0.776098303363761 0.776580835653521 0.777539364685884 0.778689280072035
0.778267540515681 0.778267540515681 0.770957828158726 0.705201934157354 0.639992271374827 0.63627504533029 0.666627353418265 0.761351530818056
0.778267540515681 0.778267540515681 0.769948660368769 0.696923851652948 0.658477811933148 0.696602839483952 0.704329812937154 0.769074765372174

# True Numbers-at-age
52.0017922098788 95.7470076332345 48.4136799628525 33.8657933374706 18.021980442186 45.4545279114615 41.0171097418068 57.5166098245664
26.7161536947904 40.4713069255899 74.5167881424535 37.6744216429572 26.3260942614541 13.9960788394901 35.3181423308228 76.6816258136955
66.7824370277163 20.7923152280834 31.4975045024341 57.9769335560479 29.2345444404141 20.3747646228036 10.8309890149486 86.9923617512684
213.355039008723 51.9746030152041 16.1819840341872 24.3784922195068 42.6386836015331 20.3908167035589 14.1437172936166 72.2998411729332
142.062860447657 166.047301465946 40.4501464579218 12.5875508532877 18.8785479728153 32.9123755587106 15.7569086853532 67.0532157862584
58.2548289540299 110.56291299922 129.229224921168 31.4712426786862 9.76605321276124 14.6081773594293 25.4832891028193 64.3038545275251
97.6379853327983 45.3378424532145 86.0475263721524 100.547230990026 24.4257046570545 7.56127415047665 11.3093358782089 69.6960543770826
90.5457870353113 75.9884747058631 35.2849711383507 66.3137613570404 70.6133722907629 15.5094593058794 4.76130315630157 55.891531725015
176.560768697412 70.4688469800283 59.1393633168701 27.2626389286653 47.965471980631 49.3214173410349 11.2622823040688 45.5544198212652
184.554943517047 137.411515205693 54.8436162221225 46.0184643030473 21.1826044512446 37.2393637009149 38.3409217252296 44.2206356951873
149.380554974948 143.633121981022 106.942921977667 42.6750484342255 35.7479466859737 16.4288414589039 28.9008957995319 64.2165418331188
27.9620082871064 116.25803712122 111.784996580759 83.0923521418147 32.6628033213233 26.9509440072062 12.3759955399784 71.4405990931567
70.2821761671079 21.7619234174854 90.4798566155128 86.3200427563546 59.6439089931061 21.8056510991804 17.9728732221787 60.4752875368473
212.406073263904 54.6983363876649 16.9365986150169 69.9174598617626 62.4973252893973 41.4159369385792 15.6082795368174 58.4292029899783
116.31594567484 165.308752229692 42.5699397307273 13.1109996479766 51.5651427820914 44.6791532697068 30.547749610374 56.4145949334688
57.8117920598649 90.5249249631133 128.654436023518 33.1137475620974 10.1520818889646 39.8004556652751 34.5740806617303 67.5744787307636
46.1551240898965 44.993041219235 70.4526107064088 100.114559669147 25.7379294145167 7.88215475444852 30.912039000823 79.4694434134754
318.392136558856 35.9210349076398 35.0166235300147 54.3849545565793 71.5802321791257 16.9508648664087 5.16879313034256 79.507350887135
889.428007411945 247.794265039194 27.9561754903467 27.0680280426437 39.5192028897589 50.0356510913325 12.1768024897576 63.7387154092874
463.822514338672 692.212947794257 192.850233205944 21.7561190195238 21.0543430551536 30.7327665391211 38.9313987448207 59.1042586138509
413.195307339167 360.978007470157 538.726868392946 150.084382582309 16.9267892725291 16.3765515258724 23.909290511938 76.3199355845413
416.225399432275 321.576495595474 280.93746605405 414.752219704381 104.211477801635 10.4790685608379 10.0538830888876 70.9257689189308
209.95999924144 323.934717916313 250.272548314741 215.610078939458 279.130640446509 65.7422110700999 7.2524417842966 60.2795397262044
274.871603670902 163.405052216309 252.10787620037 192.226028715915 146.530843879569 184.430130910278 49.7196200225653 52.3820035255226
64.7549161613247 213.923646946554 127.172848096224 194.175876514294 134.594437917076 100.03868632468 139.948792919698 79.3823375330787
52.6468780143486 50.3966493371733 166.48983056724 97.9388541577048 135.6947960113 90.0575835447917 73.8758246415701 169.878605872945
132.418516652349 40.9733562680561 39.2220763298731 128.592981256508 70.5969100222576 94.8653185228342 67.1658429305933 188.983115320216
110.608186755995 103.057033273759 31.8882332094128 30.4175980258416 96.6135063781174 52.0496140547898 71.7167014459455 198.796785993459
298.449492115311 86.0827614674873 80.2059438188108 24.6543556694138 22.1291145402301 66.7619131322931 37.0777326385294 207.521098846037
79.8171211254535 232.273552196737 66.9954190480993 62.4206330414017 19.1847107859655 17.219833279843 51.9628867413424 190.47140499323
11.1318937799908 62.1190745493489 180.770966194995 52.136102010359 48.5402887805091 14.9082247735987 13.3851333504382 188.713413016039
12.73850896114 8.66359159343528 48.345259368632 140.205926347532 39.1853641004012 35.3239459471667 10.8245573477195 154.618184469772
208.47495843317 9.91396803902342 6.7425921214552 37.2815474880088 99.2222953212893 25.6420130025744 23.2994673230197 123.180274920782
130.266531125187 162.249293158892 7.71571952248182 5.21206651220991 27.0960631308417 69.7031368378862 18.7209201308572 111.847024509822
170.581461138221 101.382212790309 126.273358337178 6.00481068984319 4.0558719892944 21.0861833916112 54.2597002846509 101.675859503593
345.910044574893 132.758014217614 78.9024854003508 98.2743921513478 4.6733192323817 3.15655186281099 16.4126526302775 121.422631133587
285.633857662976 269.210559630971 103.321253208888 61.1438809118685 73.2038159995251 3.34099228537335 2.24984584486493 104.518365014347
426.354147895053 222.299559891371 209.517840124846 79.6903167998327 43.3612368252759 48.2832894587483 2.23107824462216 79.6371164604494
2100.19637872455 331.817594070942 173.008531734375 162.961277770974 61.6502126751725 33.4533715730933 37.3809855032211 63.6715505399623
895.631665297403 1634.51467026989 258.242862837422 133.116602316395 112.434656129804 37.9924906997774 21.6708388089473 74.6240022747028
236.331196296504 697.041053358973 1272.08971236775 198.887175690687 93.0921979802272 75.3752485138235 27.4620136931822 73.5170184785286
483.151355998186 183.928898888809 542.484426236147 978.505348664611 137.218487054814 61.12490780153 54.8937676209517 77.681002858983
85.0723429655967 376.021017529524 143.145891767951 416.033151845249 653.395591319051 86.8196682726728 44.5038038267473 102.194090302585
39.9363499783182 66.2090431257414 292.644952494906 109.821538678945 279.332275962731 428.443759584824 66.3593551243317 114.15384613928
257.408673125503 31.0811648747992 51.5283491533674 225.462817909203 77.1547839532225 192.89396573487 328.884666366406 140.542621934808
264.879295760065 200.33281494079 24.1894617434723 39.8411250864413 164.29247545461 54.7549958442032 145.45215851331 364.783442366092
488.670838964929 206.146958044711 155.912527168552 18.6673964099959 28.4371193691295 111.185623045659 39.3380437157679 394.206875775099
1237.34356906552 380.316651962969 160.437486022247 121.341416219162 14.5281401947895 22.1344764878365 86.5638735068798 337.635614939295
606.570772417577 962.984336269517 295.988105340378 124.844490985098 94.2939407533525 11.275264956207 17.1892102476773 330.220053135047
467.96526909909 472.074343198125 749.459450943602 228.194346854034 88.0405765115812 60.3473933196214 7.17416972112161 262.872340695947

