# Simulated data from SIR age-structured hybrid model
# random seed = 1353091
# Flag=0 if no issues, =1 if negative pop #'s, =2 if NaN, or=3 if NA. Flag:
0

# True SSB
19723.420912125
22514.7927443665
25331.1494771482
22613.0699582451
22998.8948929401
27750.9224620807
30330.7352965948
27281.810641835
25282.8952974425
22453.9520710812
23305.2752117419
33674.2230964865
38883.8204888901
40489.28937169
57038.8930597711
73050.5512280034
76262.9677135325
75592.3347625654
68243.5279327837
62252.7028380153
60267.5248323062
71393.3033174412
97930.1308502068
91594.1636215857
79692.2661455496
82433.8824438422
77244.0228619918
74057.696238579
75743.6479163024
72490.3043301521
53859.2949471316
54199.0711230858
57474.6411343052
57352.1764402399
58956.7053951394
60839.5019387332
78961.3473770764
95580.1196786786
93820.8521543883
92399.6863158298
87543.6191028089
83521.6120681285
88484.9608728109
112631.27398478
120235.869992732
124050.092138397
124887.983667076
116981.419436426
106783.029518693
128598.913115315

# True R (numbers)
87.8930766572291
47.5143832012476
266.160110060826
69.5170656740481
90.0217699434423
29.6261693138636
31.6309292493938
113.730642843948
397.719338669463
190.909434495319
86.8172405775647
687.278138830281
598.20164546605
195.237293263456
321.621459028785
67.3811910855128
167.399899098665
166.603450621927
689.634852736571
927.421186142181
75.1553777434425
220.874908643648
426.076323377873
208.581793114105
195.258058337651
450.118189212955
55.0624744244002
79.9252690264728
305.938993627132
178.044578875629
308.756468751303
287.580066875606
171.404625742886
824.454989681766
646.708142026327
322.802111302836
302.718916183803
161.905664465183
433.901592700553
296.527263896525
1238.35754878282
462.16954204349
664.940252827526
367.392387865076
292.179402107977
185.321367457433
1320.0275798
189.787746105754
133.422998665374
68.7127262282783

# True infection rate given (selected) susceptible
-999 -999 0.00144321585039499 0.00144321585039492 0.00144321585039468 0.00144321585039498 0.00144321585039472 0.00144321585039575
-999 -999 0.0627678461081701 0.0627678461081703 0.0627678461081703 0.0627678461081701 0.0627678461081705 0.0627678461081702
-999 -999 0.569742269880151 0.569742269880151 0.569742269880151 0.569742269880151 0.569742269880151 0.569742269880152
-999 -999 0.00265153735062454 0.00265153735062477 0.00265153735062425 0.00265153735062468 0.00265153735062421 0.00265153735062397
-999 -999 0.00514440590022303 0.00514440590022291 0.0051444059002226 0.00514440590022396 0.00514440590022248 0.0051444059002229
-999 -999 0.288031005455008 0.288031005455009 0.288031005455008 0.288031005455008 0.288031005455008 0.288031005455007
-999 -999 0.634822594698855 0.634822594698855 0.634822594698855 0.634822594698855 0.634822594698855 0.634822594698855
-999 -999 0.00158314342563515 0.0015831434256351 0.00158314342563565 0.00158314342563606 0.00158314342563526 0.00158314342563523
-999 -999 0.00136712720836147 0.00136712720836129 0.00136712720836144 0.00136712720836148 0.00136712720836146 0.00136712720836146
-999 -999 0.00285795578515672 0.00285795578515585 0.00285795578515633 0.00285795578515608 0.00285795578515688 0.00285795578515561
-999 -999 0.00514363950693069 0.00514363950693073 0.00514363950692983 0.00514363950693035 0.00514363950693042 0.00514363950693033
-999 -999 0.735794078447878 0.735794078447878 0.735794078447878 0.735794078447878 0.735794078447878 0.735794078447878
-999 -999 0.453237159149881 0.453237159149881 0.453237159149881 0.453237159149881 0.453237159149881 0.453237159149881
-999 -999 0.0252646928185168 0.0252646928185175 0.0252646928185166 0.0252646928185175 0.025264692818517 0.0252646928185176
-999 -999 0.865834378638697 0.865834378638697 0.865834378638697 0.865834378638697 0.865834378638697 0.865834378638697
-999 -999 0.752451872194062 0.752451872194062 0.752451872194062 0.752451872194061 0.752451872194062 0.752451872194062
-999 -999 0.445602355495892 0.445602355495892 0.445602355495892 0.445602355495892 0.445602355495893 0.445602355495892
-999 -999 0.435984864070661 0.435984864070661 0.435984864070661 0.435984864070661 0.435984864070661 0.435984864070661
-999 -999 0.0210635367239769 0.0210635367239768 0.0210635367239769 0.0210635367239779 0.0210635367239765 0.0210635367239765
-999 -999 0.169234167083509 0.16923416708351 0.16923416708351 0.16923416708351 0.16923416708351 0.169234167083511
-999 -999 0.403593710152492 0.403593710152493 0.403593710152493 0.403593710152492 0.403593710152492 0.403593710152492
-999 -999 0.710106439641159 0.710106439641159 0.710106439641159 0.710106439641159 0.710106439641159 0.710106439641159
-999 -999 0.908660237674626 0.908660237674625 0.908660237674626 0.908660237674625 0.908660237674626 0.908660237674626
-999 -999 0.755063020185261 0.755063020185261 0.755063020185261 0.755063020185261 0.755063020185261 0.75506302018526
-999 -999 0.00237140972284893 0.00237140972284914 0.00237140972284896 0.00237140972284997 0.00237140972284989 0.00237140972284962
-999 -999 0.659905167055964 0.659905167055964 0.659905167055964 0.659905167055964 0.659905167055964 0.659905167055964
-999 -999 0.258540954566036 0.258540954566036 0.258540954566035 0.258540954566036 0.258540954566036 0.258540954566036
-999 -999 0.293023352076673 0.293023352076672 0.293023352076673 0.293023352076673 0.293023352076672 0.293023352076672
-999 -999 0.296828471893239 0.296828471893239 0.296828471893238 0.296828471893239 0.296828471893239 0.296828471893239
-999 -999 0.733631413026532 0.733631413026532 0.733631413026532 0.733631413026532 0.733631413026532 0.733631413026532
-999 -999 0.00155611072757972 0.00155611072758086 0.00155611072758044 0.00155611072758025 0.0015561107275793 0.0015561107275805
-999 -999 0.00716350144109319 0.00716350144109267 0.00716350144109375 0.00716350144109276 0.00716350144109314 0.00716350144109364
-999 -999 0.542064946135531 0.542064946135532 0.542064946135531 0.542064946135532 0.542064946135531 0.542064946135532
-999 -999 0.451116504534331 0.451116504534331 0.45111650453433 0.45111650453433 0.45111650453433 0.45111650453433
-999 -999 0.517870000356181 0.517870000356181 0.517870000356181 0.517870000356181 0.517870000356181 0.517870000356181
-999 -999 0.121340651514452 0.121340651514454 0.121340651514455 0.121340651514453 0.121340651514453 0.121340651514453
-999 -999 0.82593126537406 0.82593126537406 0.82593126537406 0.82593126537406 0.82593126537406 0.82593126537406
-999 -999 0.838199564846251 0.838199564846251 0.838199564846251 0.838199564846251 0.838199564846251 0.838199564846251
-999 -999 0.471536495555855 0.471536495555855 0.471536495555856 0.471536495555856 0.471536495555856 0.471536495555856
-999 -999 0.206012200578349 0.206012200578349 0.206012200578349 0.206012200578349 0.206012200578347 0.206012200578348
-999 -999 0.566563340540935 0.566563340540934 0.566563340540935 0.566563340540935 0.566563340540934 0.566563340540934
-999 -999 0.345913798217084 0.345913798217084 0.345913798217084 0.345913798217083 0.345913798217084 0.345913798217084
-999 -999 0.57776922139911 0.57776922139911 0.57776922139911 0.577769221399111 0.57776922139911 0.577769221399111
-999 -999 0.918526270428922 0.918526270428922 0.918526270428922 0.918526270428922 0.918526270428922 0.918526270428922
-999 -999 0.766809978263798 0.766809978263798 0.766809978263797 0.766809978263797 0.766809978263797 0.766809978263797
-999 -999 0.515705850969773 0.515705850969774 0.515705850969774 0.515705850969774 0.515705850969773 0.515705850969774
-999 -999 0.577164766828104 0.577164766828105 0.577164766828104 0.577164766828104 0.577164766828104 0.577164766828104
-999 -999 0.479148241582839 0.479148241582839 0.479148241582839 0.479148241582839 0.479148241582839 0.479148241582839
-999 -999 0.0478062559408426 0.0478062559408428 0.0478062559408421 0.0478062559408424 0.0478062559408432 0.0478062559408427
-999 -999 0.862439835096707 0.862439835096707 0.862439835096707 0.862439835096707 0.862439835096707 0.862439835096707

# Duration of outbreak (days) based on incidence
0
0
0
0
0
0
0
0
0
0
0
0
0
0
0
0
0
0
0
0
0
0
0
0
0
0
0
0
0
0
0
0
0
0
0
0
0
0
0
0
0
0
0
0
0
0
0
0
0
0

# Duration of outbreak (days) based on prevalence
0
0
18
0
0
0
15
0
0
0
0
22
0
0
25
11
0
0
0
0
0
11
24
0
0
0
0
0
0
13
0
0
0
0
0
0
16
16
0
0
0
0
0
23
8
0
0
0
0
13

# Peak (point) prevalence
5.95012669016772e-05
0.0111398505589967
0.119060659761727
0.000114256316067498
0.000386063319521414
0.0264077502762948
0.125269758870233
3.25112225546234e-05
3.17504415413038e-05
0.000115920003657457
0.000283165065715464
0.215031333504465
0.0433698247954277
0.0014137393298092
0.325335357402652
0.154921523206485
0.0301908498977317
0.0319264641304956
0.000643254433189031
0.0119307373840813
0.0424034648537248
0.141563513760817
0.31125083410571
0.0976754322890274
2.95635470857961e-05
0.083869327213109
0.0114919218067315
0.0211711705224304
0.015360130923615
0.123676093200131
2.6779721160619e-05
0.000180506761042229
0.0661971497378755
0.0421229280635558
0.0545879149395468
0.00779806811964838
0.244891324866683
0.20549934227502
0.0316867378238274
0.00827070222857599
0.0589877958236949
0.0200761105089826
0.0652559760673927
0.315457387362078
0.12831410973053
0.0377517238518964
0.0517889113557761
0.0326834329943768
0.002879812055295
0.244517470244209

# Day of peak prevalence
68
119
76
88
119
89
51
40
42
75
110
39
56
119
28
26
53
79
119
113
94
31
21
34
46
58
91
101
75
42
51
98
51
82
65
118
26
25
54
95
69
87
50
20
24
46
42
81
119
19

# Total immunity
0.0802138645674168
0.0700853882506841
0.0435184455384479
0.124327291422638
0.100226316950735
0.093474666817903
0.166782442262635
0.284892020133571
0.11602912936529
0.085089385146129
0.0738252827571113
0.0313818624621814
0.0724808468469044
0.0950103373408315
0.0741892844223668
0.197261871215849
0.302756917645236
0.320517965902691
0.197665386894235
0.10670677386829
0.114122734598484
0.124372147846725
0.180840533820371
0.297914077167231
0.333096578294163
0.222368996363724
0.289809230489475
0.301986481924451
0.247761257829467
0.251765484942419
0.25641454489618
0.186179481194858
0.154646425766226
0.119162029303587
0.10082867472194
0.121241234038656
0.106903234910811
0.217548889539089
0.264061425413778
0.264316565971381
0.136290438880001
0.144914361239823
0.123583022254126
0.150373119146446
0.232945930654512
0.316838312528651
0.192668675204348
0.234947440164285
0.256202489172815
0.248812730443281

# Observed immunity (based on survey selectivity)
0.258985480717241
0.175500100217699
0.145041555047421
0.398942623147913
0.311650540847877
0.197842023046027
0.271941409757174
0.572917921060468
0.49411314993338
0.436819295485428
0.315953958553281
0.164627098899499
0.409669470962801
0.480590544004601
0.262798836381105
0.415196291032177
0.57594161791902
0.591769346509771
0.629357116057357
0.547569644848984
0.482638760234106
0.37570328875235
0.405949851202405
0.643421140592946
0.764389287812459
0.572469141490395
0.624802316623067
0.578525853503984
0.505094412622682
0.516872504562065
0.748693685883867
0.567415334692857
0.416570230599763
0.50067147198077
0.483861093308935
0.531911517071331
0.333097508864167
0.460289523155607
0.612434722276689
0.621864024131616
0.571422424150598
0.60415416202019
0.512776593670656
0.42973145479328
0.54330431937789
0.618948403584353
0.606249985341437
0.677722928430297
0.667997515265141
0.424182901472521

# True total proportion of susceptible
1 1 1 0.999944374425684 0.984429725415448 0.835395268454318 0.656841370533986 0.391024928942539
1 1 1 0.999936620042118 0.999310711284361 0.983240715679258 0.834303807271332 0.475495319094735
1 1 1 0.997914264112789 0.978845386568362 0.958792525678539 0.940829902548817 0.573405431864599
1 1 1 0.981433559144312 0.790711663917264 0.538683045390129 0.49538542693956 0.307080480488119
1 1 1 0.99988601966452 0.980304270185208 0.788916212313037 0.537332488134682 0.35416237295429
1 1 1 0.999781585602782 0.997701665833282 0.976214918258577 0.78529444171385 0.417531035369291
1 1 1 0.988609157702867 0.881772840756065 0.765433523338376 0.734656190975348 0.386813617826267
1 1 1 0.973659332052893 0.711034227294376 0.374030052819072 0.293294002452268 0.172665228134948
1 1 1 0.999939799392905 0.973058758762845 0.710127268004441 0.373475704278677 0.189182476655752
1 1 1 0.999947108946782 0.9994109647898 0.972071160273351 0.709300892990211 0.282299815543202
1 1 1 0.999892618226952 0.998873233720277 0.99737114353999 0.969960486481471 0.348124512777358
1 1 1 0.999779497218632 0.997687436683873 0.994686168252146 0.992968833324865 0.48076406460256
1 1 1 0.972829928599528 0.69850924530131 0.356413901174463 0.31218606265337 0.145566835743903
1 1 1 0.981399878907356 0.782250744318746 0.414201913396784 0.195947878088479 0.0867996272554776
1 1 1 0.999072489252067 0.972186247417656 0.767061672586481 0.404514535288122 0.11638676453811
1 1 1 0.969743983970694 0.651738872963003 0.21582537791849 0.11746489199393 0.0374580626140163
1 1 1 0.971676660146329 0.664770385897781 0.204222194639561 0.0531807484114579 0.0138832034857807
1 1 1 0.980748403189773 0.776955990578777 0.392863043643754 0.111832127510612 0.0102045084902492
1 1 1 0.984959527705189 0.820351862862962 0.497448212787839 0.227096075203893 0.0378032458511255
1 1 1 0.999057775812208 0.97563787378136 0.805159500784879 0.487220350528821 0.113343949526043
1 1 1 0.992883444920305 0.92673260253945 0.838390403674461 0.681156571054406 0.141363894418576
1 1 1 0.987936453588957 0.86131548962129 0.660178529060317 0.570410552979155 0.170021385247152
1 1 1 0.970495271502088 0.676430899831359 0.303220941588323 0.200534949379639 0.0553244224390895
1 1 1 0.971658070997423 0.636394003213413 0.111609996416751 0.0274433094326358 0.00650164610809989
1 1 1 0.972813965148926 0.673542921465935 0.198297197115873 0.0262429112014614 0.00229653097589079
1 1 1 0.999894059944812 0.971769810965204 0.672106546533794 0.197821242506142 0.0133358147387302
1 1 1 0.978687396613136 0.757662525291418 0.449466904730645 0.257853480922579 0.0311164863920302
1 1 1 0.988737400939566 0.865546162824688 0.581312341829608 0.333924640466387 0.0303398765038766
1 1 1 0.988694822620403 0.872030442900686 0.656240024298048 0.421624363150777 0.0531255617700483
1 1 1 0.98803398565305 0.86600340298807 0.653610214080248 0.474629286449954 0.112123525336916
1 1 1 0.980139148162193 0.750696185992288 0.351715535905614 0.21185462351374 0.0454575274141958
1 1 1 0.999946948888891 0.979607085331333 0.749833654708976 0.35121479226275 0.069662402655302
1 1 1 0.999698709993061 0.996933053974729 0.973966336077215 0.745033148213399 0.152559531078331
1 1 1 0.979419398383776 0.778794749107665 0.544886639675808 0.502900394059801 0.0834973918135199
1 1 1 0.985930315082129 0.826300808728014 0.500159694578698 0.320462913325683 0.066503999439415
1 1 1 0.978120400519115 0.75894797127046 0.438619504516195 0.242895926959899 0.0673323168629044
1 1 1 0.995716720623873 0.934937744567114 0.687553965353304 0.389507629942317 0.0873345131692745
1 1 1 0.969841213404715 0.657674577913759 0.24224431663927 0.133088866329719 0.0304493698957419
1 1 1 0.972766135363941 0.657688344439589 0.157197487619765 0.0392111109825912 0.00879348362405701
1 1 1 0.979448534950625 0.764635304638845 0.370954398171001 0.0814604554196909 0.00702515638822808
1 1 1 0.991620529214134 0.894986437619521 0.629587741257278 0.295692745586952 0.0344839368509169
1 1 1 0.978583829181144 0.761255853815235 0.45667890386887 0.287157008955928 0.0535919882101029
1 1 1 0.986801956299324 0.842197294311449 0.537084142183397 0.304209489291593 0.0639859237169507
1 1 1 0.976613109189273 0.740678604352773 0.407993537667127 0.233200370722064 0.0448373432265429
1 1 1 0.972602545124168 0.646710191752282 0.120184023887194 0.0345234339785952 0.00486473262887623
1 1 1 0.970339676382129 0.654959008962032 0.191222258359948 0.0273297567759394 0.00286067521324231
1 1 1 0.979978629220233 0.761988384958333 0.353939335690906 0.092027193574624 0.00341493124575447
1 1 1 0.9747921146959 0.721710956232463 0.356455933706304 0.148972243463633 0.0196751189973431
1 1 1 0.983245294294639 0.795802671267759 0.426479840777224 0.188384248625578 0.0238789047614619
1 1 1 0.998233744180062 0.965630452495674 0.766396201154069 0.407527225540858 0.0686200297507533

# True vulnerable proportion of susceptible
0 0 0.05 0.499972187212842 0.935208239144675 0.835395268454318 0.656841370533986 0.391024928942539
0 0 0.05 0.499968310021059 0.949345175720143 0.983240715679258 0.834303807271332 0.475495319094735
0 0 0.05 0.498957132056395 0.929903117239944 0.958792525678539 0.940829902548817 0.573405431864599
0 0 0.05 0.490716779572156 0.751176080721401 0.538683045390129 0.49538542693956 0.307080480488119
0 0 0.05 0.49994300983226 0.931289056675948 0.788916212313037 0.537332488134682 0.35416237295429
0 0 0.05 0.499890792801391 0.947816582541618 0.976214918258577 0.78529444171385 0.417531035369291
0 0 0.05 0.494304578851433 0.837684198718261 0.765433523338376 0.734656190975348 0.386813617826267
0 0 0.05 0.486829666026446 0.675482515929657 0.374030052819072 0.293294002452268 0.172665228134948
0 0 0.05 0.499969899696452 0.924405820824703 0.710127268004441 0.373475704278677 0.189182476655752
0 0 0.05 0.499973554473391 0.94944041655031 0.972071160273351 0.709300892990211 0.282299815543202
0 0 0.05 0.499946309113476 0.948929572034263 0.99737114353999 0.969960486481471 0.348124512777358
0 0 0.05 0.499889748609316 0.947803064849679 0.994686168252146 0.992968833324865 0.48076406460256
0 0 0.05 0.486414964299764 0.663583783036245 0.356413901174463 0.31218606265337 0.145566835743903
0 0 0.05 0.490699939453678 0.743138207102809 0.414201913396784 0.195947878088479 0.0867996272554776
0 0 0.05 0.499536244626034 0.923576935046773 0.767061672586481 0.404514535288122 0.11638676453811
0 0 0.05 0.484871991985347 0.619151929314852 0.21582537791849 0.11746489199393 0.0374580626140163
0 0 0.05 0.485838330073165 0.631531866602892 0.204222194639561 0.0531807484114579 0.0138832034857807
0 0 0.05 0.490374201594887 0.738108191049838 0.392863043643754 0.111832127510612 0.0102045084902492
0 0 0.05 0.492479763852594 0.779334269719814 0.497448212787839 0.227096075203893 0.0378032458511255
0 0 0.05 0.499528887906104 0.926855980092292 0.805159500784879 0.487220350528821 0.113343949526043
0 0 0.05 0.496441722460153 0.880395972412478 0.838390403674461 0.681156571054406 0.141363894418576
0 0 0.05 0.493968226794478 0.818249715140225 0.660178529060317 0.570410552979155 0.170021385247152
0 0 0.05 0.485247635751044 0.642609354839791 0.303220941588323 0.200534949379639 0.0553244224390895
0 0 0.05 0.485829035498712 0.604574303052742 0.111609996416751 0.0274433094326358 0.00650164610809989
0 0 0.05 0.486406982574463 0.639865775392638 0.198297197115873 0.0262429112014614 0.00229653097589079
0 0 0.05 0.499947029972406 0.923181320416944 0.672106546533794 0.197821242506142 0.0133358147387302
0 0 0.05 0.489343698306568 0.719779399026847 0.449466904730645 0.257853480922579 0.0311164863920302
0 0 0.05 0.494368700469783 0.822268854683453 0.581312341829608 0.333924640466387 0.0303398765038766
0 0 0.05 0.494347411310201 0.828428920755652 0.656240024298048 0.421624363150777 0.0531255617700483
0 0 0.05 0.494016992826525 0.822703232838666 0.653610214080248 0.474629286449954 0.112123525336916
0 0 0.05 0.490069574081096 0.713161376692674 0.351715535905614 0.21185462351374 0.0454575274141958
0 0 0.05 0.499973474444446 0.930626731064767 0.749833654708976 0.35121479226275 0.069662402655302
0 0 0.05 0.499849354996531 0.947086401275993 0.973966336077215 0.745033148213399 0.152559531078331
0 0 0.05 0.489709699191888 0.739855011652282 0.544886639675808 0.502900394059801 0.0834973918135199
0 0 0.05 0.492965157541064 0.784985768291613 0.500159694578698 0.320462913325683 0.066503999439415
0 0 0.05 0.489060200259557 0.721000572706937 0.438619504516195 0.242895926959899 0.0673323168629044
0 0 0.05 0.497858360311937 0.888190857338758 0.687553965353304 0.389507629942317 0.0873345131692745
0 0 0.05 0.484920606702357 0.624790849018071 0.24224431663927 0.133088866329719 0.0304493698957419
0 0 0.05 0.48638306768197 0.62480392721761 0.157197487619765 0.0392111109825912 0.00879348362405701
0 0 0.05 0.489724267475313 0.726403539406903 0.370954398171001 0.0814604554196909 0.00702515638822808
0 0 0.05 0.495810264607067 0.850237115738545 0.629587741257278 0.295692745586952 0.0344839368509169
0 0 0.05 0.489291914590572 0.723193061124473 0.45667890386887 0.287157008955928 0.0535919882101029
0 0 0.05 0.493400978149662 0.800087429595877 0.537084142183397 0.304209489291593 0.0639859237169507
0 0 0.05 0.488306554594636 0.703644674135135 0.407993537667127 0.233200370722064 0.0448373432265429
0 0 0.05 0.486301272562084 0.614374682164667 0.120184023887194 0.0345234339785952 0.00486473262887623
0 0 0.05 0.485169838191064 0.62221105851393 0.191222258359948 0.0273297567759394 0.00286067521324231
0 0 0.05 0.489989314610117 0.723888965710416 0.353939335690906 0.092027193574624 0.00341493124575447
0 0 0.05 0.48739605734795 0.68562540842084 0.356455933706304 0.148972243463633 0.0196751189973431
0 0 0.05 0.49162264714732 0.756012537704371 0.426479840777224 0.188384248625578 0.0238789047614619
0 0 0.05 0.499116872090031 0.91734892987089 0.766396201154069 0.407527225540858 0.0686200297507533

# True survival by age
0.778267540515681 0.778267540515681 0.778284858407252 0.778440739460143 0.778599759946341 0.778644660456984 0.778678029452967 0.778727706485366
0.778267540515681 0.778267540515681 0.777307733885325 0.768670116334057 0.760044152190717 0.759402058116399 0.762340490257971 0.769419557532813
0.778267540515681 0.778267540515681 0.769302318699687 0.688803425407665 0.611543066787015 0.606373760730108 0.609604117180274 0.675680881150216
0.778267540515681 0.778267540515681 0.778274922400492 0.778349889226888 0.778490043868913 0.77859306427137 0.77860976004345 0.778682371345868
0.778267540515681 0.778267540515681 0.778253286595843 0.778125078343131 0.778012552725785 0.778155196405112 0.778361072637911 0.778510964581031
0.778267540515681 0.778267540515681 0.775261906409401 0.748217880658354 0.721292969145582 0.719597326665923 0.731175875506574 0.753479227348287
0.778267540515681 0.778267540515681 0.773122788704433 0.727412127050459 0.692137038296043 0.699633311231484 0.702816557743253 0.738793316370703
0.778267540515681 0.778267540515681 0.778276868684872 0.778372411070615 0.778547649666717 0.778671114642423 0.778699104149507 0.778740923633095
0.778267540515681 0.778267540515681 0.778279925083866 0.778391410843473 0.778510874070387 0.778598005383539 0.778694136638854 0.778746761789684
0.778267540515681 0.778267540515681 0.778261578045424 0.778207947170485 0.778154634409433 0.778166514453939 0.778337969940894 0.778616584711207
0.778267540515681 0.778267540515681 0.778255742624605 0.778149631534235 0.778044234000816 0.778033604811539 0.778054689099289 0.778533005564845
0.778267540515681 0.778267540515681 0.769859628448561 0.69420707710592 0.618887877148813 0.611005697336029 0.611295397113262 0.697699979608713
0.778267540515681 0.778267540515681 0.774404256199723 0.740698842701465 0.727156051789685 0.751072163323912 0.754513041787303 0.767475839170819
0.778267540515681 0.778267540515681 0.777976562235136 0.77542179839888 0.774058912131095 0.776169437773349 0.777555963791251 0.778249361690513
0.778267540515681 0.778267540515681 0.767231126420033 0.66800625807433 0.574422821904889 0.609079548033428 0.689297280323815 0.753048870121722
0.778267540515681 0.778267540515681 0.770345256905397 0.701457805607168 0.680351304531385 0.74448909871195 0.76012634201964 0.77284574092796
0.778267540515681 0.778267540515681 0.775263925327286 0.749097215979568 0.740508725082182 0.766423785393862 0.775577734760026 0.777959383939422
0.778267540515681 0.778267540515681 0.77205999351975 0.717397388246526 0.686749651392844 0.729816975650305 0.764857085678376 0.777528442272742
0.778267540515681 0.778267540515681 0.778162705460047 0.777242977866728 0.776729305516992 0.777492522293825 0.778203533186301 0.77870136266433
0.778267540515681 0.778267540515681 0.776823693867207 0.763843180737334 0.751515773428647 0.755120900827539 0.764471547042902 0.775467317621122
0.778267540515681 0.778267540515681 0.770970933459754 0.705824531866516 0.649828540523666 0.656005610928408 0.679034924549677 0.758095866037698
0.778267540515681 0.778267540515681 0.772906515067294 0.725310448621205 0.690608342078391 0.707664069889912 0.717336906079325 0.760480340971804
0.778267540515681 0.778267540515681 0.764147660844884 0.641250509145641 0.59696874601628 0.693010228583703 0.722063262201884 0.76314779798106
0.778267540515681 0.778267540515681 0.769182032995014 0.690002586522696 0.668604143162927 0.758460598635147 0.773799421246097 0.777615901024777
0.778267540515681 0.778267540515681 0.778280473614986 0.778407852262557 0.778607130274881 0.778746334514065 0.778793577277895 0.778800152488617
0.778267540515681 0.778267540515681 0.768009962893601 0.675702687670025 0.588890512985216 0.640558685831246 0.738111961360411 0.776057808750742
0.778267540515681 0.778267540515681 0.776393643586474 0.759939312231111 0.751420917059184 0.761716015139312 0.76899946770051 0.777618008670717
0.778267540515681 0.778267540515681 0.774946869449375 0.745440829418051 0.723729549134019 0.739883861112579 0.756445642404239 0.776769629556881
0.778267540515681 0.778267540515681 0.77544390276871 0.75035640870351 0.731552115902814 0.741391165890066 0.754765665681744 0.77577230743021
0.778267540515681 0.778267540515681 0.764157744916449 0.63886434547716 0.546175504119907 0.594006119845546 0.644609246193309 0.747100193548808
0.778267540515681 0.778267540515681 0.778272390480131 0.778325667567322 0.778469656065097 0.778647349537063 0.778708362918371 0.778780952531145
0.778267540515681 0.778267540515681 0.778236065317252 0.77795283351845 0.777692581665159 0.777928916595596 0.778392409292419 0.77871978335484
0.778267540515681 0.778267540515681 0.77238494867237 0.719459506404603 0.666842721160691 0.663692494287831 0.690748981277831 0.760770522774336
0.778267540515681 0.778267540515681 0.770648493496845 0.703656090493827 0.665645694151006 0.695479887774576 0.701900180217347 0.766032847625247
0.778267540515681 0.778267540515681 0.774213054784259 0.738300639123661 0.714705892378216 0.737976269735566 0.75264365241791 0.773372529972582
0.778267540515681 0.778267540515681 0.776601002226361 0.761978456658922 0.754364578494782 0.763947368511446 0.770575353374562 0.77652064093146
0.778267540515681 0.778267540515681 0.76881701251791 0.684169337081476 0.610424783186165 0.648479190046722 0.704972025785032 0.762247067354837
0.778267540515681 0.778267540515681 0.766038885353216 0.659685084853397 0.625643046172533 0.719425163827917 0.746179857377992 0.77133744928419
0.778267540515681 0.778267540515681 0.77521393116834 0.748577585134023 0.740291933409606 0.769116564329866 0.776385165738046 0.778259056735916
0.778267540515681 0.778267540515681 0.776313083157653 0.759135595471992 0.74999855213754 0.764102683340104 0.775573125160297 0.778522429587169
0.778267540515681 0.778267540515681 0.771769608300312 0.713837178984083 0.667827875314877 0.696644690768865 0.74021527876803 0.774300909085257
0.778267540515681 0.778267540515681 0.77429652901279 0.739419284107131 0.720958689763635 0.742287718837743 0.755841583020059 0.77451591750974
0.778267540515681 0.778267540515681 0.773141605977118 0.727691755969076 0.696327771849057 0.723453223860144 0.747451407063492 0.772206909926657
0.778267540515681 0.778267540515681 0.763027104134674 0.629439911806548 0.563928783899639 0.654223232461106 0.707594922429388 0.765110060353157
0.778267540515681 0.778267540515681 0.770870478430775 0.706338135902332 0.687564576328617 0.7609565221092 0.773674934016757 0.778078494403296
0.778267540515681 0.778267540515681 0.773094225954475 0.728084632891021 0.714073660472509 0.758913757353641 0.775958501108387 0.778503274182928
0.778267540515681 0.778267540515681 0.774744861775541 0.743756717933153 0.727393893042984 0.753675756092718 0.772268065489102 0.778558367970766
0.778267540515681 0.778267540515681 0.771600662339439 0.713292779674474 0.686996314627047 0.731081739893938 0.758857748755295 0.776166859031495
0.778267540515681 0.778267540515681 0.777691847549334 0.772616000836584 0.769671805212602 0.773662936978661 0.776531298835122 0.778513111472893
0.778267540515681 0.778267540515681 0.772631523053753 0.722007854225606 0.674881976072374 0.692003660553217 0.732646861024944 0.771029318233099

# True Numbers-at-age
87.8930766572291 94.3488500082946 83.6604150566021 39.1081052059607 21.5375837314654 29.7712922110036 16.8527308188566 35.7673658103838
47.5143832012476 68.4043285983779 73.4286474464383 65.1116342866195 30.4433423354131 16.7691575231432 23.1812577150026 40.9758899694718
266.160110060826 36.9789021531545 53.236868578886 57.0766555488554 50.0493675017964 23.1382843151708 12.7345327359531 49.1996625010757
69.5170656740481 207.143774240422 28.7794792297056 40.9552464380475 39.314595852865 30.6073436927989 14.0304484770326 41.006294897224
90.0217699434423 54.1028757260085 161.213275711229 22.3983469642257 31.8775115283142 30.6060214501855 23.8306655149833 42.8551230726827
29.6261693138636 70.0610214867513 42.1065120261061 125.464761665146 17.4287154862947 24.8011041186894 23.8162346327482 51.9120455724707
31.6309292493938 23.0570859268018 54.5262188785102 32.6435747856094 93.8749780704007 12.5712099415031 17.8468082221721 56.5285041968839
113.730642843948 24.6173255111512 17.9445815557107 42.1554623968621 23.7453321693309 64.9743492917532 8.79523723755998 54.305913406502
397.719338669463 88.5128676874268 19.1588653796376 13.9658527430389 32.8126489056422 18.4868725509881 50.5936489861756 49.1390805225886
190.909434495319 309.532051521806 68.8866918390835 14.9109603123562 10.8708998202862 25.5450039800962 14.393842093979 77.6638776509877
86.8172405775647 148.578616045911 240.898748448649 53.6118654970139 11.6038278150193 8.45924107535638 19.8782667089035 71.6736570071185
687.278138830281 67.5670402986594 115.633914083275 187.480834371241 41.7180533823644 9.02829132381405 6.58157382782936 71.2666862336044
598.20164546605 534.886266757637 52.5852342731615 89.021882132203 130.150522042238 25.8187974965924 5.51633743605983 53.7460513186795
195.237293263456 465.560923349296 416.284619285081 40.7222292343958 65.9384050704289 94.6397397466005 19.3917800901876 45.4109443763281
321.621459028785 151.946848045089 362.330954775266 323.85967702277 31.5769042277467 51.0402100964757 73.456473590135 50.4192327322946
67.3811910855128 250.307541895397 118.255299717161 277.991586569073 216.340290989142 18.1384944335226 31.0875480970926 88.6014937093168
167.399899098665 52.4405938631391 194.806235003456 91.097409241041 194.999368291997 147.187399197162 13.503911372805 92.1057512705036
166.603450621927 130.281907754091 40.812812009047 151.026246427009 68.2408156454152 144.398733605738 112.807923654966 82.1278665085989
689.634852736571 129.662057756953 101.394179921467 31.5099393752276 108.345834743413 46.8643563552523 105.384647047874 150.138691841781
927.421186142181 536.720420693185 100.911770788706 78.9011693655917 24.490879112402 84.1553849759097 36.4366866283217 198.923908602081
75.1553777434425 721.781805561011 417.712081757426 78.3906545387633 60.2681201721087 18.4052819581043 63.5474901124973 182.113800010236
220.874908643648 58.4909909929159 561.739350602935 322.04387358994 55.3300470425323 39.1639445715463 12.0739682352358 181.210684090037
426.076323377873 171.899771911718 45.5216397023815 434.172003850679 233.58178642923 38.2113920551626 27.7149164084434 146.468265842489
208.581793114105 331.601372267261 133.784012700939 34.7852544963984 278.413018526031 139.4410261369 26.4808855426497 131.788857505333
195.258058337651 162.332439123265 258.074584426066 102.904258871539 24.0019155753651 186.148097697001 105.760524158092 122.972005081022
450.118189212955 151.963008828311 126.338068142375 200.854409795109 80.101483136865 18.688062607235 144.962148758306 178.136233252797
55.0624744244002 350.312376060138 118.267877130172 97.0288950260745 135.717864528932 47.171003495345 11.9708008244225 245.242310780289
79.9252690264728 42.8533365449855 272.636751328528 91.8224280443319 73.7360717526597 101.981242225644 35.9309088125968 199.910376812704
305.938993627132 62.2032425502871 33.3513608357566 211.278996938891 68.448186920546 53.364973964466 75.4542752589668 182.464088740293
178.044578875629 238.102388118031 48.4107645917123 25.8621094091266 158.534549377546 50.0734159714368 39.5643202652085 198.500883439575
308.756468751303 138.566316503686 185.30735999153 36.9934607000839 16.5223796003204 86.5876874267034 29.7439155286051 173.803575099623
287.580066875606 240.295137553383 107.841666343641 144.21960203417 28.7929599950183 12.8621711648384 67.4212733173462 158.516749537465
171.404625742886 223.814231348613 187.013905701549 83.9262740925314 112.196048051386 22.3920713923074 10.0058548793298 175.92033623298
824.454989681766 133.398656509927 174.187351364093 144.44672595631 60.38155573299 74.8171179860617 14.8614497146317 140.746540227312
646.708142026327 641.646557085509 103.819844310077 134.237219914944 101.640818471051 40.1927225798038 52.0338008205634 118.24772723672
322.802111302836 503.311955126295 499.372687863294 80.3786788105309 99.1074252573863 72.6432918674044 29.6612754799601 130.612453875345
302.718916183803 251.226405236927 391.71135742828 387.813329879105 61.2468216283315 74.7631310799913 55.4956516621125 124.279514231424
161.905664465183 235.596306365941 195.521356516339 301.154355587346 265.329988814747 37.386577813316 48.4823346881097 133.854577229687
433.901592700553 126.005923278875 183.356957909999 149.776962008525 198.667036619608 166.001862442983 26.89684486831 139.423589758286
296.527263896525 337.691525376896 98.0663200006577 142.140868148478 112.119676529052 147.071604643887 127.674782114506 129.389982812932
1238.35754878282 230.777544368593 262.814352908066 76.1301672336356 107.904192582801 84.0895950629184 112.377807751529 199.754133552473
462.16954204349 963.773483770233 179.606671861993 202.832130199558 54.3445438136449 72.0614276701393 58.5805699494858 237.853577495356
664.940252827526 359.691552787446 750.073618828088 139.068822610281 149.977988506081 39.1801711036879 53.4903127614587 228.499012531627
367.392387865076 517.501415157953 279.936260132152 579.913122261817 101.199235725827 104.433838562843 28.3450210963551 216.429925926158
292.179402107977 285.929570107936 402.754553588365 213.598953910926 365.020464531938 57.0691619344386 68.3230434429044 185.649506691527
185.321367457433 227.393744667918 222.529703288609 310.471595414836 150.873086936132 250.975141047177 43.4271509853171 197.309714780771
1320.0275798 144.229604856099 176.973170391351 172.036428715786 226.0495975707 107.734497455271 190.468487294473 187.303925970904
189.787746105754 1027.33461794381 112.249219840905 137.109054432826 127.953249586594 164.427096797752 81.1968788268701 292.919769137963
133.422998665374 147.70564238174 799.541186393749 86.6115723763272 97.7988985549296 87.903410910545 120.209648012609 288.971497832558
68.7127262282783 103.838789019528 114.954507016725 621.796662438342 66.9174866755663 75.2730547985768 68.0076110554943 318.314654008352

