# Simulated data from SIR age-structured hybrid model
# random seed = 583124
# Flag=0 if no issues, =1 if negative pop #'s, =2 if NaN, or=3 if NA. Flag:
0

# Number of years (nyr)
50

# Starting age
0

# Ending age
8

# Sample size for comp data
200

# Sample size for fishery age comp data
200

# Sample size for antibody prevalence data
200

# Survey data
23912.6907438521
24582.9145181136
8977.36684663383
20678.7150547931
36574.3383227211
31631.4851376312
51680.0212852551
26470.3857536298
16576.3477024113
25282.0275838859
21657.4931082807
10556.656414202
21010.1560023723
22538.2855202942
20158.5802036801
16922.3248306179
17292.3155261239
24241.5175039974
12526.3309407953
11553.0686453379
13126.707908597
7362.62817056517
7813.92327169494
3169.01517657467
5267.59533080831
2228.81068019071
1928.84863596535
4874.89845946228
12821.8599156555
15758.9452579333
7467.1751083211
10767.9160490309
14289.811832418
14833.1744109215
10186.4624731612
8792.13498639631
4778.65720633758
12226.4621229
9757.55743760528
18354.7335321172
9597.99010092099
17379.3206564899
18085.7042524356
22245.2479664009
16823.5299645779
14866.6641482671
16905.4072868219
25398.7298532752
11862.6166883461
15580.1292521296

# Catches
0
0
0
0
0
0
0
0
0
0
0
0
0
0
0
0
0
0
0
0
0
0
0
0
0
0
0
0
0
0
0
0
0
0
0
0
0
0
0
0
0
0
0
0
0
0
0
0
0
0

# Catch compositions
-999 -999 -999 -999 -999 -999 -999 -999
-999 -999 -999 -999 -999 -999 -999 -999
-999 -999 -999 -999 -999 -999 -999 -999
-999 -999 -999 -999 -999 -999 -999 -999
-999 -999 -999 -999 -999 -999 -999 -999
-999 -999 -999 -999 -999 -999 -999 -999
-999 -999 -999 -999 -999 -999 -999 -999
-999 -999 -999 -999 -999 -999 -999 -999
-999 -999 -999 -999 -999 -999 -999 -999
-999 -999 -999 -999 -999 -999 -999 -999
-999 -999 -999 -999 -999 -999 -999 -999
-999 -999 -999 -999 -999 -999 -999 -999
-999 -999 -999 -999 -999 -999 -999 -999
-999 -999 -999 -999 -999 -999 -999 -999
-999 -999 -999 -999 -999 -999 -999 -999
-999 -999 -999 -999 -999 -999 -999 -999
-999 -999 -999 -999 -999 -999 -999 -999
-999 -999 -999 -999 -999 -999 -999 -999
-999 -999 -999 -999 -999 -999 -999 -999
-999 -999 -999 -999 -999 -999 -999 -999
-999 -999 -999 -999 -999 -999 -999 -999
-999 -999 -999 -999 -999 -999 -999 -999
-999 -999 -999 -999 -999 -999 -999 -999
-999 -999 -999 -999 -999 -999 -999 -999
-999 -999 -999 -999 -999 -999 -999 -999
-999 -999 -999 -999 -999 -999 -999 -999
-999 -999 -999 -999 -999 -999 -999 -999
-999 -999 -999 -999 -999 -999 -999 -999
-999 -999 -999 -999 -999 -999 -999 -999
-999 -999 -999 -999 -999 -999 -999 -999
-999 -999 -999 -999 -999 -999 -999 -999
-999 -999 -999 -999 -999 -999 -999 -999
-999 -999 -999 -999 -999 -999 -999 -999
-999 -999 -999 -999 -999 -999 -999 -999
-999 -999 -999 -999 -999 -999 -999 -999
-999 -999 -999 -999 -999 -999 -999 -999
-999 -999 -999 -999 -999 -999 -999 -999
-999 -999 -999 -999 -999 -999 -999 -999
-999 -999 -999 -999 -999 -999 -999 -999
-999 -999 -999 -999 -999 -999 -999 -999
-999 -999 -999 -999 -999 -999 -999 -999
-999 -999 -999 -999 -999 -999 -999 -999
-999 -999 -999 -999 -999 -999 -999 -999
-999 -999 -999 -999 -999 -999 -999 -999
-999 -999 -999 -999 -999 -999 -999 -999
-999 -999 -999 -999 -999 -999 -999 -999
-999 -999 -999 -999 -999 -999 -999 -999
-999 -999 -999 -999 -999 -999 -999 -999
-999 -999 -999 -999 -999 -999 -999 -999
-999 -999 -999 -999 -999 -999 -999 -999

# Age composition from fishery-independent survey
0 0 4 84 42 31 17 22
0 0 2 14 114 22 14 34
0 0 23 28 12 58 17 62
0 0 13 84 18 7 41 37
0 0 5 98 57 2 0 38
0 0 2 48 92 33 9 16
0 0 5 43 64 49 22 17
0 0 4 32 48 36 31 49
0 0 1 25 27 36 32 79
0 0 0 31 19 29 36 85
0 0 2 6 49 23 30 90
0 0 5 24 7 32 22 110
0 0 4 44 21 9 21 101
0 0 9 53 53 11 5 69
0 0 4 47 63 22 5 59
0 0 3 33 64 37 21 42
0 0 0 26 37 61 30 46
0 0 1 13 59 38 32 57
0 0 5 5 20 42 33 95
0 0 1 15 14 13 45 112
0 0 1 6 24 20 12 137
0 0 1 20 10 18 12 139
0 0 1 7 27 9 14 142
0 0 0 4 12 19 16 149
0 0 3 9 4 9 17 158
0 0 5 20 13 5 10 147
0 0 20 24 24 13 5 114
0 0 19 85 23 11 3 59
0 0 5 90 74 13 2 16
0 0 8 45 90 40 2 15
0 0 2 47 66 53 23 9
0 0 12 9 71 43 44 21
0 0 3 56 14 50 30 47
0 0 3 46 66 7 23 55
0 0 3 17 59 55 7 59
0 0 2 17 27 58 40 56
0 0 6 10 35 25 46 78
0 0 4 42 12 34 16 92
0 0 2 46 43 10 20 79
0 0 4 43 56 32 3 62
0 0 7 34 55 32 24 48
0 0 10 46 52 29 24 39
0 0 8 64 49 26 15 38
0 0 2 40 87 26 9 36
0 0 5 19 54 58 30 34
0 0 3 36 33 35 45 48
0 0 5 16 52 24 34 69
0 0 5 46 40 36 22 51
0 0 3 38 64 28 17 50
0 0 1 21 64 38 23 53

# Antibody prevalence values
0 0 0 0 0 1 0 89 3 34 7 22 7 11 23 3
0 0 0 0 0 2 1 19 13 98 13 9 12 5 28 0
0 0 0 0 0 13 0 21 4 11 42 27 17 4 61 0
0 0 0 0 0 27 0 93 0 23 1 5 10 10 31 0
0 0 0 0 0 11 1 90 15 54 1 2 3 1 22 0
0 0 0 0 0 6 0 47 34 59 23 5 5 0 20 1
0 0 0 0 0 2 0 46 6 61 27 15 17 3 23 0
0 0 0 0 0 1 0 29 9 47 18 20 28 4 44 0
0 0 0 0 0 3 0 20 1 38 10 32 19 14 59 4
0 0 0 0 0 1 0 26 0 27 4 33 6 17 77 9
0 0 0 0 0 1 0 7 0 54 0 24 2 20 55 37
0 0 0 0 0 3 0 11 0 7 5 26 1 25 86 36
0 0 0 0 0 7 0 47 0 21 0 9 4 21 61 30
0 0 0 0 0 4 0 47 0 57 0 14 0 1 32 45
0 0 0 0 0 6 0 46 8 50 11 18 2 3 50 6
0 0 0 0 0 8 0 41 1 56 11 35 3 14 18 13
0 0 0 0 0 3 0 35 7 44 8 25 11 19 42 6
0 0 0 0 0 3 0 7 1 51 5 30 6 32 37 28
0 0 0 0 0 0 0 9 0 19 4 50 3 28 42 45
0 0 0 0 0 2 0 17 0 17 0 14 2 40 37 71
0 0 0 0 0 2 0 4 0 27 1 21 0 9 47 89
0 0 0 0 0 1 0 14 0 17 1 13 1 15 60 78
0 0 0 0 0 1 0 3 0 36 1 11 0 15 55 78
0 0 0 0 0 2 0 2 0 13 0 25 1 15 55 87
0 0 0 0 0 3 0 15 0 7 0 17 0 27 39 92
0 0 0 0 0 7 0 18 0 14 0 4 0 14 45 98
0 0 0 0 0 13 0 36 0 26 0 7 0 1 37 80
0 0 0 0 0 32 0 86 0 23 0 7 0 3 11 38
0 0 0 0 0 5 0 83 0 67 0 16 0 6 6 17
0 0 0 0 0 7 1 46 14 78 15 22 3 2 8 4
0 0 0 0 0 3 1 33 6 63 34 26 15 8 7 4
0 0 0 0 0 9 0 11 1 59 10 39 27 20 16 8
0 0 0 0 0 10 0 54 0 9 1 40 3 35 34 14
0 0 0 0 0 2 0 44 0 69 0 4 2 33 17 29
0 0 0 0 0 1 0 18 6 55 9 36 0 5 38 32
0 0 0 0 0 1 0 16 0 29 3 51 11 44 20 25
0 0 0 0 0 5 0 9 0 39 0 20 5 40 27 55
0 0 0 0 0 11 0 55 0 9 0 22 1 14 27 61
0 0 0 0 0 3 0 53 1 45 0 9 0 16 13 60
0 0 0 0 0 4 0 38 1 57 6 25 0 8 19 42
0 0 0 0 0 10 0 44 0 37 3 46 1 19 17 23
0 0 0 0 0 10 0 41 0 57 1 26 2 27 11 25
0 0 0 0 0 1 1 69 6 47 11 26 4 6 19 10
0 0 0 0 0 1 2 29 14 65 14 15 11 5 32 12
0 0 0 0 0 4 0 28 4 55 19 37 15 6 25 7
0 0 0 0 0 2 0 38 1 29 4 34 12 33 39 8
0 0 0 0 0 8 0 28 0 41 1 31 7 26 32 26
0 0 0 0 0 5 0 47 0 29 0 39 0 17 29 34
0 0 0 0 0 0 0 40 1 60 1 21 1 17 28 31
0 0 0 0 0 1 0 20 9 43 12 36 4 14 29 32

# Average weight-at-age
70
94
115
134
150
160
165
168

# Maturity logistic function parameter age-at-50%
3

# Maturity logistic function parameter age-at-95%
4

# Infection prevalence index (avg of 3 different samples)
0
0.0722222222222222
0
0.127777777777778
0.1
0
0
0.0666666666666667
0
0
0.0444444444444444
0
0
0.0833333333333333
0.00555555555555556
0
0
0
0
0
0.0277777777777778
0
0
0
0
0
0
0
0.111111111111111
0.0888888888888889
0
0
0
0.0277777777777778
0
0
0
0
0.0166666666666667
0
0.00555555555555556
0
0.0333333333333333
0
0.00555555555555556
0
0
0
0.0444444444444444
0

