# Simulated data from SIR age-structured hybrid model
# random seed = 3194126
# Flag=0 if no issues, =1 if negative pop #'s, =2 if NaN, or=3 if NA. Flag:
0

# True SSB
131614.891980885
151627.776026493
160205.801619504
143399.176285303
119325.483586295
98476.0221312642
83699.7915942535
73310.1918038506
67174.4438144311
60099.1630078044
47297.4317633554
39666.578905403
37082.6261671587
46044.8948158492
51749.1892798338
46030.586641716
42028.383495774
39278.8890973689
42678.7907151705
53624.496325559
70057.5643512659
67393.9331066753
58649.8880244598
50667.8070709632
44577.5191423478
39154.3237512079
32664.0764729863
26993.749135613
23116.8036971275
22961.9113612677
22959.6992499145
37535.9985332802
50801.8640527836
50697.8928822968
48460.3664891306
48673.6220907572
50683.367491383
63635.0627181211
69013.6387388555
65521.9300335456
61028.5194276174
60963.2954465927
82220.4050214407
91432.6064714791
79095.0446033034
80670.3729357441
75504.211521308
66219.321977406
58313.8464134107
55443.4271352143

# True R (numbers)
189.417821155211
25.2730408892159
83.5822492674662
124.204623872307
119.780046805868
205.780284067229
44.4330799214829
33.4951754454383
36.4711169307083
116.263055318671
441.59288854886
281.819593366902
43.2575200510455
109.20409891534
64.3031042283418
291.626439847878
364.136074498711
707.368962563861
127.128886831134
58.2821102201522
63.2428944993839
86.405030751316
54.630134693087
9.57628003892151
28.254449066415
26.7874047086095
133.934731136476
53.1215355203968
574.879313640872
290.288436137271
162.919469138971
132.975401368182
190.492720684503
170.704805734605
701.900297752577
320.115532644921
80.0408708287841
173.024625877426
198.193938969653
965.815395120903
255.403868016242
241.865676416082
356.93227931757
92.8652031072987
141.367500678404
53.4833784683036
224.265351719069
379.887258743598
1752.05464820573
1140.78846905701

# True infection rate given (selected) susceptible
-999 -999 0.7033644688814 0.7033644688814 0.7033644688814 0.7033644688814 0.703364468881401 0.7033644688814
-999 -999 0.818430011349694 0.818430011349694 0.818430011349695 0.818430011349695 0.818430011349694 0.818430011349695
-999 -999 0.857240016821969 0.857240016821969 0.857240016821969 0.857240016821969 0.85724001682197 0.857240016821969
-999 -999 0.598190462010182 0.598190462010181 0.598190462010182 0.598190462010182 0.598190462010182 0.598190462010182
-999 -999 0.00346230183225392 0.00346230183225458 0.00346230183225399 0.00346230183225466 0.00346230183225481 0.00346230183225419
-999 -999 0.00219706772304506 0.00219706772304486 0.00219706772304554 0.00219706772304474 0.00219706772304487 0.00219706772304484
-999 -999 0.00779044743721848 0.00779044743721796 0.00779044743721805 0.00779044743721814 0.00779044743721834 0.00779044743721802
-999 -999 0.0108332986049649 0.0108332986049651 0.0108332986049655 0.0108332986049646 0.0108332986049643 0.0108332986049653
-999 -999 0.0149173161378263 0.0149173161378264 0.0149173161378271 0.014917316137827 0.0149173161378267 0.0149173161378259
-999 -999 0.427890194548499 0.4278901945485 0.427890194548499 0.427890194548499 0.427890194548499 0.427890194548499
-999 -999 0.00509504906945703 0.00509504906945748 0.00509504906945748 0.0050950490694568 0.00509504906945635 0.00509504906945642
-999 -999 0.00596864977944024 0.00596864977944108 0.00596864977944056 0.00596864977943992 0.0059686497794408 0.00596864977944045
-999 -999 0.00895893768918514 0.00895893768918486 0.00895893768918552 0.00895893768918496 0.00895893768918449 0.0089589376891848
-999 -999 0.674902447473055 0.674902447473055 0.674902447473055 0.674902447473055 0.674902447473055 0.674902447473055
-999 -999 0.748263745485141 0.748263745485142 0.748263745485142 0.748263745485141 0.748263745485141 0.748263745485141
-999 -999 0.00406408079909252 0.0040640807990932 0.00406408079909332 0.00406408079909317 0.00406408079909395 0.00406408079909287
-999 -999 0.00254631811081836 0.00254631811081872 0.00254631811081958 0.00254631811081899 0.00254631811081859 0.0025463181108197
-999 -999 0.0179083775631024 0.0179083775631027 0.0179083775631024 0.0179083775631028 0.0179083775631027 0.0179083775631021
-999 -999 0.330485139904117 0.330485139904117 0.330485139904117 0.330485139904117 0.330485139904117 0.330485139904117
-999 -999 0.694241608211704 0.694241608211704 0.694241608211704 0.694241608211704 0.694241608211704 0.694241608211704
-999 -999 0.858267772932288 0.858267772932288 0.858267772932288 0.858267772932288 0.858267772932288 0.858267772932288
-999 -999 0.569443864932282 0.569443864932283 0.569443864932282 0.569443864932282 0.569443864932283 0.569443864932282
-999 -999 0.00977988697927338 0.00977988697927327 0.0097798869792725 0.00977988697927364 0.00977988697927299 0.00977988697927283
-999 -999 0.00358786009204263 0.00358786009204182 0.00358786009204189 0.00358786009204149 0.00358786009204181 0.00358786009204219
-999 -999 0.00394003763314643 0.00394003763314763 0.00394003763314718 0.00394003763314736 0.00394003763314668 0.00394003763314672
-999 -999 0.0427944488256121 0.042794448825612 0.0427944488256119 0.0427944488256105 0.0427944488256118 0.0427944488256106
-999 -999 0.00722591001960123 0.00722591001960033 0.00722591001960098 0.00722591001960118 0.00722591001960143 0.00722591001960177
-999 -999 0.0256325771281224 0.0256325771281221 0.0256325771281216 0.0256325771281226 0.0256325771281215 0.0256325771281225
-999 -999 0.00606131299117067 0.00606131299116939 0.00606131299116916 0.00606131299117065 0.00606131299116853 0.00606131299116954
-999 -999 0.393028265043734 0.393028265043735 0.393028265043734 0.393028265043734 0.393028265043734 0.393028265043734
-999 -999 0.0127192759191433 0.0127192759191441 0.012719275919144 0.0127192759191444 0.0127192759191436 0.0127192759191425
-999 -999 0.749015730849049 0.749015730849048 0.749015730849049 0.749015730849048 0.749015730849049 0.749015730849049
-999 -999 0.697269417275169 0.69726941727517 0.69726941727517 0.69726941727517 0.69726941727517 0.69726941727517
-999 -999 0.250429791055074 0.250429791055073 0.250429791055073 0.250429791055074 0.250429791055074 0.250429791055074
-999 -999 0.0265897571397237 0.0265897571397243 0.0265897571397238 0.0265897571397233 0.0265897571397236 0.0265897571397239
-999 -999 0.106737969906278 0.106737969906279 0.106737969906279 0.106737969906279 0.106737969906278 0.106737969906278
-999 -999 0.404489946193518 0.404489946193518 0.404489946193518 0.404489946193518 0.404489946193519 0.404489946193519
-999 -999 0.827852100480524 0.827852100480525 0.827852100480525 0.827852100480525 0.827852100480524 0.827852100480525
-999 -999 0.663686204359602 0.663686204359602 0.663686204359602 0.663686204359602 0.663686204359602 0.663686204359602
-999 -999 0.0132975126568576 0.0132975126568575 0.0132975126568563 0.0132975126568562 0.0132975126568563 0.0132975126568566
-999 -999 0.242272241798226 0.242272241798225 0.242272241798225 0.242272241798226 0.242272241798226 0.242272241798225
-999 -999 0.0852452582082974 0.0852452582082967 0.0852452582082974 0.085245258208297 0.0852452582082975 0.0852452582082964
-999 -999 0.861339943175651 0.861339943175651 0.861339943175651 0.86133994317565 0.861339943175651 0.861339943175651
-999 -999 0.853629019113675 0.853629019113675 0.853629019113675 0.853629019113675 0.853629019113675 0.853629019113675
-999 -999 0.0033730427458414 0.00337304274584247 0.00337304274584124 0.00337304274584166 0.00337304274584202 0.00337304274584224
-999 -999 0.295435074752802 0.295435074752801 0.295435074752801 0.295435074752801 0.295435074752801 0.295435074752801
-999 -999 0.35170407984984 0.351704079849841 0.351704079849841 0.35170407984984 0.351704079849841 0.351704079849841
-999 -999 0.0588496457686187 0.0588496457686183 0.0588496457686185 0.0588496457686181 0.0588496457686185 0.0588496457686187
-999 -999 0.0343482911431373 0.0343482911431383 0.0343482911431372 0.0343482911431392 0.0343482911431385 0.034348291143138
-999 -999 0.101016431860482 0.101016431860482 0.101016431860482 0.101016431860483 0.101016431860482 0.101016431860482

# Duration of outbreak (days) based on incidence
0
0
0
0
0
0
0
0
0
0
0
0
0
0
0
0
0
0
0
0
0
0
0
0
0
0
0
0
0
0
0
0
0
0
0
0
0
0
0
0
0
0
0
0
0
0
0
0
0
0

# Duration of outbreak (days) based on prevalence
4
12
15
0
0
0
0
0
0
0
0
0
0
14
19
0
0
0
0
16
23
0
0
0
0
0
0
0
0
0
0
15
10
0
0
0
0
21
0
0
0
0
17
19
0
0
0
0
0
0

# Peak (point) prevalence
0.106275826287766
0.16371282965213
0.176783363779366
0.0406817093732686
4.13269465846144e-05
2.02657304851943e-05
0.000157986787907565
0.000198160228031078
0.000355952327216783
0.0366639422523607
0.000119341695516011
0.000165459239812066
0.00023527310068659
0.140108689054454
0.153426111193193
7.28711983234993e-05
5.34951760144183e-05
0.00141896463899174
0.0268373485699568
0.148277857724577
0.250766857162528
0.0522670527202039
0.000369226196969907
0.000101226594292526
8.54829880482249e-05
0.00372026578732346
0.000213675374737072
0.0017393597420783
0.000144979651109697
0.0482957255571799
0.00104078733151027
0.221949785848006
0.130780403872433
0.0171873386376402
0.00175930692639943
0.00945633111522016
0.0415902555675327
0.252286713470174
0.0950303005349818
0.000286741618300128
0.0220124781761931
0.0068321167215885
0.300658120067251
0.187527470406683
5.00372233627385e-05
0.0148892220034546
0.0202878460534017
0.00507863475727703
0.00218210509484244
0.00508002298206577

# Day of peak prevalence
31
25
24
46
64
35
69
56
75
72
63
69
63
40
41
62
55
119
76
42
28
42
119
85
48
119
70
119
50
93
119
29
32
104
119
119
78
28
34
95
113
119
21
27
56
82
73
119
119
106

# Total immunity
0.1775196267302
0.277522147227303
0.408301420329057
0.563924104720208
0.607649110781725
0.481519959208737
0.455582354392606
0.433983273505065
0.407727830428771
0.324869797918862
0.219905733995898
0.154643287031081
0.146562866643049
0.125197074258802
0.255485160125741
0.27335297155115
0.165139908363848
0.0831140635627017
0.0756181363196651
0.113203758963605
0.238084619330699
0.402247538734553
0.495585964936116
0.486107543888083
0.448977366358017
0.411159840200184
0.271780073611081
0.23124943919634
0.0749882477837043
0.0523099984491005
0.0616883833064312
0.052542693155867
0.168614996386754
0.247833270096362
0.128080512121615
0.0990532882306332
0.101831752261498
0.136236678621636
0.247748403336083
0.167702516445528
0.140853365104621
0.134628805508018
0.109165819537704
0.279869062941922
0.369844714465346
0.346179990228902
0.309482961747888
0.247898528251348
0.0799031906866929
0.0517811813891361

# Observed immunity (based on survey selectivity)
0.518583003061682
0.533626895623035
0.573059199164162
0.720874317719676
0.833619512495703
0.79627743104701
0.727716206300678
0.643252666481765
0.543508084866267
0.481238683171985
0.648023970403915
0.603877729581633
0.489973237059709
0.29507772367997
0.431878878620138
0.661204095625401
0.577306256490025
0.481482802335396
0.338163739361717
0.316242355334129
0.403712906399896
0.586708907841457
0.729417308403649
0.669914041991343
0.594463493042764
0.528879024041213
0.510227463808732
0.484935317060561
0.44580298135903
0.340981427521544
0.361880915189579
0.16727291152078
0.384678526209372
0.572404072815429
0.533948881548035
0.423754010209226
0.343689832592056
0.317867030130902
0.490462976436058
0.665377302555568
0.568937348751691
0.493948234603752
0.291536303986309
0.542128068018829
0.716369127772263
0.552232792404489
0.553533106840425
0.620822295627929
0.566758853414582
0.464062729841362

# True total proportion of susceptible
1 1 1 0.982903855745859 0.807025675191604 0.511976147214184 0.348266197980537 0.0419563785115371
1 1 1 0.96966479784144 0.667883321729563 0.281952835689138 0.153862926441416 0.0153529347035572
1 1 1 0.973747104219134 0.668675214586736 0.175846405939108 0.0523706183428738 0.00719423782288228
1 1 1 0.972844381379226 0.657857651938837 0.147802772229427 0.0243732239502904 0.00243196808558241
1 1 1 0.974549259160015 0.711230079444381 0.293106370212759 0.057718346545136 0.00335401812374608
1 1 1 0.999854415903844 0.973113296719344 0.709119360288789 0.292108201257721 0.0201147740333601
1 1 1 0.999914824092748 0.999002726882364 0.971523199551448 0.707791059248023 0.104704826248945
1 1 1 0.999675705783335 0.996670654988617 0.992840363913415 0.965170939334461 0.157163578185177
1 1 1 0.999587384040931 0.99554588038372 0.988830683975198 0.984607085528297 0.168274549339777
1 1 1 0.999420404347368 0.993784144141071 0.984532653837194 0.977287782917789 0.217203317651131
1 1 1 0.983780669860806 0.827549764149086 0.647834224321005 0.620378042793079 0.171936465599382
1 1 1 0.999782830741108 0.981630718198667 0.823997919659115 0.644798558585249 0.219793918372111
1 1 1 0.999777915129012 0.997561090488222 0.977453293363078 0.820075336921415 0.301168968827217
1 1 1 0.999631631007268 0.996092584178888 0.99056628862546 0.970199511908326 0.326608832153176
1 1 1 0.975711569360471 0.731046768066179 0.426886661030645 0.386232007891938 0.120364306875746
1 1 1 0.973669074073487 0.683834228537644 0.239177361481651 0.111006704072081 0.0328088336055336
1 1 1 0.999844481826997 0.972131259576309 0.681573334797622 0.238227644884193 0.0472585065763081
1 1 1 0.999889585103503 0.998740534184485 0.970079837725787 0.67997149948792 0.139749670971564
1 1 1 0.999383254275363 0.993705887623035 0.986966349622248 0.957855250835046 0.306643103705389
1 1 1 0.985242072693145 0.848329416889384 0.701088107868236 0.67994638923984 0.232746502398609
1 1 1 0.97161549106413 0.684475680143505 0.311407704873697 0.224941658962857 0.0934991979870504
1 1 1 0.97509343601869 0.673306596349741 0.156001580615992 0.0450462475598331 0.014348468797248
1 1 1 0.976194801619874 0.729591762472047 0.32219238329138 0.0659032692926142 0.0107446131792039
1 1 1 0.999688885840983 0.973098000045919 0.724500383957666 0.319298698151496 0.0298380817735026
1 1 1 0.999869391664775 0.998382659306822 0.970653071876733 0.722380421005131 0.171348049567597
1 1 1 0.999823950115578 0.998109118205382 0.995042467185883 0.96721908555706 0.23803031815186
1 1 1 0.99860719204416 0.985790548567202 0.971258835606985 0.966789158526234 0.278730991821889
1 1 1 0.999689877996838 0.995507957245872 0.97996016817998 0.965193443638707 0.338718800966125
1 1 1 0.999020918345901 0.989870814379522 0.976843466604867 0.960501303086216 0.414618575181826
1 1 1 0.999758162929921 0.99660298522282 0.985304734134714 0.972081661789557 0.466955868215152
1 1 1 0.989128064266247 0.880182589247142 0.744444940267534 0.717591846048522 0.309161812458026
1 1 1 0.999560169932939 0.984741215828734 0.872334099509841 0.736993051099922 0.33381792703744
1 1 1 0.969188892912356 0.668932191081675 0.316021665420443 0.238550723966936 0.0919315366708782
1 1 1 0.9738136751524 0.688846796318151 0.24735549905245 0.0972427520464792 0.0422470214200641
1 1 1 0.992163592618193 0.892167533878326 0.554910654749792 0.186730527871006 0.0375037590043877
1 1 1 0.998864827461767 0.980852816143331 0.872347640738471 0.540931796052551 0.135524570830312
1 1 1 0.996228462947182 0.960520289399627 0.907439809225398 0.800034060646482 0.237000424153603
1 1 1 0.984807263475586 0.835758662112063 0.645198326016304 0.587407400473809 0.21030237788179
1 1 1 0.97304162197084 0.673410072644282 0.222172223768799 0.127587368429333 0.0475199922145895
1 1 1 0.971427274927665 0.679495148225307 0.257926669313985 0.0733847287161761 0.0211483650724017
1 1 1 0.9994653459386 0.966173010541265 0.671901365091641 0.254545241521348 0.0312425791042033
1 1 1 0.990725450520807 0.903623214704015 0.78205688682244 0.524512304902515 0.115242843315549
1 1 1 0.996738932393322 0.957934475804391 0.84433446759676 0.72568519683292 0.205884698282116
1 1 1 0.965720779976995 0.622040390583973 0.199600978118912 0.129298609395081 0.033429643604969
1 1 1 0.974456728897754 0.664272927990906 0.139795881044628 0.0285956271372728 0.00674499837635133
1 1 1 0.999867168528533 0.973143002470743 0.662406286393085 0.139321040593037 0.0110028474018464
1 1 1 0.988294583122969 0.878568465830336 0.738786384863079 0.481131006838875 0.0553409139687937
1 1 1 0.984343359273862 0.829257701049619 0.599140422924746 0.486750946583085 0.0803617746123356
1 1 1 0.997937394407982 0.96368172493792 0.793338055095809 0.568960585662977 0.147251855485262
1 1 1 0.998736287939201 0.985255040122916 0.939960622995276 0.771302706808553 0.252236423789813

# True vulnerable proportion of susceptible
0 0 0.05 0.491451927872929 0.766674391432024 0.511976147214184 0.348266197980537 0.0419563785115371
0 0 0.05 0.48483239892072 0.634489155643084 0.281952835689138 0.153862926441416 0.0153529347035572
0 0 0.05 0.486873552109567 0.635241453857399 0.175846405939108 0.0523706183428738 0.00719423782288228
0 0 0.05 0.486422190689613 0.624964769341895 0.147802772229427 0.0243732239502904 0.00243196808558241
0 0 0.05 0.487274629580008 0.675668575472162 0.293106370212759 0.057718346545136 0.00335401812374608
0 0 0.05 0.499927207951922 0.924457631883377 0.709119360288789 0.292108201257721 0.0201147740333601
0 0 0.05 0.499957412046374 0.949052590538246 0.971523199551448 0.707791059248023 0.104704826248945
0 0 0.05 0.499837852891668 0.946837122239186 0.992840363913415 0.965170939334461 0.157163578185177
0 0 0.05 0.499793692020466 0.945768586364534 0.988830683975198 0.984607085528297 0.168274549339777
0 0 0.05 0.499710202173684 0.944094936934018 0.984532653837194 0.977287782917789 0.217203317651131
0 0 0.05 0.491890334930403 0.786172275941632 0.647834224321005 0.620378042793079 0.171936465599382
0 0 0.05 0.499891415370554 0.932549182288734 0.823997919659115 0.644798558585249 0.219793918372111
0 0 0.05 0.499888957564506 0.947683035963811 0.977453293363078 0.820075336921415 0.301168968827217
0 0 0.05 0.499815815503634 0.946287954969944 0.99056628862546 0.970199511908326 0.326608832153176
0 0 0.05 0.487855784680235 0.69449442966287 0.426886661030645 0.386232007891938 0.120364306875746
0 0 0.05 0.486834537036743 0.649642517110761 0.239177361481651 0.111006704072081 0.0328088336055336
0 0 0.05 0.499922240913498 0.923524696597494 0.681573334797622 0.238227644884193 0.0472585065763081
0 0 0.05 0.499944792551751 0.94880350747526 0.970079837725787 0.67997149948792 0.139749670971564
0 0 0.05 0.499691627137681 0.944020593241883 0.986966349622248 0.957855250835046 0.306643103705389
0 0 0.05 0.492621036346573 0.805912946044915 0.701088107868236 0.67994638923984 0.232746502398609
0 0 0.05 0.485807745532065 0.65025189613633 0.311407704873697 0.224941658962857 0.0934991979870504
0 0 0.05 0.487546718009345 0.639641266532254 0.156001580615992 0.0450462475598331 0.014348468797248
0 0 0.05 0.488097400809937 0.693112174348444 0.32219238329138 0.0659032692926142 0.0107446131792039
0 0 0.05 0.499844442920491 0.924443100043623 0.724500383957666 0.319298698151496 0.0298380817735026
0 0 0.05 0.499934695832387 0.948463526341481 0.970653071876733 0.722380421005131 0.171348049567597
0 0 0.05 0.499911975057789 0.948203662295113 0.995042467185883 0.96721908555706 0.23803031815186
0 0 0.05 0.49930359602208 0.936501021138842 0.971258835606985 0.966789158526234 0.278730991821889
0 0 0.05 0.499844938998419 0.945732559383578 0.97996016817998 0.965193443638707 0.338718800966125
0 0 0.05 0.499510459172951 0.940377273660546 0.976843466604867 0.960501303086216 0.414618575181826
0 0 0.05 0.49987908146496 0.946772835961679 0.985304734134714 0.972081661789557 0.466955868215152
0 0 0.05 0.494564032133123 0.836173459784784 0.744444940267534 0.717591846048522 0.309161812458026
0 0 0.05 0.49978008496647 0.935504155037298 0.872334099509841 0.736993051099922 0.33381792703744
0 0 0.05 0.484594446456178 0.635485581527592 0.316021665420443 0.238550723966936 0.0919315366708782
0 0 0.05 0.4869068375762 0.654404456502243 0.24735549905245 0.0972427520464792 0.0422470214200641
0 0 0.05 0.496081796309097 0.84755915718441 0.554910654749792 0.186730527871006 0.0375037590043877
0 0 0.05 0.499432413730883 0.931810175336164 0.872347640738471 0.540931796052551 0.135524570830312
0 0 0.05 0.498114231473591 0.912494274929646 0.907439809225398 0.800034060646482 0.237000424153603
0 0 0.05 0.492403631737793 0.79397072900646 0.645198326016304 0.587407400473809 0.21030237788179
0 0 0.05 0.48652081098542 0.639739569012068 0.222172223768799 0.127587368429333 0.0475199922145895
0 0 0.05 0.485713637463832 0.645520390814041 0.257926669313985 0.0733847287161761 0.0211483650724017
0 0 0.05 0.4997326729693 0.917864360014202 0.671901365091641 0.254545241521348 0.0312425791042033
0 0 0.05 0.495362725260404 0.858442053968814 0.78205688682244 0.524512304902515 0.115242843315549
0 0 0.05 0.498369466196661 0.910037752014171 0.84433446759676 0.72568519683292 0.205884698282116
0 0 0.05 0.482860389988497 0.590938371054774 0.199600978118912 0.129298609395081 0.033429643604969
0 0 0.05 0.487228364448877 0.631059281591361 0.139795881044628 0.0285956271372728 0.00674499837635133
0 0 0.05 0.499933584264267 0.924485852347206 0.662406286393085 0.139321040593037 0.0110028474018464
0 0 0.05 0.494147291561485 0.834640042538819 0.738786384863079 0.481131006838875 0.0553409139687937
0 0 0.05 0.492171679636931 0.787794815997138 0.599140422924746 0.486750946583085 0.0803617746123356
0 0 0.05 0.498968697203991 0.915497638691024 0.793338055095809 0.568960585662977 0.147251855485262
0 0 0.05 0.4993681439696 0.93599228811677 0.939960622995276 0.771302706808553 0.252236423789813

# True survival by age
0.778267540515681 0.778267540515681 0.773847322147341 0.734830160132538 0.710593078086959 0.733266848200835 0.747826819806211 0.77506928304558
0.778267540515681 0.778267540515681 0.766057355516501 0.659885850848042 0.623500039854486 0.709796508124549 0.741144840883976 0.775043352773046
0.778267540515681 0.778267540515681 0.765212426658807 0.6511577465431 0.612581226856737 0.73279311726734 0.765098769124609 0.776918514919814
0.778267540515681 0.778267540515681 0.774012682021295 0.736888869248888 0.725267252225257 0.766144370725112 0.776713693851961 0.778592532641184
0.778267540515681 0.778267540515681 0.778266929577632 0.778275158041543 0.778413269093311 0.778640904884772 0.778769299946098 0.778798953584258
0.778267540515681 0.778267540515681 0.778271440392653 0.778306611239439 0.778353983070663 0.778477960016686 0.778667802268565 0.778791625920769
0.778267540515681 0.778267540515681 0.778230113970512 0.777893352361812 0.777557677111203 0.777555510419324 0.777893555277074 0.778666575204076
0.778267540515681 0.778267540515681 0.778175410891844 0.777346715975838 0.776524680906002 0.776441958153192 0.776507696141435 0.778427388336523
0.778267540515681 0.778267540515681 0.778137773540287 0.776970626225381 0.775815325064307 0.775707145129581 0.775720359003927 0.778274322334577
0.778267540515681 0.778267540515681 0.773397265217783 0.729593324505667 0.68631081007014 0.682376887083737 0.683086440674726 0.757528161967631
0.778267540515681 0.778267540515681 0.778256324028144 0.778165843716515 0.778183136489488 0.778310001803886 0.778330801846652 0.778670528766594
0.778267540515681 0.778267540515681 0.778224510356447 0.777837448175517 0.777474781002321 0.777652257080998 0.77790203334711 0.778494424254515
0.778267540515681 0.778267540515681 0.778216784317 0.777760209675818 0.777306825276831 0.777287327107974 0.777531005868183 0.778334463120395
0.778267540515681 0.778267540515681 0.770060886332433 0.696231425882577 0.622952464031856 0.615687871445395 0.619041593744362 0.725019306569511
0.778267540515681 0.778267540515681 0.768648543974453 0.684426830031365 0.644804167487862 0.696448722618268 0.70429154076793 0.755580922670283
0.778267540515681 0.778267540515681 0.778250108593337 0.778111852049046 0.778209643201506 0.778589857100062 0.77870288836792 0.778771849584327
0.778267540515681 0.778267540515681 0.778276755361862 0.778359757575641 0.778452604074523 0.778562951033271 0.778717654575274 0.778784292421951
0.778267540515681 0.778267540515681 0.778036585351733 0.775958302763027 0.773885590723982 0.773802596260185 0.775297334748311 0.778080744436273
0.778267540515681 0.778267540515681 0.776239670265889 0.758001673695898 0.739983871279733 0.73824569665383 0.739441890553935 0.766200619372928
0.778267540515681 0.778267540515681 0.77246198338909 0.721076618705147 0.684772944778589 0.697022791836926 0.699488854606029 0.75165221041784
0.778267540515681 0.778267540515681 0.76332443780104 0.633093175522693 0.584100174023289 0.685566780829818 0.711454308312613 0.750807562934968
0.778267540515681 0.778267540515681 0.773941452622823 0.736097422675856 0.723098860562831 0.765220065406466 0.77487928197148 0.777551677114332
0.778267540515681 0.778267540515681 0.778136070951545 0.776996835409702 0.776589270586177 0.777781806537519 0.778592355161873 0.778766801794179
0.778267540515681 0.778267540515681 0.778249909472886 0.778091450839714 0.777955907889728 0.778158974689553 0.778517928037333 0.778774350606485
0.778267540515681 0.778267540515681 0.778271388178649 0.77830608176592 0.778341390310312 0.778357884464235 0.778471168617404 0.778722598790432
0.778267540515681 0.778267540515681 0.777613709140886 0.771730471714402 0.765869242732243 0.765258384397161 0.765637057005526 0.775561221373009
0.778267540515681 0.778267540515681 0.778241745108653 0.778010688430355 0.777791969099427 0.777781786187753 0.777786475552575 0.778508352257255
0.778267540515681 0.778267540515681 0.778003164499868 0.775624765616005 0.773269355742567 0.773096667308455 0.773182620910408 0.776829181250701
0.778267540515681 0.778267540515681 0.778236389703413 0.777956859472896 0.777687071510258 0.777671299215869 0.777690194986267 0.778321376694758
0.778267540515681 0.778267540515681 0.770491688886172 0.700527958070167 0.631030049962781 0.62504370820713 0.627107172284866 0.705932191355438
0.778267540515681 0.778267540515681 0.778113401803804 0.77674870863741 0.775753698258082 0.776108857665745 0.776205958905392 0.777682848765722
0.778267540515681 0.778267540515681 0.772393484386989 0.719553049629885 0.668371598842485 0.675852828136888 0.691825016040953 0.739405472343215
0.778267540515681 0.778267540515681 0.770790909352097 0.705821291507689 0.683418253903076 0.731376718229865 0.743002462135549 0.765004997424042
0.778267540515681 0.778267540515681 0.774017149411288 0.736890614356431 0.722803963033391 0.757641730337011 0.770482534532474 0.775186927881108
0.778267540515681 0.778267540515681 0.778081403741045 0.776424937911168 0.775169802818874 0.77643909550594 0.778006062043809 0.778641167896345
0.778267540515681 0.778267540515681 0.776802908748841 0.763638454267189 0.750982574939692 0.752782248858906 0.762667017374156 0.774758643770379
0.778267540515681 0.778267540515681 0.773490965863993 0.730683955425705 0.691116652308679 0.6916278177348 0.701945722572824 0.756033399990492
0.778267540515681 0.778267540515681 0.766160922480776 0.659048788160349 0.586109114046934 0.622233342070306 0.636257211879671 0.727767629677005
0.778267540515681 0.778267540515681 0.774018302727917 0.736935063578628 0.724073581143744 0.759801059214392 0.767889766713558 0.774736968457455
0.778267540515681 0.778267540515681 0.778167494908048 0.777310906388708 0.777146817747191 0.778147156987942 0.778614814815601 0.778747189842477
0.778267540515681 0.778267540515681 0.77545514946469 0.75015895166905 0.726657708263451 0.740649508943646 0.764347433529728 0.777026796201021
0.778267540515681 0.778267540515681 0.777302593824791 0.76871251364955 0.761751916333037 0.763290892957824 0.768398562530501 0.776515266676982
0.778267540515681 0.778267540515681 0.770765024963684 0.703488786040094 0.641738523895508 0.651657898517392 0.669524527340543 0.747797933573113
0.778267540515681 0.778267540515681 0.764041417550766 0.640901193997318 0.610333846037538 0.721903386162969 0.741943477221539 0.769271472550857
0.778267540515681 0.778267540515681 0.778260637339891 0.778213892813851 0.77835943821449 0.778706937247682 0.778781586653284 0.778796255113038
0.778267540515681 0.778267540515681 0.775245596279937 0.748052183082638 0.722406967959148 0.738412462672608 0.770306082852891 0.778129916059276
0.778267540515681 0.778267540515681 0.776085887944047 0.756712628154075 0.741914401073444 0.746171326402918 0.757551009576425 0.776356579995469
0.778267540515681 0.778267540515681 0.777463925801232 0.77036556122697 0.765696917453505 0.768851734703375 0.770718022293723 0.777466332662171
0.778267540515681 0.778267540515681 0.777863137648697 0.774232952951068 0.770882309569422 0.771961177779988 0.773895603233739 0.777531280665108
0.778267540515681 0.778267540515681 0.77760080202639 0.771609255142531 0.765794161472445 0.765765397551156 0.768104347614329 0.775302765233301

# True Numbers-at-age
189.417821155211 732.527204478584 587.884982062791 344.755067951874 185.142660463566 94.9282669555282 14.7940202991528 363.83094406515
25.2730408892159 147.417741800305 570.102145790375 454.933219099928 253.33642178958 131.561092984014 69.6077511156476 293.057554118836
83.5822492674662 19.6691873742023 114.730443339299 436.730942178457 300.203994364795 157.955269082396 93.3816044051023 278.721734924629
124.204623872307 65.0493515681595 15.3078900816625 87.793160959306 284.380736154569 183.899331175279 115.74853401969 287.990226962742
119.780046805868 96.6644271417758 50.6257988570913 11.8485010581948 64.6938031070886 206.25203509662 140.893437360053 314.130511603213
205.780284067229 93.2209224304559 75.2307859669871 39.4003850339232 9.22139403362194 50.3585147666679 160.596271241958 354.367997305358
44.4330799214829 160.15211556762 72.550818024554 58.5499721563984 30.6655801572819 7.17750877553368 39.2029938450258 401.029974376228
33.4951754454383 34.5808238280292 124.641193091195 56.4612313799025 45.5456341214315 23.8442572743635 5.58091149949927 342.764392961328
36.4711169307083 26.0682078130625 26.9131327096463 96.9927116477904 43.8899527931191 35.3673090028062 18.5136818088153 271.150811958486
116.263055318671 28.3842864735222 20.2880399803238 20.9421251656785 75.3604879082815 34.0504979932508 27.4346742974825 225.39115432668
441.59288854886 90.4837621157003 22.0905688230406 15.6907146374114 15.2792347218411 51.7207175036137 23.2352728242855 189.48040087779
281.819593366902 343.677411280137 70.420574998392 17.1921248879103 12.2099781943363 11.8900427990014 40.2547517335358 165.627532470867
43.2575200510455 219.331041798788 267.472973607788 54.8030174971431 13.3726785515269 9.49295012268476 9.24631861943312 160.254363757004
109.20409891534 33.6659237389349 170.698230459485 208.151957412759 42.6236063794455 10.394674310335 7.37874982723095 131.920793594254
64.3031042283418 84.9900054770727 26.2010956674894 131.448030643009 144.921934109734 26.5524806199995 6.39987490049827 100.212875346696
291.626439847878 50.0450187753151 66.1449625310556 20.139434035351 89.9665589268602 93.446267074358 18.492441210145 80.2263145722922
364.136074498711 226.963392089752 38.9484136773255 51.4773242726963 15.6707323164666 70.0128437225392 72.7563157279587 76.878112768112
707.368962563861 283.395287113147 176.638240948788 30.3126450232805 40.0678776415385 12.1989223795082 54.5094062188513 116.528094194063
127.128886831134 550.522302731705 220.557353095284 137.431013830331 23.5213485845228 31.0079531576783 9.4395578088399 132.929263638445
58.2821102201522 98.9402860825629 428.453638546033 171.2053670414 104.172938501115 17.4054185832953 22.8914879806995 108.830488604726
63.2428944993839 45.3590745771017 77.002013107394 330.964147421541 123.452187170387 71.3348098636475 12.1319734540188 97.8150180284428
86.405030751316 49.2198919571282 35.3014954111882 58.7775183647499 209.531143075264 72.1084440097785 48.904775959328 82.071600086571
54.630134693087 67.2462307710085 38.3062442579217 27.3212906382929 43.2659797795751 151.511730810151 55.1788282415211 101.71020797111
9.57628003892151 42.5168605656292 52.3355586311026 29.8074703997694 21.2285563652623 33.5998956782165 117.843067701145 122.170347207121
28.254449066415 7.45290791318085 33.0894925028604 40.7301437668685 23.1929378892184 16.5148808403259 26.1460603706369 186.886073709853
26.7874047086095 21.9895205835444 5.80035631128111 25.7526052643281 31.7005186049541 18.0520235220749 12.854487713055 165.886363168548
133.934731136476 20.8477675793677 17.113730101674 4.51043658555405 19.8740702085148 24.2784521781955 13.8144623556026 138.496902570063
53.1215355203968 104.237053791214 16.2251407992371 13.3186191796453 3.50916787304837 15.457892201501 18.8833379010309 118.565697399771
574.879313640872 41.3427667978756 81.124315484689 12.6232108862624 10.3302508795412 2.71353198038463 11.9504449445938 106.705562325338
290.288436137271 447.409909520624 32.175733433896 63.133894399965 9.82031349754074 8.03370255447667 2.11023594064952 92.3449640291794
162.919469138971 225.922067232697 348.204609884959 24.7911351946338 44.227058129025 6.1969129170033 5.02141523528319 66.5126269113523
132.975401368182 126.794934548908 175.827811613409 270.942673521352 19.2564822480872 34.3093039066664 4.80947900506953 55.6233816030772
190.492720684503 103.4904385719 98.6803818612251 135.80825606422 194.957627007163 12.870485828236 23.1880400767285 44.4555506373811
170.704805734605 148.254301213269 80.5432490942418 76.0619412700259 95.856358692655 133.237601034323 9.41317368707923 51.2374892699411
701.900297752577 132.854009313278 115.381510376122 62.3418560682484 56.0493306316121 69.2853559450013 100.946366593597 46.971317819922
320.115532644921 546.266218419122 103.395963075892 89.7762075592146 48.4037717270567 43.4477485738366 53.795859101744 115.110686916049
80.0408708287841 249.13552827243 425.141266275852 80.3182848702409 68.556564370489 36.3503891283781 32.7066938792691 130.211327086763
173.024625877426 62.2932116806511 193.894094843659 328.842928680349 58.6872820819962 47.3805832615168 25.140940306671 121.402436202731
198.193938969653 134.65945003027 48.480784645523 148.554078568993 216.723533641884 34.3971509069013 29.481778672054 104.348867815831
965.815395120903 154.247909427027 104.801078982253 37.5250146462454 109.474709335105 156.923785122206 26.1349916930209 103.481681660389
255.403868016242 751.662772152926 120.046141099457 81.5527930952799 29.1686031469225 85.0779219835758 122.109797256631 100.93516051047
241.865676416082 198.772540199192 584.994736980656 93.0903982889391 61.1775577740382 21.1955903159888 63.0129211390813 171.763634537428
356.93227931757 188.236205119505 154.69821598288 454.717926428916 71.5597540653282 46.6021218709487 16.1784010590593 181.796122502357
92.8652031072987 277.788807155141 146.498128394363 119.235974303882 319.888962054147 45.9226509442093 30.3686408048738 146.778601061059
141.367500678404 72.2739732218065 216.194011727416 111.930637686963 76.4184782987912 195.239060515463 33.1517172182047 135.444405534456
53.4833784683036 110.02173706183 56.2484873826315 168.255289356047 87.1059772795083 59.4810438378533 152.034010845111 131.30154274172
224.265351719069 41.624377418996 85.6263467063737 43.6063921407927 125.863736517992 62.925964937608 43.9215440626466 219.28238178658
379.887258743598 174.538443705284 32.3949018393784 66.4533993150209 32.9975076011765 93.3801186956116 46.9535507226785 203.514130023903
1752.05464820573 295.653922535624 135.837605307946 25.1858675599887 51.193410258756 25.2660898538694 71.795466245928 194.413332067267
1140.78846905701 1363.56726190814 230.097851135614 105.663065875524 19.4997286136046 39.4640943350048 19.504440481488 206.724642720473

