# Simulated data from SIR age-structured hybrid model
# random seed = 4641217
# Flag=0 if no issues, =1 if negative pop #'s, =2 if NaN, or=3 if NA. Flag:
0

# True SSB
52377.7436971097
55771.2428228979
50983.7389552214
48294.9845862838
44684.3165555212
41249.1440796609
43843.4684476559
48995.0265798837
54345.1929939656
53861.4492111558
51866.877550184
52792.4954768747
47477.0612583153
42612.014416233
40772.8920965789
41799.3277281983
40002.9393678849
34229.9592634205
32745.737514343
33657.4847258451
33116.890336859
31072.414195994
35482.1283817587
66942.889446382
155513.853517661
205491.346332693
166745.102269123
158786.3714519
153492.881533699
143590.224185194
113598.085490703
94866.6024099946
76672.3110064582
61946.3304007878
50268.2457674347
40662.609182385
33178.2948511922
29372.2863925723
26876.779534308
26884.783073115
39252.7416784979
50659.0369034525
56692.9752815862
54564.6724341467
43464.9210172236
36387.6691787954
30159.8388157654
25945.8376617034
28000.5419878088
33937.6516617305

# True R (numbers)
141.480129629138
64.3752959350083
124.080289506103
231.093114264176
322.080634948069
268.201986273669
159.938762037329
195.519764395035
195.391424537027
96.5157108162426
43.4774357632811
165.521912700212
260.907577434237
12.7192999035686
68.6398897595477
115.755865287713
139.570452885961
129.212607434996
33.906363788245
215.781294601614
950.314649252098
2969.47315142392
401.824663622398
242.56019796475
549.705059691778
570.093427486858
308.702665951938
120.946097554703
40.1710104885877
15.7470030783062
43.8524175753048
27.1837910286174
20.7806639771929
15.8240973631409
99.07037174615
29.5095504332085
102.229804734885
481.627471576589
381.95381947416
317.557561850599
71.9922079567708
21.8292470296686
40.4490158110412
8.3116698365036
44.7379859442608
195.219579527149
240.86816449976
16.2381141087782
14.7472448275359
16.5968700295432

# True infection rate given (selected) susceptible
-999 -999 0.625860224384549 0.625860224384549 0.62586022438455 0.62586022438455 0.62586022438455 0.62586022438455
-999 -999 0.496649476095232 0.496649476095232 0.496649476095231 0.496649476095232 0.496649476095232 0.496649476095231
-999 -999 0.0624549744069907 0.06245497440699 0.0624549744069898 0.0624549744069903 0.0624549744069905 0.0624549744069906
-999 -999 0.0234964041163387 0.0234964041163385 0.0234964041163386 0.0234964041163387 0.0234964041163384 0.0234964041163381
-999 -999 0.159915330295229 0.15991533029523 0.159915330295231 0.15991533029523 0.15991533029523 0.15991533029523
-999 -999 0.00710471611345394 0.00710471611345304 0.007104716113453 0.00710471611345352 0.00710471611345387 0.00710471611345294
-999 -999 0.514818936140957 0.514818936140957 0.514818936140958 0.514818936140957 0.514818936140957 0.514818936140957
-999 -999 0.353129221656266 0.353129221656267 0.353129221656267 0.353129221656267 0.353129221656267 0.353129221656266
-999 -999 0.435153179250146 0.435153179250146 0.435153179250146 0.435153179250146 0.435153179250146 0.435153179250147
-999 -999 0.385674474667228 0.385674474667228 0.385674474667228 0.385674474667228 0.385674474667228 0.385674474667228
-999 -999 0.0281757907578481 0.0281757907578475 0.0281757907578473 0.0281757907578472 0.0281757907578477 0.0281757907578486
-999 -999 0.440101385837584 0.440101385837583 0.440101385837584 0.440101385837584 0.440101385837583 0.440101385837584
-999 -999 0.00550483596816517 0.00550483596816557 0.00550483596816559 0.00550483596816596 0.00550483596816511 0.0055048359681656
-999 -999 0.0133703273653651 0.0133703273653644 0.013370327365365 0.0133703273653645 0.0133703273653653 0.0133703273653647
-999 -999 0.382302472924359 0.382302472924358 0.382302472924358 0.382302472924358 0.382302472924358 0.382302472924358
-999 -999 0.218583857480821 0.21858385748082 0.218583857480821 0.21858385748082 0.218583857480821 0.218583857480821
-999 -999 0.341748081316955 0.341748081316954 0.341748081316954 0.341748081316955 0.341748081316955 0.341748081316954
-999 -999 0.00835699965375957 0.00835699965376003 0.00835699965375993 0.00835699965375885 0.00835699965375918 0.00835699965375985
-999 -999 0.00441062170248682 0.00441062170248718 0.00441062170248679 0.00441062170248698 0.0044106217024877 0.00441062170248688
-999 -999 0.382891246342966 0.382891246342966 0.382891246342966 0.382891246342966 0.382891246342965 0.382891246342966
-999 -999 0.120036511836638 0.120036511836638 0.120036511836638 0.120036511836637 0.120036511836638 0.120036511836638
-999 -999 0.00498857547683351 0.0049885754768334 0.00498857547683315 0.00498857547683374 0.00498857547683298 0.00498857547683324
-999 -999 0.604987063047869 0.60498706304787 0.60498706304787 0.604987063047869 0.604987063047869 0.604987063047869
-999 -999 0.906323872313535 0.906323872313535 0.906323872313535 0.906323872313535 0.906323872313535 0.906323872313535
-999 -999 0.961165619852245 0.961165619852245 0.961165619852245 0.961165619852245 0.961165619852245 0.961165619852245
-999 -999 0.948689814412068 0.948689814412068 0.948689814412068 0.948689814412068 0.948689814412068 0.948689814412068
-999 -999 0.00548654526094393 0.00548654526094401 0.00548654526094491 0.00548654526094514 0.00548654526094431 0.00548654526094442
-999 -999 0.535726614834058 0.535726614834057 0.535726614834058 0.535726614834057 0.535726614834058 0.535726614834058
-999 -999 0.396232288545712 0.396232288545712 0.396232288545713 0.396232288545713 0.396232288545713 0.396232288545712
-999 -999 0.694140395616873 0.694140395616873 0.694140395616873 0.694140395616873 0.694140395616873 0.694140395616873
-999 -999 0.00395550464769245 0.00395550464769173 0.00395550464769173 0.00395550464769199 0.00395550464769216 0.00395550464769217
-999 -999 0.00317124042804366 0.00317124042804379 0.00317124042804392 0.00317124042804302 0.00317124042804358 0.00317124042804311
-999 -999 0.00594223918115577 0.00594223918115499 0.00594223918115647 0.0059422391811543 0.00594223918115519 0.00594223918115503
-999 -999 0.0360723324035272 0.0360723324035286 0.0360723324035288 0.036072332403528 0.0360723324035283 0.0360723324035282
-999 -999 0.0566226363922252 0.0566226363922259 0.0566226363922253 0.0566226363922243 0.0566226363922243 0.0566226363922251
-999 -999 0.0152972168472799 0.0152972168472784 0.0152972168472796 0.0152972168472787 0.0152972168472784 0.0152972168472795
-999 -999 0.00851838208375764 0.00851838208375713 0.0085183820837568 0.00851838208375739 0.00851838208375737 0.00851838208375742
-999 -999 0.0167814164148551 0.0167814164148551 0.0167814164148552 0.0167814164148539 0.0167814164148547 0.0167814164148545
-999 -999 0.00799890940940015 0.00799890940940069 0.00799890940940123 0.00799890940940101 0.00799890940940036 0.00799890940940165
-999 -999 0.0057883321996895 0.00578833219969041 0.00578833219969045 0.00578833219969039 0.00578833219968948 0.00578833219968991
-999 -999 0.827544474787244 0.827544474787244 0.827544474787244 0.827544474787245 0.827544474787244 0.827544474787244
-999 -999 0.709655898002583 0.709655898002583 0.709655898002583 0.709655898002583 0.709655898002583 0.709655898002583
-999 -999 0.519604535356069 0.51960453535607 0.519604535356069 0.51960453535607 0.519604535356069 0.519604535356069
-999 -999 0.502315925994318 0.502315925994318 0.502315925994318 0.502315925994318 0.502315925994318 0.502315925994318
-999 -999 0.00132573473345004 0.00132573473344904 0.00132573473344941 0.00132573473344906 0.00132573473344912 0.00132573473344893
-999 -999 0.00145198862234377 0.00145198862234389 0.00145198862234475 0.00145198862234419 0.00145198862234419 0.00145198862234513
-999 -999 0.00299426991138836 0.00299426991138787 0.0029942699113879 0.00299426991138784 0.00299426991138889 0.00299426991138814
-999 -999 0.00645012244473495 0.00645012244473548 0.00645012244473453 0.00645012244473575 0.00645012244473532 0.00645012244473476
-999 -999 0.133261049528712 0.133261049528713 0.133261049528712 0.133261049528713 0.133261049528712 0.133261049528712
-999 -999 0.492584007767135 0.492584007767135 0.492584007767135 0.492584007767136 0.492584007767134 0.492584007767135

# Duration of outbreak (days) based on incidence
0
0
0
0
0
0
0
0
0
0
0
0
0
0
0
0
0
0
0
0
0
0
0
2
2
0
0
0
0
0
0
0
0
0
0
0
0
0
0
0
0
0
0
0
0
0
0
0
0
0

# Duration of outbreak (days) based on prevalence
8
0
0
0
0
0
0
0
0
0
0
0
0
0
0
0
0
0
0
0
0
0
21
23
13
18
0
0
0
0
0
0
0
0
0
0
0
0
0
0
29
13
0
0
0
0
0
0
0
0

# Peak (point) prevalence
0.113988024516179
0.0477321944272169
0.00570142773050502
0.00158624786005321
0.0146991567616528
0.000205466122211367
0.0731057765043345
0.026354161490111
0.0403303141734166
0.0317348738380469
0.00186302454481646
0.0452170483201662
0.000136381627873902
0.00058758504020555
0.0458858757495856
0.0134284947254468
0.0242399710651899
0.000394826411365503
0.000135124788756593
0.0409716993302769
0.0178175599109402
0.000178278722962437
0.122448436527836
0.418648166981692
0.539692083298501
0.288710141215722
5.31388763890211e-05
0.0366513574789051
0.0191665171169311
0.0792980295686445
6.7510013038575e-05
3.99652020071662e-05
9.12444716125451e-05
0.00117150156527167
0.00185430933334759
0.000345978457450682
0.000208833631589852
0.000749597820173285
0.000248633714805653
0.000226163242439949
0.309414361309063
0.136735947997858
0.0509724028146655
0.0449931576468788
1.77175781129468e-05
2.07482462288567e-05
5.25025074227901e-05
0.000288909428832034
0.0155373874650373
0.0649448806903504

# Day of peak prevalence
40
64
119
119
115
67
66
73
59
83
119
76
69
119
94
93
71
119
68
84
119
87
74
20
9
12
51
64
57
46
82
44
49
114
109
77
68
119
77
84
35
37
57
82
37
33
39
105
119
59

# Total immunity
0.129221928524932
0.27293655567731
0.304867146533735
0.21215047740315
0.136514586210807
0.116288631214996
0.0962297502308552
0.151134309741345
0.165898909209201
0.222699928521726
0.279604411539032
0.212323369537058
0.212408472176989
0.208789607543224
0.183806581124916
0.21511743032597
0.201365212527093
0.218268206153943
0.202925748911176
0.126120531046056
0.0657666070325251
0.0191712137371371
0.0171195133969584
0.0333635612796038
0.0968168307734362
0.289616345816812
0.401956685736388
0.37580271605361
0.444852456640684
0.524625689140463
0.668403792330094
0.641546469069269
0.617290242288763
0.596006932985785
0.466336096231286
0.440266742453845
0.326169813682215
0.126016276895056
0.0782448077856748
0.0559036274863835
0.0519995203352954
0.200428561467758
0.349260742580905
0.498876270826733
0.562973419273326
0.327335600778812
0.196904324299621
0.190696055944364
0.184271049692846
0.202789702363054

# Observed immunity (based on survey selectivity)
0.298350146200016
0.492360179411085
0.572685547901294
0.491883026431986
0.426763606183942
0.422299381096675
0.305175249953454
0.405276194812269
0.400168155211169
0.479345771807945
0.513302893367128
0.405052413564317
0.524059097880806
0.464093789025078
0.375933981921374
0.403460062093205
0.421529397638821
0.546652137743165
0.443121165975518
0.333699335925179
0.427616703819174
0.395410525709555
0.259257234643803
0.196016131504266
0.218507488386859
0.543062029957914
0.829169400557246
0.685287619081599
0.649164609954155
0.637560281474012
0.773123947638052
0.732787528169886
0.713044532905216
0.689174877655547
0.667394917262664
0.657946650017675
0.629232780229887
0.545378591454028
0.465917851207936
0.353732404505107
0.180331658015207
0.395397001476596
0.507311766759646
0.601886655708606
0.732049791789706
0.689385692656213
0.651632774546551
0.581598894181652
0.401794446045989
0.2901044524369

# True total proportion of susceptible
1 1 1 0.998690238490854 0.985809891790239 0.964084705274813 0.949787320929063 0.269156607933869
1 1 1 0.972858007459686 0.714515519424603 0.42531467798074 0.382934707927338 0.12764937668263
1 1 1 0.983741353346983 0.796928126302395 0.418846688366082 0.223824139361126 0.0693567634768412
1 1 1 0.997958686564545 0.963222499176746 0.76143950945454 0.395282510649236 0.114357572312833
1 1 1 0.998977875383222 0.98773584823783 0.94430460477507 0.745025508507212 0.214877960246888
1 1 1 0.993136028007616 0.929378852708371 0.854716571330446 0.80902349505695 0.286520889072543
1 1 1 0.999723642730267 0.99038114120926 0.924373482504695 0.849752407282527 0.366132939993127
1 1 1 0.978458375396518 0.77327673621815 0.540464242655227 0.475863200022531 0.224455682118949
1 1 1 0.986418434680186 0.838362668326613 0.541165517153753 0.359917265311391 0.161094061121389
1 1 1 0.983111689240194 0.809931454726113 0.527253071042871 0.316508464480771 0.112049334935864
1 1 1 0.98529483961957 0.829864054128293 0.545135934271728 0.333054529506974 0.106969727974068
1 1 1 0.998780424833726 0.973208403798483 0.809828042160261 0.530453572540558 0.183254272879824
1 1 1 0.98341717128163 0.822534965166508 0.622456994755459 0.488172144756928 0.158815469046156
1 1 1 0.999773485909758 0.981173522044461 0.81881929517851 0.619349420097625 0.218297016577891
1 1 1 0.999511583813248 0.994881911871637 0.971962980967328 0.810159887206748 0.307251139525033
1 1 1 0.98620676557675 0.85299633777651 0.698862079973142 0.663002510253178 0.270436646310994
1 1 1 0.991497438360503 0.899576976587259 0.700734142393165 0.561551505949347 0.252470659725893
1 1 1 0.985070892964804 0.839148048387415 0.626031050384042 0.469836795317894 0.178908881665723
1 1 1 0.99971418931994 0.982224877794099 0.834184699865037 0.621729248918422 0.252606207521439
1 1 1 0.999804618593215 0.997760722293841 0.978566388665275 0.830828418874657 0.384263227743418
1 1 1 0.983989261563512 0.833394699540382 0.669127647774693 0.636605843716831 0.243620840955811
1 1 1 0.996409691275299 0.947305017548905 0.766309815003352 0.606407903051692 0.2637573849218
1 1 1 0.9997886716038 0.994300691913651 0.943451409827715 0.762891914376943 0.339543891727248
1 1 1 0.980578048476153 0.780635351526843 0.518267843608504 0.452461314194195 0.186700558763842
1 1 1 0.967599468159074 0.614812147492987 0.126861364683001 0.0503636546328151 0.0219702627900894
1 1 1 0.958298561282923 0.536049329522817 0.0552827277594076 0.00444603000273185 0.000824255139070249
1 1 1 0.970116225798414 0.608081482953863 0.0614035937716256 0.00255979951332447 9.71896699832768e-05
1 1 1 0.999765044710603 0.967811859776347 0.605127783468189 0.0610564098822766 0.00180695687898359
1 1 1 0.97964205890518 0.780970508508918 0.52990067007608 0.294993149851855 0.0201011950844775
1 1 1 0.984190488320232 0.816889057633946 0.51273440022395 0.328919879761181 0.0302188581089835
1 1 1 0.981175716534695 0.761780126472642 0.358450739654006 0.177986660761688 0.0163286599636627
1 1 1 0.999864682761972 0.979828060676742 0.759568120197568 0.357152133529647 0.0459794502064114
1 1 1 0.999867571043721 0.998540498699126 0.977349754544909 0.757436807276652 0.10611400627239
1 1 1 0.999774177882889 0.997608482526028 0.994249939043798 0.972894406814569 0.195325068271392
1 1 1 0.998886802772792 0.988567174812793 0.9761839258634 0.971704736113169 0.24617638417209
1 1 1 0.997595670874077 0.974745207345311 0.942839615308626 0.928492559035258 0.254007357189724
1 1 1 0.999469787465531 0.992287781208512 0.964757452596492 0.932507538528507 0.260715808246712
1 1 1 0.999684222318681 0.996310126084371 0.986305152756452 0.958566116948615 0.294097539887531
1 1 1 0.999444289561493 0.994113090482795 0.985712166190953 0.975194275500404 0.316406209138557
1 1 1 0.99964940273259 0.99593864266841 0.987479267859674 0.978777029873197 0.33934955214422
1 1 1 0.999767747910359 0.997326566513155 0.991535334217296 0.982871783517909 0.360863817830705
1 1 1 0.969316844771448 0.655576008211632 0.2541949037165 0.201320445087218 0.0886088752291486
1 1 1 0.973621957032502 0.685151532427505 0.233056540190792 0.0734693811068183 0.0270007851990964
1 1 1 0.978888544003514 0.755107415117965 0.362538479836706 0.110528369400389 0.0175896624490546
1 1 1 0.984547706682859 0.808437217282635 0.447640347693995 0.186000801925997 0.0348992429401571
1 1 1 0.999947877635596 0.984026836064263 0.80758182498673 0.447090300945742 0.092673661390405
1 1 1 0.999943404636126 0.999382003385224 0.982962782361621 0.806608979573547 0.197991117184992
1 1 1 0.999868024030188 0.998623808712869 0.996876171093588 0.980360728506533 0.251580865375627
1 1 1 0.999777495668997 0.997641455569816 0.994392837740608 0.992425998857652 0.277105533100815
1 1 1 0.995058211497785 0.949398951554292 0.900138340891473 0.891734596693737 0.292642399506823

# True vulnerable proportion of susceptible
0 0 0.05 0.499345119245427 0.936519397200727 0.964084705274813 0.949787320929063 0.269156607933869
0 0 0.05 0.486429003729843 0.678789743453373 0.42531467798074 0.382934707927338 0.12764937668263
0 0 0.05 0.491870676673492 0.757081719987275 0.418846688366082 0.223824139361126 0.0693567634768412
0 0 0.05 0.498979343282273 0.915061374217909 0.76143950945454 0.395282510649236 0.114357572312833
0 0 0.05 0.499488937691611 0.938349055825939 0.94430460477507 0.745025508507212 0.214877960246888
0 0 0.05 0.496568014003808 0.882909910072953 0.854716571330446 0.80902349505695 0.286520889072543
0 0 0.05 0.499861821365134 0.940862084148797 0.924373482504695 0.849752407282527 0.366132939993127
0 0 0.05 0.489229187698259 0.734612899407243 0.540464242655227 0.475863200022531 0.224455682118949
0 0 0.05 0.493209217340093 0.796444534910282 0.541165517153753 0.359917265311391 0.161094061121389
0 0 0.05 0.491555844620097 0.769434881989808 0.527253071042871 0.316508464480771 0.112049334935864
0 0 0.05 0.492647419809785 0.788370851421879 0.545135934271728 0.333054529506974 0.106969727974068
0 0 0.05 0.499390212416863 0.924547983608558 0.809828042160261 0.530453572540558 0.183254272879824
0 0 0.05 0.491708585640815 0.781408216908183 0.622456994755459 0.488172144756928 0.158815469046156
0 0 0.05 0.499886742954879 0.932114845942237 0.81881929517851 0.619349420097625 0.218297016577891
0 0 0.05 0.499755791906624 0.945137816278055 0.971962980967328 0.810159887206748 0.307251139525033
0 0 0.05 0.493103382788375 0.810346520887684 0.698862079973142 0.663002510253178 0.270436646310994
0 0 0.05 0.495748719180251 0.854598127757896 0.700734142393165 0.561551505949347 0.252470659725893
0 0 0.05 0.492535446482402 0.797190645968044 0.626031050384042 0.469836795317894 0.178908881665723
0 0 0.05 0.49985709465997 0.933113633904394 0.834184699865037 0.621729248918422 0.252606207521439
0 0 0.05 0.499902309296608 0.947872686179149 0.978566388665275 0.830828418874657 0.384263227743418
0 0 0.05 0.491994630781756 0.791724964563363 0.669127647774693 0.636605843716831 0.243620840955811
0 0 0.05 0.498204845637649 0.89993976667146 0.766309815003352 0.606407903051692 0.2637573849218
0 0 0.05 0.4998943358019 0.944585657317969 0.943451409827715 0.762891914376943 0.339543891727248
0 0 0.05 0.490289024238076 0.7416035839505 0.518267843608504 0.452461314194195 0.186700558763842
0 0 0.05 0.483799734079537 0.584071540118338 0.126861364683001 0.0503636546328151 0.0219702627900894
0 0 0.05 0.479149280641461 0.509246863046676 0.0552827277594076 0.00444603000273185 0.000824255139070249
0 0 0.05 0.485058112899207 0.57767740880617 0.0614035937716256 0.00255979951332447 9.71896699832768e-05
0 0 0.05 0.499882522355302 0.919421266787529 0.605127783468189 0.0610564098822766 0.00180695687898359
0 0 0.05 0.48982102945259 0.741921983083473 0.52990067007608 0.294993149851855 0.0201011950844775
0 0 0.05 0.492095244160116 0.776044604752249 0.51273440022395 0.328919879761181 0.0302188581089835
0 0 0.05 0.490587858267348 0.72369112014901 0.358450739654006 0.177986660761688 0.0163286599636627
0 0 0.05 0.499932341380986 0.930836657642905 0.759568120197568 0.357152133529647 0.0459794502064114
0 0 0.05 0.499933785521861 0.948613473764169 0.977349754544909 0.757436807276652 0.10611400627239
0 0 0.05 0.499887088941445 0.947728058399727 0.994249939043798 0.972894406814569 0.195325068271392
0 0 0.05 0.499443401386396 0.939138816072153 0.9761839258634 0.971704736113169 0.24617638417209
0 0 0.05 0.498797835437038 0.926007946978046 0.942839615308626 0.928492559035258 0.254007357189724
0 0 0.05 0.499734893732765 0.942673392148087 0.964757452596492 0.932507538528507 0.260715808246712
0 0 0.05 0.499842111159341 0.946494619780152 0.986305152756452 0.958566116948615 0.294097539887531
0 0 0.05 0.499722144780747 0.944407435958655 0.985712166190953 0.975194275500404 0.316406209138557
0 0 0.05 0.499824701366295 0.946141710534989 0.987479267859674 0.978777029873197 0.33934955214422
0 0 0.05 0.49988387395518 0.947460238187497 0.991535334217296 0.982871783517909 0.360863817830705
0 0 0.05 0.484658422385724 0.62279720780105 0.2541949037165 0.201320445087218 0.0886088752291486
0 0 0.05 0.486810978516251 0.650893955806129 0.233056540190792 0.0734693811068183 0.0270007851990964
0 0 0.05 0.489444272001757 0.717352044362067 0.362538479836706 0.110528369400389 0.0175896624490546
0 0 0.05 0.492273853341429 0.768015356418503 0.447640347693995 0.186000801925997 0.0348992429401571
0 0 0.05 0.499973938817798 0.93482549426105 0.80758182498673 0.447090300945742 0.092673661390405
0 0 0.05 0.499971702318063 0.949412903215963 0.982962782361621 0.806608979573547 0.197991117184992
0 0 0.05 0.499934012015094 0.948692618277225 0.996876171093588 0.980360728506533 0.251580865375627
0 0 0.05 0.499888747834499 0.947759382791325 0.994392837740608 0.992425998857652 0.277105533100815
0 0 0.05 0.497529105748892 0.901929003976577 0.900138340891473 0.891734596693737 0.292642399506823

# True survival by age
0.778267540515681 0.778267540515681 0.774313024854961 0.738774877053058 0.704205494829291 0.702036930773842 0.703175339353662 0.757369576888684
0.778267540515681 0.778267540515681 0.77067018342151 0.704370516935203 0.675279611532205 0.71394863746529 0.720410751591552 0.759336757041418
0.778267540515681 0.778267540515681 0.777295305590405 0.768711933306351 0.763654601291411 0.770433088617526 0.77432923760716 0.777415177738461
0.778267540515681 0.778267540515681 0.778121340175555 0.7768096100368 0.775611506161279 0.776168296816002 0.777434192865137 0.778405420427912
0.778267540515681 0.778267540515681 0.777010413225564 0.765709662062349 0.754681596168621 0.754555017893652 0.759671665793611 0.773283622041289
0.778267540515681 0.778267540515681 0.778220354289178 0.777802577262 0.777471974976798 0.777538394827891 0.777605881997594 0.778377601148857
0.778267540515681 0.778267540515681 0.774059849862397 0.736202409607304 0.699095537750479 0.700518314543575 0.706837753691444 0.747794062417375
0.778267540515681 0.778267540515681 0.774403037744725 0.740466476396793 0.72161016730152 0.7367400732705 0.74176753946079 0.761332901639713
0.778267540515681 0.778267540515681 0.77376179013392 0.733829230397917 0.70658212707505 0.729745075877735 0.746174912757413 0.764197888314594
0.778267540515681 0.778267540515681 0.773851813706501 0.734865019655714 0.710416608426118 0.731955518875761 0.750679709050093 0.768845448553132
0.778267540515681 0.778267540515681 0.77808153238104 0.776442653381098 0.775425396412717 0.776482099027406 0.777384167187548 0.778345797469001
0.778267540515681 0.778267540515681 0.773124460684178 0.72690011625444 0.683181345179839 0.695068742884111 0.723954621243051 0.759853236996886
0.778267540515681 0.778267540515681 0.778246595450956 0.77807040582261 0.778034839510817 0.778208114471823 0.778335972965926 0.77864956789923
0.778267540515681 0.778267540515681 0.778126904638595 0.776861621091856 0.775655803816831 0.776061046382728 0.776728464625388 0.778070369964544
0.778267540515681 0.778267540515681 0.773211410836219 0.727731199121141 0.682695482416779 0.679995073539232 0.696443302326303 0.747566911576495
0.778267540515681 0.778267540515681 0.775890780620023 0.754835128762761 0.739825946875586 0.745207572784252 0.746931286376577 0.765801315237596
0.778267540515681 0.778267540515681 0.775942246220385 0.755216841071179 0.738577247320421 0.745838859729914 0.752385889645224 0.76692478327576
0.778267540515681 0.778267540515681 0.7781747971087 0.777361913043561 0.776874630091048 0.777305751624368 0.777678760795442 0.778373528857605
0.778267540515681 0.778267540515681 0.778266931484243 0.778261604348402 0.778265653056521 0.778345799395967 0.778461677524579 0.778663005789278
0.778267540515681 0.778267540515681 0.774993663735823 0.745535273449294 0.716204367042984 0.714204854281359 0.723957152629965 0.753435268392523
0.778267540515681 0.778267540515681 0.776100177648285 0.756949460248471 0.744037275764191 0.7494391273877 0.750866200407526 0.768110578783314
0.778267540515681 0.778267540515681 0.778255346134175 0.778147949021965 0.778076155545855 0.778205260582458 0.778329525185009 0.77859580924584
0.778267540515681 0.778267540515681 0.768544187250831 0.681054668762993 0.594579778929041 0.594827467710926 0.630036624909557 0.712589619655081
0.778267540515681 0.778267540515681 0.767458579779335 0.67228760087774 0.618065234664389 0.666485685152434 0.68074677984705 0.73834044620565
0.778267540515681 0.778267540515681 0.772927184085206 0.726611557439013 0.716089934968018 0.765183437099802 0.773394729689877 0.776442486908915
0.778267540515681 0.778267540515681 0.763950233257766 0.641087228030384 0.632694062589561 0.76294130798062 0.777525308706459 0.778564321261784
0.778267540515681 0.778267540515681 0.778254459005478 0.778156569962758 0.778325390289005 0.778751975027359 0.778798748356496 0.77880070581798
0.778267540515681 0.778267540515681 0.772287138205055 0.718477693969134 0.668314523235138 0.706099951296062 0.771465387300582 0.778583692943211
0.778267540515681 0.778267540515681 0.774532807814464 0.741691383907412 0.722966730522029 0.738937470265212 0.756609068902519 0.77728861244645
0.778267540515681 0.778267540515681 0.764882834723561 0.646544969524406 0.570622608739158 0.641271389339491 0.690575472598435 0.770695258587021
0.778267540515681 0.778267540515681 0.778238568871252 0.777993315684896 0.777975239053688 0.778401943735402 0.778602741684561 0.778782614572421
0.778267540515681 0.778267540515681 0.77826864790354 0.778278685052695 0.778298912996428 0.778412571756032 0.778618244473666 0.778777283213561
0.778267540515681 0.778267540515681 0.778228872351163 0.777880980695105 0.777534695946538 0.777523772168452 0.77781111171098 0.778662133890454
0.778267540515681 0.778267540515681 0.777683749678677 0.772431070892439 0.767203316645279 0.766661926610786 0.766922657570065 0.776416047730922
0.778267540515681 0.778267540515681 0.77784362598868 0.774033707854571 0.770311345244543 0.770003869315965 0.770044233682642 0.776582356438047
0.778267540515681 0.778267540515681 0.778084206843463 0.776439893828994 0.77488563869742 0.774840935885568 0.774901192316765 0.777733973507804
0.778267540515681 0.778267540515681 0.77819376143704 0.777530423647082 0.776880661512302 0.776862755022439 0.776927539427962 0.778277050865104
0.778267540515681 0.778267540515681 0.778040213549702 0.775995157089815 0.773966233108886 0.773790568032924 0.773931476284258 0.777306831718713
0.778267540515681 0.778267540515681 0.778241449599642 0.77800707267369 0.777777870563994 0.777760796729363 0.777771893744336 0.778466955259057
0.778267540515681 0.778267540515681 0.778239156121841 0.777983983045577 0.777732593025447 0.77771363709394 0.777723217652571 0.778427182822186
0.778267540515681 0.778267540515681 0.768980139851548 0.685415227903168 0.602280109196549 0.594096335805282 0.595710192909583 0.711578617899267
0.778267540515681 0.778267540515681 0.770345095435329 0.701490307398174 0.679769668545306 0.738388332243305 0.746794427047634 0.764713554095619
0.778267540515681 0.778267540515681 0.773639931511366 0.73322618905911 0.718193776502349 0.757106616528256 0.771961854679826 0.776287403569477
0.778267540515681 0.778267540515681 0.769609208672896 0.693523379531603 0.654176686699784 0.715827892841767 0.759602018635014 0.775745460825112
0.778267540515681 0.778267540515681 0.778281031451352 0.778408605033822 0.778576914858876 0.778682863931044 0.778751786025487 0.778791589778732
0.778267540515681 0.778267540515681 0.778279405034274 0.778386207311413 0.778497883175611 0.778561777466661 0.778668465720459 0.778773356098927
0.778267540515681 0.778267540515681 0.778275535372488 0.778347514738088 0.778419678462011 0.778433798418986 0.778499639303482 0.778726863994682
0.778267540515681 0.778267540515681 0.778204550903631 0.777637797901544 0.777073118759857 0.777013349408626 0.777042962171869 0.778349689825597
0.778267540515681 0.778267540515681 0.776611221494669 0.761708154335897 0.746872960330745 0.745329895063058 0.745396098118313 0.769473515302675
0.778267540515681 0.778267540515681 0.774970898468796 0.745466668296401 0.718827781591804 0.718972112950092 0.719530676913596 0.75934998891207

# True Numbers-at-age
141.480129629138 93.7463267290662 129.997710754649 169.003151195104 94.0919940670198 8.18373689620609 16.7766802305001 135.841585917992
64.3752959350083 110.109392518309 72.9597231358098 100.658920638653 124.855282245743 66.2600992414404 5.74528553287317 114.679232264907
124.080289506103 50.101203237308 85.6945661029 56.2278832114571 70.9011759643874 84.3122264926488 47.3063075717413 91.2191217968793
231.093114264176 96.5676617403884 38.9921402203759 66.6099839463908 43.2230448092029 54.1440092621765 64.9569290649518 107.545786860904
322.080634948069 179.85226966849 75.1554765960423 30.3406164045921 51.7432756539534 33.5242908853423 42.0248634518134 134.213961155321
268.201986273669 250.664903608762 139.973183571058 58.396587926055 23.2321031339236 39.0496978615185 25.2959219088615 135.710556033884
159.938762037329 208.732900218629 195.084358025191 108.929980509653 45.4210165921925 18.0623091063962 30.3626393937592 125.304314723114
195.519764395035 124.475146963915 162.450040877857 151.006968883482 80.1945141296834 31.7536300196923 12.6529783319777 115.163282370451
195.391424537027 152.166686157929 96.8749664829341 125.801805137567 111.815598160512 57.869176757785 23.3941717073124 97.0631645336109
96.5157108162426 152.066803412287 118.426392584553 74.9581474849986 92.3170418467699 79.0069031884235 42.2297467840919 91.6316094024532
43.4774357632811 75.1150448780798 118.348657085762 91.6444786922746 55.0841205249194 65.5835597687143 57.8295388180495 102.151559861816
165.521912700212 33.8370769994172 58.4596012329882 92.0849044605279 71.1566822035572 42.7136259940815 50.9244601509006 124.465005196257
260.907577434237 128.820331898645 26.3342986945762 45.1965476750661 66.9365277576367 48.6129178663605 29.6889063237283 131.442135351762
12.7192999035686 203.055898591648 100.256682875172 20.4945783026425 35.1660961913196 52.0789506313242 37.830967151754 125.455305685175
68.6398897595477 9.8990182530317 158.031814784123 78.0124223149912 15.9214513237848 27.276786608378 40.4164449214599 126.997445139554
115.755865287713 53.4201981844307 7.70408458930681 122.19200246624 56.7720736376334 10.8695028922665 18.5480805156779 123.086850210473
139.570452885961 90.0890325777327 41.5752062548571 5.97752820595995 92.234815915384 42.0014531350526 8.10003586771734 108.114213419025
129.212607434996 108.623153096216 70.113369811709 32.2599589284696 4.51432996911894 68.12253644589 31.3263159132471 89.0098223879055
33.906363788245 100.561978192053 84.5378742032505 54.5604573278339 25.0776633873418 3.50706842486821 52.952039394631 93.6447000947632
215.781294601614 26.3882223533074 78.2641234369203 65.7930319503648 42.4623090539425 19.5170840732812 2.7297119766904 114.138797067516
950.314649252098 167.935577438888 20.5370969094894 60.6541997614516 49.0510260661733 30.4116911791625 13.9391961865548 87.9723897127082
2969.47315142392 739.599044789452 130.698808818444 15.9388445598348 45.9121637712337 36.4957918077139 22.7917112996957 78.0389944565131
401.824663622398 2311.04456618604 575.605929556034 101.717046696322 12.4027792040153 35.7231598799132 28.4012171738851 78.5002958756464
242.56019796475 312.727092675945 1798.61097054774 442.378591307401 69.2748695453137 7.37444171722915 21.2491167300013 73.8323029923962
549.705059691778 188.776728697023 243.385345269527 1380.3594210321 297.405641829727 42.8163885018692 4.91495984052416 68.978643324339
570.093427486858 427.817604815345 146.918800349628 188.119149566781 1002.98510874175 212.969186716971 32.7623913180607 57.3591534036516
308.702665951938 443.685209674351 332.956555088948 112.238651797049 120.600784135201 634.582723166649 162.482989873415 70.1313787614015
120.946097554703 240.253264581049 345.305796896441 259.124923653077 87.3392442996363 93.8666523811902 494.182548984268 181.159916422004
40.1710104885877 94.1284218788682 186.981317326356 266.675225690769 186.175477596191 58.3700854138286 66.2792386746828 522.292888290465
15.7470030783062 31.2637935329828 73.2570953882891 144.82316471763 197.790717196407 134.598676341095 43.1318432548589 456.119787491163
43.8524175753048 12.2553813562462 24.3315957001046 56.0330947842089 93.6346886187878 112.863855031003 86.3142801805107 381.315150606925
27.1837910286174 34.1289131719991 9.53796550620749 18.9357862160033 43.5933731992528 72.8454692619191 87.8534441336034 364.166145160813
20.7806639771929 21.1562621857343 26.561425314845 7.4230995182667 14.73731879663 33.928674974826 56.7038290689454 352.008615608964
15.8240973631409 16.1729162438127 16.4652321377963 20.6708680708114 5.77428793306666 11.4587766896049 26.3803513511041 318.200648104286
99.07037174615 12.3153813356923 12.5868557480382 12.8047434682513 15.9668207602132 4.43005285351356 8.78500781345525 267.287778752369
29.5095504332085 77.1032545568503 9.58466154264198 9.79060551485052 9.91130306485716 12.2994231790783 3.41115783847967 214.335817680214
102.229804734885 22.9663252373766 60.0069602897144 7.45767377426963 7.60181670647209 7.68012640573554 9.5300965669297 169.339557425696
481.627471576589 79.5621386984172 17.8739454571763 46.6970421402559 5.7985682491296 5.90570439161931 5.96640415848029 139.197285824328
381.95381947416 374.835027748697 61.9206300029846 13.9066483404772 36.2366785512576 4.48789602520363 4.56977835582564 112.816589206434
317.557561850599 297.262259672725 291.721935145106 48.1892008536458 10.8194707660771 28.1840866799091 3.49050958820091 91.3782318680466
71.9922079567708 247.144742633622 231.349567723625 227.029432629558 37.4904264199027 8.41465505406413 21.9191485600029 73.8459499524988
21.8292470296686 56.0291986228094 192.34473100085 177.903222942708 155.609430306515 22.5797381180042 4.9991157346849 65.6046592217507
40.4490158110412 16.9889943970894 43.6057066092384 148.171820159332 124.797386549206 105.778570861984 16.6726151714437 53.9020838895257
8.3116698365036 31.4801560515389 13.2219828852574 33.735115874676 108.643459021379 89.6287063433979 80.0856558865108 54.7141316796947
44.7379859442608 6.46870284123403 24.499983625281 10.1757597854096 23.3960915702955 71.0720180542095 64.158727999928 103.277465168613
195.219579527149 34.8181222884649 5.034381450574 19.0678725264249 7.92089897971991 18.2156567945564 55.3425625638107 130.395345306049
240.86816449976 151.9330620191 27.0978143988178 3.91815540006832 14.8421689773414 6.16640308855981 14.1820141316925 144.641928964272
16.2381141087782 187.459873973755 118.244570500621 21.0895660086642 3.0496865180008 11.5534364030209 4.80013657881018 123.677248630608
14.7472448275359 12.6375971300518 145.893935062933 92.0184628832287 16.4000436696769 2.36982941378277 8.97717431669085 99.9940604561453
16.5968700295432 11.4773019613089 9.83543163643343 113.302867117889 70.0912135276103 12.2487491651251 1.76630470829206 83.6343319163677

