# Simulated data from SIR age-structured hybrid model
# random seed = 280617
# Flag=0 if no issues, =1 if negative pop #'s, =2 if NaN, or=3 if NA. Flag:
0

# True SSB
50127.7752292601
41708.2045840563
35510.2356059137
31695.0061081514
33564.7049030518
34683.6530429387
34184.8672430721
35715.3839520518
30319.2625951591
25805.8576380737
22428.8514895561
19484.8981858123
16693.4416818728
15516.0897854292
16261.7055682891
18148.6096170753
23700.395090411
35906.2185440219
46289.145722169
45433.6855517461
41819.2233767237
39172.506254425
36318.5024841112
33575.8862496374
31090.8922534732
28829.8308928866
26577.2107131834
26695.1820306467
30644.6982723775
35813.1785017741
36915.7846889754
32644.9318867727
28141.512884897
23185.028192046
18671.053229241
16554.6748434406
25809.379275328
56615.5781563093
80788.9410577453
104155.075863459
135033.934855716
147360.447304509
132352.195558964
111525.741531865
96607.7561667895
80422.8576659855
64838.0493405292
52864.3152769264
43246.9462896719
35915.588676771

# True R (numbers)
64.2904315833199
225.193145249695
102.007095042622
179.455488989767
121.906785485069
25.9645992605342
19.0318846340225
49.732504605328
12.96590658747
28.3052832554982
46.4198117128856
84.6519269951958
81.7938095905354
194.603044823596
453.103193656183
344.66098836019
86.9939170121044
117.738683851064
75.0325829747278
95.1786594492705
71.7128543828271
92.7203729217695
75.5886823953778
49.4638224450771
131.939108260093
194.547335083871
298.284492773537
113.817133717235
46.3940858177355
19.4552430116731
8.943316768282
2.43520327310294
29.4702707484145
294.218402174949
1034.25263813958
471.427662362464
1035.12631142865
1082.71990854768
756.679218548871
93.0778930702153
189.844703463541
102.837048453286
35.1100339155244
14.6589548083764
55.0167271253493
19.6335694227859
57.3797266262683
51.5196247685703
31.012251383613
54.6777330445082

# True infection rate given (selected) susceptible
-999 -999 0.654820763140696 0.654820763140696 0.654820763140696 0.654820763140696 0.654820763140696 0.654820763140696
-999 -999 0.00195429097765156 0.00195429097765113 0.00195429097765151 0.00195429097765051 0.00195429097765151 0.00195429097765122
-999 -999 0.00139904600984705 0.00139904600984686 0.00139904600984635 0.00139904600984689 0.00139904600984651 0.00139904600984659
-999 -999 0.0023815626740971 0.00238156267409651 0.00238156267409642 0.00238156267409581 0.00238156267409629 0.00238156267409619
-999 -999 0.361234797930229 0.361234797930229 0.361234797930229 0.361234797930229 0.361234797930229 0.361234797930228
-999 -999 0.503885493340111 0.503885493340111 0.503885493340112 0.503885493340111 0.503885493340112 0.503885493340111
-999 -999 0.0361479423947462 0.0361479423947467 0.0361479423947463 0.0361479423947468 0.0361479423947458 0.0361479423947463
-999 -999 0.514945458346795 0.514945458346795 0.514945458346796 0.514945458346796 0.514945458346795 0.514945458346795
-999 -999 0.00379490705960453 0.00379490705960563 0.00379490705960531 0.00379490705960528 0.00379490705960567 0.00379490705960628
-999 -999 0.00287927180316613 0.0028792718031668 0.00287927180316619 0.00287927180316725 0.00287927180316718 0.00287927180316763
-999 -999 0.00537639133618631 0.00537639133618617 0.0053763913361865 0.00537639133618671 0.00537639133618684 0.00537639133618699
-999 -999 0.0379654150256243 0.0379654150256242 0.0379654150256246 0.0379654150256238 0.0379654150256239 0.0379654150256233
-999 -999 0.0134782714934375 0.0134782714934384 0.0134782714934382 0.0134782714934377 0.0134782714934387 0.0134782714934387
-999 -999 0.00714690446505685 0.00714690446505478 0.0071469044650563 0.00714690446505661 0.00714690446505626 0.00714690446505659
-999 -999 0.0561432878391749 0.0561432878391758 0.0561432878391755 0.056143287839176 0.0561432878391755 0.0561432878391752
-999 -999 0.103757926275335 0.103757926275335 0.103757926275336 0.103757926275335 0.103757926275336 0.103757926275336
-999 -999 0.553370816886803 0.553370816886803 0.553370816886802 0.553370816886803 0.553370816886803 0.553370816886803
-999 -999 0.814747150514057 0.814747150514057 0.814747150514058 0.814747150514058 0.814747150514058 0.814747150514057
-999 -999 0.775215704831893 0.775215704831892 0.775215704831893 0.775215704831893 0.775215704831893 0.775215704831893
-999 -999 0.358460778411902 0.358460778411901 0.358460778411903 0.358460778411902 0.358460778411902 0.358460778411901
-999 -999 0.00636977782710272 0.00636977782710315 0.0063697778271025 0.00636977782710278 0.00636977782710291 0.00636977782710234
-999 -999 0.0186954593811165 0.018695459381117 0.0186954593811176 0.0186954593811173 0.0186954593811178 0.0186954593811178
-999 -999 0.0572713004660084 0.0572713004660092 0.0572713004660075 0.0572713004660071 0.0572713004660079 0.0572713004660076
-999 -999 0.11829752527842 0.118297525278421 0.11829752527842 0.11829752527842 0.118297525278421 0.11829752527842
-999 -999 0.16409795841941 0.16409795841941 0.16409795841941 0.16409795841941 0.16409795841941 0.16409795841941
-999 -999 0.0942232939080693 0.0942232939080707 0.0942232939080689 0.0942232939080696 0.0942232939080699 0.0942232939080695
-999 -999 0.0852908283994073 0.0852908283994071 0.0852908283994073 0.0852908283994079 0.085290828399407 0.0852908283994078
-999 -999 0.178422819725887 0.178422819725887 0.178422819725887 0.178422819725887 0.178422819725887 0.178422819725887
-999 -999 0.572078415271279 0.572078415271278 0.572078415271278 0.572078415271278 0.572078415271278 0.572078415271278
-999 -999 0.658641004708676 0.658641004708675 0.658641004708675 0.658641004708675 0.658641004708676 0.658641004708675
-999 -999 0.492036781577958 0.492036781577959 0.492036781577959 0.492036781577959 0.492036781577958 0.492036781577959
-999 -999 0.00315038515079653 0.00315038515079577 0.00315038515079643 0.00315038515079574 0.00315038515079689 0.00315038515079713
-999 -999 0.00225566163715653 0.00225566163715607 0.00225566163715666 0.00225566163715683 0.00225566163715584 0.00225566163715609
-999 -999 0.00345770507623019 0.00345770507622932 0.00345770507622932 0.00345770507623035 0.00345770507622886 0.00345770507623024
-999 -999 0.00948358087478961 0.00948358087478982 0.00948358087478964 0.00948358087479038 0.00948358087478887 0.00948358087478918
-999 -999 0.0142492244228147 0.0142492244228164 0.0142492244228163 0.0142492244228162 0.0142492244228166 0.0142492244228165
-999 -999 0.728720681482057 0.728720681482057 0.728720681482057 0.728720681482057 0.728720681482057 0.728720681482057
-999 -999 0.93314864039848 0.93314864039848 0.93314864039848 0.93314864039848 0.93314864039848 0.93314864039848
-999 -999 0.879776656011275 0.879776656011275 0.879776656011275 0.879776656011275 0.879776656011275 0.879776656011275
-999 -999 0.886840292456572 0.886840292456572 0.886840292456571 0.886840292456572 0.886840292456572 0.886840292456572
-999 -999 0.904681025403385 0.904681025403385 0.904681025403384 0.904681025403385 0.904681025403385 0.904681025403385
-999 -999 0.853931185386977 0.853931185386977 0.853931185386977 0.853931185386978 0.853931185386977 0.853931185386978
-999 -999 0.58269426330083 0.58269426330083 0.58269426330083 0.58269426330083 0.58269426330083 0.58269426330083
-999 -999 0.00317368360932806 0.00317368360932877 0.00317368360932822 0.0031736836093281 0.00317368360932832 0.00317368360932882
-999 -999 0.0105849244251096 0.0105849244251082 0.0105849244251092 0.0105849244251089 0.0105849244251083 0.0105849244251088
-999 -999 0.0252312396052492 0.0252312396052481 0.0252312396052482 0.0252312396052482 0.0252312396052492 0.0252312396052489
-999 -999 0.0160140704270315 0.0160140704270315 0.0160140704270313 0.0160140704270312 0.0160140704270312 0.0160140704270307
-999 -999 0.0856637622943688 0.0856637622943688 0.0856637622943687 0.08566376229437 0.0856637622943682 0.0856637622943686
-999 -999 0.120056235217833 0.120056235217834 0.120056235217833 0.120056235217833 0.120056235217833 0.120056235217832
-999 -999 0.0202107798161214 0.0202107798161213 0.0202107798161214 0.0202107798161221 0.0202107798161215 0.0202107798161218

# Duration of outbreak (days) based on incidence
0
0
0
0
0
0
0
0
0
0
0
0
0
0
0
0
0
0
0
0
0
0
0
0
0
0
0
0
0
0
0
0
0
0
0
0
0
3
0
0
0
0
0
0
0
0
0
0
0
0

# Duration of outbreak (days) based on prevalence
0
0
0
0
0
0
0
0
0
0
0
0
0
0
0
0
20
28
22
0
0
0
0
0
0
0
0
0
11
17
0
0
0
0
0
0
29
26
22
20
20
16
0
0
0
0
0
0
0
0

# Peak (point) prevalence
0.0771764147018651
4.23697053180686e-05
3.69241509469186e-05
8.61399253888009e-05
0.0418580303176348
0.0634332021600365
0.00446493959413578
0.0731763290929843
0.000185098674772134
0.000138657139096662
0.000316771177024613
0.00435977332418011
0.00127923816872602
0.000676671214643955
0.011210726663285
0.0254148528447216
0.119570900914438
0.269869213814213
0.175500923531379
0.0273808907714317
0.000332143784405379
0.00190914360038042
0.00748185626404465
0.0178759743824052
0.0245182524363903
0.0147173099354337
0.0138295178743755
0.0320500128138944
0.106335239630677
0.122984976467942
0.0519989653360355
0.000127167391320122
9.68336367098944e-05
0.00015331211332892
0.000535695147531194
0.00116919211855968
0.2021506304545
0.472132440342468
0.270274340221899
0.251784081760664
0.264780023462041
0.165851072596187
0.0346539514655061
5.92008079619398e-05
0.000431405046129059
0.001156682609611
0.00064475789606529
0.00521536753188806
0.00789853240528967
0.00102094290456492

# Day of peak prevalence
54
72
69
75
100
83
119
85
119
106
119
119
119
119
119
119
84
37
39
98
119
119
119
119
119
119
119
119
75
60
83
114
101
94
119
119
51
18
23
23
20
26
63
94
119
119
119
119
119
119

# Total immunity
0.4225937465807
0.355852506759139
0.288927810698908
0.202703284924739
0.161010378571989
0.208547738505037
0.302624871294542
0.26578984929854
0.427024914776429
0.375423657392609
0.298806438029721
0.202551938226929
0.149773476881049
0.0808032220785591
0.0339977755185745
0.0243423044897537
0.0287924490345896
0.0831010577842593
0.216575593005374
0.337355446807835
0.342529912620133
0.275547684052184
0.231344298408024
0.213676811464644
0.170226693594831
0.130736068270374
0.0845754389424263
0.0782900753745331
0.0946432218696572
0.207228887267975
0.39092205566032
0.546013335773026
0.471832308722465
0.171120120765239
0.0442057454637552
0.0310092037501849
0.016928808785927
0.0310718319825748
0.0809916665429661
0.150262328692481
0.239894675262498
0.399751153099148
0.584718425444985
0.673393201223531
0.621342058370755
0.602011293395244
0.538140886393535
0.478275817292983
0.455795832467484
0.405142654285374

# Observed immunity (based on survey selectivity)
0.591602352037015
0.770349190970694
0.718259964150465
0.620942882436371
0.442114226125081
0.441419963257088
0.508562958799727
0.395511385654592
0.58447052445355
0.546293812982295
0.489980132242194
0.442411668671479
0.414853714970454
0.34650774800372
0.254201750645103
0.195469007136086
0.147424987198395
0.23759508854207
0.413634916218831
0.614491069141014
0.623782019306619
0.527125949271697
0.448979751373118
0.397497705396906
0.377035671595432
0.379768812728969
0.358341002001779
0.302866517923388
0.259962323247835
0.367674306192313
0.517491987315375
0.63210863763137
0.586388610984305
0.562875799425157
0.548356649867955
0.468123515968372
0.212515968714406
0.198210547252693
0.404933562494181
0.466414555835633
0.480714094109686
0.593878395627609
0.759891978822662
0.815371264323336
0.741440660242445
0.702123907807314
0.687481142177152
0.659276584768454
0.647071998467358
0.631585053821544

# True total proportion of susceptible
1 1 1 0.969867695592646 0.637721345347579 0.153549659835723 0.038332467477353 0.0110115005227796
1 1 1 0.976079591522196 0.711734157713728 0.259333106879861 0.0511182818585187 0.00390351627935743
1 1 1 0.999928803888538 0.975369518067631 0.710644774383124 0.258845995130815 0.031160064232352
1 1 1 0.999949050547083 0.999419361809492 0.974414678463229 0.709830455005932 0.141804976824878
1 1 1 0.999913211584302 0.999081148977681 0.997770811610989 0.972704563602092 0.207457601437254
1 1 1 0.986535873833341 0.857892440631871 0.713743118262589 0.695744564585859 0.157159602879337
1 1 1 0.981312245863174 0.786878486262888 0.489315388438838 0.378293455173363 0.0936882078572662
1 1 1 0.998655286136195 0.967939420053844 0.764752866129214 0.473181993655501 0.125206731242408
1 1 1 0.98087362418064 0.792285825348309 0.551812886062219 0.399634161014828 0.121602201629569
1 1 1 0.999860949592062 0.979491728654121 0.789998765082413 0.549981402521838 0.171188619147888
1 1 1 0.99989473068257 0.998808186015148 0.977514232169182 0.788184656760747 0.284382357408896
1 1 1 0.999803065368777 0.997924566075181 0.995065510322903 0.97362311815062 0.39484222334113
1 1 1 0.99859308615206 0.985662502667167 0.970947007015125 0.966699189785905 0.415472895103874
1 1 1 0.999503066783325 0.993619195571673 0.976268109545511 0.961143673998698 0.440355423942405
1 1 1 0.999737091125688 0.996872676101584 0.988634867461385 0.971074575044866 0.518289246099543
1 1 1 0.997908265708258 0.978657996372536 0.956572274966061 0.94638383014832 0.513539901876895
1 1 1 0.996120892085939 0.958583397870721 0.90369986484183 0.878652170496803 0.513542800497709
1 1 1 0.979441272735742 0.773334062023077 0.509037944432175 0.447884500711876 0.273336846994461
1 1 1 0.97051982215097 0.651526408728495 0.197821111171377 0.0974551926875267 0.0596207656573699
1 1 1 0.97192385941413 0.662109123686658 0.188025629691923 0.042811530271484 0.014665201720009
1 1 1 0.986653830360856 0.833727699542312 0.456092457941474 0.119191243460579 0.0170858949592728
1 1 1 0.999765862118182 0.984324516915517 0.829744236027077 0.453454650308096 0.0760731186190869
1 1 1 0.999306909151661 0.992819233453015 0.971212585669478 0.817347147494452 0.218600374888258
1 1 1 0.997870922726351 0.977853550958642 0.951885535213615 0.928649621023321 0.277778126704228
1 1 1 0.9955907013133 0.95307881495489 0.892338962006939 0.863211281095591 0.354883608465589
1 1 1 0.993881000542865 0.933093606151871 0.834751149494322 0.77281594280139 0.35607178923607
1 1 1 0.996489940057373 0.958431691327522 0.867440774252434 0.770482471456265 0.390910842854191
1 1 1 0.99682329800584 0.964400599321292 0.898158101877793 0.80787742409462 0.410844858147006
1 1 1 0.993336470308449 0.928567420571967 0.834004000509192 0.766874647151209 0.408325009284059
1 1 1 0.97885497298105 0.764060063543044 0.475430359671391 0.393208409965473 0.20607207443713
1 1 1 0.975849502263686 0.716314144052461 0.314682397885785 0.166579440000751 0.0759619037841772
1 1 1 0.981755317264231 0.782677378021084 0.407055708751426 0.159509476547687 0.0500912506624031
1 1 1 0.999884721729259 0.980608372058782 0.78079627469596 0.405877285925089 0.0889631562489937
1 1 1 0.999917578739114 0.999060513826574 0.979059210367489 0.779387553461788 0.225751613070586
1 1 1 0.99987373776489 0.99865475712863 0.996661908490475 0.976563587711327 0.333090127154187
1 1 1 0.999652056282844 0.996390872484735 0.992035045730775 0.989700998212804 0.393986712878733
1 1 1 0.999475114818086 0.994395026276981 0.986404013596252 0.981547184848887 0.419066999601944
1 1 1 0.973416934645672 0.703230779715724 0.361298643524665 0.315008471570312 0.119831475051274
1 1 1 0.966600463242862 0.597305915094641 0.0910274202599397 0.0232685043055386 0.00727574551440889
1 1 1 0.968429656990924 0.615689396147774 0.107999617185738 0.0101427439638506 0.00099211130839801
1 1 1 0.968162005406122 0.613646601707559 0.106937277685227 0.0112641399080051 0.00065202440958546
1 1 1 0.96758305375781 0.606109497425072 0.0956783685195472 0.00938003080420813 0.000715549109234246
1 1 1 0.969299654265639 0.627343307777752 0.12577065779771 0.013045815317077 0.000440343153368496
1 1 1 0.978612703137131 0.740978784376842 0.298431078385173 0.0506634342729663 0.00244924111281258
1 1 1 0.999884115815427 0.977460859948309 0.739158201805414 0.297530246697036 0.0208911586227192
1 1 1 0.999609968259659 0.995979302102285 0.970128865960912 0.732732165574243 0.0949622799960459
1 1 1 0.999070308215736 0.990284177451954 0.978238802938551 0.95173387990163 0.122192735196627
1 1 1 0.999412017869249 0.993181653513341 0.979130753655949 0.966579611096194 0.218481757924009
1 1 1 0.996829259795146 0.96732987521026 0.931705873299287 0.914887311934052 0.253481840773448
1 1 1 0.995548153854769 0.951624837907122 0.881540006408888 0.843366572234862 0.242573279356611

# True vulnerable proportion of susceptible
0 0 0.05 0.484933847796323 0.6058352780802 0.153549659835723 0.038332467477353 0.0110115005227796
0 0 0.05 0.488039795761098 0.676147449828042 0.259333106879861 0.0511182818585187 0.00390351627935743
0 0 0.05 0.499964401944269 0.926601042164249 0.710644774383124 0.258845995130815 0.031160064232352
0 0 0.05 0.499974525273542 0.949448393719017 0.974414678463229 0.709830455005932 0.141804976824878
0 0 0.05 0.499956605792151 0.949127091528797 0.997770811610989 0.972704563602092 0.207457601437254
0 0 0.05 0.493267936916671 0.814997818600278 0.713743118262589 0.695744564585859 0.157159602879337
0 0 0.05 0.490656122931587 0.747534561949743 0.489315388438838 0.378293455173363 0.0936882078572662
0 0 0.05 0.499327643068098 0.919542449051151 0.764752866129214 0.473181993655501 0.125206731242408
0 0 0.05 0.49043681209032 0.752671534080893 0.551812886062219 0.399634161014828 0.121602201629569
0 0 0.05 0.499930474796031 0.930517142221415 0.789998765082413 0.549981402521838 0.171188619147888
0 0 0.05 0.499947365341285 0.948867776714391 0.977514232169182 0.788184656760747 0.284382357408896
0 0 0.05 0.499901532684388 0.948028337771422 0.995065510322903 0.97362311815062 0.39484222334113
0 0 0.05 0.49929654307603 0.936379377533809 0.970947007015125 0.966699189785905 0.415472895103874
0 0 0.05 0.499751533391663 0.943938235793089 0.976268109545511 0.961143673998698 0.440355423942405
0 0 0.05 0.499868545562844 0.947029042296505 0.988634867461385 0.971074575044866 0.518289246099543
0 0 0.05 0.498954132854129 0.929725096553909 0.956572274966061 0.94638383014832 0.513539901876895
0 0 0.05 0.498060446042969 0.910654227977185 0.90369986484183 0.878652170496803 0.513542800497709
0 0 0.05 0.489720636367871 0.734667358921923 0.509037944432175 0.447884500711876 0.273336846994461
0 0 0.05 0.485259911075485 0.61895008829207 0.197821111171377 0.0974551926875267 0.0596207656573699
0 0 0.05 0.485961929707065 0.629003667502325 0.188025629691923 0.042811530271484 0.014665201720009
0 0 0.05 0.493326915180428 0.792041314565196 0.456092457941474 0.119191243460579 0.0170858949592728
0 0 0.05 0.499882931059091 0.935108291069741 0.829744236027077 0.453454650308096 0.0760731186190869
0 0 0.05 0.499653454575831 0.943178271780364 0.971212585669478 0.817347147494452 0.218600374888258
0 0 0.05 0.498935461363176 0.92896087341071 0.951885535213615 0.928649621023321 0.277778126704228
0 0 0.05 0.49779535065665 0.905424874207145 0.892338962006939 0.863211281095591 0.354883608465589
0 0 0.05 0.496940500271433 0.886438925844278 0.834751149494322 0.77281594280139 0.35607178923607
0 0 0.05 0.498244970028687 0.910510106761146 0.867440774252434 0.770482471456265 0.390910842854191
0 0 0.05 0.49841164900292 0.916180569355227 0.898158101877793 0.80787742409462 0.410844858147006
0 0 0.05 0.496668235154224 0.882139049543369 0.834004000509192 0.766874647151209 0.408325009284059
0 0 0.05 0.489427486490525 0.725857060365892 0.475430359671391 0.393208409965473 0.20607207443713
0 0 0.05 0.487924751131843 0.680498436849838 0.314682397885785 0.166579440000751 0.0759619037841772
0 0 0.05 0.490877658632116 0.74354350912003 0.407055708751426 0.159509476547687 0.0500912506624031
0 0 0.05 0.49994236086463 0.931577953455843 0.78079627469596 0.405877285925089 0.0889631562489937
0 0 0.05 0.499958789369557 0.949107488135245 0.979059210367489 0.779387553461788 0.225751613070586
0 0 0.05 0.499936868882445 0.948722019272199 0.996661908490475 0.976563587711327 0.333090127154187
0 0 0.05 0.499826028141422 0.946571328860499 0.992035045730775 0.989700998212804 0.393986712878733
0 0 0.05 0.499737557409043 0.944675274963132 0.986404013596252 0.981547184848887 0.419066999601944
0 0 0.05 0.486708467322836 0.668069240729938 0.361298643524665 0.315008471570312 0.119831475051274
0 0 0.05 0.483300231621431 0.567440619339909 0.0910274202599397 0.0232685043055386 0.00727574551440889
0 0 0.05 0.484214828495462 0.584904926340385 0.107999617185738 0.0101427439638506 0.00099211130839801
0 0 0.05 0.484081002703061 0.582964271622181 0.106937277685227 0.0112641399080051 0.00065202440958546
0 0 0.05 0.483791526878905 0.575804022553819 0.0956783685195472 0.00938003080420813 0.000715549109234246
0 0 0.05 0.48464982713282 0.595976142388864 0.12577065779771 0.013045815317077 0.000440343153368496
0 0 0.05 0.489306351568565 0.703929845158 0.298431078385173 0.0506634342729663 0.00244924111281258
0 0 0.05 0.499942057907714 0.928587816950893 0.739158201805414 0.297530246697036 0.0208911586227192
0 0 0.05 0.499804984129829 0.946180336997171 0.970128865960912 0.732732165574243 0.0949622799960459
0 0 0.05 0.499535154107868 0.940769968579356 0.978238802938551 0.95173387990163 0.122192735196627
0 0 0.05 0.499706008934624 0.943522570837673 0.979130753655949 0.966579611096194 0.218481757924009
0 0 0.05 0.498414629897573 0.918963381449747 0.931705873299287 0.914887311934052 0.253481840773448
0 0 0.05 0.497774076927385 0.904043596011766 0.881540006408888 0.843366572234862 0.242573279356611

# True survival by age
0.778267540515681 0.778267540515681 0.770337784341672 0.701375464871721 0.682378202175598 0.754366676596374 0.772701000155607 0.777048540985607
0.778267540515681 0.778267540515681 0.778270277500858 0.778307011049168 0.778458268241102 0.778676691440094 0.778776322827733 0.778798915227727
0.778267540515681 0.778267540515681 0.778277081152445 0.77836297805556 0.778457481816193 0.778557437108919 0.778712146483769 0.778790112936201
0.778267540515681 0.778267540515681 0.778265037971398 0.778242543516308 0.778220329403695 0.778232413380285 0.778386743622516 0.778718069158466
0.778267540515681 0.778267540515681 0.773795655505621 0.733552617772509 0.693380286221157 0.689030402495422 0.691285636460161 0.760135627088001
0.778267540515681 0.778267540515681 0.772064340710476 0.717077928756826 0.677231432122158 0.689870361423439 0.69211293151143 0.759219130523763
0.778267540515681 0.778267540515681 0.777842565758141 0.774107176283898 0.77202751959201 0.774380925511876 0.775383757514733 0.777954522063633
0.778267540515681 0.778267540515681 0.771919316830465 0.714871386166176 0.661535413488704 0.681296539136603 0.71847115950495 0.762837210777609
0.778267540515681 0.778267540515681 0.77824747672955 0.778080939127039 0.778076273739306 0.778285103843158 0.778427317643287 0.778687143591292
0.778267540515681 0.778267540515681 0.778258827869092 0.778180500312353 0.778116331058598 0.77824186250997 0.778411673710904 0.778679667895841
0.778267540515681 0.778267540515681 0.778228027212612 0.777872505214458 0.777518318040948 0.777507034561793 0.777757613886317 0.778424400570821
0.778267540515681 0.778267540515681 0.77782168789492 0.773809997360213 0.769815028846353 0.769397120483444 0.769599757414355 0.775069407593847
0.778267540515681 0.778267540515681 0.778127241095356 0.776867270430741 0.775647716201959 0.775558566762904 0.775572751205717 0.777413423116108
0.778267540515681 0.778267540515681 0.778205860576018 0.777651312613097 0.777106501963554 0.777075872207764 0.777102594685869 0.77802274490013
0.778267540515681 0.778267540515681 0.777591897161114 0.771513023490552 0.765472130557684 0.764914309322138 0.765160963114855 0.771520835491798
0.778267540515681 0.778267540515681 0.776992785079787 0.765547766055069 0.754575478565856 0.753902783879998 0.754167972300644 0.765434186112339
0.778267540515681 0.778267540515681 0.77144610988166 0.710319913336469 0.654050332655971 0.655028373006022 0.658458951692905 0.708465008372075
0.778267540515681 0.778267540515681 0.768511735032271 0.682726117911618 0.635042971466689 0.679207838985853 0.691172470635991 0.725322606018007
0.778267540515681 0.778267540515681 0.768972059137792 0.688068771264303 0.663384581072867 0.74191844733557 0.760630957239276 0.767684916403876
0.778267540515681 0.778267540515681 0.773834840570096 0.735200043521269 0.722684027855921 0.762031295834006 0.774982540783488 0.777492834184431
0.778267540515681 0.778267540515681 0.778215527164999 0.777761465544489 0.777532269529147 0.778083117224321 0.778613234509232 0.778773898252181
0.778267540515681 0.778267540515681 0.77806135501151 0.776206293084628 0.774419783861374 0.774936703461628 0.776689066240921 0.778446514160881
0.778267540515681 0.778267540515681 0.777579370668945 0.771390981276084 0.76529003267127 0.764915706865506 0.767115465565132 0.775675532319148
0.778267540515681 0.778267540515681 0.776815247247498 0.763776663594383 0.751296877487584 0.750644858098431 0.751332155711872 0.770584353883976
0.778267540515681 0.778267540515681 0.776243295052493 0.75811669213813 0.741636517010893 0.742198688053372 0.743393451691143 0.764244113341118
0.778267540515681 0.778267540515681 0.777116411105948 0.766829946931594 0.757895099502706 0.759137526275231 0.76059646152158 0.770413216269173
0.778267540515681 0.778267540515681 0.777228115284183 0.767911644362729 0.759361562936821 0.760305430184255 0.762372750604027 0.77046588090793
0.778267540515681 0.778267540515681 0.776061308242512 0.756276997161302 0.73786038082785 0.738690939134302 0.74272268353303 0.760453319403052
0.778267540515681 0.778267540515681 0.771252580924361 0.708588941795306 0.654542235677462 0.661345969395272 0.670799959647174 0.721295377994829
0.778267540515681 0.778267540515681 0.770262041767368 0.699916593334135 0.662176397966133 0.70242612038616 0.715634518937848 0.745696701992393
0.778267540515681 0.778267540515681 0.772210891160278 0.719176636000261 0.695988005508545 0.740514562179081 0.758533690667007 0.769558784639897
0.778267540515681 0.778267540515681 0.778255464620892 0.778158713617741 0.778203847122309 0.778485412406709 0.778677201437334 0.778761974351422
0.778267540515681 0.778267540515681 0.778266505472612 0.778257252749455 0.778258596490855 0.778368266114945 0.778575950020717 0.778751502516633
0.778267540515681 0.778267540515681 0.778251773779064 0.778109930095177 0.777968754933955 0.777969975661815 0.778139412494936 0.778609215379805
0.778267540515681 0.778267540515681 0.778177291645402 0.777365233091536 0.77655583604748 0.776470368302316 0.776517362597151 0.778021945087182
0.778267540515681 0.778267540515681 0.778117851813706 0.776771359866765 0.77543564438519 0.775301859002074 0.775310091226404 0.777411185396784
0.778267540515681 0.778267540515681 0.769462180407819 0.690260437358605 0.611906409705331 0.604561939443127 0.605419851832956 0.704776601897195
0.778267540515681 0.778267540515681 0.767229655579093 0.670837074537936 0.630944362316146 0.698848666159937 0.709092261884075 0.752283163161437
0.778267540515681 0.778267540515681 0.767827478773 0.677371665402425 0.659999972114413 0.759745605621366 0.773929882882504 0.777277718686379
0.778267540515681 0.778267540515681 0.767739945810352 0.67633202587186 0.655319631171033 0.756003669118274 0.776659800575661 0.778591363120283
0.778267540515681 0.778267540515681 0.767550673314106 0.674527881473805 0.653522546944438 0.755823107487135 0.776380450721967 0.778660682204044
0.778267540515681 0.778267540515681 0.768112141229634 0.680022904077714 0.661527184503031 0.759316722586574 0.776890622077159 0.778655067771904
0.778267540515681 0.778267540515681 0.771172639547652 0.709513060692909 0.693898422731511 0.76088710956923 0.776942651133062 0.77873806444039
0.778267540515681 0.778267540515681 0.778255261020256 0.778158776430413 0.778232783584428 0.778568355259225 0.77876132474404 0.778798875522909
0.778267540515681 0.778267540515681 0.778163152219903 0.777223840321811 0.776340885350501 0.776863443162861 0.778020953774349 0.778746027167676
0.778267540515681 0.778267540515681 0.777981899538623 0.775412452817104 0.772864327004258 0.772741297932647 0.774224092464852 0.778207642773686
0.778267540515681 0.778267540515681 0.77809665789285 0.7765607987203 0.775057496611501 0.774935864263997 0.775040582432225 0.778318012403369
0.778267540515681 0.778267540515681 0.777230113299279 0.767899681775414 0.758694456462669 0.757963131040773 0.758230241781878 0.774151100861275
0.778267540515681 0.778267540515681 0.776801003470578 0.76365036091797 0.751331084776738 0.750976334283675 0.751478603522071 0.771230805571696
0.778267540515681 0.778267540515681 0.77804458822977 0.776050317063133 0.774262164484869 0.774399881234396 0.7745904540222 0.777589787333297

# True Numbers-at-age
64.2904315833199 27.1757034051838 18.129061906279 41.9890832737459 159.356012878259 87.9102593448453 2.42061768184218 59.7439839055177
225.193145249695 50.035156067042 21.149967850936 13.965501381076 29.4501128006609 108.741069573737 66.3165701806963 48.2943892302039
102.007095042622 175.260515294471 38.940737851615 16.4603913484822 10.8694476377083 22.9256838103076 84.674136279335 89.2573926119384
179.455488989767 79.3888109739705 136.399570187738 30.3066837930775 12.8121592299646 8.46140283678334 17.8489616313225 135.449553286382
121.906785485069 139.664382048105 61.7857346611763 106.155016671443 23.5859506806691 9.97068277631562 6.58493795025269 119.370409724797
25.9645992605342 94.8760941116376 108.696255114221 47.8095330530412 77.8702903690211 16.3540332337604 6.87010356651892 95.2897742739012
19.0318846340225 20.2074048069712 73.8389844179984 83.9205025424587 34.2831609365058 52.7362082663805 11.2821628177052 77.1007070912475
49.732504605328 14.8118980454989 15.7267672393262 57.4351050926713 64.9634632554684 26.4675437015843 40.8379137653068 68.728849534425
12.96590658747 38.7051940428734 11.5276194622394 12.1397954233324 41.058713192198 42.9756315263645 18.0322459233362 81.7697871335178
28.3052832554982 10.0909442303863 30.1229961729292 8.9713407591863 9.44574342379661 31.9468105651163 33.4472938452219 77.7098748002536
46.4198117128856 22.0290831828563 7.85345434766366 23.443487693449 6.98132244045621 7.3498872170455 24.8623453554493 86.5468634848484
84.6519269951958 36.1270326929885 17.1445203885369 6.1117782837866 18.2360445030675 5.42810608160503 5.71458901448867 86.7070687287495
81.7938095905354 65.8818470224639 28.1164968801017 13.3353797867606 4.72935513764312 14.0383811251723 4.17636918886558 71.6019427130641
194.603044823596 63.6574670194339 51.2737030468033 21.8782121465797 10.359820095098 3.66831351162089 10.88758674511 58.9033895281859
453.103193656183 151.453233071723 49.5425402926729 39.9014962044568 17.0136203934155 8.05068355507335 2.85055792157433 54.2889487141333
344.66098836019 352.635508126598 117.871135205878 38.5238778963605 30.7845239784972 13.0234522510475 6.15808305110003 44.066190714586
86.9939170121044 268.238459722789 274.444769608184 91.5850216241311 29.491868663337 23.2292469134966 9.8184169077929 38.3739978325973
117.738683851064 67.7045418328358 208.761286320169 211.719349891602 65.0546646229714 19.2891665099018 15.2158158119028 33.6516592001302
75.0325829747278 91.6321959043212 52.6922472539821 160.435498357482 144.546329838265 41.3125075299407 13.1013531010287 34.9250621553234
95.1786594492705 58.3954238102801 71.3143637385071 40.5188658714923 110.390656222009 95.889806465378 30.6505114421526 36.7767381714748
71.7128543828271 74.0744611991633 45.4472628661975 55.1855392939455 29.7894719521536 79.7775640761795 73.071033478084 52.3472616267515
92.7203729217695 55.811786803882 57.649748732497 35.3677656296242 42.921185918122 23.1622757350329 62.0735757409567 97.6607547251955
75.5886823953778 72.1612565895223 43.4365020476428 44.8550416148797 27.4526822540565 33.2390155217859 17.9492976027756 124.235541666628
49.4638224450771 58.8282179386716 56.1607636864485 33.7753279262664 34.6007745664816 21.0092640991209 25.4250450533604 110.13565370234
131.939108260093 38.4960874388345 45.7840924880504 43.6265375286968 25.7968072753299 25.9954538904495 15.7704960684371 103.971465456819
194.547335083871 102.683925283414 29.9602552904983 35.5395948139123 33.0740063206956 19.1318542976769 19.2937917728435 91.1832639380207
298.284492773537 151.409875989605 79.9155659808189 23.28260606717 27.2528256051228 25.0666273113767 14.5237085445966 84.9235813921703
113.817133717235 232.145138564828 117.837391796214 62.1126247291407 17.8789843100902 20.6947482459506 19.0582928612447 76.5032015792901
46.3940858177355 88.5801807266565 180.671026033521 91.4490404372551 46.9743493159614 13.1921941718583 15.2870230169492 72.332140003394
19.4552430116731 36.1070110638424 68.9390793925694 139.342995126605 64.7997787916308 30.7466956207634 8.72460444303828 62.4273726878179
8.943316768282 15.1413841288297 28.1009146960291 53.1011560504832 97.5284744539885 42.9088841092443 21.597282119587 52.7955140308725
2.43520327310294 6.96029314530348 11.7840477859475 21.6998323798396 38.1891107761114 67.8786484155225 31.7746535297499 57.0115177265837
29.4702707484145 1.89523966201356 5.41697022746349 9.17099958476736 16.8859136504166 29.7189129241499 52.8425376053681 69.140600392712
294.218402174949 22.9357551336997 1.47500351044306 4.21584648917719 7.13739694180744 13.141607458039 23.1322587235916 94.9852753583315
1034.25263813958 228.980632235151 17.8501537377744 1.14792409833266 3.28039201698566 5.55267181228736 10.2237760342877 91.9565329322417
471.427662362464 804.925256956742 178.208193475376 13.8905842911153 0.892356284271758 2.54740756531378 4.31148512714865 79.4831402173452
1035.12631142865 366.896847317892 626.447200030676 138.666976682661 10.7898080491536 0.691964870315444 1.97500982102372 65.1338201826761
1082.71990854768 805.605208518642 285.543906985053 482.027428445978 95.7163279721692 6.60235270476725 0.418335624024417 47.1005026101422
756.679218548871 842.645760292768 626.976384260425 219.07775340885 323.361869945744 60.3916775156434 4.61404538124405 35.7295536439174
93.0778930702153 588.898874379357 655.803843389018 481.409696376894 148.397062679175 213.418825147055 45.8823116086127 31.3427335475475
189.844703463541 72.439502916138 458.320878575675 503.486807185705 325.592795224942 97.2475083817815 161.345414870085 60.0381286205963
102.837048453286 147.749970444499 56.3773137707212 351.784498944672 339.615889400984 212.782232802163 73.5019139804993 172.014756108727
35.1100339155244 80.0347367736311 114.989006109104 43.3040991972036 239.221516581879 224.665143127926 161.569107635992 191.043109251781
14.6589548083764 27.3249997428573 62.2884377446338 88.6763753601192 30.7248239619573 165.995433039606 170.944811375565 274.302471951316
55.0167271253493 11.4085887052456 21.2661603444652 48.4763043754939 69.0042997485144 23.9110652770555 129.238791282189 346.751664473794
19.6335694227859 42.817732907068 8.87893427238647 16.5485423692629 37.6769394513304 53.570859159753 18.5756325008253 370.581968780759
57.3797266262683 15.2801697862155 33.3236516800411 6.90765015110981 12.8319458290979 29.1191624526326 41.3964152384746 302.771422594218
51.5196247685703 44.6567787168879 11.8920601581799 25.9290220010254 5.36421031862624 9.94549581095503 22.5654833218746 267.736353623106
31.012251383613 40.096051656926 34.7549213393454 9.24286726410403 19.9108877433352 4.06979663204158 7.53831914462437 224.378224772981
54.6777330445082 24.1358286101785 31.2054555074254 26.9976577719445 7.05831892214993 14.9596688870679 3.05632095601063 178.712284588119

