# Simulated data from SIR age-structured hybrid model
# random seed = 8312593
# Flag=0 if no issues, =1 if negative pop #'s, =2 if NaN, or=3 if NA. Flag:
0

# True SSB
127310.850668606
125437.15918759
109588.724190297
103662.108691457
95160.6082631585
74448.2365079186
50332.6914266335
37090.5611505676
32815.4143837729
30412.9130204666
34052.2539017364
40418.1132950934
38509.4357001818
35570.1804290875
27602.1066047263
27907.195028486
26481.7333113402
26796.2288669685
22289.1281137984
19400.6629911049
18107.5526579366
19392.5730054811
23813.5264910689
32179.3621367544
32190.0870653875
35603.8610578647
40082.2571386944
41288.0183145611
32964.9150003864
28607.0580866623
28662.3037871075
34858.2647062003
66061.5371349979
90453.8321881591
88820.0587994161
95768.2559045717
91359.0871389464
75649.419118259
66241.439152942
64726.9475990846
57754.1396283995
50217.5070920606
41550.374777882
40053.3136097316
36464.4431245472
32928.3183681952
23742.3213319899
22261.6918062617
23635.0138675447
25103.5501812731

# True R (numbers)
238.586245907117
125.530753349845
68.9257168490834
18.7831729045936
48.3470279786648
39.0766261596262
97.5207196763841
127.341157320187
322.699213320743
70.7838002091168
26.0001214715716
30.9516944117357
114.320422917746
115.584358918421
31.1249795846305
14.8074579670312
46.8745575810751
144.564235445587
29.511243582149
221.93700959621
233.930060604909
108.042121865132
274.429291163618
293.667505395182
101.918103957627
62.3246652551437
18.3960689385545
164.5841565297
161.485703119403
1382.19490507282
440.136805491537
328.222762729818
323.610758946938
335.436337821581
210.64361279803
337.314668528778
61.9681994714253
129.981464828141
91.2123175170581
212.335056447664
196.469908012306
125.340583327202
70.2389917268478
39.7276889381461
128.405140800113
152.339465331811
127.374400917526
47.7601259373096
102.014783205409
17.1939594884748

# True infection rate given (selected) susceptible
-999 -999 0.006996404819254 0.00699640481925302 0.00699640481925329 0.00699640481925267 0.00699640481925298 0.00699640481925298
-999 -999 0.323939856876796 0.323939856876796 0.323939856876796 0.323939856876797 0.323939856876796 0.323939856876796
-999 -999 0.41982805709628 0.41982805709628 0.41982805709628 0.419828057096281 0.41982805709628 0.41982805709628
-999 -999 0.198636323283389 0.198636323283388 0.198636323283388 0.198636323283389 0.198636323283389 0.198636323283389
-999 -999 0.384029999598506 0.384029999598506 0.384029999598505 0.384029999598505 0.384029999598506 0.384029999598505
-999 -999 0.00680331765493227 0.00680331765493366 0.00680331765493192 0.00680331765493239 0.0068033176549318 0.00680331765493323
-999 -999 0.00517348836839128 0.00517348836839113 0.00517348836839162 0.00517348836839086 0.00517348836839143 0.00517348836839053
-999 -999 0.00892097515704524 0.00892097515704514 0.00892097515704538 0.00892097515704469 0.00892097515704439 0.00892097515704435
-999 -999 0.0235996264104429 0.0235996264104421 0.0235996264104428 0.0235996264104428 0.0235996264104431 0.0235996264104427
-999 -999 0.075034660244617 0.075034660244616 0.0750346602446162 0.0750346602446166 0.0750346602446172 0.0750346602446168
-999 -999 0.316648203481707 0.316648203481705 0.316648203481706 0.316648203481706 0.316648203481706 0.316648203481707
-999 -999 0.717148959569064 0.717148959569064 0.717148959569065 0.717148959569065 0.717148959569065 0.717148959569064
-999 -999 0.575203783458534 0.575203783458534 0.575203783458535 0.575203783458535 0.575203783458535 0.575203783458534
-999 -999 0.00212108357213169 0.00212108357213158 0.00212108357213161 0.00212108357213076 0.00212108357213149 0.00212108357213108
-999 -999 0.00136923498301623 0.00136923498301627 0.00136923498301724 0.00136923498301654 0.00136923498301757 0.00136923498301712
-999 -999 0.00491578902836179 0.00491578902836216 0.00491578902836287 0.00491578902836227 0.004915789028363 0.004915789028362
-999 -999 0.194748310259766 0.194748310259765 0.194748310259765 0.194748310259766 0.194748310259766 0.194748310259765
-999 -999 0.0883859187336922 0.0883859187336928 0.0883859187336933 0.088385918733693 0.0883859187336935 0.0883859187336932
-999 -999 0.00736585714716075 0.00736585714716114 0.00736585714716046 0.00736585714716085 0.00736585714716074 0.00736585714715929
-999 -999 0.0113675877319875 0.0113675877319863 0.0113675877319867 0.0113675877319849 0.011367587731987 0.0113675877319864
-999 -999 0.304064769870875 0.304064769870876 0.304064769870876 0.304064769870876 0.304064769870876 0.304064769870876
-999 -999 0.166058242669288 0.166058242669288 0.166058242669288 0.166058242669287 0.166058242669288 0.166058242669288
-999 -999 0.545406321750007 0.545406321750007 0.545406321750007 0.545406321750007 0.545406321750007 0.545406321750007
-999 -999 0.689996137798553 0.689996137798553 0.689996137798553 0.689996137798553 0.689996137798553 0.689996137798553
-999 -999 0.334172070676771 0.334172070676771 0.334172070676771 0.334172070676771 0.334172070676772 0.334172070676771
-999 -999 0.518078468141976 0.518078468141976 0.518078468141977 0.518078468141976 0.518078468141976 0.518078468141976
-999 -999 0.650679798663135 0.650679798663134 0.650679798663134 0.650679798663134 0.650679798663134 0.650679798663134
-999 -999 0.23864010317865 0.238640103178648 0.238640103178649 0.238640103178649 0.238640103178649 0.23864010317865
-999 -999 0.00490659449655173 0.00490659449655179 0.0049065944965526 0.00490659449655182 0.00490659449655205 0.00490659449655222
-999 -999 0.00364287586568102 0.00364287586568144 0.0036428758656812 0.00364287586568149 0.00364287586568277 0.00364287586568231
-999 -999 0.0699373705391814 0.0699373705391813 0.0699373705391811 0.0699373705391801 0.0699373705391805 0.0699373705391805
-999 -999 0.621526076526214 0.621526076526213 0.621526076526214 0.621526076526214 0.621526076526214 0.621526076526214
-999 -999 0.949088764192759 0.949088764192759 0.949088764192759 0.949088764192759 0.949088764192758 0.949088764192759
-999 -999 0.904702734471214 0.904702734471214 0.904702734471214 0.904702734471213 0.904702734471213 0.904702734471214
-999 -999 0.462955154600503 0.462955154600502 0.462955154600503 0.462955154600503 0.462955154600503 0.462955154600503
-999 -999 0.595103249119349 0.595103249119349 0.595103249119349 0.595103249119349 0.595103249119349 0.595103249119349
-999 -999 0.546096823243873 0.546096823243873 0.546096823243873 0.546096823243873 0.546096823243873 0.546096823243872
-999 -999 0.245036135622769 0.245036135622769 0.245036135622768 0.245036135622769 0.245036135622769 0.245036135622769
-999 -999 0.423716900359886 0.423716900359887 0.423716900359887 0.423716900359887 0.423716900359887 0.423716900359887
-999 -999 0.313900891339708 0.313900891339708 0.313900891339708 0.313900891339708 0.313900891339707 0.313900891339708
-999 -999 0.00906116166476077 0.00906116166476015 0.00906116166476012 0.00906116166476001 0.00906116166476027 0.00906116166476107
-999 -999 0.0330396771896102 0.0330396771896104 0.0330396771896106 0.0330396771896115 0.0330396771896114 0.0330396771896108
-999 -999 0.300069685635333 0.300069685635333 0.300069685635333 0.300069685635333 0.300069685635332 0.300069685635333
-999 -999 0.33079629765881 0.33079629765881 0.33079629765881 0.33079629765881 0.33079629765881 0.33079629765881
-999 -999 0.0663872335283867 0.0663872335283872 0.066387233528387 0.0663872335283864 0.0663872335283874 0.0663872335283876
-999 -999 0.0332054284220128 0.0332054284220129 0.0332054284220137 0.0332054284220134 0.0332054284220142 0.0332054284220138
-999 -999 0.00884028521567745 0.0088402852156772 0.00884028521567837 0.0088402852156776 0.00884028521567813 0.00884028521567751
-999 -999 0.0540695129125184 0.0540695129125194 0.0540695129125188 0.0540695129125183 0.0540695129125191 0.0540695129125184
-999 -999 0.443330782819146 0.443330782819146 0.443330782819145 0.443330782819146 0.443330782819145 0.443330782819145
-999 -999 0.109400830457708 0.109400830457708 0.109400830457708 0.109400830457707 0.109400830457707 0.109400830457708

# Duration of outbreak (days) based on incidence
0
0
0
0
0
0
0
0
0
0
0
0
0
0
0
0
0
0
0
0
0
0
0
0
0
0
0
0
0
0
0
0
3
0
0
0
0
0
0
0
0
0
0
0
0
0
0
0
0
0

# Duration of outbreak (days) based on prevalence
0
0
0
0
0
0
0
0
0
0
0
23
0
0
0
0
0
0
0
0
0
0
0
23
0
0
8
0
0
0
0
22
26
21
0
0
0
0
0
0
0
0
0
0
0
0
0
0
0
0

# Peak (point) prevalence
0.000184802215789755
0.0211459221544111
0.0280639500476292
0.0137825776001213
0.0277125898819602
0.000223415760029192
0.000175811398249139
0.000348599750085268
0.00142435453804545
0.00778674993412775
0.0395387196645704
0.163256961647215
0.0616185568761583
6.01358124127277e-05
4.45043081467148e-05
0.000270822321524794
0.0295302713536067
0.0137997595075215
0.000659373344431598
0.00119920951338763
0.0503531130444841
0.029926046664311
0.0968979599596295
0.151472359848417
0.0357643929246659
0.0708162533665889
0.105329347049838
0.0228871174138901
0.00028541529544802
0.000211061212002086
0.0102390259907628
0.130390622452827
0.511757230413373
0.282599660352908
0.0298409424370241
0.0585234241412345
0.05045739553869
0.0193837665946826
0.0375609512512438
0.0243326586561566
0.000438711872806505
0.00310231152115545
0.0340528110294899
0.0389651776909967
0.00872600374700017
0.00447631652374835
0.00085745335608981
0.00930340836439798
0.073029863866044
0.0189920495880148

# Day of peak prevalence
119
103
90
118
92
96
88
115
119
119
104
50
71
75
77
114
119
119
119
119
111
119
83
54
103
83
62
113
119
119
119
65
15
19
84
65
72
113
96
106
119
119
105
103
119
119
119
119
94
119

# Total immunity
0.450422621152079
0.407863598832554
0.43178912217563
0.503105651661599
0.511311801343065
0.574557897569571
0.452312788194806
0.323531490976293
0.172465646161053
0.154740923496257
0.155778266698734
0.202976252359558
0.324729474080218
0.341569235604088
0.312009486208266
0.297263915487598
0.246433227539151
0.18711820756747
0.186586222564272
0.096458482996374
0.0559212864884521
0.0741943773588263
0.057766535037356
0.0829060426821562
0.147938691214693
0.16871903713464
0.256485834070525
0.299558334507419
0.235709729047028
0.0518650192629888
0.0396788138899935
0.0346529945558064
0.0654564013735726
0.18571834017547
0.296507275040846
0.26778045601124
0.329536982576726
0.359557916155967
0.349262831936004
0.322565714075433
0.284092808277791
0.236210998838057
0.210799495124245
0.25305106357416
0.246083372846506
0.180275699836217
0.13238015848206
0.116850159254547
0.0943599432756064
0.18762016044366

# Observed immunity (based on survey selectivity)
0.794368534502131
0.684913265903627
0.660750716073259
0.671714717002805
0.635627445299682
0.705153827735402
0.672559922584738
0.641215247509059
0.59478673062491
0.50773274026624
0.39089154065787
0.337869308894748
0.546779314371492
0.712511861741056
0.652607972196368
0.523745138274473
0.395420660551374
0.413942511378
0.421998942590525
0.364467448869006
0.263176908263771
0.330253777790689
0.262443042885172
0.32660501002872
0.491080815013255
0.419660238087942
0.429842247708606
0.571155957555682
0.577363698832706
0.520207666323668
0.406626935049445
0.25484269010321
0.204333119381591
0.439910783951452
0.677324119698538
0.62168060536998
0.628511651592772
0.64820018136686
0.577754507343485
0.626356628074232
0.648205965435426
0.550678246781591
0.440961665447764
0.441007795247509
0.481317056897228
0.432749610159684
0.392084876222355
0.312671782728995
0.24197487222926
0.369467167351324

# True total proportion of susceptible
1 1 1 0.974335446401554 0.691330485559168 0.238276901250055 0.074478202197725 0.00556554622803198
1 1 1 0.999747358938999 0.971839028807725 0.687561397534416 0.236676981340157 0.0153181806986664
1 1 1 0.987849210736032 0.872283197365581 0.722026090641903 0.484492502312884 0.0508277592997629
1 1 1 0.984634181588463 0.825746951056223 0.57276120312621 0.449314429600366 0.0597089581007727
1 1 1 0.99265964312061 0.90979657244348 0.695940299000408 0.469810795425135 0.0728102956051539
1 1 1 0.98555967602324 0.840444808236065 0.621384978054393 0.448854015374729 0.0820742871172535
1 1 1 0.999741852128453 0.982989721223548 0.836027887482034 0.617651953139197 0.123689412402727
1 1 1 0.999807478043051 0.997816196997263 0.979364668372296 0.832579600894138 0.203985780597564
1 1 1 0.999676800877069 0.996572509159907 0.991670559056584 0.972964332853004 0.264646652953536
1 1 1 0.999135408754783 0.991005667238917 0.980075978111699 0.974349486790192 0.30803948225638
1 1 1 0.997268673582599 0.971548576107508 0.938290771108721 0.924890799068682 0.300284338715
1 1 1 0.988206496979048 0.87391788837885 0.729829132610442 0.688656178357539 0.235454917074143
1 1 1 0.973742421214697 0.69831321146577 0.31585416635232 0.224297887891106 0.0723753122290145
1 1 1 0.979176542622488 0.751233185613439 0.34746571442977 0.136969702143056 0.0419851568949609
1 1 1 0.99992130160045 0.978389242991212 0.749980710033381 0.346765226929121 0.0662199126392709
1 1 1 0.999950602685672 0.999427351667771 0.977461944146229 0.749159945164058 0.194632937421558
1 1 1 0.999817326632634 0.998123337841442 0.99595553532015 0.973853858180599 0.263935076766993
1 1 1 0.992910489546051 0.926935514447529 0.855792079687211 0.845857999722212 0.247506542328753
1 1 1 0.996686878528644 0.959495280900607 0.865319376165761 0.794177291606151 0.268359315181448
1 1 1 0.999726851550952 0.993957338653905 0.954420309206926 0.860311313495543 0.409371962882997
1 1 1 0.999568843693121 0.99541061630731 0.985773764532368 0.946008275282652 0.515718697311942
1 1 1 0.988838006194168 0.882945872596903 0.764013576206524 0.742531595576587 0.399353888195497
1 1 1 0.993858338676434 0.926354697296782 0.770038576361739 0.656595922015195 0.350617616166683
1 1 1 0.979981177079157 0.777723948988849 0.50213710375858 0.383161470207262 0.187155439527689
1 1 1 0.974541745178917 0.701505915271419 0.292299543065337 0.157541350105392 0.0772531560113656
1 1 1 0.987431671219538 0.844581222219439 0.498984054022801 0.193857716764251 0.0547612803588009
1 1 1 0.980673581602093 0.780288097475505 0.46640803624311 0.245583326128024 0.0558925272228292
1 1 1 0.976320819732888 0.723414440466946 0.332902928287319 0.169504352395654 0.0467902199730499
1 1 1 0.990818609244506 0.882538998372528 0.574764658873162 0.2524380883073 0.0524159275305714
1 1 1 0.999819215786721 0.989016325339388 0.879348238425126 0.572304585994714 0.128916608015974
1 1 1 0.999867126473571 0.998490242295089 0.986506106831413 0.876888749163356 0.287159829693672
1 1 1 0.997376957221263 0.973377867893576 0.947696645990907 0.933363283265081 0.357017928269131
1 1 1 0.976933745139279 0.74455833846533 0.451317408555571 0.403807866653684 0.161115312290297
1 1 1 0.96609613938018 0.593269898591182 0.0855911438699816 0.0226847526014529 0.00785405300438505
1 1 1 0.967636804439332 0.605286858202603 0.0928512029804835 0.00758813783084299 0.00105202528473719
1 1 1 0.983109409079548 0.790752758187073 0.359188289332473 0.0489447179648848 0.00153368975388112
1 1 1 0.978033513089355 0.745776655698385 0.376015603469135 0.145334371724917 0.0143818914075788
1 1 1 0.979366972761172 0.757138077683985 0.378578357086588 0.167116690710289 0.0191882137248883
1 1 1 0.990627594337006 0.883375511354698 0.599775670193579 0.286200666443537 0.035274821528121
1 1 1 0.98454244155645 0.827196568817165 0.578912500605982 0.365193289226243 0.0503845990922853
1 1 1 0.988388437783211 0.864147494828201 0.615579432707696 0.411227872742315 0.082024618922683
1 1 1 0.99966332133167 0.985036221497903 0.858281767851643 0.610742235073644 0.131394327200168
1 1 1 0.998727385204413 0.98688281569429 0.960853129272362 0.834917623905412 0.237851583084756
1 1 1 0.9887567031796 0.881291341042747 0.755046444619946 0.720010257227909 0.190878931968699
1 1 1 0.98755834622136 0.858988058611767 0.642229068135265 0.530448115041671 0.18047166579068
1 1 1 0.99751249954088 0.962627144726786 0.815223508248622 0.604894226882835 0.209795168373762
1 1 1 0.998700832751112 0.984479545722967 0.938271624900162 0.79218146679651 0.302981343314557
1 1 1 0.999671873190639 0.995418455834926 0.978288979909459 0.931938806192245 0.419443244894599
1 1 1 0.997982213718902 0.97934489960573 0.956599784821508 0.937812217165234 0.488208845535187
1 1 1 0.983670008511155 0.823889777556672 0.629516186217556 0.591883084870012 0.319009770000732

# True vulnerable proportion of susceptible
0 0 0.05 0.487167723200777 0.65676396128121 0.238276901250055 0.074478202197725 0.00556554622803198
0 0 0.05 0.4998736794695 0.923247077367338 0.687561397534416 0.236676981340157 0.0153181806986664
0 0 0.05 0.493924605368016 0.828669037497302 0.722026090641903 0.484492502312884 0.0508277592997629
0 0 0.05 0.492317090794232 0.784459603503412 0.57276120312621 0.449314429600366 0.0597089581007727
0 0 0.05 0.496329821560305 0.864306743821306 0.695940299000408 0.469810795425135 0.0728102956051539
0 0 0.05 0.49277983801162 0.798422567824261 0.621384978054393 0.448854015374729 0.0820742871172535
0 0 0.05 0.499870926064227 0.933840235162371 0.836027887482034 0.617651953139197 0.123689412402727
0 0 0.05 0.499903739021525 0.947925387147399 0.979364668372296 0.832579600894138 0.203985780597564
0 0 0.05 0.499838400438535 0.946743883701912 0.991670559056584 0.972964332853004 0.264646652953536
0 0 0.05 0.499567704377392 0.941455383876971 0.980075978111699 0.974349486790192 0.30803948225638
0 0 0.05 0.498634336791299 0.922971147302133 0.938290771108721 0.924890799068682 0.300284338715
0 0 0.05 0.494103248489524 0.830221993959907 0.729829132610442 0.688656178357539 0.235454917074143
0 0 0.05 0.486871210607348 0.663397550892482 0.31585416635232 0.224297887891106 0.0723753122290145
0 0 0.05 0.489588271311244 0.713671526332767 0.34746571442977 0.136969702143056 0.0419851568949609
0 0 0.05 0.499960650800225 0.929469780841652 0.749980710033381 0.346765226929121 0.0662199126392709
0 0 0.05 0.499975301342836 0.949455984084382 0.977461944146229 0.749159945164058 0.194632937421558
0 0 0.05 0.499908663316317 0.94821717094937 0.99595553532015 0.973853858180599 0.263935076766993
0 0 0.05 0.496455244773026 0.880588738725153 0.855792079687211 0.845857999722212 0.247506542328753
0 0 0.05 0.498343439264322 0.911520516855577 0.865319376165761 0.794177291606151 0.268359315181448
0 0 0.05 0.499863425775476 0.944259471721209 0.954420309206926 0.860311313495543 0.409371962882997
0 0 0.05 0.49978442184656 0.945640085491945 0.985773764532368 0.946008275282652 0.515718697311942
0 0 0.05 0.494419003097084 0.838798578967058 0.764013576206524 0.742531595576587 0.399353888195497
0 0 0.05 0.496929169338217 0.880036962431943 0.770038576361739 0.656595922015195 0.350617616166683
0 0 0.05 0.489990588539578 0.738837751539407 0.50213710375858 0.383161470207262 0.187155439527689
0 0 0.05 0.487270872589458 0.666430619507848 0.292299543065337 0.157541350105392 0.0772531560113656
0 0 0.05 0.493715835609769 0.802352161108467 0.498984054022801 0.193857716764251 0.0547612803588009
0 0 0.05 0.490336790801046 0.741273692601729 0.46640803624311 0.245583326128024 0.0558925272228292
0 0 0.05 0.488160409866444 0.687243718443599 0.332902928287319 0.169504352395654 0.0467902199730499
0 0 0.05 0.495409304622253 0.838412048453902 0.574764658873162 0.2524380883073 0.0524159275305714
0 0 0.05 0.499909607893361 0.939565509072419 0.879348238425126 0.572304585994714 0.128916608015974
0 0 0.05 0.499933563236786 0.948565730180334 0.986506106831413 0.876888749163356 0.287159829693672
0 0 0.05 0.498688478610631 0.924708974498897 0.947696645990907 0.933363283265081 0.357017928269131
0 0 0.05 0.48846687256964 0.707330421542063 0.451317408555571 0.403807866653684 0.161115312290297
0 0 0.05 0.48304806969009 0.563606403661623 0.0855911438699816 0.0226847526014529 0.00785405300438505
0 0 0.05 0.483818402219666 0.575022515292473 0.0928512029804835 0.00758813783084299 0.00105202528473719
0 0 0.05 0.491554704539774 0.751215120277719 0.359188289332473 0.0489447179648848 0.00153368975388112
0 0 0.05 0.489016756544678 0.708487822913466 0.376015603469135 0.145334371724917 0.0143818914075788
0 0 0.05 0.489683486380586 0.719281173799786 0.378578357086588 0.167116690710289 0.0191882137248883
0 0 0.05 0.495313797168503 0.839206735786963 0.599775670193579 0.286200666443537 0.035274821528121
0 0 0.05 0.492271220778225 0.785836740376306 0.578912500605982 0.365193289226243 0.0503845990922853
0 0 0.05 0.494194218891605 0.820940120086791 0.615579432707696 0.411227872742315 0.082024618922683
0 0 0.05 0.499831660665835 0.935784410423008 0.858281767851643 0.610742235073644 0.131394327200168
0 0 0.05 0.499363692602206 0.937538674909576 0.960853129272362 0.834917623905412 0.237851583084756
0 0 0.05 0.4943783515898 0.83722677399061 0.755046444619946 0.720010257227909 0.190878931968699
0 0 0.05 0.49377917311068 0.816038655681179 0.642229068135265 0.530448115041671 0.18047166579068
0 0 0.05 0.49875624977044 0.914495787490446 0.815223508248622 0.604894226882835 0.209795168373762
0 0 0.05 0.499350416375556 0.935255568436819 0.938271624900162 0.79218146679651 0.302981343314557
0 0 0.05 0.499835936595319 0.945647533043179 0.978288979909459 0.931938806192245 0.419443244894599
0 0 0.05 0.498991106859451 0.930377654625444 0.956599784821508 0.937812217165234 0.488208845535187
0 0 0.05 0.491835004255577 0.782695288678839 0.629516186217556 0.591883084870012 0.319009770000732

# True survival by age
0.845988771802242 0.845988771802242 0.845915827427329 0.845287972758083 0.845149982040933 0.84593569234963 0.846237993184899 0.846365175840078
0.759364051961686 0.759364051961685 0.755429235681421 0.72002597446551 0.686723988939836 0.705434006167172 0.741174562953898 0.75872115915553
0.833207791700233 0.833207791700233 0.827736753856033 0.779167236262549 0.742587265503127 0.754318650187156 0.780408451828184 0.828040566526202
0.804803620024787 0.804803620024787 0.80228469503064 0.78000876303566 0.765366954275289 0.776152841228164 0.782430869075358 0.802244704055672
0.737465774750707 0.737465774750707 0.732926583936327 0.692411565469525 0.659056083681277 0.674472312975086 0.695140027405227 0.731424956302933
0.635899735409233 0.635899735409233 0.635868211042795 0.63560040917393 0.635521917474411 0.635805947734252 0.636050516234097 0.636570438957071
0.698985640619847 0.698985640619847 0.698961751270173 0.698746985438602 0.698551103709804 0.698698400348347 0.698952168003164 0.699526185996072
0.821476843740377 0.821476843740377 0.821384292286614 0.820551592382588 0.81972317043117 0.819673121711258 0.820009630379144 0.82145069841654
0.797569308967652 0.797569308967652 0.797296316443275 0.794840425385687 0.792401918826689 0.792159042788079 0.792270399034802 0.796486941562556
0.844840483031037 0.844840483031037 0.843864738481572 0.835091810312874 0.826471585224403 0.825722163328961 0.825836144434151 0.839098497671322
0.78097003931278 0.78097003931278 0.777039535962822 0.741773801990004 0.708430229188117 0.707243502428598 0.708303946193221 0.757733902035362
0.751269172507229 0.751269172507229 0.742876077705584 0.668334990336511 0.611980578567392 0.628917333457057 0.635852883216 0.712194257195133
0.862108427021412 0.862108427021412 0.85444338092067 0.787479800250162 0.760514429797914 0.813926845192092 0.827994511920939 0.851337489583664
0.701222789117876 0.701222789117876 0.701232977793199 0.701336721325657 0.701537463174956 0.701737540419051 0.701837856352092 0.701883123068443
0.825418981966487 0.825418981966487 0.825423017180829 0.825459364996009 0.825503347595545 0.825587720416795 0.825729696412953 0.825828479079128
0.720536518907699 0.720536518907699 0.72051196512619 0.720291025109537 0.720070633880314 0.720071060420613 0.720330552411215 0.720960837374657
0.860786695266124 0.860786695266124 0.858177321001731 0.834697783671697 0.811302287390933 0.808811706653418 0.809972931507506 0.847272152202676
0.762040536262521 0.762040536262521 0.760980211988244 0.751516478169452 0.743407700377033 0.743973819422739 0.744190109295936 0.75721772345882
0.753321822412005 0.753321822412005 0.753262144215489 0.752728950046144 0.752257488901753 0.752367561299247 0.752493967762167 0.753428250064285
0.682273019263731 0.682273019263731 0.682181673493945 0.681360005851603 0.680552245986714 0.680561875985768 0.680800912221933 0.681946295235477
0.835205423123528 0.835205423123528 0.831219840661694 0.795366959815623 0.759828778721451 0.756633618057467 0.759819735791574 0.794295691728258
0.80988347868238 0.809883478682379 0.807764721276468 0.788937609892623 0.774393897975942 0.777618433471762 0.77853876198616 0.793241141391918
0.821906754962545 0.821906754962545 0.814885052526554 0.752123685512687 0.698352045963687 0.713868430207139 0.729849618955479 0.772954190924718
0.725694723300031 0.725694723300031 0.717835715063419 0.648690653980331 0.609705452845837 0.647085374718236 0.665861653691251 0.696794575017916
0.751978557902464 0.751978557902464 0.747948868792376 0.712722470875334 0.698443276227856 0.728835661660417 0.739775286610518 0.746293055304333
0.758612056018652 0.758612056018652 0.752362337297152 0.696907553554395 0.6584115785792 0.696528854822681 0.734842716917629 0.75230866800602
0.823034811758602 0.823034811758602 0.814726688089107 0.741567704163211 0.699959191117486 0.745769050419708 0.782558567508071 0.81416115801613
0.688162777434775 0.688162777434775 0.685480419026419 0.661991001613952 0.651488553120505 0.670772484376017 0.67965323353562 0.686322774089672
0.768365208879179 0.768365208879179 0.768332900814237 0.768050175168313 0.767888457610146 0.768229126173071 0.768615763565616 0.7688556942873
0.799045672236672 0.799045672236672 0.799024325932334 0.798832336353782 0.798649928328779 0.798729365204259 0.799010876870813 0.799417395252235
0.753944609243071 0.753944609243071 0.753120732895734 0.745707017819842 0.738315470589954 0.737697282156874 0.739567305887927 0.749627820917268
0.736300305918895 0.736300305918895 0.729069816359487 0.664186685186242 0.602594735803176 0.599286315341003 0.601367890555496 0.685068151889572
0.793321045921418 0.793321045921418 0.78189976890284 0.681754315960553 0.631876944975642 0.690504064021262 0.701380306798024 0.756939317382045
0.797539149532132 0.797539149532132 0.786572282601315 0.691605389862213 0.6741197839295 0.779216720704504 0.793045460967905 0.796305700325412
0.839193036139955 0.839193036139955 0.833136981495158 0.780605434800588 0.769704383334105 0.828311535132819 0.838672972568625 0.839467261644451
0.759984692091404 0.759984692091404 0.752872350055478 0.690072217874712 0.653246009091761 0.709256627757997 0.753564669512311 0.760335768131142
0.682667770907369 0.682667770907369 0.676674869920134 0.624070840005625 0.597930934863029 0.638043818425093 0.665857153825326 0.681646150741195
0.705910105936929 0.705910105936929 0.703098362055469 0.67838668098761 0.665624627304014 0.685038411467368 0.697072040686084 0.705490192653939
0.85323031545585 0.853230315455851 0.847591700555829 0.797376109106694 0.758634206852418 0.785740360494655 0.821218990430033 0.849609343890961
0.805977229096823 0.805977229096823 0.801980097200163 0.766631113596216 0.743237472491443 0.759897511163802 0.777084334728665 0.802400549303332
0.737162429309683 0.737162429309683 0.73708599955239 0.736414141164559 0.735991018969449 0.736457665277175 0.736895600152372 0.737601098000787
0.658205496543982 0.658205496543982 0.657881621973434 0.654968094632429 0.652155222490274 0.652752637947562 0.654542366229772 0.658008085414549
0.7604277566952 0.7604277566952 0.756782275118431 0.724020058280387 0.692079624097974 0.69039459279018 0.699648190790939 0.743519925815626
0.751400819570286 0.751400819570286 0.747414965216329 0.711997017413762 0.684729223299215 0.691354507007817 0.694168056462296 0.736659470692756
0.758597974582128 0.758597974582128 0.757812676766158 0.750849827794918 0.745862087329993 0.748716105872211 0.750535767577244 0.756232970228864
0.626366241364276 0.626366241364276 0.626055105256555 0.623264612613441 0.620705528728391 0.621441362194586 0.622918684226838 0.625693802081408
0.752366360606571 0.75236636060657 0.752289032265059 0.751594841990135 0.750929006759996 0.750951379599733 0.751262798679099 0.752305622193418
0.768997213402072 0.768997213402072 0.768355387768566 0.762581244223141 0.756860926268231 0.756451380862605 0.75707194472813 0.763933542022767
0.817432522243029 0.817432522243029 0.811731480883904 0.760538052197734 0.711359394551075 0.708379768899843 0.710530403936872 0.76199703237352
0.786311692463462 0.786311692463462 0.784956972965348 0.772994159911275 0.765196028006611 0.769446744983956 0.770485833957244 0.778020149292217

# True Numbers-at-age
238.586245907117 148.937761313394 185.12641107932 78.7410601410554 97.9080488631191 180.528848696243 66.7395811622326 399.536780531474
125.530753349845 201.841285143869 125.999673768494 156.601361206815 66.558871099455 82.7469857383279 152.715796610938 394.631586737828
68.9257168490834 95.323541509541 153.271016140003 95.1838372510415 112.757047705562 45.7075734607501 58.3725376476465 412.604398738379
18.7831729045936 57.4294443271803 79.4243175182101 126.868053359941 74.1641274077583 83.7319477218791 34.4780751162433 387.207601817412
48.3470279786648 15.1167655491684 46.2194246905267 63.7209143581139 98.95819337003 56.7627723105604 64.9887891259045 337.611958205364
39.0766261596262 35.6542784451801 11.1480972174423 33.87544504993 44.1210980638512 65.2189993706264 38.2849183311819 292.11412043172
97.5207196763841 24.8488162355918 22.6725462294972 7.08872063418618 21.5312467346845 28.0399248426152 41.4666277051207 210.302355937307
127.341157320187 68.1655827167059 17.36896573508 15.8472426183233 4.95322217375401 15.040676170762 19.5914506334231 176.095194289087
322.699213320743 104.607811993634 55.9964477418431 14.2665956280591 13.0034801653384 4.0602709841196 12.3284379895366 160.718698529071
70.7838002091168 257.37498857263 83.4319803243809 44.6457615184799 11.3396669378121 10.3039826344389 3.2163803762404 137.77780112878
26.0001214715716 59.8010199594427 217.440809665809 70.4053062574334 37.2833098092642 9.37191251001032 8.50822683181297 118.265349108566
30.9516944117357 20.3053158877903 46.7028049086703 168.9601058421 52.224811702847 26.4126237130686 6.62822422803409 95.6400750956879
114.320422917746 23.2530538484013 15.2547578645181 34.6943965284021 112.921950705236 31.9605704814814 16.6113568752278 72.3288877268578
115.584358918421 98.5565999780404 20.0466536766895 13.034326884885 27.321136447986 85.8787729522606 26.0135663025317 75.3304060300106
31.1249795846305 81.0503865391768 69.1101339225763 14.0573746524939 9.14145208213214 19.1668007547769 60.2643589057255 71.1304462561995
14.8074579670312 25.6911489624734 66.9005275451575 57.0450952601441 11.6037915541586 7.54629929568435 15.8238753428192 108.503619031723
46.8745575810751 10.6693142174367 18.5114110401597 48.2026305695402 41.0890701424004 8.35554953981804 5.43387173609475 89.6252809022708
144.564235445587 40.3489955122753 9.18400372598322 15.8860731344061 40.2346289035408 33.3356565932959 6.75806628332741 80.3382936613568
29.511243582149 110.163807503337 30.7475701778283 6.98884510229953 11.9386457339112 29.9107329487046 24.8008557586792 65.8628659188374
221.93700959621 22.2314637969491 82.988800232259 23.1609806415672 5.26070603588906 8.98093566067968 22.5038652052899 68.285438167194
233.930060604909 151.42163362357 15.1679279273968 56.6134386236971 15.7809659054671 3.58018530820016 6.11208242133965 61.8876535369299
108.042121865132 195.379655248836 126.468169580629 12.6078826349788 45.0284585628383 11.9908320509959 2.70888856305967 53.8011774260732
274.429291163618 87.501529500359 158.234754856691 102.156525751642 9.94683279184687 34.8697635463246 9.32429203551843 44.7862821379303
293.667505395182 225.555288166961 71.9180981658994 128.943136522921 76.8343426474968 6.94639103104496 24.8924233645088 41.4230754636028
101.918103957627 213.112959069967 163.684282435181 51.6253794229196 83.6442075573289 46.8463176780042 4.49490804326312 45.4382844494708
62.3246652551437 76.6402288382095 160.256375631761 122.427473886486 36.7945679821799 58.4207343638236 34.1432669412023 37.2354980155758
18.3960689385545 47.2802424498788 58.1402015726941 120.570861337082 85.3206313140754 24.2259695882867 40.6917272043341 53.1025189581556
164.5841565297 15.1406051359415 38.9132854446371 47.3683738721542 89.4114568307207 59.7209600802335 18.0669783353533 75.0776680789983
161.485703119403 113.260690279238 10.4192008823927 26.6742952122845 31.3574372644515 58.2505406430427 40.0591767623392 63.8067936740026
1382.19490507282 124.079996008341 87.0255739442067 8.00541483813505 20.4871971102864 24.0790141356066 44.7497619373136 79.8483313854671
440.136805491537 1104.43685708602 99.1455838216083 69.5355505596443 6.39498423862865 16.3620985037878 19.2326156752774 99.5876916167005
328.222762729818 331.838771829811 832.684214649362 74.668594751105 51.8531480402932 4.72151579755845 12.0702755966273 88.8775180169509
323.610758946938 241.67052060751 244.33298921404 607.084927459854 49.5938864352513 31.2464340439034 2.82953980514314 68.1458331863719
335.436337821581 256.727225759209 191.722310176723 191.043907801798 413.882769450354 31.3372334501755 21.5757896934877 53.5668439511516
210.64361279803 267.523611588396 204.750013293743 150.803455141303 132.126996336063 279.006563114016 24.4184962849973 59.7661652699623
337.314668528778 176.770652967468 224.503951847992 170.584808036643 117.717996670007 101.698728236637 231.104354605102 70.6508719631595
61.9681994714253 256.353984499757 134.342990266277 169.02281782454 117.715836817578 76.8988115229596 72.1304970363942 227.870461604094
129.981464828141 42.3036926003011 175.004603161672 90.906525463115 105.482211899878 70.3859403565181 49.0648113364607 203.355630480709
91.2123175170581 91.7552296066704 29.8626041250018 123.045449835139 61.6697760890383 70.2115579830595 48.2170727714661 177.667111089283
212.335056447664 77.8251144485386 78.2883435020234 25.3112954133358 98.1135020328257 46.7848016700737 55.1680548805005 190.544413506443
196.469908012306 171.137220435806 62.7252700973763 62.7856933313924 19.4044265892884 72.9216312681614 35.5516543493811 195.763173289339
125.340583327202 144.830234676602 126.155929161765 46.2339184069183 46.2362724320587 14.2814836979683 53.7036943119532 170.592989234532
70.2389917268478 82.4998608859933 95.3280565298941 82.9956672985077 30.2817414463705 30.1532265350502 9.32227615765388 147.402909381585
39.7276889381461 53.4116789113796 62.7351841412019 72.1425835033116 60.0905278744852 20.9573762372361 20.817624554976 116.11931389616
128.405140800113 29.8514180277563 40.1335793086356 46.8892154727364 51.3653042828812 41.1457404791361 14.4889765166717 99.9913222894406
152.339465331811 97.4078797368986 22.6452252542604 30.413735164084 35.206759363143 38.31143306877 30.8064785847674 86.4912297634041
127.374400917526 95.4202983113297 61.0130075100646 14.1771588801144 18.9558048651706 21.8530301853129 23.8083091538831 73.3069575030465
47.7601259373096 95.832214452761 71.7910225684884 45.8994163753273 10.6554794883686 14.2344637197389 16.4105631660953 73.0355332421993
102.014783205409 36.7274037575231 73.6947058683229 55.1610189839128 35.0020340486131 8.06471607539879 10.7676797366351 68.2182705734745
17.1939594884748 83.3902015416735 30.0221742889502 59.8203127277975 41.9520539352673 24.8990257488775 5.71288170973384 59.6328835633756

# Simulated data from SIR age-structured hybrid model
# random seed = 8312593
# Flag=0 if no issues, =1 if negative pop #'s, =2 if NaN, or=3 if NA. Flag:
0

# True SSB
16008.4336338754
14768.6226280474
14124.0615149287
12999.5876364939
11924.4620516986
11005.4608163681
10024.7127335337
12880.3246338295
38443.5446349052
78775.3867954437
90804.0301763676
74466.2774142729
63089.1393109783
51987.0452108512
44088.326727039
37471.3725265951
32869.13820922
29841.1791274036
28737.4144279307
27085.6754555008
23733.969041296
24075.146288712
33900.5148085239
39424.9417739931
31505.6074037536
27240.6666250785
25514.5495230119
27682.8517923897
31558.8775185088
30483.5177641723
35388.5218818645
41193.3421443836
39852.5440304289
40315.7833840648
42099.2467030032
39542.2053383733
37203.9027532366
32564.3619189533
29096.7917134901
35881.6591070921
54845.0379042619
57121.0395343566
46426.8182164345
43725.6861748153
59771.3652602717
70999.7749836934
72967.9145703473
82641.605247264
134298.231904054
160693.349802512

# True R (numbers)
12.5450695193597
39.2089587681468
16.018800282087
18.2638637805126
72.398419710725
758.238887252499
1261.770424006
171.391480708994
88.541969889077
19.2796660597407
33.5810182426303
81.9698804072815
11.2671067102088
97.5521882117815
33.5615444993533
138.305406528888
16.0427974592589
43.2530133254083
91.9646061407404
457.4240263063
66.4904991376185
38.320881802943
20.8458410677765
95.5101018741823
151.535678856808
177.256476715456
50.8646525248091
293.815690305327
219.878811850031
99.6263210033879
150.024775383455
261.282366341715
124.721622882093
73.2149014857006
19.9812958453663
51.2529396515092
320.223256421028
675.803106176965
51.7584744004432
35.972870246996
109.297450517928
716.202641711477
435.332368437593
380.424525732734
308.011070928033
2050.43391105274
947.48780375428
438.601969433467
99.9956393788458
80.9830659728284

# True infection rate given (selected) susceptible
-999 -999 0.00198006923676421 0.00198006923676413 0.00198006923676462 0.00198006923676405 0.00198006923676478 0.00198006923676424
-999 -999 0.00205269813879696 0.00205269813879814 0.00205269813879828 0.00205269813879708 0.00205269813879833 0.00205269813879804
-999 -999 0.00181402335154592 0.00181402335154698 0.0018140233515466 0.00181402335154624 0.00181402335154682 0.00181402335154722
-999 -999 0.00718768849646075 0.00718768849645996 0.00718768849646099 0.00718768849646125 0.00718768849646098 0.00718768849646088
-999 -999 0.0107573927126648 0.0107573927126639 0.0107573927126654 0.0107573927126643 0.0107573927126647 0.0107573927126645
-999 -999 0.00204545247537079 0.0020454524753715 0.00204545247537128 0.00204545247537134 0.00204545247537145 0.00204545247537016
-999 -999 0.109130963271563 0.109130963271563 0.109130963271563 0.109130963271563 0.109130963271563 0.109130963271563
-999 -999 0.000705769887349548 0.000705769887348127 0.000705769887348408 0.000705769887348587 0.000705769887347978 0.000705769887348229
-999 -999 0.891112521912056 0.891112521912057 0.891112521912056 0.891112521912056 0.891112521912057 0.891112521912056
-999 -999 0.939402322753367 0.939402322753366 0.939402322753367 0.939402322753366 0.939402322753366 0.939402322753366
-999 -999 0.844697375180572 0.844697375180572 0.844697375180572 0.844697375180572 0.844697375180572 0.844697375180572
-999 -999 0.00266499369516609 0.00266499369516617 0.00266499369516506 0.00266499369516558 0.00266499369516591 0.00266499369516573
-999 -999 0.00223543481627097 0.00223543481627011 0.0022354348162699 0.00223543481627024 0.0022354348162703 0.00223543481626946
-999 -999 0.00223075988622542 0.00223075988622531 0.0022307598862249 0.00223075988622589 0.00223075988622493 0.00223075988622568
-999 -999 0.00756953390647842 0.00756953390647871 0.0075695339064789 0.0075695339064783 0.00756953390647865 0.00756953390647888
-999 -999 0.00582998502840981 0.00582998502841097 0.00582998502841142 0.00582998502841068 0.00582998502841077 0.00582998502840984
-999 -999 0.0130479848281623 0.0130479848281614 0.0130479848281621 0.0130479848281617 0.013047984828163 0.0130479848281623
-999 -999 0.0055952655034932 0.00559526550349319 0.00559526550349296 0.00559526550349333 0.00559526550349185 0.00559526550349254
-999 -999 0.00997718640861144 0.00997718640861175 0.00997718640861152 0.00997718640861188 0.00997718640861097 0.00997718640861141
-999 -999 0.0423041820806463 0.0423041820806467 0.0423041820806478 0.0423041820806478 0.0423041820806479 0.0423041820806474
-999 -999 0.0357652507956141 0.035765250795613 0.0357652507956129 0.0357652507956127 0.0357652507956131 0.0357652507956139
-999 -999 0.233636539448978 0.233636539448977 0.233636539448978 0.233636539448977 0.233636539448977 0.233636539448977
-999 -999 0.653821392724265 0.653821392724266 0.653821392724265 0.653821392724266 0.653821392724265 0.653821392724265
-999 -999 0.689480906144996 0.689480906144996 0.689480906144996 0.689480906144996 0.689480906144996 0.689480906144996
-999 -999 0.00217974549783668 0.00217974549783657 0.00217974549783709 0.00217974549783675 0.00217974549783703 0.00217974549783567
-999 -999 0.00147006039146116 0.00147006039146154 0.00147006039146044 0.00147006039146108 0.00147006039146199 0.00147006039146088
-999 -999 0.00180916597602093 0.00180916597602029 0.00180916597602066 0.00180916597602012 0.00180916597602065 0.00180916597602009
-999 -999 0.00372883662388098 0.00372883662388094 0.00372883662388081 0.0037288366238818 0.00372883662388111 0.00372883662388046
-999 -999 0.52821364108242 0.52821364108242 0.528213641082419 0.52821364108242 0.528213641082419 0.52821364108242
-999 -999 0.00497378254033963 0.00497378254033991 0.0049737825403409 0.0049737825403397 0.00497378254033986 0.00497378254033928
-999 -999 0.356426037066411 0.356426037066411 0.356426037066411 0.356426037066411 0.356426037066411 0.356426037066411
-999 -999 0.610592464317469 0.610592464317469 0.610592464317469 0.610592464317468 0.610592464317469 0.610592464317469
-999 -999 0.00482287200090377 0.00482287200090347 0.0048228720009037 0.00482287200090443 0.00482287200090381 0.0048228720009037
-999 -999 0.258899021517754 0.258899021517754 0.258899021517755 0.258899021517754 0.258899021517753 0.258899021517754
-999 -999 0.56987914599583 0.56987914599583 0.56987914599583 0.569879145995831 0.56987914599583 0.56987914599583
-999 -999 0.081809484678061 0.0818094846780616 0.0818094846780616 0.0818094846780622 0.0818094846780607 0.0818094846780622
-999 -999 0.0224058573855142 0.0224058573855154 0.0224058573855147 0.0224058573855145 0.0224058573855155 0.0224058573855153
-999 -999 0.00608347554670158 0.00608347554670152 0.00608347554670118 0.00608347554670075 0.00608347554670138 0.00608347554670181
-999 -999 0.00943626246790479 0.00943626246790411 0.00943626246790427 0.00943626246790232 0.00943626246790412 0.00943626246790468
-999 -999 0.520668899413622 0.520668899413621 0.520668899413622 0.520668899413621 0.520668899413621 0.520668899413622
-999 -999 0.795161039013348 0.795161039013347 0.795161039013348 0.795161039013348 0.795161039013348 0.795161039013348
-999 -999 0.711604474750188 0.711604474750188 0.711604474750188 0.711604474750187 0.711604474750188 0.711604474750188
-999 -999 0.00229230872705832 0.00229230872705784 0.00229230872705855 0.00229230872705797 0.00229230872705748 0.00229230872705855
-999 -999 0.00176086470444001 0.00176086470443971 0.00176086470444036 0.00176086470443982 0.00176086470444046 0.00176086470444015
-999 -999 0.879621478786869 0.879621478786869 0.879621478786869 0.879621478786868 0.879621478786869 0.879621478786869
-999 -999 0.821612036674801 0.821612036674801 0.821612036674801 0.821612036674801 0.821612036674801 0.821612036674802
-999 -999 0.444834534060544 0.444834534060543 0.444834534060544 0.444834534060543 0.444834534060543 0.444834534060543
-999 -999 0.421501873073326 0.421501873073328 0.421501873073327 0.421501873073327 0.421501873073327 0.421501873073327
-999 -999 0.962281436204678 0.962281436204678 0.962281436204679 0.962281436204678 0.962281436204678 0.962281436204678
-999 -999 0.875903370863717 0.875903370863717 0.875903370863717 0.875903370863717 0.875903370863717 0.875903370863717

# Duration of outbreak (days) based on incidence
0
0
0
0
0
0
0
0
3
3
0
0
0
0
0
0
0
0
0
0
0
0
0
0
0
0
0
0
0
0
0
0
0
0
0
0
0
0
0
0
0
0
0
0
0
0
0
0
3
0

# Duration of outbreak (days) based on prevalence
0
0
0
0
0
0
0
0
22
22
14
0
0
0
0
0
0
0
0
0
0
0
11
10
0
0
0
0
0
0
0
5
0
0
0
0
0
0
0
0
15
5
0
0
27
19
0
0
24
10

# Peak (point) prevalence
6.77857790918842e-05
7.76794865265008e-05
6.71270882857354e-05
0.00073814982566008
0.0017255859164066
0.000108228728099206
0.0329240001278656
2.89388357571677e-05
0.482456163349929
0.478261511165568
0.177885718024707
2.30213538433362e-05
2.99521389549588e-05
2.68292697794533e-05
0.000295591532172087
0.000114811283879996
0.000686003583636468
0.000169438038514323
0.000333984181527903
0.00287153637535712
0.00237469224467646
0.0377440226676355
0.146388451588756
0.116551044639963
4.69892343398696e-05
3.43485422581082e-05
4.23625982801729e-05
0.000113532813653985
0.084162734380684
0.000192781970123417
0.033206924743898
0.102857492443526
0.000116704207195651
0.0340823682023612
0.0878954361073894
0.00608789163390433
0.00139593491934623
0.00022190322665475
0.000347973808910202
0.0810160537436596
0.232542386176014
0.105141213650667
2.97075399725934e-05
3.21682318854384e-05
0.306654598263826
0.194952059029476
0.0310918876524859
0.0322465203557957
0.500233132757074
0.245128930950961

# Day of peak prevalence
50
55
53
119
119
86
119
57
23
15
22
34
45
33
111
49
119
69
83
119
119
115
35
40
58
50
41
67
70
101
81
51
69
115
74
119
119
93
85
51
25
34
45
42
27
30
64
60
13
14

# Total immunity
0.199051365967664
0.155368388002659
0.13974974850372
0.121880253738213
0.0742281605738116
0.0119797893529769
0.00431335024219496
0.00569483397833267
0.00536570359990006
0.121837512394927
0.439294497121236
0.623932406772194
0.609934641561411
0.485325281719813
0.445469447477714
0.310415832593973
0.297944924022415
0.260932099575121
0.193123141089561
0.073018454086411
0.0703561769583942
0.0698560129428828
0.103347333436239
0.281959409222902
0.316017859027721
0.209217479417705
0.186191517540195
0.10229490683289
0.0717125759935782
0.139606323839996
0.108177923134058
0.119518038146936
0.198141044914526
0.175271816165638
0.209128108881753
0.315921786358755
0.164507702830415
0.0704137957525152
0.0670972114475853
0.0648721721096729
0.148473514309433
0.166924373484485
0.168239130097875
0.1237334716072
0.0971045070422044
0.0714643525349362
0.083921594702385
0.0901635912009249
0.116734363987171
0.284800888987425

# Observed immunity (based on survey selectivity)
0.355302679172963
0.298783903401442
0.242886837436524
0.20809008556391
0.179471253164658
0.157509521131774
0.135478916753774
0.10839679419281
0.0269403251344303
0.207227683349624
0.540396015815458
0.810728078505487
0.76881404521632
0.735083661108167
0.671096255877613
0.616203316921091
0.542694218746328
0.465795587443158
0.37297839288603
0.315834305166457
0.303064427951401
0.23953226526818
0.188491273915102
0.444232548283259
0.711248727556409
0.652988599381668
0.535332978361282
0.374478720660956
0.25544559809341
0.460333820645614
0.306344486589543
0.333100377605326
0.535660797127334
0.41901943459707
0.370472349794059
0.488589035861184
0.439842199225664
0.407622068344203
0.354292043321265
0.21248766835216
0.267890099925544
0.538421052647879
0.786679135977223
0.642017245328647
0.346713022904269
0.456049112430983
0.571245134021799
0.487786820675143
0.293592196314811
0.444951693804199

# True total proportion of susceptible
1 1 1 0.999858128113605 0.998518641679462 0.996594683234864 0.974778272167553 0.416554124733984
1 1 1 0.999925532567662 0.999113506954875 0.997105138541251 0.995108612327574 0.490743351466238
1 1 1 0.999920551482483 0.999131107981798 0.997605009171601 0.995519376129159 0.558048235074158
1 1 1 0.999919910302328 0.999119821626379 0.997610996981249 0.996006957762017 0.612247700320789
1 1 1 0.999749583154518 0.99741367499598 0.994355789922866 0.992599485747021 0.658893924597172
1 1 1 0.999602461577692 0.995769709809607 0.989852603094643 0.986409698766364 0.712879476805439
1 1 1 0.999910879412715 0.998711533542001 0.994082499366132 0.98808522757785 0.770461732356142
1 1 1 0.996337795916857 0.962566650386977 0.926366283236329 0.917918931164342 0.718870017103474
1 1 1 0.999970767195078 0.996045081940803 0.962025846323393 0.925814599226892 0.76229325017149
1 1 1 0.970890310934112 0.656957878427505 0.205587675407076 0.136344346971536 0.101436689484315
1 1 1 0.965446165476019 0.586714604163306 0.0791606589558533 0.0115764434329743 0.00579515660320132
1 1 1 0.971085784018127 0.640812679446907 0.130783000044056 0.011717773139433 0.00116627946493762
1 1 1 0.9998867030791 0.969968907968247 0.639314440130103 0.13042893947488 0.0100678823360773
1 1 1 0.99991516723201 0.99903841702116 0.968387092880802 0.638084225039115 0.0889248156251109
1 1 1 0.999905488299035 0.998970190283417 0.997244401462992 0.966543828278538 0.153984217335093
1 1 1 0.999761899889835 0.99752186972966 0.994437712024386 0.992475623982924 0.220503318293448
1 1 1 0.999767055703826 0.997431990978468 0.993100566935347 0.989793678831431 0.237032193449951
1 1 1 0.999639478232689 0.996152363975582 0.990547737878469 0.985855473208399 0.270848698935303
1 1 1 0.999798860389933 0.997627325456172 0.992334759705204 0.986541633945819 0.364357045883156
1 1 1 0.999553147030107 0.995329339850605 0.989147470358604 0.983447775437172 0.374949471998703
1 1 1 0.998281604528882 0.982298408014447 0.962498162703928 0.954723856669611 0.479437706729897
1 1 1 0.998512956128084 0.983379500976474 0.954226425314944 0.933383404593301 0.501236725442498
1 1 1 0.991661480458284 0.911982860647411 0.813931468183145 0.778343157953818 0.501551791807348
1 1 1 0.971340170662299 0.693992482642397 0.363850664928218 0.293352384587191 0.17922763808213
1 1 1 0.977158625860353 0.717201817080324 0.274370970438168 0.117684542819531 0.0597345573494447
1 1 1 0.999935702054881 0.976511600002632 0.71612858103617 0.273821938805273 0.0742570032904678
1 1 1 0.999951662808181 0.99945234714003 0.975601774884375 0.715321596229529 0.196872143804275
1 1 1 0.999919565386381 0.999147480308475 0.997925326240242 0.974026378757834 0.254876779893313
1 1 1 0.999856269422007 0.998482088907926 0.996417246557445 0.995053650719713 0.315862075049516
1 1 1 0.978631838786903 0.77310990548222 0.54008342031591 0.511224523152099 0.166455048403415
1 1 1 0.999827043363243 0.976912908883945 0.770268863099015 0.537778247539133 0.246820667814624
1 1 1 0.985671448210883 0.850510005218978 0.686019015422191 0.517101056855467 0.220361889000867
1 1 1 0.975727014130326 0.728293875528003 0.38762398432269 0.282236709831309 0.12391837860678
1 1 1 0.999791703074897 0.973676001496536 0.725240604241642 0.385802273125741 0.140364929220868
1 1 1 0.992530679751242 0.920553227844699 0.814621075034952 0.578753775897002 0.18808483393591
1 1 1 0.982564646371782 0.796129759780702 0.511658960189742 0.413540988759853 0.135037715239516
1 1 1 0.997174200217711 0.954156798744727 0.747644856249233 0.474598150383525 0.159609116368078
1 1 1 0.999120212738482 0.988370140606544 0.937875934347735 0.733282346178954 0.22341127829313
1 1 1 0.999768139868162 0.996801486444789 0.983992559130765 0.933421416129589 0.407564868070263
1 1 1 0.999651156098033 0.996276601984327 0.990172531571132 0.977067253347997 0.510537974740275
1 1 1 0.977626128281029 0.766235264731448 0.533987986590615 0.503769934376767 0.280213265750187
1 1 1 0.970966796551369 0.658143904601537 0.215335053435941 0.117697398732199 0.0600272680276138
1 1 1 0.973314175850739 0.684054464868322 0.232769380167344 0.0615225071505039 0.0185677553459294
1 1 1 0.999923390921192 0.972548470455978 0.682875747757703 0.23226011195075 0.0392032367959754
1 1 1 0.999932471015669 0.999248169118165 0.971287691468675 0.681848968990636 0.14924596867797
1 1 1 0.971618003514695 0.664628236236019 0.221427457212892 0.153198728103448 0.0205637502020865
1 1 1 0.973414049247287 0.66666848497705 0.170195381033031 0.0389320302272841 0.00430020036825302
1 1 1 0.982999498321458 0.796552508476368 0.405436681688545 0.0933155964280051 0.00480843535671163
1 1 1 0.983757031588778 0.813722301390225 0.509422989017772 0.238943396451575 0.0296473915691683
1 1 1 0.9723418845913 0.642251080043546 0.0967335280674007 0.0202879776032857 0.00314788742895629

# True vulnerable proportion of susceptible
0 0 0.05 0.499929064056802 0.948592709595489 0.996594683234864 0.974778272167553 0.416554124733984
0 0 0.05 0.499962766283831 0.949157831607131 0.997105138541251 0.995108612327574 0.490743351466238
0 0 0.05 0.499960275741242 0.949174552582708 0.997605009171601 0.995519376129159 0.558048235074158
0 0 0.05 0.499959955151164 0.94916383054506 0.997610996981249 0.996006957762017 0.612247700320789
0 0 0.05 0.499874791577259 0.947542991246181 0.994355789922866 0.992599485747021 0.658893924597172
0 0 0.05 0.499801230788846 0.945981224319126 0.989852603094643 0.986409698766364 0.712879476805439
0 0 0.05 0.499955439706357 0.948775956864901 0.994082499366132 0.98808522757785 0.770461732356142
0 0 0.05 0.498168897958429 0.914438317867628 0.926366283236329 0.917918931164342 0.718870017103474
0 0 0.05 0.499985383597539 0.946242827843762 0.962025846323393 0.925814599226892 0.76229325017149
0 0 0.05 0.485445155467056 0.62410998450613 0.205587675407076 0.136344346971536 0.101436689484315
0 0 0.05 0.48272308273801 0.557378873955141 0.0791606589558533 0.0115764434329743 0.00579515660320132
0 0 0.05 0.485542892009063 0.608772045474561 0.130783000044056 0.011717773139433 0.00116627946493762
0 0 0.05 0.49994335153955 0.921470462569834 0.639314440130103 0.13042893947488 0.0100678823360773
0 0 0.05 0.499957583616005 0.949086496170102 0.968387092880802 0.638084225039115 0.0889248156251109
0 0 0.05 0.499952744149517 0.949021680769246 0.997244401462992 0.966543828278538 0.153984217335093
0 0 0.05 0.499880949944918 0.947645776243177 0.994437712024386 0.992475623982924 0.220503318293448
0 0 0.05 0.499883527851913 0.947560391429544 0.993100566935347 0.989793678831431 0.237032193449951
0 0 0.05 0.499819739116344 0.946344745776803 0.990547737878469 0.985855473208399 0.270848698935303
0 0 0.05 0.499899430194966 0.947745959183363 0.992334759705204 0.986541633945819 0.364357045883156
0 0 0.05 0.499776573515053 0.945562872858074 0.989147470358604 0.983447775437172 0.374949471998703
0 0 0.05 0.499140802264441 0.933183487613724 0.962498162703928 0.954723856669611 0.479437706729897
0 0 0.05 0.499256478064042 0.934210525927651 0.954226425314944 0.933383404593301 0.501236725442498
0 0 0.05 0.495830740229142 0.86638371761504 0.813931468183145 0.778343157953818 0.501551791807348
0 0 0.05 0.485670085331149 0.659292858510277 0.363850664928218 0.293352384587191 0.17922763808213
0 0 0.05 0.488579312930176 0.681341726226308 0.274370970438168 0.117684542819531 0.0597345573494447
0 0 0.05 0.49996785102744 0.9276860200025 0.71612858103617 0.273821938805273 0.0742570032904678
0 0 0.05 0.499975831404091 0.949479729783029 0.975601774884375 0.715321596229529 0.196872143804275
0 0 0.05 0.49995978269319 0.949190106293051 0.997925326240242 0.974026378757834 0.254876779893313
0 0 0.05 0.499928134711004 0.94855798446253 0.996417246557445 0.995053650719713 0.315862075049516
0 0 0.05 0.489315919393452 0.734454410208109 0.54008342031591 0.511224523152099 0.166455048403415
0 0 0.05 0.499913521681621 0.928067263439747 0.770268863099015 0.537778247539133 0.246820667814624
0 0 0.05 0.492835724105442 0.807984504958029 0.686019015422191 0.517101056855467 0.220361889000867
0 0 0.05 0.487863507065163 0.691879181751603 0.38762398432269 0.282236709831309 0.12391837860678
0 0 0.05 0.499895851537448 0.92499220142171 0.725240604241642 0.385802273125741 0.140364929220868
0 0 0.05 0.496265339875621 0.874525566452464 0.814621075034952 0.578753775897002 0.18808483393591
0 0 0.05 0.491282323185891 0.756323271791667 0.511658960189742 0.413540988759853 0.135037715239516
0 0 0.05 0.498587100108855 0.90644895880749 0.747644856249233 0.474598150383525 0.159609116368078
0 0 0.05 0.499560106369241 0.938951633576217 0.937875934347735 0.733282346178954 0.22341127829313
0 0 0.05 0.499884069934081 0.946961412122549 0.983992559130765 0.933421416129589 0.407564868070263
0 0 0.05 0.499825578049017 0.946462771885111 0.990172531571132 0.977067253347997 0.510537974740275
0 0 0.05 0.488813064140515 0.727923501494875 0.533987986590615 0.503769934376767 0.280213265750187
0 0 0.05 0.485483398275685 0.62523670937146 0.215335053435941 0.117697398732199 0.0600272680276138
0 0 0.05 0.48665708792537 0.649851741624906 0.232769380167344 0.0615225071505039 0.0185677553459294
0 0 0.05 0.499961695460596 0.923921046933179 0.682875747757703 0.23226011195075 0.0392032367959754
0 0 0.05 0.499966235507834 0.949285760662257 0.971287691468675 0.681848968990636 0.14924596867797
0 0 0.05 0.485809001757348 0.631396824424218 0.221427457212892 0.153198728103448 0.0205637502020865
0 0 0.05 0.486707024623644 0.633335060728198 0.170195381033031 0.0389320302272841 0.00430020036825302
0 0 0.05 0.491499749160729 0.75672488305255 0.405436681688545 0.0933155964280051 0.00480843535671163
0 0 0.05 0.491878515794389 0.773036186320714 0.509422989017772 0.238943396451575 0.0296473915691683
0 0 0.05 0.48617094229565 0.610138526041368 0.0967335280674007 0.0202879776032857 0.00314788742895629

# True survival by age
0.778267540515681 0.778267540515681 0.778271819153143 0.778310396472245 0.778349504125046 0.778354637722419 0.778364404270938 0.778614304366992
0.778267540515681 0.778267540515681 0.778272707138964 0.77831924261027 0.778366092050553 0.778372117511507 0.77837297583827 0.778589807552982
0.778267540515681 0.778267540515681 0.778282898955045 0.778421155072599 0.778559560642116 0.778575250747564 0.778575722254484 0.778674623003926
0.778267540515681 0.778267540515681 0.778193813624755 0.777530373361298 0.776868431900132 0.776797799290531 0.776801019848995 0.77757152415452
0.778267540515681 0.778267540515681 0.778159613530046 0.777188674459608 0.776223610478152 0.776124193787598 0.776128921376036 0.777027184088408
0.778267540515681 0.778267540515681 0.778280236782103 0.778394664691773 0.778510004879526 0.778524300186899 0.778525261849389 0.778601663552562
0.778267540515681 0.778267540515681 0.776595698217211 0.761550655009545 0.746544152051666 0.745031712566661 0.745235440420218 0.752628129818046
0.778267540515681 0.778267540515681 0.77828829007846 0.778476229095203 0.778666985476385 0.778691239054008 0.778692237964373 0.778715775757251
0.778267540515681 0.778267540515681 0.765394601682121 0.64954193088936 0.534651128555755 0.530605792429954 0.539948005187105 0.582135208216616
0.778267540515681 0.778267540515681 0.767963322186028 0.67824040566058 0.649831154331962 0.736322749108337 0.750629640079191 0.757842176810185
0.778267540515681 0.778267540515681 0.767170040799757 0.671145580619619 0.654777683968822 0.761188863433809 0.776225218464942 0.777511457872127
0.778267540515681 0.778267540515681 0.778274372380803 0.778349302077095 0.778542255450575 0.778748913846545 0.778796135741017 0.778800320518837
0.778267540515681 0.778267540515681 0.778269587864748 0.778288072101513 0.778321285805795 0.778486051401895 0.778736573481727 0.778795826697483
0.778267540515681 0.778267540515681 0.77827735594875 0.778365731756109 0.778454367172243 0.778474500636967 0.778585790868541 0.778770821286968
0.778267540515681 0.778267540515681 0.778171016939683 0.777302446379438 0.776436030327501 0.776343858002628 0.776419495436913 0.77842140998772
0.778267540515681 0.778267540515681 0.778238941213967 0.77798174255862 0.777726821810741 0.777701702081094 0.777703870636895 0.778557076499832
0.778267540515681 0.778267540515681 0.778040847231851 0.776001259962274 0.77397279835218 0.773768635013174 0.773785391373108 0.777599715292649
0.778267540515681 0.778267540515681 0.778223248531268 0.777824972599352 0.777431282504376 0.777395114364778 0.777401773074256 0.778416426491941
0.778267540515681 0.778267540515681 0.778235243501095 0.777944742588107 0.777656618425362 0.777630638943833 0.77763747009836 0.778371139492549
0.778267540515681 0.778267540515681 0.777886775991744 0.774461835014919 0.771069295167719 0.77074068223324 0.770787126385593 0.775745494912569
0.778267540515681 0.778267540515681 0.77797874313399 0.775385445701497 0.772886960800641 0.772728199105831 0.772777248681193 0.775775919395611
0.778267540515681 0.778267540515681 0.775070771572102 0.746348181391649 0.71854729935207 0.717283120901862 0.718626841714166 0.746486742373397
0.778267540515681 0.778267540515681 0.774459737357634 0.740511469799131 0.712334101879724 0.716380943875502 0.719110186678618 0.740337124376754
0.778267540515681 0.778267540515681 0.768325442899997 0.681711235208728 0.647335637613659 0.706257985847979 0.720313594228928 0.743067237802794
0.778267540515681 0.778267540515681 0.778255808556664 0.778165080658892 0.77825847107733 0.7785900986143 0.778710415260354 0.778754913995801
0.778267540515681 0.778267540515681 0.77827220967624 0.778314263405498 0.778366695829642 0.778485787223142 0.778680339932877 0.778768120434606
0.778267540515681 0.778267540515681 0.778283452423347 0.778426677676422 0.778569993223317 0.778591024394817 0.778646985779084 0.778758454693774
0.778267540515681 0.778267540515681 0.778254440898691 0.778136597773568 0.778019314578601 0.778007198028856 0.778026203305861 0.778598096161973
0.778267540515681 0.778267540515681 0.773307884620448 0.728678186748695 0.684177925938271 0.679431717572273 0.679567704022308 0.747301007919249
0.778267540515681 0.778267540515681 0.778225829098134 0.777870733716051 0.777775825278077 0.778062234706947 0.778101698409217 0.778573160635442
0.778267540515681 0.778267540515681 0.774779740740456 0.743395667372457 0.713541595678775 0.724659171582659 0.741000759806515 0.761451946393196
0.778267540515681 0.778267540515681 0.772485756437182 0.72128578625029 0.684915416013749 0.699106692120034 0.718729709632239 0.753201579507864
0.778267540515681 0.778267540515681 0.778260179767607 0.778208663097308 0.778310570816818 0.778537021417426 0.77860873298057 0.77871646187916
0.778267540515681 0.778267540515681 0.773335184675984 0.72895436713705 0.687033763864798 0.706871159327758 0.740536774984879 0.764879338951186
0.778267540515681 0.778267540515681 0.768448635638409 0.680815880152589 0.606572237920733 0.618392655511629 0.664837601470921 0.741764746368379
0.778267540515681 0.778267540515681 0.777105425831928 0.766858309755365 0.760797565207359 0.766635816925614 0.768968624310235 0.775590188980204
0.778267540515681 0.778267540515681 0.778056019977051 0.776159819113001 0.774457334621334 0.775239262163532 0.776539962012713 0.778040460572985
0.778267540515681 0.778267540515681 0.778226475193238 0.777857717718734 0.777502575019803 0.77753038415811 0.777807516199307 0.778498161546776
0.778267540515681 0.778267540515681 0.778181048173974 0.77740294127756 0.776631147898414 0.776573919951137 0.776688366968294 0.777878427342793
0.778267540515681 0.778267540515681 0.774674820879528 0.742353063155931 0.710262018281168 0.707124534992967 0.708073195093209 0.741844146359935
0.778267540515681 0.778267540515681 0.769198821374547 0.689621303392067 0.646365517994795 0.681664296450108 0.687161190571889 0.727827853299257
0.778267540515681 0.778267540515681 0.770567420219726 0.703517410887059 0.682161875221541 0.74552384094932 0.760612339234522 0.769524430280582
0.778267540515681 0.778267540515681 0.778260892223199 0.77821706175958 0.778349608031347 0.778645710153826 0.778759796260018 0.778788413076721
0.778267540515681 0.778267540515681 0.7782753610086 0.778345780304889 0.778426689199567 0.778543453161432 0.778713259866932 0.778786010009935
0.778267540515681 0.778267540515681 0.765209732151966 0.647698310693223 0.53035611052128 0.524625080315802 0.600368128783034 0.739744693608553
0.778267540515681 0.778267540515681 0.766093010154011 0.659992746166676 0.624707178827815 0.724767202513295 0.741416639656801 0.773782737580986
0.778267540515681 0.778267540515681 0.773395380871891 0.730855430801606 0.71673109658712 0.762125646310878 0.77498636152562 0.778379464767678
0.778267540515681 0.778267540515681 0.773797792875156 0.734339009024052 0.710728642165008 0.742340593951884 0.770409079885109 0.778368369157236
0.778267540515681 0.778267540515681 0.761632241307859 0.614625276274888 0.521173106553387 0.609041060141721 0.699175470409901 0.768921109230858
0.778267540515681 0.778267540515681 0.770077542157551 0.69864750461639 0.678517636933851 0.762904251916708 0.775466794593159 0.778283480626367

# True Numbers-at-age
12.5450695193597 35.4581016678584 23.3050163592459 13.8719078452361 11.5473630646648 10.8197040038933 9.28184971121476 59.7431838362547
39.2089587681468 9.76342040043033 27.5958895763991 18.1376374773041 10.7966500948522 8.98788431533374 8.42156679021416 53.7415589443368
16.018800282087 30.5150599066663 7.59855318206354 21.4771276865321 14.116872264075 8.4037463415673 6.99591854647479 48.3977500397882
18.2638637805126 12.4669122975518 23.7488806222499 5.91382399840049 16.718250541392 10.9908258675591 6.54294891510469 43.1329521016255
72.398419710725 14.214172344773 9.70259317164032 18.4812319807477 4.59817778146933 12.9878810822047 8.53764934630534 38.621524697018
758.238887252499 56.3453400454879 11.0624289512325 7.55016615268289 14.3634041854978 3.56921415915255 10.0802087339353 36.6362911587596
1261.770424006 590.112713905349 43.8517492167216 8.6096698235504 5.87700905078477 11.1820538625385 2.77871995547141 36.3727743866898
171.391480708994 981.99496458658 459.26557047815 34.0550798010059 6.55669969354072 4.38744673841809 8.3309847392197 29.4459737527682
88.541969889077 133.388426156729 764.254805887581 357.441015539347 26.5110701050233 5.10548558504329 3.41646633702224 29.4173174448446
19.2796660597407 68.9093411379854 103.811882358255 584.956502735972 232.172927412481 14.1741735508714 2.7090002245916 18.9695703993929
33.5810182426303 15.004738286278 53.6299034460159 79.7237180582309 396.74113570944 150.873201425083 10.4367664353163 16.4093963881896
81.9698804072815 26.1350164757041 11.6777007621431 41.1432552147671 53.5062210453462 259.777241974987 114.843000715379 20.8597750149039
11.2671067102088 63.7944972209395 20.340034993883 9.08845523150773 32.0238239815938 41.6568540132808 202.301245030072 105.684884641598
97.5521882117815 8.76882342808195 49.649186450575 15.8300306518439 7.07343630051107 24.9248238577725 32.4292797946242 239.846325469687
33.5615444993533 75.921701591506 6.82449064258962 38.64083755576 12.3215533920441 5.50634737904752 19.4033398061438 212.034296324884
138.305406528888 26.1198606934193 59.0873959693868 5.31062082343931 30.0356175622427 9.56689800318709 4.27481896775241 180.117167213048
16.0427974592589 107.638608579259 20.3282397404796 45.984112478306 4.13156604228741 23.3595053878059 7.44019286071482 143.556038390315
43.2530133254083 12.4855885216087 83.7716351635101 15.8162008704149 35.6837292214124 3.19771973132602 18.0748525985054 117.386247125469
91.9646061407404 33.6624163006575 9.71712827060319 65.1930340517231 12.3022360086563 27.7416473731415 2.4858916962407 105.426805464841
457.4240263063 71.5730678356473 26.1983659421277 7.56221168580424 50.7165780939054 9.56691525356242 21.5727549721305 83.9943052323311
66.4904991376185 355.998271926184 55.7029954716112 20.3793624189736 5.85664433895922 39.1059961241862 7.37361078939828 81.7862056954811
38.320881802943 51.7473972314943 277.061899519824 43.3357464058024 15.8018610123482 4.52652404362847 30.218305959282 69.1459275759675
20.8458410677765 29.8238984311685 40.273319571443 214.742580234062 32.3435555192203 11.3543845551596 3.24679929285114 73.332203998042
95.5101018741823 16.2236414577992 23.210972080615 31.1900644978198 159.019343717583 23.0394175723808 8.13406472475063 56.6253594777101
151.535678856808 74.3324120800219 12.6263335355696 17.833580403978 21.2626173950487 102.938888258327 16.2717726497802 47.9355268542682
177.256476715456 117.935300084262 57.8505035301167 9.82651741483083 13.8774695334984 16.5478121049728 80.1471991602975 50.0010259298714
50.8646525248091 137.952962173813 91.7852159365571 45.0234392132671 7.64811866356535 10.8017601072657 12.8822365333604 101.348253270016
293.815690305327 39.5863080196679 107.364312577866 71.4349147405261 35.0474462043498 5.9545956960632 8.41015346718303 88.9565237492654
219.878811850031 228.667214658844 30.8087385805631 83.5567530577593 55.5861215184379 27.2675900736386 4.63271831288882 75.8046998036574
99.6263210033879 171.124542110034 177.96427074911 23.8246404595596 60.8859833087365 38.0307973314375 18.526465557789 59.7971743155613
150.024775383455 77.5359318179324 133.180676509848 138.496392153571 18.5324905547988 47.3556459158198 29.5903271593853 60.9719493199704
261.282366341715 116.759412954099 60.3436989575338 103.185690017939 102.957617873681 13.2237028823729 34.3167031391197 68.3536643931067
124.721622882093 203.347584632883 90.870061151841 46.614647935428 74.4263715543676 70.5172596777369 9.24477917967391 76.1485220687536
73.2149014857006 97.0667906895706 158.258824562038 70.7205501275253 36.2759228505811 57.9268317283044 54.9002973080245 66.496173486478
19.9812958453663 56.9807813083741 75.5439324557225 122.387117319288 51.5520538617942 24.9227838137038 40.9468066999705 91.5172383333162
51.2529396515092 15.5507939738894 44.3462925255302 58.0516318263601 83.3230929970693 31.2700446803587 15.4120664652985 95.1072378349486
320.223256421028 39.8884992867786 12.102678179125 34.4617445371194 44.5173762609032 63.3920062777166 23.9727362488272 85.6156361133914
675.803106176965 249.219366190715 31.0439242347827 9.41656161511308 26.747821406249 34.4768085633542 49.143972173803 85.2282166499172
51.7584744004432 525.955621317204 193.959343174125 24.1592037334009 7.3247451266897 20.7965000195284 26.8067662068104 104.574560906544
35.972870246996 40.2819405724768 409.334187822937 150.935484974376 18.7814360412696 5.68862521580433 16.1500195414291 102.166798446914
109.297450517928 27.9965172524193 31.3501268165403 317.100888631601 112.047419609654 13.3397406688908 4.0225664604749 87.2272373176962
716.202641711477 85.0626579992219 21.7887806250452 24.1144805972254 218.679528124907 72.4235884159742 9.09322493788637 66.2505644442981
435.332368437593 557.397268475625 66.2015056307809 16.7897244759746 16.9649569546462 149.174836978249 53.9935118112097 57.8978469509569
380.424525732734 338.805051690791 433.804201226683 51.5220428387307 13.0660500494459 13.2046675959176 116.15434687601 87.1381486049552
308.011070928033 296.072059993859 263.68097429368 337.619121316744 40.1019646362138 10.170962080906 10.2804075079745 158.312901175238
2050.43391105274 239.715018622761 230.423273946832 201.771247712836 218.675334534586 21.2683219887243 5.33594179858428 123.283157592847
947.48780375428 1595.78615694497 186.562417968207 176.52565954747 133.167559875472 136.60805131633 15.4145822299197 99.350535217532
438.601969433467 737.399002696447 1241.94856755453 144.286512300902 129.014736956104 95.4453312193777 104.112499400727 89.2785074238078
99.9956393788458 341.349676016318 573.89370820728 961.017060438156 105.955214458581 91.6944688160875 70.8529438673272 149.700781092115
80.9830659728284 77.8233603216673 265.661372809044 437.095951254389 590.665376276682 55.2210082749091 55.8456964968818 164.64673100844

