# Simulated data from SIR age-structured hybrid model
# random seed = 778178
# Flag=0 if no issues, =1 if negative pop #'s, =2 if NaN, or=3 if NA. Flag:
0

# Number of years (nyr)
50

# Starting age
0

# Ending age
8

# Sample size for comp data
200

# Sample size for fishery age comp data
200

# Sample size for antibody prevalence data
200

# Survey data
22923.8044157309
10651.133167829
18810.3384819429
24428.4276919071
10718.9910941814
8264.89758807943
6364.36945927273
26477.4356030372
41949.9781907021
25250.6355245199
62411.3506185005
19270.3552603072
34716.6807515544
24446.0918199079
17923.5219254706
23375.5201434317
16541.1984147133
13388.8845767751
13510.0965455135
14854.9825651911
16143.9742673946
21626.4542850279
17558.76037304
22595.8038558184
9603.68910204533
23909.5799406302
18950.6350903718
38595.8429370168
30257.6334311039
53019.0219393244
27967.7404738819
27906.0489188401
24400.880014133
12608.2207435107
23214.1041786345
12658.0628296213
11361.4875398862
11695.3357099173
7093.08711273949
6868.60811403351
8514.54905571365
4700.94278304453
5952.05947526043
7512.11398698592
16331.1432718098
50890.0336276853
38816.8860952786
61236.3868330316
56472.8826906656
44743.2670412174

# Catches
0
0
0
0
0
0
0
0
0
0
0
0
0
0
0
0
0
0
0
0
0
0
0
0
0
0
0
0
0
0
0
0
0
0
0
0
0
0
0
0
0
0
0
0
0
0
0
0
0
0

# Catch compositions
-999 -999 -999 -999 -999 -999 -999 -999
-999 -999 -999 -999 -999 -999 -999 -999
-999 -999 -999 -999 -999 -999 -999 -999
-999 -999 -999 -999 -999 -999 -999 -999
-999 -999 -999 -999 -999 -999 -999 -999
-999 -999 -999 -999 -999 -999 -999 -999
-999 -999 -999 -999 -999 -999 -999 -999
-999 -999 -999 -999 -999 -999 -999 -999
-999 -999 -999 -999 -999 -999 -999 -999
-999 -999 -999 -999 -999 -999 -999 -999
-999 -999 -999 -999 -999 -999 -999 -999
-999 -999 -999 -999 -999 -999 -999 -999
-999 -999 -999 -999 -999 -999 -999 -999
-999 -999 -999 -999 -999 -999 -999 -999
-999 -999 -999 -999 -999 -999 -999 -999
-999 -999 -999 -999 -999 -999 -999 -999
-999 -999 -999 -999 -999 -999 -999 -999
-999 -999 -999 -999 -999 -999 -999 -999
-999 -999 -999 -999 -999 -999 -999 -999
-999 -999 -999 -999 -999 -999 -999 -999
-999 -999 -999 -999 -999 -999 -999 -999
-999 -999 -999 -999 -999 -999 -999 -999
-999 -999 -999 -999 -999 -999 -999 -999
-999 -999 -999 -999 -999 -999 -999 -999
-999 -999 -999 -999 -999 -999 -999 -999
-999 -999 -999 -999 -999 -999 -999 -999
-999 -999 -999 -999 -999 -999 -999 -999
-999 -999 -999 -999 -999 -999 -999 -999
-999 -999 -999 -999 -999 -999 -999 -999
-999 -999 -999 -999 -999 -999 -999 -999
-999 -999 -999 -999 -999 -999 -999 -999
-999 -999 -999 -999 -999 -999 -999 -999
-999 -999 -999 -999 -999 -999 -999 -999
-999 -999 -999 -999 -999 -999 -999 -999
-999 -999 -999 -999 -999 -999 -999 -999
-999 -999 -999 -999 -999 -999 -999 -999
-999 -999 -999 -999 -999 -999 -999 -999
-999 -999 -999 -999 -999 -999 -999 -999
-999 -999 -999 -999 -999 -999 -999 -999
-999 -999 -999 -999 -999 -999 -999 -999
-999 -999 -999 -999 -999 -999 -999 -999
-999 -999 -999 -999 -999 -999 -999 -999
-999 -999 -999 -999 -999 -999 -999 -999
-999 -999 -999 -999 -999 -999 -999 -999
-999 -999 -999 -999 -999 -999 -999 -999
-999 -999 -999 -999 -999 -999 -999 -999
-999 -999 -999 -999 -999 -999 -999 -999
-999 -999 -999 -999 -999 -999 -999 -999
-999 -999 -999 -999 -999 -999 -999 -999
-999 -999 -999 -999 -999 -999 -999 -999

# Age composition from fishery-independent survey
0 0 0 3 10 45 13 129
0 0 0 4 13 8 44 131
0 0 1 1 5 12 12 169
0 0 2 7 5 7 7 172
0 0 1 20 11 3 2 163
0 0 5 27 26 14 6 122
0 0 14 34 38 21 10 83
0 0 8 104 27 15 11 35
0 0 9 51 106 10 3 21
0 0 0 29 68 75 12 16
0 0 0 13 37 62 61 27
0 0 4 28 18 34 49 67
0 0 4 12 49 11 25 99
0 0 0 10 22 39 12 117
0 0 1 7 30 26 30 106
0 0 1 6 8 39 15 131
0 0 3 6 15 3 35 138
0 0 10 8 3 17 6 156
0 0 0 45 14 3 10 128
0 0 5 0 76 15 2 102
0 0 5 28 4 62 5 96
0 0 3 73 16 2 34 72
0 0 1 43 77 20 0 59
0 0 14 25 49 48 10 54
0 0 10 58 18 36 39 39
0 0 1 64 65 10 16 44
0 0 6 16 70 54 18 36
0 0 4 53 24 59 25 35
0 0 5 39 61 14 36 45
0 0 0 38 49 53 10 50
0 0 1 0 44 31 47 77
0 0 1 2 10 35 45 107
0 0 1 6 7 4 41 141
0 0 1 4 7 5 4 179
0 0 1 7 6 5 5 176
0 0 0 11 9 5 7 168
0 0 0 5 17 5 5 168
0 0 1 3 4 15 1 176
0 0 3 6 6 4 12 169
0 0 7 18 5 5 4 161
0 0 4 52 42 5 5 92
0 0 2 20 75 22 4 77
0 0 9 10 29 66 16 70
0 0 36 32 11 22 32 67
0 0 30 132 13 3 4 18
0 0 12 102 72 6 1 7
0 0 7 67 87 23 7 9
0 0 2 43 77 53 20 5
0 0 0 15 67 59 44 15
0 0 0 9 24 62 58 47

# Antibody prevalence values
0 0 0 0 0 0 0 5 0 5 6 40 2 6 101 35
0 0 0 0 0 2 0 1 0 5 3 10 6 31 104 38
0 0 0 0 0 0 0 4 0 6 0 7 0 16 118 49
0 0 0 0 0 2 0 10 3 3 0 4 3 9 129 37
0 0 0 0 0 5 0 20 0 12 1 5 0 6 111 40
0 0 0 0 0 5 0 28 0 26 0 6 1 4 95 35
0 0 0 0 0 29 0 38 0 33 0 13 0 4 57 26
0 0 0 0 0 9 0 113 0 24 0 10 0 7 26 11
0 0 0 0 0 7 1 58 34 66 4 6 1 1 20 2
0 0 0 0 0 2 0 21 30 54 51 11 10 1 20 0
0 0 0 0 0 1 0 12 6 35 44 19 57 3 23 0
0 0 0 0 0 3 0 24 0 17 5 26 40 15 66 4
0 0 0 0 0 1 0 18 1 42 1 12 8 16 88 13
0 0 0 0 0 0 0 28 1 16 1 25 4 12 83 30
0 0 0 0 0 2 0 6 0 37 8 19 14 15 80 19
0 0 0 0 0 1 0 10 0 10 11 29 8 16 90 25
0 0 0 0 0 0 0 2 0 14 0 10 6 24 97 47
0 0 0 0 0 10 0 9 0 7 0 9 0 4 94 67
0 0 0 0 0 1 0 38 0 6 1 6 2 8 98 40
0 0 0 0 0 1 0 3 2 71 0 9 2 3 67 42
0 0 0 0 0 11 0 27 0 5 30 40 3 3 73 8
0 0 0 0 0 2 0 72 1 27 1 0 16 21 49 11
0 0 0 0 0 1 1 30 10 83 2 18 1 2 39 13
0 0 0 0 0 8 0 22 14 35 35 16 15 0 50 5
0 0 0 0 0 13 0 54 0 28 9 21 31 15 24 5
0 0 0 0 0 3 0 62 5 57 4 10 9 10 36 4
0 0 0 0 0 6 0 21 23 54 27 11 6 4 47 1
0 0 0 0 0 10 0 51 5 17 31 23 17 7 38 1
0 0 0 0 0 3 0 33 18 49 8 2 36 8 43 0
0 0 0 0 0 1 0 25 6 46 27 22 17 0 51 5
0 0 0 0 0 1 0 2 8 37 25 18 39 7 59 4
0 0 0 0 0 1 0 4 0 4 11 44 38 18 73 7
0 0 0 0 0 1 0 9 0 7 1 3 10 26 126 17
0 0 0 0 0 0 0 3 0 8 0 7 0 2 135 45
0 0 0 0 0 0 0 4 0 8 0 11 0 1 134 42
0 0 0 0 0 0 0 11 1 3 0 3 1 3 120 58
0 0 0 0 0 0 0 1 0 12 0 5 0 4 117 61
0 0 0 0 0 0 0 2 0 9 0 9 0 6 118 56
0 0 0 0 0 1 0 4 0 9 0 5 0 16 97 68
0 0 0 0 0 7 0 21 0 6 0 5 0 5 92 64
0 0 0 0 0 0 0 58 0 28 0 5 0 2 56 51
0 0 0 0 0 2 0 23 0 63 0 17 0 5 46 44
0 0 0 0 0 7 0 10 0 38 1 59 0 20 31 34
0 0 0 0 0 41 0 26 0 14 0 24 0 43 18 34
0 0 0 0 0 34 0 113 0 18 0 7 0 4 3 21
0 0 0 0 0 21 3 76 30 50 6 2 0 0 7 5
0 0 0 0 0 9 2 63 29 49 30 8 6 0 4 0
0 0 0 0 0 0 3 55 28 49 38 3 16 0 8 0
0 0 0 0 0 0 1 13 19 40 56 5 44 0 22 0
0 0 0 0 0 0 0 4 6 14 48 14 50 6 57 1

# Average weight-at-age
70
94
115
134
150
160
165
168

# Maturity logistic function parameter age-at-50%
3

# Maturity logistic function parameter age-at-95%
4

# Infection prevalence index (avg of 3 different samples)
0
0
0.00555555555555556
0
0
0
0
0
0.0166666666666667
0.0111111111111111
0
0
0
0
0
0
0
0
0
0.0166666666666667
0
0
0.0111111111111111
0
0
0.122222222222222
0
0.0388888888888889
0.0111111111111111
0.0777777777777778
0
0
0
0
0
0
0
0
0
0
0
0
0
0
0
0.0111111111111111
0.00555555555555556
0.0388888888888889
0
0

