# Simulated data from SIR age-structured hybrid model
# random seed = 5265695
# Flag=0 if no issues, =1 if negative pop #'s, =2 if NaN, or=3 if NA. Flag:
0

# Number of years (nyr)
50

# Starting age
0

# Ending age
8

# Sample size for comp data
200

# Sample size for fishery age comp data
200

# Sample size for antibody prevalence data
200

# Survey data
10772.9172636735
10488.1031781868
14016.1284100466
17978.942055232
15951.6511717724
5549.66656368611
8001.36485408899
20886.0909915686
93186.6925577489
141666.19482638
67231.2774856009
18409.593977896
35087.9880305366
38426.5787185581
25717.4510835193
22163.2995523249
24988.4740636667
42330.1729952992
40100.6718070823
22228.0592405996
15538.4527836278
13394.1992719431
22182.5786147624
17165.6559049162
10471.1677137723
15707.2056988034
12531.5925591036
9897.88689336852
11758.4599961892
9368.66765763077
5548.49746562601
5350.73391560562
7832.38274683648
9745.76011320923
32301.4749717107
21941.4991674401
15725.9681784741
15335.8936610486
13011.2470981067
15390.7538185153
13176.810625519
12247.1699347082
17371.4939942238
13672.729064275
10016.5836991997
4820.26968447388
7056.59236054837
10427.610357299
5359.22957555788
10584.1834018862

# Catches
0
0
0
0
0
0
0
0
0
0
0
0
0
0
0
0
0
0
0
0
0
0
0
0
0
0
0
0
0
0
0
0
0
0
0
0
0
0
0
0
0
0
0
0
0
0
0
0
0
0

# Catch compositions
-999 -999 -999 -999 -999 -999 -999 -999
-999 -999 -999 -999 -999 -999 -999 -999
-999 -999 -999 -999 -999 -999 -999 -999
-999 -999 -999 -999 -999 -999 -999 -999
-999 -999 -999 -999 -999 -999 -999 -999
-999 -999 -999 -999 -999 -999 -999 -999
-999 -999 -999 -999 -999 -999 -999 -999
-999 -999 -999 -999 -999 -999 -999 -999
-999 -999 -999 -999 -999 -999 -999 -999
-999 -999 -999 -999 -999 -999 -999 -999
-999 -999 -999 -999 -999 -999 -999 -999
-999 -999 -999 -999 -999 -999 -999 -999
-999 -999 -999 -999 -999 -999 -999 -999
-999 -999 -999 -999 -999 -999 -999 -999
-999 -999 -999 -999 -999 -999 -999 -999
-999 -999 -999 -999 -999 -999 -999 -999
-999 -999 -999 -999 -999 -999 -999 -999
-999 -999 -999 -999 -999 -999 -999 -999
-999 -999 -999 -999 -999 -999 -999 -999
-999 -999 -999 -999 -999 -999 -999 -999
-999 -999 -999 -999 -999 -999 -999 -999
-999 -999 -999 -999 -999 -999 -999 -999
-999 -999 -999 -999 -999 -999 -999 -999
-999 -999 -999 -999 -999 -999 -999 -999
-999 -999 -999 -999 -999 -999 -999 -999
-999 -999 -999 -999 -999 -999 -999 -999
-999 -999 -999 -999 -999 -999 -999 -999
-999 -999 -999 -999 -999 -999 -999 -999
-999 -999 -999 -999 -999 -999 -999 -999
-999 -999 -999 -999 -999 -999 -999 -999
-999 -999 -999 -999 -999 -999 -999 -999
-999 -999 -999 -999 -999 -999 -999 -999
-999 -999 -999 -999 -999 -999 -999 -999
-999 -999 -999 -999 -999 -999 -999 -999
-999 -999 -999 -999 -999 -999 -999 -999
-999 -999 -999 -999 -999 -999 -999 -999
-999 -999 -999 -999 -999 -999 -999 -999
-999 -999 -999 -999 -999 -999 -999 -999
-999 -999 -999 -999 -999 -999 -999 -999
-999 -999 -999 -999 -999 -999 -999 -999
-999 -999 -999 -999 -999 -999 -999 -999
-999 -999 -999 -999 -999 -999 -999 -999
-999 -999 -999 -999 -999 -999 -999 -999
-999 -999 -999 -999 -999 -999 -999 -999
-999 -999 -999 -999 -999 -999 -999 -999
-999 -999 -999 -999 -999 -999 -999 -999
-999 -999 -999 -999 -999 -999 -999 -999
-999 -999 -999 -999 -999 -999 -999 -999
-999 -999 -999 -999 -999 -999 -999 -999
-999 -999 -999 -999 -999 -999 -999 -999

# Age composition from fishery-independent survey
0 0 3 24 26 29 42 76
0 0 3 24 38 30 27 78
0 0 18 39 13 27 22 81
0 0 7 84 31 8 14 56
0 0 3 39 106 12 6 34
0 0 12 40 51 55 4 38
0 0 19 57 34 33 30 27
0 0 76 56 31 14 3 20
0 0 8 166 19 2 0 5
0 0 0 54 139 3 2 2
0 0 1 2 115 73 4 5
0 0 1 28 8 58 92 13
0 0 0 10 35 5 52 98
0 0 3 5 30 32 6 124
0 0 10 34 11 17 27 101
0 0 7 72 34 2 17 68
0 0 27 48 73 13 2 37
0 0 3 114 40 15 3 25
0 0 1 26 136 7 7 23
0 0 2 8 40 85 9 56
0 0 1 11 11 61 60 56
0 0 2 13 23 13 50 99
0 0 9 37 18 9 13 114
0 0 4 72 51 6 6 61
0 0 4 45 81 12 3 55
0 0 3 43 51 41 11 51
0 0 5 19 54 33 41 48
0 0 1 22 31 47 35 64
0 0 2 9 34 35 34 86
0 0 7 5 12 26 25 125
0 0 1 52 11 10 29 97
0 0 6 13 69 7 7 98
0 0 22 29 16 48 7 78
0 0 34 81 22 6 22 35
0 0 2 148 36 3 0 11
0 0 5 13 170 6 0 6
0 0 7 47 23 93 19 11
0 0 2 21 66 21 69 21
0 0 2 36 33 41 10 78
0 0 10 12 59 27 30 62
0 0 11 44 13 45 17 70
0 0 4 43 74 10 19 50
0 0 15 54 65 25 3 38
0 0 0 77 58 19 15 31
0 0 2 12 112 24 13 37
0 0 10 32 9 64 22 63
0 0 6 78 35 7 43 31
0 0 3 36 76 19 4 62
0 0 6 34 60 32 17 51
0 0 10 46 46 39 21 38

# Antibody prevalence values
0 0 0 0 0 1 0 29 0 27 1 34 3 42 41 22
0 0 0 0 0 5 0 9 0 43 0 23 0 23 51 46
0 0 0 0 0 18 0 42 0 21 1 33 0 13 25 47
0 0 0 0 0 4 0 86 0 38 0 10 0 13 12 37
0 0 0 0 0 4 0 37 10 102 4 5 1 1 29 7
0 0 0 0 0 14 0 50 3 42 22 21 9 2 35 2
0 0 0 0 0 17 0 60 0 37 3 28 14 15 23 3
0 0 0 0 0 92 1 52 1 27 2 10 1 4 7 3
0 0 0 0 0 14 1 163 0 15 2 0 0 0 5 0
0 0 0 0 0 0 2 56 20 119 1 0 1 0 1 0
0 0 0 0 0 2 0 4 17 113 47 9 2 0 6 0
0 0 0 0 0 3 0 24 3 3 54 14 76 1 22 0
0 0 0 0 0 1 0 11 0 43 0 2 45 13 85 0
0 0 0 0 0 3 0 5 1 33 0 35 1 3 104 15
0 0 0 0 0 12 0 33 0 6 0 23 1 22 97 6
0 0 0 0 0 7 0 61 2 38 0 8 1 10 52 21
0 0 0 0 0 19 0 34 11 69 7 2 1 0 54 3
0 0 0 0 0 3 2 111 8 34 13 4 4 0 21 0
0 0 0 0 0 0 0 33 17 98 19 2 10 0 21 0
0 0 0 0 0 0 0 12 5 50 52 18 10 0 53 0
0 0 0 0 0 1 0 10 1 11 10 51 33 17 66 0
0 0 0 0 0 5 0 14 0 12 0 13 8 43 93 12
0 0 0 0 0 19 0 30 0 22 0 16 0 7 70 36
0 0 0 0 0 5 0 61 0 40 0 13 0 6 43 32
0 0 0 0 0 3 0 44 11 82 7 13 0 4 31 5
0 0 0 0 0 3 0 38 7 46 20 29 6 1 49 1
0 0 0 0 0 3 0 21 0 59 3 43 14 13 41 3
0 0 0 0 0 2 0 17 0 47 0 38 4 24 50 18
0 0 0 0 0 1 0 3 1 43 0 31 1 39 31 50
0 0 0 0 0 7 0 8 0 14 0 25 0 26 53 67
0 0 0 0 0 0 0 50 0 13 0 4 2 21 39 71
0 0 0 0 0 4 0 13 2 59 0 12 0 5 32 73
0 0 0 0 0 18 0 29 0 19 2 39 0 6 42 45
0 0 0 0 0 36 0 89 0 21 0 5 1 14 13 21
0 0 0 0 0 4 1 155 1 22 1 3 0 2 7 4
0 0 0 0 0 6 1 16 24 141 6 1 1 0 4 0
0 0 0 0 0 8 0 46 4 29 69 23 12 1 8 0
0 0 0 0 0 4 0 38 1 67 3 8 46 16 16 1
0 0 0 0 0 2 0 37 2 32 8 40 3 4 65 7
0 0 0 0 0 5 0 8 0 57 1 33 4 25 52 15
0 0 0 0 0 3 0 62 0 11 0 40 1 23 39 21
0 0 0 0 0 8 0 55 4 65 1 9 4 18 31 5
0 0 0 0 0 15 0 62 2 57 6 12 1 4 31 10
0 0 0 0 0 2 0 85 3 43 3 25 8 5 21 5
0 0 0 0 0 2 0 3 12 120 11 9 10 4 29 0
0 0 0 0 0 5 0 25 0 13 37 41 12 1 66 0
0 0 0 0 0 8 0 68 0 36 1 7 19 22 34 5
0 0 0 0 0 5 0 36 0 87 0 9 0 5 37 21
0 0 0 0 0 4 0 43 3 45 7 44 4 7 35 8
0 0 0 0 0 12 0 36 0 55 3 28 12 10 37 7

# Average weight-at-age
70
94
115
134
150
160
165
168

# Maturity logistic function parameter age-at-50%
3

# Maturity logistic function parameter age-at-95%
4

# Infection prevalence index (avg of 3 different samples)
0
0
0.0111111111111111
0.227777777777778
0
0
0.0277777777777778
0.155555555555556
0.127777777777778
0
0
0
0
0
0
0.122222222222222
0.344444444444444
0.455555555555556
0.0333333333333333
0
0.00555555555555556
0
0
0.177777777777778
0
0
0
0
0
0.00555555555555556
0.0111111111111111
0.0166666666666667
0
0.283333333333333
0.00555555555555556
0.238888888888889
0
0.00555555555555556
0
0
0.00555555555555556
0.0166666666666667
0
0.00555555555555556
0.1
0
0
0.0166666666666667
0
0

