# Simulated data from SIR age-structured hybrid model
# random seed = 2256212
# Flag=0 if no issues, =1 if negative pop #'s, =2 if NaN, or=3 if NA. Flag:
0

# True SSB
16447.9873156138
19459.4688210526
18220.6200689884
18018.3745419673
17546.9979767983
16818.0640951253
18754.5743825405
19808.5424521271
23638.2161803326
24827.3846249326
33618.4995485589
37324.1006963553
49093.9119132512
55729.4896902169
51745.1531748597
48562.8746318289
51837.2493637686
55743.1708392728
57217.6580729942
53222.7616608103
44297.2356345549
37141.5168085879
32359.8182343714
25703.3924373947
19026.2188360333
15100.2103341223
13225.1684560584
12206.9380274238
13176.1980833593
23486.16747095
43508.8005658243
61654.6978907491
68798.3893320353
61019.8953332449
61739.2115748752
51181.2647704576
40097.2606125711
32919.5033228138
26680.8572239196
20629.7168148239
17047.4280768431
14551.9401336262
10845.1971130094
9113.27027660054
8568.65129425771
11504.765194489
19699.595703916
27368.923034381
49735.7567530112
62351.874521881

# True R (numbers)
40.7638426620696
14.3757994839249
46.8830776031291
105.265465628951
49.7148185777251
243.070765044556
41.6074159547659
447.138209679572
220.776319002828
494.024564722694
160.919810549182
110.072191036978
217.006703877944
264.224054805414
218.421325940371
182.50016855724
152.295940746278
35.0927124560756
3.84080808043106
9.99793854745019
29.4856169181489
59.7084986271777
12.696227931362
32.4745528270241
28.387840477331
42.4302019788722
249.49255074599
552.082465291106
457.049895291626
351.479166380559
92.6418485758493
154.313592615741
30.0486967578995
29.200024297335
27.2744958899538
8.88044667798224
16.924334024471
18.6433100377079
12.135715668781
4.96132609992634
15.7729161424624
22.4039649591742
133.221021252808
282.152131164535
186.928105612626
988.089855856848
229.361634251325
31.3946196379262
20.0908829907551
108.131110409584

# True infection rate given (selected) susceptible
-999 -999 0.0798519160110081 0.0798519160110081 0.0798519160110072 0.0798519160110084 0.0798519160110079 0.0798519160110076
-999 -999 0.531259086342125 0.531259086342125 0.531259086342125 0.531259086342126 0.531259086342125 0.531259086342125
-999 -999 0.00998436609438775 0.00998436609438741 0.00998436609438766 0.00998436609438704 0.00998436609438732 0.00998436609438739
-999 -999 0.00680576930583618 0.00680576930583513 0.00680576930583607 0.00680576930583571 0.00680576930583601 0.00680576930583587
-999 -999 0.0145301295255803 0.0145301295255801 0.0145301295255814 0.0145301295255804 0.0145301295255804 0.01453012952558
-999 -999 0.130359256636751 0.130359256636752 0.130359256636752 0.130359256636752 0.130359256636752 0.130359256636752
-999 -999 0.245868167428444 0.245868167428444 0.245868167428445 0.245868167428445 0.245868167428446 0.245868167428444
-999 -999 0.179200338780373 0.179200338780374 0.179200338780374 0.179200338780374 0.179200338780373 0.179200338780374
-999 -999 0.623305306708919 0.623305306708919 0.623305306708919 0.623305306708919 0.623305306708918 0.623305306708919
-999 -999 0.460754271797509 0.460754271797509 0.460754271797508 0.460754271797508 0.460754271797508 0.460754271797508
-999 -999 0.769032945270723 0.769032945270723 0.769032945270724 0.769032945270723 0.769032945270723 0.769032945270724
-999 -999 0.687041334250129 0.687041334250129 0.687041334250129 0.687041334250128 0.687041334250128 0.687041334250129
-999 -999 0.765815689512955 0.765815689512955 0.765815689512956 0.765815689512955 0.765815689512955 0.765815689512955
-999 -999 0.689050493543698 0.689050493543698 0.689050493543697 0.689050493543698 0.689050493543698 0.689050493543698
-999 -999 0.00411472407570745 0.00411472407570742 0.00411472407570723 0.00411472407570719 0.00411472407570769 0.00411472407570739
-999 -999 0.188555507228085 0.188555507228085 0.188555507228085 0.188555507228085 0.188555507228085 0.188555507228086
-999 -999 0.638191096044197 0.638191096044197 0.638191096044197 0.638191096044197 0.638191096044197 0.638191096044197
-999 -999 0.447886099874589 0.447886099874589 0.447886099874589 0.447886099874588 0.447886099874589 0.447886099874589
-999 -999 0.362920587411671 0.362920587411671 0.362920587411671 0.362920587411671 0.362920587411672 0.362920587411671
-999 -999 0.225609795117679 0.225609795117678 0.225609795117679 0.225609795117679 0.225609795117679 0.225609795117678
-999 -999 0.0568774978051283 0.0568774978051283 0.0568774978051281 0.0568774978051276 0.0568774978051291 0.0568774978051283
-999 -999 0.0212954876491791 0.0212954876491794 0.0212954876491802 0.02129548764918 0.0212954876491792 0.0212954876491798
-999 -999 0.0596931395480495 0.0596931395480505 0.0596931395480501 0.0596931395480501 0.0596931395480497 0.0596931395480489
-999 -999 0.21594819347598 0.21594819347598 0.21594819347598 0.21594819347598 0.215948193475979 0.21594819347598
-999 -999 0.00679721437086825 0.00679721437086674 0.00679721437086726 0.00679721437086761 0.00679721437086669 0.00679721437086748
-999 -999 0.00341372255252652 0.00341372255252657 0.00341372255252639 0.00341372255252666 0.00341372255252583 0.00341372255252612
-999 -999 0.00197326094932893 0.00197326094932848 0.00197326094932841 0.00197326094932893 0.00197326094932868 0.00197326094932839
-999 -999 0.00192201418508942 0.00192201418508975 0.00192201418508959 0.00192201418508854 0.00192201418508991 0.00192201418509035
-999 -999 0.00487705122212131 0.00487705122212175 0.00487705122212104 0.00487705122212182 0.00487705122212135 0.00487705122212137
-999 -999 0.728723025261319 0.728723025261319 0.728723025261318 0.728723025261318 0.728723025261318 0.728723025261319
-999 -999 0.880937112668469 0.880937112668469 0.880937112668469 0.88093711266847 0.880937112668469 0.880937112668469
-999 -999 0.845885531519646 0.845885531519646 0.845885531519647 0.845885531519647 0.845885531519646 0.845885531519646
-999 -999 0.705160606936304 0.705160606936304 0.705160606936304 0.705160606936304 0.705160606936304 0.705160606936304
-999 -999 0.175980428952346 0.175980428952345 0.175980428952345 0.175980428952345 0.175980428952345 0.175980428952346
-999 -999 0.0587029136099593 0.0587029136099595 0.058702913609959 0.0587029136099587 0.0587029136099591 0.0587029136099587
-999 -999 0.0883992389605877 0.0883992389605875 0.0883992389605886 0.0883992389605875 0.0883992389605877 0.0883992389605879
-999 -999 0.0246184661528046 0.0246184661528044 0.0246184661528041 0.0246184661528045 0.0246184661528044 0.0246184661528031
-999 -999 0.024622609933847 0.0246226099338483 0.0246226099338482 0.0246226099338476 0.0246226099338477 0.0246226099338471
-999 -999 0.199212688354361 0.199212688354362 0.199212688354362 0.199212688354362 0.199212688354362 0.199212688354362
-999 -999 0.00907953351416227 0.0090795335141612 0.00907953351416116 0.00907953351416172 0.00907953351416199 0.00907953351416182
-999 -999 0.00670898570595478 0.00670898570595451 0.00670898570595343 0.00670898570595425 0.00670898570595371 0.00670898570595477
-999 -999 0.00502888472326252 0.00502888472326311 0.00502888472326248 0.00502888472326328 0.00502888472326337 0.00502888472326214
-999 -999 0.00241864577241431 0.00241864577241402 0.00241864577241402 0.00241864577241273 0.00241864577241394 0.00241864577241427
-999 -999 0.00192979197159659 0.00192979197159568 0.00192979197159558 0.00192979197159524 0.00192979197159548 0.00192979197159609
-999 -999 0.0014557674432541 0.00145576744325427 0.00145576744325494 0.00145576744325456 0.00145576744325493 0.00145576744325468
-999 -999 0.0332696290103804 0.0332696290103814 0.0332696290103808 0.0332696290103805 0.0332696290103797 0.0332696290103803
-999 -999 0.743509234931824 0.743509234931824 0.743509234931824 0.743509234931825 0.743509234931824 0.743509234931824
-999 -999 0.600243470644754 0.600243470644754 0.600243470644754 0.600243470644754 0.600243470644753 0.600243470644753
-999 -999 0.918676672104489 0.918676672104489 0.918676672104489 0.918676672104489 0.918676672104489 0.918676672104489
-999 -999 0.852058778985887 0.852058778985887 0.852058778985887 0.852058778985887 0.852058778985886 0.852058778985886

# Duration of outbreak (days) based on incidence
0
0
0
0
0
0
0
0
0
0
0
0
0
0
0
0
0
0
0
0
0
0
0
0
0
0
0
0
0
0
0
0
0
0
0
0
0
0
0
0
0
0
0
0
0
0
0
0
1
0

# Duration of outbreak (days) based on prevalence
0
21
0
0
0
0
0
0
23
0
24
14
19
0
0
0
0
0
0
0
0
0
0
0
0
0
0
0
0
32
27
23
5
0
0
0
0
0
0
0
0
0
0
0
0
0
33
13
26
20

# Peak (point) prevalence
0.0247406367529467
0.11914692228204
0.0011322159422056
0.000767699183134348
0.00208878561182549
0.0261212338661682
0.0474879836820825
0.0359952604505964
0.135987137762981
0.0576654913178897
0.202490233558922
0.117868288788709
0.157173929083651
0.0936912689056816
0.000147177758870614
0.0243362109632332
0.0994350784096722
0.0423058902087656
0.0338985443238907
0.0237403073649303
0.00617121533297007
0.00169307722207317
0.00529147930252306
0.0186817627708614
0.000346186030352649
0.000184256328327289
0.000109691311764622
0.000121579040338545
0.000504594471841282
0.226242787444683
0.356843345729484
0.237576436090837
0.103590007916761
0.0133258922366751
0.00545877696754325
0.0095326874760572
0.00172770041912074
0.00178647671936354
0.0176302810217175
0.000422171567636012
0.000327626291697899
0.000258068402042094
0.000118591948173105
0.000101602635614269
9.06047397950685e-05
0.00818744273201
0.252731782190203
0.110182470937429
0.419205867639458
0.211020214485623

# Day of peak prevalence
119
90
119
119
119
119
118
119
70
89
41
54
43
51
112
119
65
90
100
117
119
119
119
108
108
106
91
101
119
54
26
28
47
119
119
119
119
119
114
119
118
100
86
84
81
119
55
68
20
26

# Total immunity
0.0406882743161761
0.0588485890814036
0.2218827013647
0.139277718664669
0.115990454011698
0.0573074923928757
0.0666041096651088
0.0455226751492029
0.0450779471740175
0.0640843873763652
0.0798067721582715
0.144153414754236
0.179833482726321
0.223817360074381
0.244656616241883
0.192178849734825
0.177662261682276
0.28411659359516
0.369709516101936
0.454115035729626
0.48173616733643
0.405808814306963
0.392773173539371
0.353825756455503
0.348127077896619
0.263797360010993
0.093162310104055
0.0332216427321897
0.0201683901626113
0.0150226184400543
0.0665958185148847
0.177141857829621
0.342118371229084
0.481809448404567
0.488639968311202
0.492193798720617
0.490738039846338
0.460203780775836
0.439695683995708
0.489626150985779
0.434435955807617
0.360784422237423
0.14710896491556
0.0562487433179919
0.036902959959535
0.0106580040825305
0.00965161605104033
0.0622979289658554
0.121614962247367
0.329800977017949

# Observed immunity (based on survey selectivity)
0.100676540064685
0.100607340279651
0.39190631325354
0.342148054774161
0.302286971438928
0.254936146905344
0.230715658572476
0.270574891596501
0.22674933807773
0.418360823862245
0.346337780035996
0.435236885063538
0.448146466402901
0.562472795733672
0.685357897504167
0.524245428880521
0.428930377160656
0.547671774442235
0.55511270593656
0.554880546440993
0.567464716606213
0.568044848376585
0.563487502126472
0.548657196017426
0.552813486540672
0.490517727646754
0.441322262278083
0.376508708008421
0.276093763248255
0.123989629345574
0.226449092650587
0.395713937367247
0.555689699086809
0.679287275259124
0.628603318633106
0.57988927148923
0.580943556823886
0.559226303633767
0.545486898112764
0.601938491592845
0.564585738760214
0.528696771603299
0.502936845705139
0.462163836355177
0.370631884437507
0.189735442152454
0.0882714873528333
0.307572894325728
0.238325200542118
0.477183090279843

# True total proportion of susceptible
1 1 1 0.999609446306691 0.995008870851967 0.981504868930568 0.96915677581457 0.640803813594271
1 1 1 0.997008313751324 0.969356937917864 0.937023372762214 0.920889817486508 0.70399316845944
1 1 1 0.980339139259808 0.784618810046672 0.539067117523241 0.491747953148587 0.387477660364816
1 1 1 0.999636098523108 0.976732305002265 0.778674796681135 0.534357987397946 0.409411066657657
1 1 1 0.999753130453862 0.997165981564638 0.972097646848103 0.774458093794244 0.456033325754236
1 1 1 0.99946502210373 0.994394373702258 0.986981141927835 0.961532494511103 0.568155594915691
1 1 1 0.99518863016767 0.950462607616139 0.899802445866013 0.887659248363624 0.541246469531825
1 1 1 0.990802207042578 0.900110986047478 0.768599860713682 0.714747985722241 0.464344406881245
1 1 1 0.993246733171831 0.921854657810441 0.773787902564387 0.649512832821048 0.400139746007784
1 1 1 0.976915042558691 0.740904020362444 0.421912516700338 0.315895839622545 0.173033923346893
1 1 1 0.982939590599579 0.797012551194648 0.445591306950677 0.231712114381393 0.120291954914394
1 1 1 0.97171637170359 0.66919275245491 0.234547867529475 0.100163402150517 0.0289570764181305
1 1 1 0.975129416331945 0.70189166879883 0.256012649957906 0.0729963964476975 0.0195975059317861
1 1 1 0.972383895911402 0.671306579047117 0.214770920777332 0.0596353848012299 0.00546161395218417
1 1 1 0.974942727273618 0.700207772911696 0.253438619222458 0.0654120429250455 0.0107143173228448
1 1 1 0.999846972438905 0.97342326207103 0.697898833615097 0.252413533304154 0.0256390225087293
1 1 1 0.992958381071116 0.927478796575325 0.834381034365751 0.582311159790499 0.105030502097572
1 1 1 0.976912365136452 0.740592007616705 0.424774912486619 0.345251830723126 0.0679341840636861
1 1 1 0.983507752271179 0.803395139915353 0.45620290527704 0.240108473726415 0.058255471630397
1 1 1 0.986377849259762 0.841228853445609 0.557328154814461 0.295151690077263 0.0644470615459426
1 1 1 0.991440283054208 0.898603233613701 0.686587829517849 0.439351833374777 0.0976657783205761
1 1 1 0.997894710334022 0.970322668094795 0.860547587233526 0.653401935082443 0.167133588841786
1 1 1 0.999227478421635 0.990156685573334 0.955818796259964 0.846380687889935 0.272118298197183
1 1 1 0.99776944781483 0.976744634208641 0.947309632859655 0.911626959518728 0.369111859099098
1 1 1 0.991679105930933 0.911939420793448 0.810448223759281 0.775155158626255 0.313013151485809
1 1 1 0.999746041987504 0.989146208867015 0.907363744066743 0.805991645558058 0.314204706362198
1 1 1 0.999875416101397 0.99850006525182 0.986792622295 0.905011754483512 0.3249919472299
1 1 1 0.999928194123478 0.99915737438403 0.997136893638281 0.985367426925753 0.377505774892428
1 1 1 0.999930419477639 0.999232381233196 0.997835893145074 0.995747485349812 0.494836006976436
1 1 1 0.999823994087601 0.998169553584227 0.995886441827729 0.994316487485077 0.516038520865665
1 1 1 0.973371162433331 0.702936497802375 0.361657282125927 0.317418837872539 0.165270352017356
1 1 1 0.968333235042866 0.619428256788295 0.12917154771462 0.0424797262690668 0.0207902721064161
1 1 1 0.969576207499524 0.631355486168601 0.134162260317408 0.0187929319291103 0.00362382116584509
1 1 1 0.974186373158599 0.688898618267623 0.222623602673582 0.0372622277903949 0.00353665784757229
1 1 1 0.993603634027687 0.90962759598101 0.590682385127727 0.184233123448617 0.0204869650043991
1 1 1 0.997782474681342 0.971324636005642 0.869204160253189 0.5595582384918 0.0811580942581737
1 1 1 0.996663768285007 0.964037506776297 0.907431417940859 0.806500675773447 0.201224988632967
1 1 1 0.999091025045541 0.987560953782878 0.947023323187407 0.890170577374923 0.254359242258136
1 1 1 0.999090979474675 0.989975888567663 0.970302837180141 0.929299104215193 0.359139168604592
1 1 1 0.99254924991538 0.922430235431889 0.84077639140392 0.81475991920991 0.309672391662475
1 1 1 0.999666953341938 0.98922716403923 0.916384653843905 0.834781366151316 0.333182116944838
1 1 1 0.999755427685247 0.997219950438457 0.984602537919932 0.911734615023878 0.357983707180219
1 1 1 0.99981273475813 0.997882362654318 0.993665314019399 0.980888147122973 0.36958365363065
1 1 1 0.999911710108716 0.998929837799858 0.996206702782288 0.991905797002619 0.4054781088948
1 1 1 0.99992958484202 0.999207589784807 0.997592828212531 0.994801558335573 0.451020609031281
1 1 1 0.999946428126112 0.999393946394624 0.998190484457525 0.996523230940186 0.484222676674261
1 1 1 0.998740392198485 0.987293541572564 0.975251589915179 0.972782391046972 0.485419001082963
1 1 1 0.972748152869455 0.694323454158344 0.338038302904083 0.289088891284349 0.142266925677045
1 1 1 0.977728943121943 0.733562531700565 0.31787591545154 0.13324437200317 0.0628820094931222
1 1 1 0.967078458281227 0.606546587968951 0.107091670310451 0.0248003434178324 0.00750146527018998

# True vulnerable proportion of susceptible
0 0 0.05 0.499804723153345 0.945258427309369 0.981504868930568 0.96915677581457 0.640803813594271
0 0 0.05 0.498504156875662 0.920889091021971 0.937023372762214 0.920889817486508 0.70399316845944
0 0 0.05 0.490169569629904 0.745387869544339 0.539067117523241 0.491747953148587 0.387477660364816
0 0 0.05 0.499818049261554 0.927895689752151 0.778674796681135 0.534357987397946 0.409411066657657
0 0 0.05 0.499876565226931 0.947307682486406 0.972097646848103 0.774458093794244 0.456033325754236
0 0 0.05 0.499732511051865 0.944674655017145 0.986981141927835 0.961532494511103 0.568155594915691
0 0 0.05 0.497594315083835 0.902939477235332 0.899802445866013 0.887659248363624 0.541246469531825
0 0 0.05 0.495401103521289 0.855105436745104 0.768599860713682 0.714747985722241 0.464344406881245
0 0 0.05 0.496623366585915 0.875761924919919 0.773787902564387 0.649512832821048 0.400139746007784
0 0 0.05 0.488457521279345 0.703858819344322 0.421912516700338 0.315895839622545 0.173033923346893
0 0 0.05 0.49146979529979 0.757161923634915 0.445591306950677 0.231712114381393 0.120291954914394
0 0 0.05 0.485858185851795 0.635733114832164 0.234547867529475 0.100163402150517 0.0289570764181305
0 0 0.05 0.487564708165972 0.666797085358888 0.256012649957906 0.0729963964476975 0.0195975059317861
0 0 0.05 0.486191947955701 0.637741250094761 0.214770920777332 0.0596353848012299 0.00546161395218417
0 0 0.05 0.487471363636809 0.665197384266111 0.253438619222458 0.0654120429250455 0.0107143173228448
0 0 0.05 0.499923486219452 0.924752098967478 0.697898833615097 0.252413533304154 0.0256390225087293
0 0 0.05 0.496479190535558 0.881104856746558 0.834381034365751 0.582311159790499 0.105030502097572
0 0 0.05 0.488456182568226 0.703562407235869 0.424774912486619 0.345251830723126 0.0679341840636861
0 0 0.05 0.49175387613559 0.763225382919586 0.45620290527704 0.240108473726415 0.058255471630397
0 0 0.05 0.493188924629881 0.799167410773328 0.557328154814461 0.295151690077263 0.0644470615459426
0 0 0.05 0.495720141527104 0.853673071933016 0.686587829517849 0.439351833374777 0.0976657783205761
0 0 0.05 0.498947355167011 0.921806534690056 0.860547587233526 0.653401935082443 0.167133588841786
0 0 0.05 0.499613739210817 0.940648851294667 0.955818796259964 0.846380687889935 0.272118298197183
0 0 0.05 0.498884723907415 0.927907402498209 0.947309632859655 0.911626959518728 0.369111859099098
0 0 0.05 0.495839552965466 0.866342449753776 0.810448223759281 0.775155158626255 0.313013151485809
0 0 0.05 0.499873020993752 0.939688898423664 0.907363744066743 0.805991645558058 0.314204706362198
0 0 0.05 0.499937708050699 0.948575061989229 0.986792622295 0.905011754483512 0.3249919472299
0 0 0.05 0.499964097061739 0.949199505664829 0.997136893638281 0.985367426925753 0.377505774892428
0 0 0.05 0.49996520973882 0.949270762171537 0.997835893145074 0.995747485349812 0.494836006976436
0 0 0.05 0.4999119970438 0.948261075905015 0.995886441827729 0.994316487485077 0.516038520865665
0 0 0.05 0.486685581216666 0.667789672912256 0.361657282125927 0.317418837872539 0.165270352017356
0 0 0.05 0.484166617521433 0.58845684394888 0.12917154771462 0.0424797262690668 0.0207902721064161
0 0 0.05 0.484788103749762 0.599787711860171 0.134162260317408 0.0187929319291103 0.00362382116584509
0 0 0.05 0.4870931865793 0.654453687354242 0.222623602673582 0.0372622277903949 0.00353665784757229
0 0 0.05 0.496801817013843 0.86414621618196 0.590682385127727 0.184233123448617 0.0204869650043991
0 0 0.05 0.498891237340671 0.92275840420536 0.869204160253189 0.5595582384918 0.0811580942581737
0 0 0.05 0.498331884142503 0.915835631437482 0.907431417940859 0.806500675773447 0.201224988632967
0 0 0.05 0.49954551252277 0.938182906093734 0.947023323187407 0.890170577374923 0.254359242258136
0 0 0.05 0.499545489737337 0.94047709413928 0.970302837180141 0.929299104215193 0.359139168604592
0 0 0.05 0.49627462495769 0.876308723660295 0.84077639140392 0.81475991920991 0.309672391662475
0 0 0.05 0.499833476670969 0.939765805837268 0.916384653843905 0.834781366151316 0.333182116944838
0 0 0.05 0.499877713842623 0.947358952916534 0.984602537919932 0.911734615023878 0.357983707180219
0 0 0.05 0.499906367379065 0.947988244521602 0.993665314019399 0.980888147122973 0.36958365363065
0 0 0.05 0.499955855054358 0.948983345909865 0.996206702782288 0.991905797002619 0.4054781088948
0 0 0.05 0.49996479242101 0.949247210295567 0.997592828212531 0.994801558335573 0.451020609031281
0 0 0.05 0.499973214063056 0.949424249074892 0.998190484457525 0.996523230940186 0.484222676674261
0 0 0.05 0.499370196099243 0.937928864493936 0.975251589915179 0.972782391046972 0.485419001082963
0 0 0.05 0.486374076434727 0.659607281450427 0.338038302904083 0.289088891284349 0.142266925677045
0 0 0.05 0.488864471560972 0.696884405115537 0.31787591545154 0.13324437200317 0.0628820094931222
0 0 0.05 0.483539229140614 0.576219258570503 0.107091670310451 0.0248003434178324 0.00750146527018998

# True survival by age
0.776925997140034 0.776925997140034 0.775950450111514 0.767174546221938 0.758485791327222 0.757785827143891 0.758033368486441 0.764615836915739
0.801812960398284 0.801812960398284 0.795087450302154 0.734760513686878 0.677958815216567 0.675804240389139 0.677982177417398 0.707261975648397
0.828942153626233 0.828942153626233 0.82883317178696 0.827882118053768 0.827409017858385 0.827963083961375 0.828086333647136 0.82835792087801
0.842175061196672 0.842175061196672 0.842105064004403 0.841475487857333 0.840885257841595 0.841172457528458 0.84161107402052 0.841835388427006
0.798322844219851 0.798322844219851 0.79816304467744 0.796725364616618 0.795296650319451 0.795229741696693 0.795958526199789 0.797132699247459
0.8135061416596 0.8135061416596 0.811842501120416 0.796878881876942 0.782076733019022 0.780672479198715 0.781530905549821 0.794800180376074
0.776988262363192 0.776988262363192 0.773941369350444 0.746668507751726 0.721991607830408 0.722209918607431 0.722956406144133 0.744251688700572
0.754873410571621 0.754873410571621 0.752707554994301 0.733419402337647 0.717890669328515 0.721714144741952 0.724078097673903 0.735070143437695
0.75982253099374 0.75982253099374 0.752351802240835 0.685623614008704 0.629015511939832 0.644336379563151 0.662975777103735 0.700378001947662
0.793392631410903 0.793392631410903 0.787615804761831 0.736969528169312 0.712201252041158 0.744936437463115 0.757238441652873 0.773815907963106
0.682902156412589 0.682902156412589 0.674698038431533 0.602272779969214 0.55880977129152 0.61018323014409 0.645429317733984 0.663790733132454
0.831263792314918 0.831263792314918 0.822452669681888 0.745656545883339 0.71937223116959 0.790252562664571 0.813990543325521 0.826568592271924
0.829336433810493 0.829336433810493 0.819584726349708 0.734255214215366 0.69941466932096 0.779720774453754 0.815492817088071 0.825930072531363
0.794102182313861 0.794102182313861 0.785627215870867 0.711706791486194 0.686169934120048 0.758091554142604 0.784464547293318 0.793674071588064
0.715973229751785 0.715973229751785 0.715958617401866 0.715847152483443 0.715974859842612 0.716387334314505 0.716565233773433 0.716616985477797
0.782474949028534 0.782474949028534 0.78012922119686 0.759021340598749 0.739104556223081 0.749891814181378 0.771025257043441 0.781783246505994
0.85928161926166 0.85928161926166 0.850817708794181 0.775241018656399 0.710155594005182 0.71809807411173 0.76085778133439 0.841820971483061
0.813218026119564 0.813218026119564 0.807490772013004 0.757278381857239 0.732747616204736 0.764826477745695 0.773971998322118 0.805864804630507
0.756474965912709 0.756474965912709 0.752080200268048 0.713261622029829 0.689504483801112 0.716690669395913 0.735809055345521 0.751898020966794
0.731273600167036 0.731273600167036 0.728611958851972 0.705028281573962 0.688830984495401 0.701882374625044 0.716002781578254 0.728428165542893
0.795635286142373 0.795635286142373 0.794937518287428 0.788721589859573 0.783772381204024 0.786209515172081 0.789782690830522 0.794720904981354
0.846605332369965 0.846605332369965 0.846342287103131 0.843981228674425 0.841767229280665 0.842131800007912 0.843301380978807 0.846046938023359
0.751956934452682 0.751956934452682 0.751262674923716 0.745020155107396 0.738901613328232 0.738711095179089 0.740294786694035 0.748605004107826
0.667155805599464 0.667155805599464 0.664804179182725 0.643693642202321 0.623531140699318 0.622640332641425 0.624344918691287 0.650261241248706
0.698087121566847 0.698087121566847 0.698044870080547 0.697673829349111 0.69741543341282 0.697532274148099 0.697586303834727 0.698293790921192
0.786049882293435 0.786049882293435 0.78603345837 0.785885816113808 0.785746828208441 0.785799743497899 0.785885470808282 0.786301360113117
0.791691527270445 0.791691527270445 0.791692252257497 0.791698839205396 0.79170603946571 0.791712510829131 0.79175265901343 0.792037404611539
0.818156413497273 0.818156413497273 0.818154271584073 0.818135028127735 0.818116129584803 0.818114982764952 0.81812076875235 0.818419599612343
0.853536180578193 0.853536180578193 0.853489788271733 0.853072315496855 0.852655686936643 0.852611141834783 0.85261385102004 0.853263658014095
0.782403353521278 0.782403353521278 0.773535525665972 0.693740775226644 0.614223994366896 0.605778521472761 0.60605778698541 0.691134491388873
0.780798308961791 0.780798308961791 0.770292317644945 0.67855008040541 0.640639322036014 0.705144017928262 0.714462752083063 0.746512506898557
0.789208519977148 0.789208519977148 0.779000673196621 0.690378716587374 0.669265300136611 0.76328191188418 0.781024914755514 0.785464042242612
0.738554693500956 0.738554693500956 0.730443798127635 0.659931995052833 0.641483923042266 0.717320892768913 0.736106446876695 0.738576428760018
0.863300379581818 0.863300379581819 0.860939926370356 0.840314117895107 0.832512119503185 0.853060112072443 0.861875130140062 0.863478978345084
0.732567279108297 0.732567279108297 0.731897648320536 0.725917789145458 0.721050416208606 0.724911562104564 0.730608258697005 0.732903286073807
0.739503334394357 0.739503334394357 0.738470041499414 0.729194671647225 0.720451232055233 0.721620269033152 0.728208248911255 0.738386618146555
0.776355614899053 0.776355614899053 0.776077875988823 0.773589283879172 0.771287668476534 0.771364758181762 0.771979621378022 0.775666919574999
0.77559939591185 0.77559939591185 0.775322015576134 0.772828603534513 0.77040142699908 0.770374221340056 0.770720244415558 0.774589985278068
0.759964247711843 0.759964247711843 0.757555605002493 0.735900233956186 0.714664497071888 0.7132389225605 0.715237567831676 0.743028877956948
0.773835591486966 0.773835591486966 0.773751436886334 0.773004356088753 0.772402748496483 0.772506832654997 0.772564729215837 0.773688741362832
0.79631620329949 0.79631620329949 0.796256901181363 0.795723544711692 0.795206941289759 0.795270780034691 0.795408015377422 0.796251573851902
0.704647963571122 0.704647963571122 0.704624702550601 0.704415575165093 0.704209107370117 0.704200288509036 0.704283321224684 0.704914318237416
0.775723341416535 0.775723341416535 0.775720691386414 0.77569694690979 0.775674237697908 0.775674087430801 0.775681644418878 0.776043197242585
0.776486148682274 0.776486148682274 0.776489384470796 0.776518551112309 0.776548137426773 0.776552655538401 0.776554686302237 0.776831580566529
0.738765516564485 0.738765516564485 0.738778997417628 0.738900358655112 0.739021934288115 0.739035956355336 0.739036910361143 0.739222764902891
0.736549651218658 0.736549651218658 0.73618003832793 0.7328537532996 0.729531635490055 0.729171883775212 0.729185234930064 0.733287672837349
0.767953169840785 0.767953169840785 0.759049188483891 0.679026209576399 0.600934189148788 0.59429444563862 0.594735528055142 0.681795110228835
0.74636254341172 0.74636254341172 0.739283204172316 0.677514665793405 0.653153298832689 0.698895849740943 0.705855652856439 0.726731327146364
0.783048861184863 0.783048861184863 0.772099607333989 0.676006494032026 0.630581031007012 0.713795807142851 0.754323997147911 0.769769132598504
0.779115783418394 0.779115783418394 0.768972446250229 0.68103925262202 0.662429180752552 0.757865028737482 0.774602940342344 0.778121501826671

# True Numbers-at-age
40.7638426620696 22.1224626026064 72.3467926377077 52.1979879841493 19.9476807175226 16.284473429549 14.7401480017976 27.7056154270091
14.3757994839249 31.6704891074878 17.1875163167231 56.1375263113536 40.0449677454379 15.1300323941729 12.3401431674135 32.3576763687795
46.8830776031291 11.526702342298 25.3938086285364 13.66557852529 41.2476376696408 27.1488388880827 10.2249400492071 31.2517512502598
105.265465628951 38.8633593169637 9.55496946383303 21.0472309493409 11.3134880939472 34.1286673732161 22.4782363717475 34.3547688065716
49.7148185777251 88.6519499579582 32.7297520110721 8.04628817190123 17.7107289311426 9.5133453529666 28.7080950064995 47.8389927975138
243.070765044556 39.6884753668433 70.7728768360731 26.1236785166949 6.41068187756839 14.0852833936535 7.56529516771106 60.9844784493387
41.6074159547659 197.739560221644 32.2868184640328 57.4564293420848 20.8174077268965 5.01364513923293 10.99599310714 54.3829864548481
447.138209679572 32.3284738241161 153.641317297077 24.9881044940227 42.9009063575969 15.0299936756032 3.62090424793196 48.4242531643246
220.776319002828 337.532745337707 24.4039052941859 115.646980288786 18.3267606635568 30.7981603798552 10.8473590310649 38.2170401790653
494.024564722694 167.75082148821 256.464984855762 18.3603221297954 79.290300574791 11.527816740986 19.8443751563612 33.9579105241108
160.919810549182 391.955449386964 133.092265681872 201.995875440402 13.5309979370319 56.4706513440859 8.58749073475775 41.3040950837226
110.072191036978 109.892485633542 267.667221604023 89.7970905859672 121.656617443806 7.56125386253882 34.457444445475 32.9598938429784
217.006703877944 91.4990269498102 91.3496443546504 220.143620994562 66.9577883967056 87.5163923270959 5.97530024182868 55.2916469810039
264.224054805414 179.971565907104 75.8834767076858 74.8687732705493 161.641601591509 46.8312594299447 68.2383492026818 50.539848428555
218.421325940371 209.820898540797 142.915813241274 59.616124536461 53.28461440689 110.913607115105 35.5023822437022 93.64273299506
182.50016855724 156.383822180195 150.226146397676 102.321808053086 42.6760329915239 38.1504443317407 79.457103340396 92.5457458627944
152.295940746278 142.801810089525 122.366423289335 117.195806592624 77.6644359209411 31.5420504255619 28.6087059117547 133.61414717789
35.0927124560756 130.86510257144 122.706970607223 104.111519896371 90.8549964851244 55.1538336245133 22.650285664131 134.246347688038
3.84080808043106 28.5380263547112 106.42186040108 99.0847464270036 78.8414033198217 66.5737820947646 42.1831123052086 125.715093610014
9.99793854745019 2.90547516172134 21.5883025138962 80.0377740833428 70.6733469549389 54.3615010981889 47.7128084537145 125.563646107854
29.4856169181489 7.31122851584269 2.12469728170787 15.7294953829388 56.4288943229841 48.6819911605556 38.1553794789788 125.626599962991
59.7084986271777 23.4597972537558 5.81707139225478 1.6890015842329 12.4061926061203 44.2274088722355 38.2742446679519 129.972543486887
12.696227931362 50.5495333255734 19.8611894513479 4.92323350636311 1.42548563229393 10.4431263759762 37.2453074432616 142.239595828593
32.4745528270241 9.54701663437947 38.0110721175119 14.9209703143863 3.66790819054057 1.0532936334782 7.714453322291 134.053780148622
28.387840477331 21.6655864527956 6.36934757378092 25.2699195989378 9.60453372686004 2.28705497802813 0.655823098317962 91.9864572057778
42.4302019788722 19.8171858463188 15.1244668838898 4.44609039963775 17.6301615739351 6.69835005184615 1.59529465992569 64.6910651267577
249.49255074599 33.3522552711792 15.5772966018861 11.8883370107464 3.49411938223508 13.8528435375219 5.26356175259984 52.1203913912294
552.082465291106 197.521138542692 26.4046979135536 12.3324250308302 9.41198261149048 2.76631541752971 10.9674695392145 45.4487385383493
457.049895291626 451.689809757304 161.603186299987 21.6031163878609 10.0895888994815 7.70009478583206 2.26316409013474 46.1688530081321
351.479166380559 390.108621960877 385.53359502634 137.926669259213 18.4290205189406 8.60294535399571 6.56518660758434 41.3238094544139
92.6418485758493 274.998478469012 305.222294059755 298.223932090592 95.6853544563155 11.3195465954132 5.21147951685447 32.5391924960659
154.313592615741 72.3345987071175 214.718346955671 235.110388288195 202.359873098889 61.2998006076697 7.98191056741582 28.0143221607292
30.0486967578995 121.785602040626 57.0870815887851 167.265736826133 162.315208122764 135.432441205134 46.7890290059412 28.2383137455552
29.200024297335 22.1926060241336 89.9453279879436 41.6989046997344 110.384011407652 104.122596476012 97.1485196351402 55.2978588147711
27.2744958899538 25.2083920596877 19.1588852045443 77.4375240552977 35.0401783199494 91.8960272962481 88.8228338191009 131.4784316375
8.88044667798224 19.9804032431539 18.4668431818606 14.0223430256491 56.2132762591199 25.2657351616233 66.6164926985269 161.255670544061
16.924334024471 6.56711992927915 14.7755748208561 13.6372104508718 10.2250178183129 40.4989241387441 18.232266604651 167.579708726588
18.6433100377079 13.1393017483252 5.09842043081134 11.4669967234839 10.5495998667994 7.88643015321759 31.2394428249039 144.06097472155
12.135715668781 14.4597400030436 10.1908344987045 3.95291760467119 8.86202306454492 8.12742679165159 6.07550248843774 135.665059298125
4.96132609992634 9.22271002867 10.9888854335219 7.72012379414637 2.90895299008706 6.33337325646247 5.79679712806692 105.148484411434
15.7729161424624 3.83925071709622 7.13686127014862 8.50266589396686 5.96768932241958 2.2468832847903 4.89257411437168 85.8305995640559
22.4039649591742 12.5602286975269 3.05725755455291 5.68277503912983 6.76577144464652 4.74554797264883 1.78688062254209 72.2343426539312
133.221021252808 15.7869082844009 8.85053957369992 2.15421919499742 4.00303524772247 4.76451786970476 3.34181625147278 52.1774926246999
282.152131164535 103.342655753151 12.2462732450118 6.86554667725332 1.67102125253396 3.10505131425498 3.69571305063098 43.0841737258616
186.928105612626 219.087221670446 80.2441407603625 9.50910117408041 5.33122435841467 1.2976284412558 2.41123584366771 36.3390700615598
988.089855856848 138.096038503332 161.854084490045 59.2826858595797 7.02627826801576 3.93989173747953 0.958994076077367 28.6446601329623
229.361634251325 727.777238704055 101.714588994308 119.153746123413 43.4455388378741 5.12589227627377 2.87285828008834 21.7040604887778
31.3946196379262 176.138994063168 558.898837400753 77.2063762331019 80.9085165870097 26.10790965367 3.04628930873141 16.5063131995955
20.0908829907551 23.4317681624061 131.463547602968 413.184523321811 52.30845219069 52.8456645124647 18.2467097023615 14.1458954266398
108.131110409584 15.7321430461091 18.3482193751198 101.502953482985 279.315420999071 32.9847177127863 37.721013754675 24.6530046498765

