# Simulated data from SIR age-structured hybrid model
# random seed = 4008908
# Flag=0 if no issues, =1 if negative pop #'s, =2 if NaN, or=3 if NA. Flag:
0

# True SSB
24958.0166844141
29099.4088314419
53759.3049328874
61739.7588045443
60246.7066986492
56756.1305739033
50349.880432257
42618.3383876022
34488.1449659283
27316.1797321468
21136.8083998691
19874.9585281325
20981.0564437396
22219.7403828414
22938.7720943036
21163.3043032547
19456.5691134613
17882.0212794574
22310.2065228807
26798.8475733998
31944.6545543613
41732.3747038875
45563.8503530592
40953.6248945279
45623.2550471739
44738.1647267747
35044.4606823481
30827.6409751707
26961.3561736673
23937.236042231
26875.8998107481
32040.9888585151
42506.8735914093
57322.3465896234
54451.3041397208
54838.4570880565
57598.2805203849
51477.4385127931
58643.5856424702
73068.8196746873
80834.713496811
73642.2835060948
63416.9192700156
54725.7431885102
47581.2309501949
42811.4872353021
42359.4630741147
40737.3213200533
32201.4778905387
32645.8256153835

# True R (numbers)
237.009835037397
197.16660072553
79.3828052734998
81.5600545326527
20.2102613155219
5.66536649793215
4.76948467631844
8.01265698306023
99.8015229162119
82.1331121809999
98.2265567164922
77.6537956234902
57.1901386766686
28.244918779127
22.3604396358456
256.128905654162
80.7953773611463
271.040162621737
418.91254254022
76.1237206600589
187.301882888439
265.992036960913
50.5725847322876
46.4304672133332
56.2991527071252
31.0133034459136
32.7979067637538
224.860987770309
174.948013035323
370.335852154238
572.198598413388
51.2878958201012
345.208452866818
176.068877052436
78.3989998659545
469.502281083406
499.157489540307
447.719985072354
71.3084680508409
65.4206814876999
80.9173488827404
67.824899725305
93.9051876077732
199.936890015249
64.5600606554842
52.9101361949966
177.850163206241
139.98017577635
220.544661134547
101.389652212918

# True infection rate given (selected) susceptible
-999 -999 0.00285990461514545 0.00285990461514447 0.00285990461514475 0.00285990461514619 0.00285990461514478 0.0028599046151453
-999 -999 0.0764161346031794 0.0764161346031789 0.0764161346031804 0.076416134603179 0.0764161346031796 0.0764161346031796
-999 -999 0.917914396316683 0.917914396316682 0.917914396316682 0.917914396316682 0.917914396316682 0.917914396316682
-999 -999 0.799672606061413 0.799672606061413 0.799672606061413 0.799672606061413 0.799672606061413 0.799672606061413
-999 -999 0.0124401600889129 0.0124401600889125 0.0124401600889134 0.012440160088913 0.0124401600889136 0.0124401600889129
-999 -999 0.00754375902461842 0.00754375902461824 0.0075437590246182 0.00754375902461784 0.00754375902461939 0.00754375902461794
-999 -999 0.0452192667817699 0.0452192667817698 0.0452192667817705 0.0452192667817699 0.0452192667817697 0.0452192667817702
-999 -999 0.00780712713845272 0.00780712713845271 0.00780712713845323 0.00780712713845327 0.00780712713845213 0.00780712713845272
-999 -999 0.0263357781313425 0.0263357781313423 0.0263357781313421 0.0263357781313413 0.0263357781313422 0.0263357781313417
-999 -999 0.295410516231001 0.295410516231001 0.295410516231 0.295410516231001 0.295410516231 0.295410516231
-999 -999 0.0108927091634754 0.0108927091634751 0.0108927091634747 0.0108927091634744 0.0108927091634743 0.0108927091634749
-999 -999 0.00999257270410894 0.00999257270410812 0.00999257270410871 0.0099925727041082 0.00999257270410814 0.0099925727041082
-999 -999 0.00478809228560127 0.00478809228560103 0.00478809228560149 0.00478809228560249 0.00478809228560131 0.00478809228560097
-999 -999 0.0128808194864779 0.0128808194864768 0.0128808194864772 0.0128808194864776 0.0128808194864775 0.012880819486477
-999 -999 0.248451512976819 0.248451512976819 0.248451512976818 0.248451512976818 0.248451512976818 0.248451512976819
-999 -999 0.00215071695289033 0.00215071695289109 0.00215071695289109 0.00215071695289032 0.00215071695289108 0.00215071695289155
-999 -999 0.00246589499755075 0.00246589499754971 0.00246589499754969 0.00246589499754945 0.0024658949975495 0.00246589499755054
-999 -999 0.039138050315592 0.039138050315591 0.0391380503155906 0.039138050315591 0.0391380503155913 0.039138050315591
-999 -999 0.465330517090019 0.46533051709002 0.465330517090019 0.465330517090019 0.46533051709002 0.465330517090019
-999 -999 0.547430309882315 0.547430309882314 0.547430309882315 0.547430309882314 0.547430309882315 0.547430309882315
-999 -999 0.541077937801422 0.541077937801422 0.541077937801422 0.541077937801423 0.541077937801423 0.541077937801422
-999 -999 0.619663311973475 0.619663311973475 0.619663311973475 0.619663311973475 0.619663311973474 0.619663311973475
-999 -999 0.717472449323605 0.717472449323605 0.717472449323606 0.717472449323605 0.717472449323605 0.717472449323605
-999 -999 0.0034507463103639 0.00345074631036348 0.0034507463103633 0.00345074631036415 0.00345074631036256 0.00345074631036321
-999 -999 0.319515338311402 0.319515338311402 0.319515338311403 0.319515338311402 0.319515338311402 0.319515338311402
-999 -999 0.591349294019035 0.591349294019035 0.591349294019035 0.591349294019034 0.591349294019034 0.591349294019034
-999 -999 0.0011571562889971 0.00115715628899644 0.0011571562889967 0.00115715628899669 0.00115715628899583 0.00115715628899628
-999 -999 0.00166198574814579 0.00166198574814541 0.00166198574814621 0.00166198574814708 0.00166198574814596 0.00166198574814573
-999 -999 0.00224038495895262 0.00224038495895288 0.00224038495895198 0.00224038495895331 0.00224038495895312 0.00224038495895274
-999 -999 0.00384330380485936 0.00384330380486053 0.00384330380486037 0.00384330380485995 0.0038433038048606 0.00384330380485964
-999 -999 0.329966985589417 0.329966985589418 0.329966985589418 0.329966985589417 0.329966985589418 0.329966985589417
-999 -999 0.292239262154681 0.29223926215468 0.292239262154681 0.292239262154681 0.292239262154681 0.29223926215468
-999 -999 0.569723573618677 0.569723573618677 0.569723573618677 0.569723573618677 0.569723573618678 0.569723573618677
-999 -999 0.824398196683959 0.82439819668396 0.82439819668396 0.82439819668396 0.824398196683959 0.82439819668396
-999 -999 0.61352736603359 0.61352736603359 0.61352736603359 0.61352736603359 0.613527366033591 0.61352736603359
-999 -999 0.143537619240055 0.143537619240055 0.143537619240055 0.143537619240054 0.143537619240056 0.143537619240055
-999 -999 0.597697001237589 0.597697001237589 0.597697001237589 0.597697001237589 0.597697001237589 0.597697001237589
-999 -999 0.00517733498526082 0.00517733498526091 0.00517733498526084 0.00517733498526072 0.00517733498526099 0.00517733498526131
-999 -999 0.534562382215467 0.534562382215467 0.534562382215468 0.534562382215467 0.534562382215467 0.534562382215468
-999 -999 0.694191116799843 0.694191116799843 0.694191116799844 0.694191116799844 0.694191116799843 0.694191116799843
-999 -999 0.761911121585854 0.761911121585854 0.761911121585854 0.761911121585854 0.761911121585854 0.761911121585854
-999 -999 0.130523077551304 0.130523077551305 0.130523077551305 0.130523077551304 0.130523077551305 0.130523077551304
-999 -999 0.00620693242783845 0.0062069324278389 0.00620693242783829 0.00620693242783938 0.00620693242783895 0.00620693242784005
-999 -999 0.0237566128349201 0.0237566128349211 0.0237566128349203 0.0237566128349197 0.0237566128349206 0.0237566128349203
-999 -999 0.00976398632324051 0.00976398632324067 0.00976398632324051 0.00976398632324103 0.00976398632324146 0.00976398632324062
-999 -999 0.00948323281586371 0.00948323281586467 0.00948323281586382 0.00948323281586416 0.00948323281586326 0.00948323281586396
-999 -999 0.12713190543182 0.12713190543182 0.12713190543182 0.12713190543182 0.12713190543182 0.127131905431819
-999 -999 0.635087072021725 0.635087072021725 0.635087072021725 0.635087072021725 0.635087072021725 0.635087072021725
-999 -999 0.00174205097327456 0.00174205097327479 0.00174205097327486 0.00174205097327433 0.00174205097327419 0.00174205097327524
-999 -999 0.00278679095898303 0.00278679095898245 0.00278679095898329 0.00278679095898264 0.0027867909589824 0.00278679095898274

# Duration of outbreak (days) based on incidence
0
0
3
0
0
0
0
0
0
0
0
0
0
0
0
0
0
0
0
0
0
0
0
0
0
0
0
0
0
0
0
0
0
0
0
0
0
0
0
0
0
0
0
0
0
0
0
0
0
0

# Duration of outbreak (days) based on prevalence
0
0
26
14
0
0
0
0
0
0
0
0
0
0
0
0
0
0
0
0
0
4
15
0
0
0
0
0
0
0
0
0
0
21
0
0
0
0
0
9
16
0
0
0
0
0
0
14
0
0

# Peak (point) prevalence
6.9938319169818e-05
0.00862778462241265
0.47794374261471
0.182433353950322
0.00037538545433093
0.000168198875845848
0.00367752474125818
0.000206935172726053
0.000759562747363492
0.0200331903554963
0.00031198565308033
0.000420289345252883
0.000164526964503129
0.00111290533339282
0.0508516584382258
8.04856021872904e-05
9.38271988264441e-05
0.00627788025762382
0.0691838062209515
0.0819650736154798
0.0774211295755654
0.102894362482851
0.120693048111423
0.000118382332206904
0.0230049964526818
0.0769436710474686
1.94978134193534e-05
4.93092250350681e-05
4.085956152803e-05
0.00017830002942085
0.0359848408029332
0.0226287162235785
0.0929913732453312
0.244667256619373
0.0680825480500515
0.00744966526807701
0.0747794876049841
0.000166809686560588
0.0647003440426895
0.123824065953879
0.136931816432894
0.00545109255449722
0.000139206840166822
0.00179019842093162
0.000233509168932431
0.000249606316605808
0.00751070803543521
0.113310888174848
4.83378961977688e-05
8.32306783313546e-05

# Day of peak prevalence
44
119
20
25
118
83
119
69
87
88
87
107
76
119
119
63
65
119
64
62
80
42
49
109
87
68
40
62
33
89
96
83
50
30
47
113
51
104
53
33
39
115
91
119
62
64
103
61
58
68

# Total immunity
0.0687342658515799
0.0568535430620895
0.0576288419935675
0.250012435086808
0.465627754642604
0.462384318663652
0.458428499173757
0.463039901270274
0.320063538965876
0.246005849751884
0.222140389207719
0.17391366440913
0.144939985219116
0.131554471627224
0.122860086046671
0.0902519509272384
0.0732846106317122
0.0404071179177756
0.0234177702420698
0.0748380775607848
0.112689349776734
0.118343361092526
0.219698100366932
0.307924059167573
0.272448439345494
0.347283783367672
0.474155435863657
0.24842944544286
0.168503544113095
0.0899388067609032
0.0467932866195029
0.0667585470714897
0.0720726885792291
0.130911638246321
0.255276113365435
0.203682630737614
0.136014391786137
0.140630230906624
0.13264530565885
0.207751253085308
0.343019719681197
0.498267475216351
0.442027373703555
0.310530739798441
0.279291921802185
0.251871052081639
0.1751257194373
0.159299504164663
0.197132073960786
0.164246270038443

# Observed immunity (based on survey selectivity)
0.531131928316294
0.332638281412202
0.146044566130742
0.433266913238231
0.67407817467825
0.579909740589752
0.519690996652467
0.500773903905888
0.490255487093466
0.494912906816459
0.607994694563917
0.488835476337928
0.356752995370851
0.263010100166897
0.204683088846377
0.294654882558187
0.255513582561846
0.216004286212213
0.140076011960133
0.31503320249502
0.396613285271329
0.345699274891158
0.502566439733549
0.635406837767133
0.446152376946484
0.489985601038243
0.69352525678962
0.618225686455515
0.553249195920413
0.480596932220076
0.319256419845226
0.30108081096639
0.270078469246222
0.328739952975908
0.562369109462568
0.608674887930116
0.489110415422238
0.625722161160432
0.416598640002535
0.41546685496877
0.519100923276144
0.69856308590672
0.679030623230774
0.618377096549208
0.558643596685122
0.481340101546816
0.375070933037447
0.362856857204578
0.632300118183523
0.477941170462774

# True total proportion of susceptible
1 1 1 0.999918248469101 0.983877658909066 0.831256111678303 0.646636006010532 0.281875595053883
1 1 1 0.999874711638325 0.9986655385871 0.981528325969375 0.829107197165152 0.319952167737969
1 1 1 0.997469325828935 0.974221632691421 0.949271253268808 0.929842358660854 0.325919678024754
1 1 1 0.970968712915348 0.650651140483902 0.171851401579623 0.102823558386285 0.0313321388250723
1 1 1 0.966398749232771 0.620460168029794 0.163605084802444 0.0331989469716802 0.0073838645225831
1 1 1 0.999473128654393 0.961250753754991 0.61366849163195 0.161534775627154 0.0159615946302797
1 1 1 0.999705916830853 0.996531369863024 0.95580081458045 0.609578298342993 0.119846213343539
1 1 1 0.998084554219782 0.980477345003414 0.959935413816957 0.918469499339131 0.222786877456954
1 1 1 0.999702182858616 0.995107299794367 0.974881145581299 0.954125089879399 0.366909382931361
1 1 1 0.998974144841168 0.989415769211737 0.975565882793385 0.954584776974762 0.414616052075956
1 1 1 0.988740753472374 0.88186052474255 0.758995677171087 0.734316200797173 0.342799633533332
1 1 1 0.999534203718663 0.984116953988183 0.873837518566082 0.751536832165066 0.352373712839941
1 1 1 0.999626357333205 0.995794742085746 0.97707077965672 0.866962660990085 0.353892918062963
1 1 1 0.999802797937657 0.997654410156133 0.99205801723262 0.973192004331276 0.35920705926402
1 1 1 0.999526732209122 0.99506315207842 0.988645929605892 0.982604052205462 0.372866155549998
1 1 1 0.99097693355553 0.905718667650638 0.809928900344589 0.793654348593501 0.440025816171214
1 1 1 0.999917697209858 0.990155623903469 0.904250970244953 0.808503672191512 0.526512182310706
1 1 1 0.999892956307269 0.998847422995136 0.988137920298844 0.902278000587566 0.60312086977201
1 1 1 0.998644370630575 0.986252168468286 0.972779192906427 0.960821098342513 0.649320539360968
1 1 1 0.979352323748617 0.785365630897439 0.571390708710826 0.539797262345868 0.383572750351711
1 1 1 0.977355110702813 0.743960691295505 0.395732989760251 0.263999431692676 0.18058541893909
1 1 1 0.983876221070154 0.796909490258654 0.415530423771758 0.189425291395108 0.0852284767508307
1 1 1 0.974082051971123 0.713342361167349 0.34696467781061 0.159081930205516 0.0534221213407836
1 1 1 0.977280886008773 0.715575138404637 0.264405914005386 0.100500521850893 0.0192190802378859
1 1 1 0.999874033400641 0.976029837575569 0.713643142309726 0.263526631617276 0.0541940116746296
1 1 1 0.985485061762474 0.851560001891177 0.69399682517307 0.48955280535305 0.102262113820961
1 1 1 0.980803836975503 0.771829198658365 0.436222275326423 0.318197632325605 0.0573356397956631
1 1 1 0.999950492026695 0.980309893740454 0.771061504164132 0.435737693308609 0.123664775097474
1 1 1 0.999937298485745 0.99932353725055 0.979132804669934 0.770010311160343 0.222517839409457
1 1 1 0.999910742266573 0.999044793425323 0.997628621523215 0.977373945904586 0.265623727599961
1 1 1 0.999895962324808 0.998869754513954 0.997065948178011 0.99554574756261 0.332435402608916
1 1 1 0.988486475658481 0.878139649926724 0.753555627691297 0.737365066934665 0.287106917851344
1 1 1 0.987613027224424 0.862285191043876 0.654589267086012 0.546656275749938 0.227749385527196
1 1 1 0.978368319736795 0.75656950159056 0.437449065384794 0.300866376833185 0.110793392798679
1 1 1 0.97494164596947 0.683840798751958 0.204373811863969 0.0829431554848529 0.0339655292967677
1 1 1 0.974356042531153 0.709125958549292 0.296831090579709 0.0771182482066471 0.0180364257774453
1 1 1 0.994932082886042 0.923185430840446 0.628172982516819 0.255476442886107 0.0373085140032841
1 1 1 0.977869360013318 0.754936390806817 0.452715042175327 0.270726165825125 0.0567700152961549
1 1 1 0.999829058439962 0.976167666725201 0.75212310720655 0.450669362738633 0.0688212248464044
1 1 1 0.976703444276448 0.757134333296994 0.505155697299428 0.360368600707668 0.0905275261659659
1 1 1 0.972592530509762 0.68592055740334 0.28077135292647 0.160568144785863 0.0423565528031309
1 1 1 0.971689553402675 0.664293523496916 0.207134321588702 0.0657089654894166 0.012008699603924
1 1 1 0.995008677757895 0.921809746006116 0.591406116392166 0.179894057453598 0.0299143623254005
1 1 1 0.999747039672748 0.992485573472948 0.917275525031144 0.588065256476612 0.083713646430022
1 1 1 0.999272706415858 0.992441856351562 0.978571933033095 0.903004685428425 0.237894148185754
1 1 1 0.999615153656041 0.99542274678979 0.98515521351544 0.970974849010756 0.280004740849557
1 1 1 0.999629254272742 0.995905499971568 0.988388527407819 0.977801598351135 0.329053787629154
1 1 1 0.994298913126307 0.94211722894 0.885974453782933 0.873289747184937 0.347981984787659
1 1 1 0.978003895095407 0.750155271417418 0.440311039231189 0.376536234378429 0.150436898762919
1 1 1 0.999936874520889 0.977373246665386 0.749150809895831 0.439619006144166 0.181624236544938

# True vulnerable proportion of susceptible
0 0 0.05 0.49995912423455 0.934683775963613 0.831256111678303 0.646636006010532 0.281875595053883
0 0 0.05 0.499937355819162 0.948732261657745 0.981528325969375 0.829107197165152 0.319952167737969
0 0 0.05 0.498734662914467 0.92551055105685 0.949271253268808 0.929842358660854 0.325919678024754
0 0 0.05 0.485484356457674 0.618118583459706 0.171851401579623 0.102823558386285 0.0313321388250723
0 0 0.05 0.483199374616385 0.589437159628304 0.163605084802444 0.0331989469716802 0.0073838645225831
0 0 0.05 0.499736564327196 0.913188216067241 0.61366849163195 0.161534775627154 0.0159615946302797
0 0 0.05 0.499852958415427 0.946704801369873 0.95580081458045 0.609578298342993 0.119846213343539
0 0 0.05 0.499042277109891 0.931453477753243 0.959935413816957 0.918469499339131 0.222786877456954
0 0 0.05 0.499851091429308 0.945351934804648 0.974881145581299 0.954125089879399 0.366909382931361
0 0 0.05 0.499487072420584 0.93994498075115 0.975565882793385 0.954584776974762 0.414616052075956
0 0 0.05 0.494370376736187 0.837767498505423 0.758995677171087 0.734316200797173 0.342799633533332
0 0 0.05 0.499767101859331 0.934911106288773 0.873837518566082 0.751536832165066 0.352373712839941
0 0 0.05 0.499813178666602 0.946005004981459 0.97707077965672 0.866962660990085 0.353892918062963
0 0 0.05 0.499901398968829 0.947771689648326 0.99205801723262 0.973192004331276 0.35920705926402
0 0 0.05 0.499763366104561 0.945309994474499 0.988645929605892 0.982604052205462 0.372866155549998
0 0 0.05 0.495488466777765 0.860432734268106 0.809928900344589 0.793654348593501 0.440025816171214
0 0 0.05 0.499958848604929 0.940647842708295 0.904250970244953 0.808503672191512 0.526512182310706
0 0 0.05 0.499946478153634 0.948905051845379 0.988137920298844 0.902278000587566 0.60312086977201
0 0 0.05 0.499322185315288 0.936939560044872 0.972779192906427 0.960821098342513 0.649320539360968
0 0 0.05 0.489676161874309 0.746097349352567 0.571390708710826 0.539797262345868 0.383572750351711
0 0 0.05 0.488677555351406 0.70676265673073 0.395732989760251 0.263999431692676 0.18058541893909
0 0 0.05 0.491938110535077 0.757064015745721 0.415530423771758 0.189425291395108 0.0852284767508307
0 0 0.05 0.487041025985562 0.677675243108982 0.34696467781061 0.159081930205516 0.0534221213407836
0 0 0.05 0.488640443004386 0.679796381484405 0.264405914005386 0.100500521850893 0.0192190802378859
0 0 0.05 0.49993701670032 0.92722834569679 0.713643142309726 0.263526631617276 0.0541940116746296
0 0 0.05 0.492742530881237 0.808982001796618 0.69399682517307 0.48955280535305 0.102262113820961
0 0 0.05 0.490401918487752 0.733237738725447 0.436222275326423 0.318197632325605 0.0573356397956631
0 0 0.05 0.499975246013348 0.931294399053431 0.771061504164132 0.435737693308609 0.123664775097474
0 0 0.05 0.499968649242873 0.949357360388023 0.979132804669934 0.770010311160343 0.222517839409457
0 0 0.05 0.499955371133286 0.949092553754057 0.997628621523215 0.977373945904586 0.265623727599961
0 0 0.05 0.499947981162404 0.948926266788256 0.997065948178011 0.99554574756261 0.332435402608916
0 0 0.05 0.49424323782924 0.834232667430388 0.753555627691297 0.737365066934665 0.287106917851344
0 0 0.05 0.493806513612212 0.819170931491682 0.654589267086012 0.546656275749938 0.227749385527196
0 0 0.05 0.489184159868397 0.718741026511032 0.437449065384794 0.300866376833185 0.110793392798679
0 0 0.05 0.487470822984735 0.64964875881436 0.204373811863969 0.0829431554848529 0.0339655292967677
0 0 0.05 0.487178021265577 0.673669660621828 0.296831090579709 0.0771182482066471 0.0180364257774453
0 0 0.05 0.497466041443021 0.877026159298424 0.628172982516819 0.255476442886107 0.0373085140032841
0 0 0.05 0.488934680006659 0.717189571266476 0.452715042175327 0.270726165825125 0.0567700152961549
0 0 0.05 0.499914529219981 0.927359283388941 0.75212310720655 0.450669362738633 0.0688212248464044
0 0 0.05 0.488351722138224 0.719277616632144 0.505155697299428 0.360368600707668 0.0905275261659659
0 0 0.05 0.486296265254881 0.651624529533173 0.28077135292647 0.160568144785863 0.0423565528031309
0 0 0.05 0.485844776701337 0.63107884732207 0.207134321588702 0.0657089654894166 0.012008699603924
0 0 0.05 0.497504338878948 0.87571925870581 0.591406116392166 0.179894057453598 0.0299143623254005
0 0 0.05 0.499873519836374 0.942861294799301 0.917275525031144 0.588065256476612 0.083713646430022
0 0 0.05 0.499636353207929 0.942819763533984 0.978571933033095 0.903004685428425 0.237894148185754
0 0 0.05 0.499807576828021 0.945651609450301 0.98515521351544 0.970974849010756 0.280004740849557
0 0 0.05 0.499814627136371 0.946110224972989 0.988388527407819 0.977801598351135 0.329053787629154
0 0 0.05 0.497149456563154 0.895011367493 0.885974453782933 0.873289747184937 0.347981984787659
0 0 0.05 0.489001947547703 0.712647507846547 0.440311039231189 0.376536234378429 0.150436898762919
0 0 0.05 0.499968437260444 0.928504584332117 0.749150809895831 0.439619006144166 0.181624236544938

# True survival by age
0.778267540515681 0.778267540515681 0.778275731341871 0.778349485674856 0.77842925428109 0.778493695424562 0.778561898897611 0.778696650888828
0.778267540515681 0.778267540515681 0.777097619600002 0.766569863942733 0.756069417781453 0.755311180040706 0.758958870804562 0.771143796298703
0.778267540515681 0.778267540515681 0.764325071672733 0.639197040007183 0.520203246199557 0.51359089379811 0.519018989266013 0.687744489706057
0.778267540515681 0.778267540515681 0.772651481088005 0.723752841291934 0.709026014233154 0.759406590910807 0.767196688885089 0.775264812368861
0.778267540515681 0.778267540515681 0.778195510007172 0.777589356199218 0.777620778138835 0.778477850728792 0.778735253239423 0.778786208410286
0.778267540515681 0.778267540515681 0.778215618042044 0.77774887029417 0.777339903441294 0.777836285194986 0.778546900152229 0.778775696360359
0.778267540515681 0.778267540515681 0.777915815381961 0.774751480360564 0.77160979267978 0.771567526015919 0.774187649811734 0.777893817462023
0.778267540515681 0.778267540515681 0.778208457723718 0.777678865692099 0.777177293385138 0.777154591370961 0.777225701201147 0.778418726212827
0.778267540515681 0.778267540515681 0.77801737383704 0.775766777577295 0.773540238438105 0.773403279392612 0.773518196875133 0.776769361340526
0.778267540515681 0.778267540515681 0.7748882593125 0.744509942044055 0.714746416368428 0.712346340823025 0.713775549971811 0.750557607521804
0.778267540515681 0.778267540515681 0.778212963083039 0.777733915106351 0.777416073527024 0.77756757356781 0.777607672564053 0.778243805240543
0.778267540515681 0.778267540515681 0.77817695728273 0.777362378501902 0.776582264621142 0.776751715169607 0.777038498931516 0.777974499409879
0.778267540515681 0.778267540515681 0.778252755725755 0.778119947100878 0.777990053232813 0.777990851627341 0.778082124470018 0.778507427658327
0.778267540515681 0.778267540515681 0.778132092362935 0.77691343125131 0.775701312792261 0.775584327001863 0.775645494494742 0.777636159928479
0.778267540515681 0.778267540515681 0.774961685929269 0.745224892563063 0.715769025436801 0.712907201374701 0.713309894523143 0.753949129160822
0.778267540515681 0.778267540515681 0.778270866720201 0.778305313918249 0.7783750548393 0.778422774298016 0.778430369931832 0.778595414897777
0.778267540515681 0.778267540515681 0.778277288053238 0.778365051756109 0.778456169959451 0.778494882378891 0.778527272905132 0.778622668315117
0.778267540515681 0.778267540515681 0.777728174995253 0.772874519748424 0.768032021776282 0.767614515408644 0.768586497177244 0.771973121321284
0.778267540515681 0.778267540515681 0.775422750979014 0.749858932830741 0.724966954306409 0.722935014419079 0.723621756229864 0.741510932201173
0.778267540515681 0.778267540515681 0.773634252886166 0.732902340669722 0.709244320311822 0.725547743183779 0.728492220638193 0.743052188173225
0.778267540515681 0.778267540515681 0.768537038056233 0.683178052649852 0.64086095617974 0.701576144797626 0.727283064952171 0.743560749978536
0.778267540515681 0.778267540515681 0.773557490168045 0.731935073029943 0.707059644407221 0.739435820227459 0.760855720253167 0.770726727289663
0.778267540515681 0.778267540515681 0.766913182633429 0.667680598820947 0.624529053803607 0.699824544252627 0.742590490453313 0.766640818432238
0.778267540515681 0.778267540515681 0.778251483537154 0.778122733532084 0.778200898437797 0.778574879384402 0.778714917221853 0.778784362632762
0.778267540515681 0.778267540515681 0.776417678811302 0.759771320850523 0.743975438267967 0.752017415787293 0.7689105029786 0.776766855982039
0.778267540515681 0.778267540515681 0.769019064821315 0.687132934089732 0.628709687423732 0.650062459039077 0.687987388253987 0.759830879077921
0.778267540515681 0.778267540515681 0.778285827831892 0.778457139425799 0.778657389904661 0.778727717484195 0.778747486167121 0.778791179567805
0.778267540515681 0.778267540515681 0.778275557700647 0.778347734795962 0.778427367307381 0.778513255118296 0.778638296983883 0.778754668618192
0.778267540515681 0.778267540515681 0.778272863922154 0.778320804677671 0.778368977536759 0.778382914230457 0.778472162362642 0.778705818148155
0.778267540515681 0.778267540515681 0.778218788629181 0.777780112761536 0.777342648823313 0.777296079489097 0.777326629217025 0.778400148039644
0.778267540515681 0.778267540515681 0.773588861408138 0.731485672506547 0.689473713230267 0.684970072665327 0.685113133918159 0.747516342911827
0.778267540515681 0.778267540515681 0.77591113625138 0.754980942552376 0.73901673334116 0.742885321253025 0.743656984877189 0.765116886134059
0.778267540515681 0.778267540515681 0.772085562705903 0.717220127587215 0.677059045494441 0.697518601744787 0.710920943356584 0.750520504456606
0.778267540515681 0.778267540515681 0.764780742907611 0.646328520303779 0.584527052873388 0.660571776440102 0.697485869687241 0.748856742019726
0.778267540515681 0.778267540515681 0.773515209831337 0.731948451700571 0.71668921544498 0.759266763513691 0.770873088193851 0.775554362664012
0.778267540515681 0.778267540515681 0.776291629329088 0.759028804923486 0.751800418563122 0.766912262653943 0.775712084153196 0.778078397772426
0.778267540515681 0.778267540515681 0.771317186531702 0.709118941284001 0.656395656106186 0.691145322671495 0.743151517907545 0.773594741005261
0.778267540515681 0.778267540515681 0.778216055641901 0.777775886708976 0.777659730569909 0.778093216609208 0.77837765430931 0.778712054941917
0.778267540515681 0.778267540515681 0.774804339465412 0.743641541216206 0.714047616045796 0.72630464832731 0.747345294781418 0.773997249902198
0.778267540515681 0.778267540515681 0.771851620968657 0.715615456032809 0.686100500418756 0.713710646304461 0.732366700209481 0.767136163448546
0.778267540515681 0.778267540515681 0.769692430059715 0.694881271567078 0.666679974709083 0.730498156553287 0.751177369758544 0.771513954378517
0.778267540515681 0.778267540515681 0.776777492109609 0.763803992148136 0.759639792884026 0.772517526921859 0.776807553468866 0.778436508647656
0.778267540515681 0.778267540515681 0.77823810307509 0.777977297012716 0.777793656213497 0.778137230514094 0.778598943491864 0.778767219415106
0.778267540515681 0.778267540515681 0.777881032186412 0.77440356982494 0.770983072651988 0.771220960112959 0.773941359255473 0.778109022960256
0.778267540515681 0.778267540515681 0.778196963432232 0.777562670807684 0.776940741456957 0.776897671813309 0.777044633804356 0.778338130284862
0.778267540515681 0.778267540515681 0.778197276480689 0.77756537579078 0.776941075346351 0.776891036779668 0.776918525746033 0.778257987369598
0.778267540515681 0.778267540515681 0.777488630765496 0.770481528485855 0.76353103429773 0.762876423027638 0.76304699367408 0.773499253518328
0.778267540515681 0.778267540515681 0.769530291028498 0.691396203889628 0.621899653839442 0.623508746949931 0.625732099899664 0.717807115905795
0.778267540515681 0.778267540515681 0.778272658566287 0.778329324509156 0.778473715677472 0.778611061171154 0.778638540557511 0.778735962588247
0.778267540515681 0.778267540515681 0.778275308490333 0.778345249019823 0.778423858064966 0.778517691668951 0.778634658494948 0.77873215034864

# True Numbers-at-age
237.009835037397 688.919287362958 106.044833065298 22.1219218688949 12.4038910951032 7.67374362106584 12.6650762687501 105.839280263727
197.16660072553 184.457061392582 536.163519389785 82.5321200089214 17.2185865087937 9.65555169534503 5.97396102930421 92.2772389033297
79.3828052734998 153.448365418496 143.556943500755 416.651394634162 63.2666360061442 13.0184466767232 7.29294614495509 75.6930110369072
81.5600545326527 61.7810606194419 119.423881950404 109.724171130333 266.322338165021 32.911509426522 6.68615566456133 55.8426287868188
20.2102613155219 63.4755430454524 48.0821940987432 92.2730392662588 79.413180613981 188.829465930399 24.9932171753239 48.4224216158187
5.66536649793215 15.7289903672104 49.4009547688815 37.4173475589353 71.7505331975953 61.7533393035237 146.999556791763 57.1738134385215
4.76948467631844 4.40917085046559 12.2413626478837 38.4445945473322 29.1012997933663 55.7745525476801 48.0339880422384 158.97162563814
8.01265698306023 3.71193510856558 3.43151455350529 9.52274960561471 29.7850065374072 22.4548479002715 43.0338335238584 160.850365049302
99.8015229162119 6.23599084320208 2.88887860749714 2.67043364833984 7.40564111156433 23.1482307642008 17.4508881442326 158.6559377085
82.1331121809999 77.6722857797196 4.85326925621719 2.24759774753893 2.07163370610658 5.7285613912265 17.9029175851699 136.73765093791
98.2265567164922 63.9215352120053 60.4498188200135 3.76074136592501 1.67335886875856 1.48069276746772 4.08071974522026 115.408148991564
77.6537956234902 76.4465407090684 49.7480559954338 47.0428326217556 2.92485610622326 1.3008960813519 1.15133868239928 92.9888760104294
57.1901386766686 60.4354285316011 59.4958612185785 38.7127908452576 36.5693282583148 2.27139137866184 1.01047326244751 73.2376087464344
28.244918779127 44.5092285696416 47.0349323233004 46.3028179476358 30.1231947646392 28.4505736383745 1.76712171306412 57.8022535757989
22.3604396358456 21.9821034702964 34.6400878491452 36.5993903028788 35.9732811683025 23.3666017244276 22.0658190081356 46.3197825008585
256.128905654162 17.4024043602389 17.1079576031888 26.8447408803116 27.2747767063364 25.7485604035999 16.6582186409989 50.662526708701
80.7953773611463 199.336813458437 13.5437264405025 13.3146249916462 20.8934044779049 21.2300058145243 20.0432658235503 52.4128743016489
271.040162621737 62.8804196238957 155.137371544531 10.5407746842492 10.3636387707359 16.2645996272835 16.5274508794812 56.4140811245359
418.91254254022 210.94176074459 48.9377895272832 120.654704844888 8.14669617186546 7.95960643804733 12.4849427612129 56.2529298709095
76.1237206600589 326.026034173947 164.169125326739 37.9474753820779 90.4740082159961 5.90608551137698 5.75427819505994 50.7465386749235
187.301882888439 59.2446208530067 253.735479760639 127.006858619127 27.8117935300316 64.1681764630404 4.28514701382998 41.8992735051083
265.992036960913 145.770975729542 46.1081653600536 195.005114065019 86.7682983445903 17.8234925947296 45.0188618616336 34.271170085003
50.5725847322876 207.012968402326 113.448818759601 35.6673166721762 142.731082404392 61.3503621733457 13.1793288661019 60.6665653267129
46.4304672133332 39.3590011371183 161.111473773329 87.005394660929 23.814375354015 89.1397078423795 42.9344892476952 56.2963095800681
56.2991527071252 36.1353255231148 30.631833012139 125.38524347895 67.7008755255998 18.5323682962294 69.4019372817415 77.2764128153715
31.0133034459136 43.815803110491 28.1229509206081 23.7830966850203 95.2641120531665 50.3677885402832 13.9366637145488 113.389634727159
32.7979067637538 24.1366473961176 34.1004173225212 21.6270854169817 16.3421490069178 59.8934701116456 32.7422084748567 95.7451947030084
224.860987770309 25.5255462310893 18.7847692052707 26.5398715252714 16.835759047821 12.7249350911597 46.6407052722496 100.06342566206
174.948013035323 175.002007909925 19.8657040855892 14.61972672951 20.6572488834708 13.1054155922167 9.90653063898775 114.24109921557
370.335852154238 136.156359823106 136.198382281363 15.4609384125215 11.3788374722799 16.0789616921496 10.2010315808709 96.6721669588495
572.198598413388 288.220372820858 105.966075285097 105.992140072256 12.0252104218901 8.84525566123201 12.4981138855632 83.1791625653765
51.2878958201012 445.323595873707 224.312560681801 81.9741755276873 77.5317318611626 8.2910664819559 6.05873541301748 70.7404053795428
345.208452866818 39.9157045381346 346.580899694229 174.046613834073 61.8889403048473 57.2972472103191 6.159311586978 58.6302995972701
176.068877052436 268.664533577882 31.0650971988446 267.590108963537 124.829734580197 41.9024668494623 39.9658957579672 48.3820256340266
78.3989998659545 137.028691904957 209.092885771451 23.7579881142295 172.95111917433 72.9663568651296 27.6795869639718 64.1068536491874
469.502281083406 61.0153968045656 106.644983028952 161.736527411743 17.3896226157309 123.952201911382 55.400929622372 71.0557987071378
499.157489540307 365.398385565284 47.4863028046776 82.7876076353178 122.76268311381 13.0735255611612 95.0604636287962 98.2621525918845
447.719985072354 388.478071714516 284.377702842294 36.6270014780964 58.7062606777918 80.5808919278452 9.03570604242281 146.659412323673
71.3084680508409 348.445931621978 302.339873417531 221.307294218435 28.4875985521174 45.6534948614584 62.6994453973761 121.238644021471
65.4206814876999 55.4970660478689 271.184158206132 234.254245917326 164.573297354985 20.3415018330091 33.1583455302642 140.696512557624
80.9173488827404 50.9147928802919 43.1915650989112 209.313932092424 167.635959019749 112.91382167082 14.5179464200403 132.217450954451
67.824899725305 62.9753461000196 39.6253306308101 33.2442206990634 145.448331289088 111.759536919619 82.4833385799206 112.913161229817
93.9051876077732 52.7859178949358 49.011667722386 30.7800649514147 25.3920684857983 110.48834025577 86.3362010710765 151.969407452321
199.936890015249 73.0833594011652 41.0815664939543 38.1427473168163 23.9461917327775 19.7497897863926 85.975091090724 185.570067816847
64.5600606554842 155.604391650522 56.8784063737684 31.9565713481519 29.5378796850732 18.4621084804504 15.2314518410908 210.933423020503
52.9101361949966 50.2449996218868 121.10184718329 44.2626031249311 24.8482369673253 22.9491821435872 14.3431690952267 176.013044006533
177.850163206241 41.1782415648297 39.1040522789372 94.241127654817 34.4170676323152 19.3056159498547 17.8290139087769 148.127031167311
139.98017577635 138.415009098834 32.0476887854206 30.4029560637332 72.611048081714 26.2784992467966 14.7277992401705 128.180523497067
220.544661134547 108.942027122413 107.723908701805 24.6616672778355 21.0204884094883 45.156785666937 16.3848741370948 101.224548632177
101.389652212918 171.642750995048 84.7860435073527 83.8385728165056 19.1948988336272 16.3638977174896 35.1595728072122 91.5850908019651

