# Simulated data from SIR age-structured hybrid model
# random seed = 8047246
# Flag=0 if no issues, =1 if negative pop #'s, =2 if NaN, or=3 if NA. Flag:
0

# True SSB
11587.4912860215
13926.7725888465
21650.2522717191
16634.439993274
11427.7805136213
11466.876870167
11307.0466215737
11685.8718477085
12114.3311908951
11960.8815448546
11600.7542122639
12719.1718709811
13480.7124873593
9243.38445219772
10550.7707709578
14708.1182450332
11973.7770779301
13481.1861442885
15569.6412961285
11488.5222507231
16647.7687298666
14074.2315518087
9721.92281535886
10297.7749217843
11937.5404676875
13414.6903819717
11663.1577416202
13570.4930485514
13721.3707097019
6683.41721248451
5546.73769046807
4819.51663311226
4878.09749455982
5823.45945144332
6528.5940917628
6706.00234159324
7964.97858290934
10106.948453562
11456.7332274742
13270.0411158474
14415.7098018218
10081.7560580407
12742.9636683963
13456.6608384999
6517.02714073583
9531.70817788542
18466.5800950097
18095.1065035663
12253.2503882363
8566.05199915802

# True R (numbers)
140.115486014291
48.9950064466367
23.2449248550698
42.5650797223111
45.9626469894575
48.3625859732714
33.3989228726426
29.6593822774315
87.3564724376765
57.3393477257974
11.4618403744346
78.6943190113615
137.915877840511
60.4248735923085
125.093201577009
89.0057005976682
46.9382202897958
199.036724903806
85.0556149885174
42.7170397714512
31.3597151660147
89.4236271338454
47.5708125148553
16.1330781415662
126.453762777701
43.0346465220159
2.68686202440189
0.617433254834799
11.5609858625353
21.7473933803087
44.9635526603947
19.1277963668433
21.7345286008659
60.6304102461313
67.1315228094885
38.6226206510826
98.1090960596385
40.2414962712936
39.0826908048928
121.800648829382
23.1079999384806
19.4297200864524
100.453778975638
255.530199724111
217.460817756395
21.6034489926837
45.5689825909984
17.7228383223142
10.5154483307179
34.6996189248464

# True infection rate given (selected) susceptible
-999 -999 0.0075139271928679 0.00751392719286812 0.00751392719286866 0.00751392719286788 0.00751392719286813 0.00751392719286825
-999 -999 0.0390482621934092 0.0390482621934101 0.0390482621934097 0.0390482621934097 0.0390482621934097 0.0390482621934095
-999 -999 0.824876454698436 0.824876454698435 0.824876454698436 0.824876454698436 0.824876454698436 0.824876454698435
-999 -999 0.763338238803996 0.763338238803996 0.763338238803996 0.763338238803996 0.763338238803997 0.763338238803996
-999 -999 0.017123789861022 0.0171237898610213 0.0171237898610223 0.0171237898610215 0.017123789861022 0.0171237898610224
-999 -999 0.00394286274904747 0.0039428627490476 0.00394286274904701 0.0039428627490473 0.00394286274904792 0.00394286274904774
-999 -999 0.00129752469093639 0.00129752469093591 0.00129752469093573 0.00129752469093594 0.00129752469093699 0.00129752469093612
-999 -999 0.00497282549285504 0.00497282549285499 0.00497282549285503 0.0049728254928548 0.00497282549285592 0.00497282549285609
-999 -999 0.0218118217461533 0.0218118217461528 0.0218118217461536 0.0218118217461526 0.0218118217461525 0.0218118217461521
-999 -999 0.014049284262228 0.0140492842622287 0.0140492842622276 0.0140492842622281 0.0140492842622281 0.0140492842622273
-999 -999 0.0130414706014875 0.013041470601488 0.0130414706014874 0.0130414706014884 0.013041470601487 0.0130414706014877
-999 -999 0.0856500343019253 0.0856500343019251 0.0856500343019252 0.0856500343019256 0.0856500343019265 0.0856500343019255
-999 -999 0.416473625819496 0.416473625819496 0.416473625819496 0.416473625819497 0.416473625819497 0.416473625819496
-999 -999 0.00212050234367888 0.00212050234367875 0.00212050234367941 0.00212050234367943 0.00212050234368025 0.00212050234367964
-999 -999 0.00242015954570984 0.00242015954570929 0.00242015954570967 0.00242015954570942 0.00242015954570987 0.00242015954570965
-999 -999 0.579313421108764 0.579313421108765 0.579313421108765 0.579313421108765 0.579313421108764 0.579313421108765
-999 -999 0.257095775419268 0.257095775419268 0.257095775419268 0.257095775419268 0.257095775419268 0.257095775419268
-999 -999 0.166662044439109 0.166662044439109 0.16666204443911 0.166662044439109 0.16666204443911 0.16666204443911
-999 -999 0.561203060486623 0.561203060486624 0.561203060486624 0.561203060486623 0.561203060486624 0.561203060486623
-999 -999 0.00269712991417957 0.00269712991418053 0.00269712991417934 0.00269712991418051 0.00269712991417987 0.00269712991418038
-999 -999 0.679602904525282 0.679602904525283 0.679602904525283 0.679602904525283 0.679602904525282 0.679602904525283
-999 -999 0.667847159996765 0.667847159996765 0.667847159996765 0.667847159996765 0.667847159996765 0.667847159996765
-999 -999 0.00129090929608278 0.00129090929608195 0.00129090929608401 0.00129090929608253 0.00129090929608322 0.00129090929608275
-999 -999 0.000724159720858051 0.000724159720857951 0.000724159720858162 0.000724159720858142 0.000724159720858236 0.0007241597208586
-999 -999 0.0030139400927948 0.00301394009279455 0.00301394009279415 0.0030139400927943 0.0030139400927953 0.00301394009279422
-999 -999 0.172103326280983 0.172103326280982 0.172103326280983 0.172103326280984 0.172103326280982 0.172103326280983
-999 -999 0.0101889310817362 0.0101889310817357 0.0101889310817361 0.0101889310817364 0.010188931081736 0.0101889310817359
-999 -999 0.194418959172676 0.194418959172675 0.194418959172675 0.194418959172676 0.194418959172675 0.194418959172675
-999 -999 0.641958250777296 0.641958250777296 0.641958250777295 0.641958250777295 0.641958250777296 0.641958250777296
-999 -999 0.000680015549776293 0.000680015549775349 0.000680015549775284 0.000680015549775603 0.000680015549775049 0.000680015549775236
-999 -999 0.000434381672563744 0.000434381672563659 0.000434381672563942 0.000434381672563224 0.000434381672563852 0.000434381672563456
-999 -999 0.000730565888630801 0.0007305658886303 0.000730565888630562 0.000730565888631193 0.000730565888630491 0.000730565888631467
-999 -999 0.000968974486104258 0.000968974486104562 0.000968974486103632 0.000968974486103293 0.000968974486104776 0.000968974486104014
-999 -999 0.000556070501863853 0.00055607050186334 0.000556070501863675 0.000556070501864081 0.000556070501864186 0.000556070501862948
-999 -999 0.000456291144520264 0.000456291144520631 0.000456291144520828 0.000456291144521154 0.000456291144521192 0.000456291144521289
-999 -999 0.000223398719323714 0.000223398719323168 0.000223398719324142 0.000223398719323163 0.000223398719325903 0.000223398719323092
-999 -999 0.00032247142299125 0.000322471422991466 0.000322471422992617 0.000322471422991908 0.000322471422992411 0.000322471422991735
-999 -999 0.00943985037674944 0.0094398503767497 0.0094398503767501 0.0094398503767492 0.00943985037674944 0.00943985037674895
-999 -999 0.0130768911246318 0.0130768911246311 0.0130768911246308 0.0130768911246308 0.0130768911246321 0.013076891124632
-999 -999 0.0238736346990153 0.0238736346990144 0.0238736346990154 0.0238736346990151 0.0238736346990143 0.0238736346990146
-999 -999 0.418676799963081 0.418676799963081 0.418676799963083 0.418676799963081 0.418676799963081 0.418676799963081
-999 -999 0.00172905625684409 0.00172905625684482 0.00172905625684391 0.00172905625684492 0.00172905625684452 0.00172905625684434
-999 -999 0.0942984937208596 0.0942984937208596 0.09429849372086 0.0942984937208602 0.0942984937208603 0.0942984937208597
-999 -999 0.661819329608083 0.661819329608083 0.661819329608083 0.661819329608083 0.661819329608083 0.661819329608084
-999 -999 0.000376530743202197 0.000376530743201808 0.000376530743201342 0.000376530743201984 0.000376530743202423 0.0003765307432021
-999 -999 0.00228137008058054 0.0022813700805812 0.00228137008058079 0.00228137008058114 0.00228137008058094 0.00228137008058029
-999 -999 0.825103072477993 0.825103072477993 0.825103072477994 0.825103072477994 0.825103072477993 0.825103072477993
-999 -999 0.822190715365313 0.822190715365313 0.822190715365313 0.822190715365313 0.822190715365314 0.822190715365313
-999 -999 0.585146310529198 0.585146310529198 0.585146310529198 0.585146310529198 0.585146310529198 0.585146310529197
-999 -999 0.000575068453574567 0.000575068453574973 0.000575068453574667 0.000575068453574948 0.000575068453574458 0.000575068453575259

# Duration of outbreak (days) based on incidence
0
0
0
0
0
0
0
0
0
0
0
0
0
0
0
0
0
0
0
0
0
0
0
0
0
0
0
0
0
0
0
0
0
0
0
0
0
0
0
0
0
0
0
0
0
0
0
0
0
0

# Duration of outbreak (days) based on prevalence
0
0
51
44
0
0
0
0
0
0
0
0
19
0
0
36
0
0
34
0
47
40
0
0
0
0
0
0
47
0
0
0
0
0
0
0
0
0
0
0
18
0
0
47
0
0
50
45
23
0

# Peak (point) prevalence
0.00172935330953273
0.013254251472331
0.379638690225413
0.253438577075506
0.00344953260540532
0.000672069317279219
0.000161486415273021
0.000886841716856891
0.00593280497460778
0.00381204609922796
0.00362853866806803
0.0318740235067806
0.146066310464981
0.000346826926017222
0.00050285099614681
0.190764904214834
0.0859167497688803
0.0603015509266782
0.169368945723922
0.000448170646784094
0.21740124982679
0.181331759155469
0.000128510422409585
7.58563044762221e-05
0.000573241722270344
0.0605389438703364
0.00252597276909222
0.0728282674668272
0.19628962603303
5.25937058509127e-05
3.24488060450961e-05
5.86443071128819e-05
9.32175184902772e-05
6.02375392933666e-05
5.99223678107737e-05
2.51721476895149e-05
4.77205220280631e-05
0.00332269423665763
0.00499571258440846
0.00994454566543909
0.177739045131948
0.000310757818460567
0.0374478126802164
0.221347635279252
2.95096469980548e-05
0.000479214788444547
0.381124520219022
0.334481811176987
0.119481848799611
3.61970889482574e-05

# Day of peak prevalence
119
119
59
64
119
119
119
119
119
119
119
119
119
119
119
104
119
119
104
119
88
83
119
119
119
119
119
119
92
100
85
94
119
119
119
119
119
119
119
119
119
119
119
93
83
119
61
53
90
93

# Total immunity
0.0203404111934182
0.0181560266442275
0.0182384021413524
0.0793666794755514
0.128549698347022
0.0965197536364405
0.0788286863559424
0.0651309363080784
0.0394074617267505
0.0304450008878086
0.0293357247053728
0.0195971014834769
0.013771799682691
0.0272381483989297
0.0172522315318476
0.0129678940744063
0.0358087572130979
0.0248203458921504
0.024230207949172
0.0442136388437519
0.0392583425494337
0.0657291422111785
0.0918325764745151
0.0836546371083337
0.0438963831170023
0.0364725468479447
0.0464719760621181
0.0470011017614723
0.0640236179807206
0.161910044304386
0.0910350914679153
0.0734990942407805
0.0573837317840253
0.0321261333028215
0.0197678313738619
0.0154059545243397
0.00894752571501288
0.00733965478862989
0.00635570015207582
0.00407397471046121
0.0047415205187253
0.0306723344069386
0.0180236951470519
0.00985302393038765
0.0190827335007937
0.0181324417224985
0.0160013424153912
0.0688311297007091
0.170192966934501
0.188072144643633

# Observed immunity (based on survey selectivity)
0.132583634003885
0.0833998989224665
0.0434111648259197
0.162151476089664
0.306280199985538
0.248430753898839
0.197617341158283
0.148484073361464
0.111908579900222
0.0912413809935979
0.0748814538268897
0.0533716288895026
0.0486055232577854
0.12673743361057
0.084671522647394
0.0467201482933828
0.125260397782
0.111100041712574
0.0921586001531262
0.179867961318663
0.0956309442797933
0.17510583986898
0.301717178547567
0.22599816871802
0.1500681996777
0.105680897509572
0.117368565841537
0.0774642702378008
0.0821043579914
0.285906996256379
0.275735652727608
0.245603361633989
0.183132506924565
0.116367020413385
0.0819658845075002
0.0624823859659681
0.0400582429082711
0.0245637383440719
0.0180570839979218
0.0134058698767955
0.0124576293949675
0.0849747998447693
0.0519521142275581
0.0498378704523907
0.235543039199521
0.118911558036919
0.0471282771729157
0.129139211479295
0.28925234855937
0.404887051150578

# True total proportion of susceptible
1 1 1 0.998795798024698 0.987115402072084 0.973425973289623 0.971365592881571 0.601399106564561
1 1 1 0.999941176681359 0.998202120806015 0.985922795688438 0.972096764284051 0.673057376917666
1 1 1 0.999691902575978 0.996809927662077 0.992105868675873 0.979128790575174 0.788665714498815
1 1 1 0.99347566415746 0.900675633333713 0.605769055752488 0.521565220983971 0.318186030746639
1 1 1 0.99395852185007 0.902835197898013 0.527016339132381 0.212213918639245 0.089220916729028
1 1 1 0.999865637277949 0.99256488430533 0.899184850969408 0.521679044229504 0.132168317545229
1 1 1 0.999969232499844 0.999557317881771 0.991957815277176 0.898305931467197 0.36990137628673
1 1 1 0.999989949173763 0.99986867710988 0.999365848771586 0.991749021707674 0.637103513457139
1 1 1 0.999961253858869 0.999601800342717 0.999129498476784 0.998585748592118 0.726660420857492
1 1 1 0.999828657649509 0.998232572294045 0.996282769717979 0.99562451716891 0.758494346617196
1 1 1 0.999889727826571 0.998718926791368 0.996096378396682 0.994012151552455 0.813455303100649
1 1 1 0.999897628032673 0.998860245951955 0.996741995793171 0.993988451538596 0.856423401441145
1 1 1 0.999322174719699 0.992869561210107 0.984935677423357 0.981877626419622 0.870978775028468
1 1 1 0.996663103564503 0.958805655731133 0.89277487112688 0.873044573330921 0.748251692050388
1 1 1 0.999983515021856 0.996494392404887 0.95843185880145 0.892297021321899 0.768962638435001
1 1 1 0.999981115776674 0.99979452419347 0.996128968748023 0.957982005092505 0.818727643795807
1 1 1 0.995346189085496 0.938531802214056 0.827903018951364 0.802642997216385 0.605129487294951
1 1 1 0.997951568013565 0.971920949689094 0.876643250551887 0.744832344084732 0.526461016452362
1 1 1 0.998675692958986 0.98359205866001 0.939099664929765 0.831054153504733 0.558401408999718
1 1 1 0.995495364293322 0.939458897448595 0.812393371882454 0.725546494624715 0.449656488131863
1 1 1 0.999978999852241 0.995279142006466 0.938949758589899 0.811680056130648 0.524444900810862
1 1 1 0.994558862868684 0.924011491316842 0.752518268111551 0.624237809628535 0.313949938536486
1 1 1 0.994671917636331 0.919043738157655 0.64843665789955 0.407799452103591 0.164068274908568
1 1 1 0.999990015803943 0.994567701602076 0.918784904500269 0.648043154510638 0.205991771686249
1 1 1 0.999994405050931 0.999934061123607 0.994458462975995 0.918633681117811 0.461582187241283
1 1 1 0.999976488459112 0.999759065169693 0.999486375579632 0.99397487838146 0.641751967188278
1 1 1 0.998633039448216 0.985259901006139 0.969451865277442 0.967247498565087 0.678638760273424
1 1 1 0.999920136451244 0.997825593684919 0.98362414136823 0.967614597336436 0.732888872221853
1 1 1 0.998453587887229 0.983097546682232 0.962464480701967 0.943644120983342 0.773095398870048
1 1 1 0.994859985586546 0.927761134836885 0.760515011894398 0.698635077696854 0.493550842875552
1 1 1 0.999994770532112 0.994804659130027 0.927628051618803 0.76032503522801 0.51069209177468
1 1 1 0.999996664654133 0.999961418921602 0.994739557834247 0.927540227361443 0.634051313703251
1 1 1 0.999994384825088 0.999940511719002 0.999854712775314 0.994624441023233 0.712138429510947
1 1 1 0.999992533727407 0.999919712086457 0.999798586907674 0.999705257555114 0.719943342618608
1 1 1 0.999995711946641 0.999949652723124 0.999838218705804 0.999712758275222 0.722194863148795
1 1 1 0.999996470993731 0.99996042406866 0.999882600324101 0.999767602295148 0.769751546819761
1 1 1 0.999998277992285 0.999979253176972 0.999927712642838 0.999848156650751 0.837187867145588
1 1 1 0.999997502480997 0.99997330644981 0.999931811765543 0.999877763700295 0.908369239572054
1 1 1 0.999925645688899 0.999251283690344 0.998550224826207 0.998432935109829 0.924061773994613
1 1 1 0.999896834438282 0.998888331159627 0.997263914674428 0.996450111589674 0.937770254475762
1 1 1 0.999811288506258 0.997990563587301 0.995213631314391 0.993361921320909 0.959126122192823
1 1 1 0.996637243331064 0.959005095700632 0.898798619148696 0.886363519189891 0.853937926810372
1 1 1 0.999986546179231 0.996499340522485 0.958700100429424 0.898414569481081 0.860693715634927
1 1 1 0.999252596828622 0.992211106656366 0.980854513972842 0.939431530816331 0.852730898834621
1 1 1 0.99469404696353 0.92566197549651 0.760548222209675 0.710517220874408 0.546297831158015
1 1 1 0.999997109346854 0.994662605989071 0.92558688572708 0.760443234365546 0.583432311635812
1 1 1 0.999982181740676 0.999818812444581 0.994314831742206 0.925114140540794 0.672026693079065
1 1 1 0.993466134339628 0.900868114475058 0.609929274213982 0.523378525771675 0.216006454600051
1 1 1 0.993524838626761 0.893031670286834 0.459421582575553 0.165758143949081 0.047538628075295
1 1 1 0.995329762251782 0.930034838804675 0.667023329277903 0.231598126651067 0.0381963839525279

# True vulnerable proportion of susceptible
0 0 0.05 0.499397899012349 0.93775963196848 0.973425973289623 0.971365592881571 0.601399106564561
0 0 0.05 0.499970588340679 0.948292014765714 0.985922795688438 0.972096764284051 0.673057376917666
0 0 0.05 0.499845951287989 0.946969431278973 0.992105868675873 0.979128790575174 0.788665714498815
0 0 0.05 0.49673783207873 0.855641851667027 0.605769055752488 0.521565220983971 0.318186030746639
0 0 0.05 0.496979260925035 0.857693438003112 0.527016339132381 0.212213918639245 0.089220916729028
0 0 0.05 0.499932818638975 0.942936640090063 0.899184850969408 0.521679044229504 0.132168317545229
0 0 0.05 0.499984616249922 0.949579451987682 0.991957815277176 0.898305931467197 0.36990137628673
0 0 0.05 0.499994974586881 0.949875243254386 0.999365848771586 0.991749021707674 0.637103513457139
0 0 0.05 0.499980626929435 0.949621710325582 0.999129498476784 0.998585748592118 0.726660420857492
0 0 0.05 0.499914328824754 0.948320943679343 0.996282769717979 0.99562451716891 0.758494346617196
0 0 0.05 0.499944863913285 0.9487829804518 0.996096378396682 0.994012151552455 0.813455303100649
0 0 0.05 0.499948814016336 0.948917233654357 0.996741995793171 0.993988451538596 0.856423401441145
0 0 0.05 0.49966108735985 0.943226083149602 0.984935677423357 0.981877626419622 0.870978775028468
0 0 0.05 0.498331551782251 0.910865372944576 0.89277487112688 0.873044573330921 0.748251692050388
0 0 0.05 0.499991757510928 0.946669672784643 0.95843185880145 0.892297021321899 0.768962638435001
0 0 0.05 0.499990557888337 0.949804797983796 0.996128968748023 0.957982005092505 0.818727643795807
0 0 0.05 0.497673094542748 0.891605212103353 0.827903018951364 0.802642997216385 0.605129487294951
0 0 0.05 0.498975784006782 0.923324902204639 0.876643250551887 0.744832344084732 0.526461016452362
0 0 0.05 0.499337846479493 0.934412455727009 0.939099664929765 0.831054153504733 0.558401408999718
0 0 0.05 0.497747682146661 0.892485952576165 0.812393371882454 0.725546494624715 0.449656488131863
0 0 0.05 0.49998949992612 0.945515184906143 0.938949758589899 0.811680056130648 0.524444900810862
0 0 0.05 0.497279431434342 0.877810916750999 0.752518268111551 0.624237809628535 0.313949938536486
0 0 0.05 0.497335958818166 0.873091551249773 0.64843665789955 0.407799452103591 0.164068274908568
0 0 0.05 0.499995007901972 0.944839316521972 0.918784904500269 0.648043154510638 0.205991771686249
0 0 0.05 0.499997202525465 0.949937358067426 0.994458462975995 0.918633681117811 0.461582187241283
0 0 0.05 0.499988244229556 0.949771111911209 0.999486375579632 0.99397487838146 0.641751967188278
0 0 0.05 0.499316519724108 0.935996905955832 0.969451865277442 0.967247498565087 0.678638760273424
0 0 0.05 0.499960068225622 0.947934314000673 0.98362414136823 0.967614597336436 0.732888872221853
0 0 0.05 0.499226793943615 0.93394266934812 0.962464480701967 0.943644120983342 0.773095398870048
0 0 0.05 0.497429992793273 0.881373078095041 0.760515011894398 0.698635077696854 0.493550842875552
0 0 0.05 0.499997385266056 0.945064426173526 0.927628051618803 0.76032503522801 0.51069209177468
0 0 0.05 0.499998332327066 0.949963347975522 0.994739557834247 0.927540227361443 0.634051313703251
0 0 0.05 0.499997192412544 0.949943486133052 0.999854712775314 0.994624441023233 0.712138429510947
0 0 0.05 0.499996266863704 0.949923726482134 0.999798586907674 0.999705257555114 0.719943342618608
0 0 0.05 0.49999785597332 0.949952170086968 0.999838218705804 0.999712758275222 0.722194863148795
0 0 0.05 0.499998235496865 0.949962402865227 0.999882600324101 0.999767602295148 0.769751546819761
0 0 0.05 0.499999138996143 0.949980290518123 0.999927712642838 0.999848156650751 0.837187867145588
0 0 0.05 0.499998751240498 0.94997464112732 0.999931811765543 0.999877763700295 0.908369239572054
0 0 0.05 0.499962822844449 0.949288719505826 0.998550224826207 0.998432935109829 0.924061773994613
0 0 0.05 0.499948417219141 0.948943914601646 0.997263914674428 0.996450111589674 0.937770254475762
0 0 0.05 0.499905644253129 0.948091035407936 0.995213631314391 0.993361921320909 0.959126122192823
0 0 0.05 0.498318621665532 0.911054840915601 0.898798619148696 0.886363519189891 0.853937926810372
0 0 0.05 0.499993273089615 0.946674373496361 0.958700100429424 0.898414569481081 0.860693715634927
0 0 0.05 0.499626298414311 0.942600551323548 0.980854513972842 0.939431530816331 0.852730898834621
0 0 0.05 0.497347023481765 0.879378876721684 0.760548222209675 0.710517220874408 0.546297831158015
0 0 0.05 0.499998554673427 0.944929475689617 0.92558688572708 0.760443234365546 0.583432311635812
0 0 0.05 0.499991090870338 0.949827871822352 0.994314831742206 0.925114140540794 0.672026693079065
0 0 0.05 0.496733067169814 0.855824708751305 0.609929274213982 0.523378525771675 0.216006454600051
0 0 0.05 0.49676241931338 0.848380086772492 0.459421582575553 0.165758143949081 0.047538628075295
0 0 0.05 0.497664881125891 0.883533096864441 0.667023329277903 0.231598126651067 0.0381963839525279

# True survival by age
0.778267540515681 0.778267540515681 0.778028777428919 0.77588342696961 0.773796363444224 0.773633347115268 0.773644284653506 0.775608253333627
0.778267540515681 0.778267540515681 0.776905997864008 0.764652946270628 0.752445698734504 0.751427528328371 0.751811395585901 0.760113953721667
0.778267540515681 0.778267540515681 0.749918453080817 0.494864173265823 0.241354857488593 0.21576582968777 0.223130516052577 0.33122116700607
0.778267540515681 0.778267540515681 0.751947414850149 0.516786976306483 0.327908483283524 0.459599407798019 0.503969419118613 0.611137186453807
0.778267540515681 0.778267540515681 0.777688190549247 0.772512263726229 0.768381259632733 0.77241321756409 0.776228699046259 0.777719403979497
0.778267540515681 0.778267540515681 0.778155349565039 0.777145853399999 0.776155726074842 0.776303691378746 0.777352048246549 0.778433743516165
0.778267540515681 0.778267540515681 0.77824883802742 0.778080537793899 0.77791258660155 0.777900787362902 0.777985756997924 0.778465174393191
0.778267540515681 0.778267540515681 0.778119350216289 0.776785657775643 0.775452364608984 0.775305952185479 0.775332588599468 0.776572801157574
0.778267540515681 0.778267540515681 0.777521568032282 0.770808125378337 0.764099919541866 0.763361542439826 0.763369944839441 0.767571923236751
0.778267540515681 0.778267540515681 0.777796775973233 0.773560793077274 0.769339765480462 0.76888923065637 0.768895779303844 0.771254876726831
0.778267540515681 0.778267540515681 0.777832391861741 0.773916592625976 0.770010990901939 0.769600622127766 0.769619872496333 0.771287534482921
0.778267540515681 0.778267540515681 0.7752466259692 0.748061542209615 0.720936190789989 0.718047829938573 0.718215662683409 0.726600463440836
0.778267540515681 0.778267540515681 0.763518128056442 0.630873752614927 0.50003073191538 0.487731122410824 0.488634842205267 0.521407836200687
0.778267540515681 0.778267540515681 0.778219800123385 0.777793509015351 0.777419805688432 0.777472289065842 0.777501648743402 0.777687346840514
0.778267540515681 0.778267540515681 0.778208972669571 0.777681880499966 0.777160521780574 0.77716704062526 0.777279774034699 0.777490009759379
0.778267540515681 0.778267540515681 0.757839968007245 0.573995683089604 0.390223522490635 0.371299669977201 0.386905008882588 0.443871836484187
0.778267540515681 0.778267540515681 0.769156578269651 0.687584406620837 0.615832689457834 0.627499446968897 0.63211577877467 0.668211864022987
0.778267540515681 0.778267540515681 0.772362127387669 0.719335469918115 0.66923021348224 0.674794508376179 0.690432752710141 0.716340655694615
0.778267540515681 0.778267540515681 0.758478923890364 0.580644142482677 0.408461692802213 0.406630350320836 0.449449388859006 0.557503191562311
0.778267540515681 0.778267540515681 0.778199424052201 0.777591846342876 0.777083963872035 0.777260833084587 0.777425457578234 0.777948426901428
0.778267540515681 0.778267540515681 0.754485402639772 0.540451167238859 0.328542608053996 0.331695442755712 0.392298220603353 0.529072707944133
0.778267540515681 0.778267540515681 0.754965268545443 0.546515630831789 0.36920828641075 0.427691801384737 0.487544728625028 0.632318434547475
0.778267540515681 0.778267540515681 0.778249138746729 0.778087344447827 0.777989381259651 0.778216361419551 0.778433242423415 0.778652911955433
0.778267540515681 0.778267540515681 0.778268949070355 0.778281631245784 0.778297054405067 0.778336731036198 0.778473474967755 0.778696742506065
0.778267540515681 0.778267540515681 0.778188091091435 0.777473053701846 0.776758136153742 0.776690312452657 0.776851230158365 0.777821199025836
0.778267540515681 0.778267540515681 0.772172568862474 0.717319269542722 0.662491108909719 0.656430991863597 0.657105779212243 0.700229372644236
0.778267540515681 0.778267540515681 0.777933882712583 0.774936252376788 0.772029347136789 0.771814526489563 0.771830412034792 0.773910241647466
0.778267540515681 0.778267540515681 0.771376077676314 0.709358458475441 0.647615618019737 0.642704088457525 0.644919208983108 0.677396446970073
0.778267540515681 0.778267540515681 0.755764884906397 0.553589792827628 0.357952748679969 0.345127421143833 0.35360761842437 0.430454545427202
0.778267540515681 0.778267540515681 0.778270598669967 0.778300705743392 0.778359968849889 0.778441759547659 0.778470971794199 0.778567787851078
0.778267540515681 0.778267540515681 0.778279147903297 0.778383616573416 0.778489705474868 0.77852147908558 0.778571853154407 0.778647016336436
0.778267540515681 0.778267540515681 0.778268857781202 0.778280714905511 0.778292588168058 0.778296552329758 0.77833061548526 0.778479384207114
0.778267540515681 0.778267540515681 0.778260502959656 0.778197168344859 0.778133866627293 0.778126887317866 0.778130412487951 0.778320806273327
0.778267540515681 0.778267540515681 0.778274847777421 0.778340616568843 0.778406410154677 0.778413763716966 0.778413799844508 0.778522094932272
0.778267540515681 0.778267540515681 0.778278273796839 0.778374875153587 0.778471489437561 0.778482257678634 0.778482297647433 0.778570708447192
0.778267540515681 0.778267540515681 0.778286429949927 0.778456436073354 0.778626446666164 0.778645347450847 0.778645365327734 0.778681122213903
0.778267540515681 0.778267540515681 0.778282929545008 0.778421431462196 0.778559937069781 0.778575337400266 0.778575355337116 0.778612029046296
0.778267540515681 0.778267540515681 0.77795872799573 0.775179424360606 0.772400273493498 0.772091747625142 0.772092110260253 0.772706086058191
0.778267540515681 0.778267540515681 0.777828814014123 0.773880641361056 0.769938377385543 0.76950650466215 0.769507596368155 0.770199826222837
0.778267540515681 0.778267540515681 0.777443330925341 0.770026349925006 0.762625559802632 0.761829909861326 0.761843758701905 0.762842339318743
0.778267540515681 0.778267540515681 0.763405807188339 0.629678353670223 0.496463089267173 0.482458100964559 0.483009480777582 0.493203803100408
0.778267540515681 0.778267540515681 0.778233479738234 0.777929871287242 0.777668776019663 0.777709229803929 0.777724331711856 0.777763711235319
0.778267540515681 0.778267540515681 0.774935146301735 0.744944053884715 0.715175563121681 0.714394230028068 0.718444279929002 0.720978409395552
0.778267540515681 0.778267540515681 0.755059268885453 0.546358682118764 0.340749101206682 0.32299898990324 0.342248195297257 0.382537864114717
0.778267540515681 0.778267540515681 0.778281155077789 0.778405793114447 0.778546627880526 0.778602317013789 0.778615372669306 0.778658225934764
0.778267540515681 0.778267540515681 0.778213783176998 0.777729970224211 0.777254448764184 0.777312079000987 0.777577694287652 0.777862396766953
0.778267540515681 0.778267540515681 0.74987851908661 0.494382394155886 0.238973960990729 0.213718070777886 0.253045769639788 0.396878826025489
0.778267540515681 0.778267540515681 0.750124582660831 0.498680269161495 0.296611627665127 0.435171265653544 0.483933299510194 0.657104388273801
0.778267540515681 0.778267540515681 0.757769673436123 0.574619592523182 0.430524935549083 0.590212549270285 0.710758625734642 0.759286623863232
0.778267540515681 0.778267540515681 0.778274255113082 0.778336863271542 0.778423500297766 0.778534673708835 0.778708386858031 0.77878554460081

# True Numbers-at-age
140.115486014291 198.87301510084 68.0447611368025 7.95076858739772 19.3032097135095 20.4091180044605 5.54968012567988 22.2123150506148
48.9950064466367 109.047334688501 154.776412337469 52.9407823177093 6.16886957863247 14.9367534791149 15.7891742734613 21.521533189791
23.2449248550698 38.1312231647739 84.8680009678103 120.246723072852 40.4813251771084 4.64173938049613 11.2238877480615 28.2292988287241
42.5650797223111 18.090770496427 29.6762932693031 63.6440800018416 59.5057952013715 9.77036446907037 1.00152874862714 11.8545331671542
45.9626469894575 33.1270199073369 14.0794594602878 22.3150120061874 32.8904316639596 19.5124550510617 4.49045372395555 7.74948590817419
48.3625859732714 35.7712362280756 25.7816843078971 10.9494293515827 17.2386204399778 25.2723913118176 15.0716781885653 9.51254461392619
33.3989228726426 37.6390308383961 27.8395920404298 20.0621555649872 8.50930361767876 13.3798539641196 19.6190506653322 19.1208856245771
29.6593822774315 25.9932975599645 29.2932359579924 21.6661301566219 15.6099727913101 6.61949438740641 10.4081989334893 30.1482855457378
87.3564724376765 23.082934498271 20.2297397618858 22.7936337293655 16.8299391651642 12.1047903125033 5.13213339901456 31.4821543781124
57.3393477257974 67.9867069521963 17.9646986598539 15.7290589805465 17.5695180854926 12.8597551619965 9.24033140386318 28.0825341733585
11.4618403744346 44.6253531293297 52.9118472074462 13.9728846989651 12.1673833393507 13.5169289234976 9.88772725293677 28.7636432478498
78.6943190113615 8.92037831799451 34.7304638246072 41.1565486711908 10.8138473153787 9.3690189018172 10.4026369087806 29.7948308710641
137.915877840511 61.2452341095287 6.94244089401499 26.9246748983721 30.7876312709961 7.79609389133365 6.72740369110332 29.1202746801512
60.4248735923085 107.335451044996 47.6651777187299 5.30067947554082 16.9860706910729 15.394761798377 3.80239762404033 18.4707832516007
125.093201577009 47.0267177566568 83.53569749493 37.0939850771156 4.12283408944655 13.2053077760639 11.9690006950076 17.3208648428729
89.0057005976682 97.3559783265713 36.5993679669984 65.0082293287655 28.8473200700089 3.20410389216902 10.2627299648693 22.7700615313628
46.9382202897958 69.2702476960223 75.7689978067185 27.7364638491954 37.3144430000104 11.2569028521337 1.18968271773502 14.0776906570013
199.036724903806 36.5304932611226 53.9107853052953 58.2782230919364 19.0711600375093 22.9794537883174 7.06370031429648 10.1588971326697
85.0556149885174 154.903822363181 28.4304971441585 41.6386488275377 41.9215929938308 12.7629965032563 15.5064092218408 12.1542410854699
42.7170397714512 66.1960242841621 120.556616847071 21.5639328795694 24.177237542603 17.1233648392255 5.18982173926272 13.7453743443213
31.3597151660147 33.2452854810378 51.5182170115511 93.8170897960723 16.7679383822382 18.7877435850817 13.3093208201477 14.7278918887318
89.4236271338454 24.4062483935265 25.873726565069 38.8697427052433 50.7035556872402 5.50898220778926 6.23180892683446 13.0133485190629
47.5708125148553 69.5955063534492 18.9945909104447 19.5337649244687 21.2429219548254 18.720172910218 2.35614652424585 11.2668657558711
16.1330781415662 37.022819256269 54.1639235606423 14.7825240169 15.1989752771479 16.5267677077816 14.5683448473347 10.6070806079133
126.453762777701 12.555851046184 28.813658485533 42.1540998670681 11.5049669058029 11.8293176881797 12.8633903522694 19.6007691547146
43.0346465220159 98.4148589459545 9.7718113127949 22.4224458942175 32.773676749702 8.93657665026196 9.18771645133402 25.2388343849164
2.68686202440189 33.492468505651 76.5930902220656 7.54552464384022 16.0840525102013 21.7122694529588 5.86624587439652 23.7102747455568
0.617433254834799 2.09109749943624 26.0661010896919 59.5843600654067 5.84730058971424 12.4173605587645 16.7578449668492 22.8773714281945
11.5609858625353 0.480528260672871 1.62743330786473 20.1067668188808 42.2666698052425 3.78680318515496 7.98068839896919 26.3045062417555
21.7473933803087 8.99754003317193 0.373979547582153 1.22995694661123 11.1309008776977 15.1294706343352 1.30692961767178 14.1449264951284
44.9635526603947 16.9252903587198 7.00249335230809 0.291057286387086 0.957276359581506 8.66384766043596 11.7774117416165 12.0301909001638
19.1277963668433 34.9936735418527 13.1724040999947 5.44989455943285 0.226554223208024 0.74522979122866 6.74499149517475 18.5368335354031
21.7345286008659 14.8865430339079 27.2344402410263 10.2516718931353 4.24154783387505 0.176325472740977 0.580009777206692 19.6803761376726
60.6304102461313 16.9152781184636 11.5857132337804 21.1954891598059 7.97782203803845 3.30049201645781 0.137203591258788 15.7689694704206
67.1315228094885 47.1866802627133 13.1646118983954 9.01686920341326 16.4973101011215 6.20998781348238 2.56914841264872 12.3832923158589
38.6226206510826 52.246285148013 36.7238615931617 10.2457314234885 7.01850444048303 12.8426855661334 4.83436533319657 11.641305230543
98.1090960596385 30.0587319823882 40.661587843225 28.5816831333171 7.97585556889362 5.46479317340399 9.99989736484391 12.8291207819484
40.2414962712936 76.3551248925515 23.3937354109533 31.6462197065768 22.2485946982356 6.20968160979548 4.25475318880568 17.7745814070809
39.0826908048928 31.3186503297306 59.4247152558937 18.1993606433739 24.5314983753335 17.1848206297631 4.79444392630269 17.0195885985697
121.800648829382 30.4167896494587 24.37428896439 46.2222557906188 14.0841328870553 18.8877420539403 13.223831256055 16.7978452026536
23.1079999384806 94.7934913976571 23.6724000708671 18.9496284014122 35.5923549117501 10.7409197273252 14.3892468264373 22.8886008384591
19.4297200864524 17.9842062783578 73.7746974069489 18.0716476841856 11.9321708144637 17.6702904737811 5.1820437342581 18.2388876195932
100.453778975638 15.1215204645914 13.9965239883842 57.4139394796451 14.0584745569069 9.27927667254154 13.742347994776 18.2157464239462
255.530199724111 78.1799154988756 11.7685885408351 10.8463983646542 42.7701728254585 10.0542774578677 6.62906171369772 23.0062711923301
217.460817756395 198.870860066765 60.8448905530336 8.88598185945666 5.92602391624761 14.5738979487294 3.24752146309819 11.0695542511851
21.6034489926837 169.242695793799 154.774735144399 47.3544317001966 6.91689975691094 4.61368593673392 11.3472707108033 11.1479696093582
45.5689825909984 16.8132631141919 131.716096605683 120.447832176941 36.8289607561783 5.37619110771493 3.58627380734026 17.4949709551847
17.7228383223142 35.4648600048982 13.0852169319251 98.7710714625385 59.5472876425223 8.80116263107606 1.14898919167406 7.85087494976117
10.5154483307179 13.7931097920645 27.6011493707451 9.81554289008679 49.255184502308 17.662417910692 3.83001308138804 5.7148785119053
34.6996189248464 8.18383210976752 10.7347296339328 20.9153139451312 5.64020325589548 21.2055851333144 10.4245807013467 7.06144564536617

