# Simulated data from SIR age-structured hybrid model
# random seed = 7458866
# Flag=0 if no issues, =1 if negative pop #'s, =2 if NaN, or=3 if NA. Flag:
0

# Number of years (nyr)
50

# Starting age
0

# Ending age
8

# Sample size for comp data
200

# Sample size for fishery age comp data
200

# Sample size for antibody prevalence data
200

# Survey data
13878.425726374
21242.2682068796
20578.5959664063
13186.5268857513
14543.0621934858
14567.8301280298
7380.50118765979
13979.2803839362
22032.4265423549
20964.6285421995
19893.2363125994
35370.6162510007
50760.0909336003
107269.331091117
86276.4982191401
67852.5447773576
77956.4157189233
85235.0638054955
62178.4246983166
45438.5992227286
30687.3815675504
44379.0970475817
32197.0631481869
30094.0259405733
28796.0506830178
15339.7872988649
17302.3112934858
23883.2608477512
15346.2137621917
13835.7884282447
10484.9683472482
19918.2699356138
9170.63136990602
16623.4222633945
21232.1508069755
25812.0399288392
19416.1696980452
19017.3014558981
16910.3764741735
12032.1670747306
20782.665810248
10285.1921785948
9841.15791193332
11040.4630234468
7937.09006337056
8146.45434191753
8127.12981350502
4696.79210493278
14042.6849788167
6403.29100501118

# Catches
0
0
0
0
0
0
0
0
0
0
0
0
0
0
0
0
0
0
0
0
0
0
0
0
0
0
0
0
0
0
0
0
0
0
0
0
0
0
0
0
0
0
0
0
0
0
0
0
0
0

# Catch compositions
-999 -999 -999 -999 -999 -999 -999 -999
-999 -999 -999 -999 -999 -999 -999 -999
-999 -999 -999 -999 -999 -999 -999 -999
-999 -999 -999 -999 -999 -999 -999 -999
-999 -999 -999 -999 -999 -999 -999 -999
-999 -999 -999 -999 -999 -999 -999 -999
-999 -999 -999 -999 -999 -999 -999 -999
-999 -999 -999 -999 -999 -999 -999 -999
-999 -999 -999 -999 -999 -999 -999 -999
-999 -999 -999 -999 -999 -999 -999 -999
-999 -999 -999 -999 -999 -999 -999 -999
-999 -999 -999 -999 -999 -999 -999 -999
-999 -999 -999 -999 -999 -999 -999 -999
-999 -999 -999 -999 -999 -999 -999 -999
-999 -999 -999 -999 -999 -999 -999 -999
-999 -999 -999 -999 -999 -999 -999 -999
-999 -999 -999 -999 -999 -999 -999 -999
-999 -999 -999 -999 -999 -999 -999 -999
-999 -999 -999 -999 -999 -999 -999 -999
-999 -999 -999 -999 -999 -999 -999 -999
-999 -999 -999 -999 -999 -999 -999 -999
-999 -999 -999 -999 -999 -999 -999 -999
-999 -999 -999 -999 -999 -999 -999 -999
-999 -999 -999 -999 -999 -999 -999 -999
-999 -999 -999 -999 -999 -999 -999 -999
-999 -999 -999 -999 -999 -999 -999 -999
-999 -999 -999 -999 -999 -999 -999 -999
-999 -999 -999 -999 -999 -999 -999 -999
-999 -999 -999 -999 -999 -999 -999 -999
-999 -999 -999 -999 -999 -999 -999 -999
-999 -999 -999 -999 -999 -999 -999 -999
-999 -999 -999 -999 -999 -999 -999 -999
-999 -999 -999 -999 -999 -999 -999 -999
-999 -999 -999 -999 -999 -999 -999 -999
-999 -999 -999 -999 -999 -999 -999 -999
-999 -999 -999 -999 -999 -999 -999 -999
-999 -999 -999 -999 -999 -999 -999 -999
-999 -999 -999 -999 -999 -999 -999 -999
-999 -999 -999 -999 -999 -999 -999 -999
-999 -999 -999 -999 -999 -999 -999 -999
-999 -999 -999 -999 -999 -999 -999 -999
-999 -999 -999 -999 -999 -999 -999 -999
-999 -999 -999 -999 -999 -999 -999 -999
-999 -999 -999 -999 -999 -999 -999 -999
-999 -999 -999 -999 -999 -999 -999 -999
-999 -999 -999 -999 -999 -999 -999 -999
-999 -999 -999 -999 -999 -999 -999 -999
-999 -999 -999 -999 -999 -999 -999 -999
-999 -999 -999 -999 -999 -999 -999 -999
-999 -999 -999 -999 -999 -999 -999 -999

# Age composition from fishery-independent survey
0 0 4 3 22 32 28 111
0 0 1 21 3 22 25 128
0 0 5 7 38 6 18 126
0 0 7 32 9 30 1 121
0 0 1 11 43 15 23 107
0 0 2 16 34 34 13 101
0 0 7 18 29 26 36 84
0 0 6 34 31 17 27 85
0 0 4 48 30 21 17 80
0 0 3 34 72 22 16 53
0 0 14 15 45 53 11 62
0 0 36 66 21 20 28 29
0 0 10 104 53 9 7 17
0 0 2 48 114 21 2 13
0 0 3 17 57 97 16 10
0 0 1 27 26 55 56 35
0 0 3 13 39 15 47 83
0 0 3 9 18 37 19 114
0 0 0 3 25 11 28 133
0 0 3 7 7 28 13 142
0 0 2 21 6 9 21 141
0 0 2 14 30 10 9 135
0 0 1 11 29 16 11 132
0 0 4 9 22 15 24 126
0 0 2 33 10 18 16 121
0 0 0 16 37 5 13 129
0 0 1 19 34 42 9 95
0 0 5 10 25 29 28 103
0 0 3 41 9 26 20 101
0 0 1 17 70 2 13 97
0 0 4 26 15 49 4 102
0 0 7 43 12 13 44 81
0 0 6 70 37 12 6 69
0 0 3 43 78 21 11 44
0 0 1 47 58 51 15 28
0 0 0 13 75 34 33 45
0 0 5 14 18 52 39 72
0 0 3 17 22 21 35 102
0 0 0 27 37 20 11 105
0 0 1 7 33 35 7 117
0 0 0 6 16 42 24 112
0 0 3 2 11 7 40 137
0 0 2 12 8 4 5 169
0 0 1 19 33 4 12 131
0 0 5 35 33 18 5 104
0 0 11 22 48 25 18 76
0 0 3 40 20 46 23 68
0 0 1 25 48 19 30 77
0 0 1 9 47 58 10 75
0 0 3 23 22 44 43 65

# Antibody prevalence values
0 0 0 0 0 3 0 1 0 22 1 36 8 19 92 18
0 0 0 0 0 2 0 21 0 4 1 18 1 22 106 25
0 0 0 0 0 3 1 10 0 27 0 7 2 17 99 34
0 0 0 0 0 1 1 28 3 11 13 18 0 0 96 29
0 0 0 0 0 0 0 19 1 50 2 7 10 18 74 19
0 0 0 0 0 3 0 19 2 29 8 30 7 2 73 27
0 0 0 0 0 2 0 19 0 34 7 20 6 28 64 20
0 0 0 0 0 8 0 17 2 34 0 19 2 21 53 44
0 0 0 0 0 5 1 46 2 39 3 17 4 10 51 22
0 0 0 0 0 2 1 46 9 45 11 11 4 6 53 12
0 0 0 0 0 21 0 19 9 42 19 19 14 3 45 9
0 0 0 0 0 38 0 76 1 13 6 15 13 11 27 0
0 0 0 0 0 10 3 125 8 23 7 0 8 0 16 0
0 0 0 0 0 1 1 34 48 65 26 0 5 0 20 0
0 0 0 0 0 3 1 16 28 45 68 3 18 0 18 0
0 0 0 0 0 0 0 28 8 12 41 9 74 1 27 0
0 0 0 0 0 0 0 11 9 37 18 8 42 5 70 0
0 0 0 0 0 0 0 10 8 11 33 9 16 3 109 1
0 0 0 0 0 0 0 12 1 22 2 15 22 12 114 0
0 0 0 0 0 1 0 13 0 8 0 27 3 9 126 13
0 0 0 0 0 2 0 18 0 10 0 8 3 20 114 25
0 0 0 0 0 4 0 15 0 30 1 15 1 9 94 31
0 0 0 0 0 2 1 11 4 16 8 17 0 3 120 18
0 0 0 0 0 2 0 1 0 23 1 13 7 17 114 22
0 0 0 0 0 3 0 28 0 14 0 12 0 14 81 48
0 0 0 0 0 2 0 18 0 38 0 10 0 15 81 36
0 0 0 0 0 1 0 19 1 31 7 25 5 2 79 30
0 0 0 0 0 4 0 2 0 23 5 27 13 19 82 25
0 0 0 0 0 1 0 43 0 7 0 21 3 13 78 34
0 0 0 0 0 3 0 7 1 54 2 1 3 12 68 49
0 0 0 0 0 5 1 11 3 15 16 28 3 2 85 31
0 0 0 0 0 7 0 26 0 20 4 15 19 22 55 32
0 0 0 0 0 3 0 63 0 40 0 10 0 8 48 28
0 0 0 0 0 3 1 42 18 56 10 8 4 2 50 6
0 0 0 0 0 3 2 37 18 34 42 15 12 3 32 2
0 0 0 0 0 1 0 11 7 51 25 15 33 8 48 1
0 0 0 0 0 1 0 7 0 23 12 40 21 13 78 5
0 0 0 0 0 1 0 25 1 18 4 12 8 42 72 17
0 0 0 0 0 3 0 27 1 36 0 16 0 14 67 36
0 0 0 0 0 3 0 11 1 37 1 25 0 18 72 32
0 0 0 0 0 0 0 9 0 23 2 27 0 19 73 47
0 0 0 0 0 2 0 1 0 12 0 14 4 38 66 63
0 0 0 0 0 6 0 25 0 2 0 5 2 6 77 77
0 0 0 0 0 2 0 35 3 36 2 4 1 5 50 62
0 0 0 0 0 4 0 46 2 30 6 24 1 4 40 43
0 0 0 0 0 3 0 17 0 62 1 16 3 20 37 41
0 0 0 0 0 7 0 44 0 6 0 44 0 29 24 46
0 0 0 0 0 4 0 33 1 51 0 8 0 20 25 58
0 0 0 0 0 3 0 11 1 38 5 41 0 12 35 54
0 0 0 0 0 4 0 30 0 18 3 39 8 22 21 55

# Average weight-at-age
70
94
115
134
150
160
165
168

# Maturity logistic function parameter age-at-50%
3

# Maturity logistic function parameter age-at-95%
4

# Infection prevalence index (avg of 3 different samples)
0
0
0.0111111111111111
0
0
0.0111111111111111
0
0.0111111111111111
0.0555555555555556
0.0722222222222222
0
0.166666666666667
0.144444444444444
0.00555555555555556
0.0111111111111111
0
0
0
0
0
0
0.0111111111111111
0
0
0
0.00555555555555556
0
0
0.00555555555555556
0.00555555555555556
0
0
0
0.0555555555555556
0.0277777777777778
0
0
0
0.00555555555555556
0.0111111111111111
0.00555555555555556
0
0
0
0
0
0
0
0.0111111111111111
0

