# Simulated data from SIR age-structured hybrid model
# random seed = 4936976
# Flag=0 if no issues, =1 if negative pop #'s, =2 if NaN, or=3 if NA. Flag:
0

# True SSB
16223.7174479319
16610.0811143367
13654.7637042881
8968.728145937
9500.64847003831
14658.6303291947
20495.2429566566
21092.7615581168
15264.181017247
12283.459649698
18022.0203697324
14310.2094624193
8851.79954066005
8877.97398287823
10234.2027919858
16288.6758922947
14841.6270006781
12497.3182932697
17467.063821036
15620.5666979425
15802.2973020393
16991.6228612589
13893.5951171249
11967.52655687
12426.6741670804
12654.7919715126
9890.99945774131
9705.07450242705
9507.76820592387
8723.33538395713
7961.45072364639
9029.53948204685
11886.4160517423
11025.5783868551
10362.7189861545
9555.64931229553
8848.91455618192
8093.57260114855
8719.2539417385
10701.4270232209
12744.1599705181
20723.8266414644
23174.575547352
28291.4120778008
21053.1503777146
11414.6947350324
12209.4711038932
14304.9519183748
16905.1985511615
20054.1387276727

# True R (numbers)
29.0613317283072
32.8248544824716
176.42809404176
305.595776343697
247.500086703751
54.2154782161514
73.3230838621377
209.388248016557
38.6438633732855
18.4447860240714
38.3389600075865
45.775985352462
224.21177202364
102.051115528779
109.260078284768
141.513125169205
126.219003488117
103.137485858707
127.746015903876
26.4313128959743
25.5931922114682
72.4296968421189
25.3878451132602
24.7482832873473
37.135855460612
24.2916812921378
15.5642667805608
11.9634017673896
71.4460834389756
93.7982074637125
47.0710099508023
19.2027863248081
20.0962601142685
22.3780361255545
9.9970204737879
70.373654505845
59.856836885606
70.0637637092323
263.058634592431
325.172639583849
457.633780712593
46.5386905265126
43.2226166500826
53.8558438302992
95.1564189148888
76.4976155963946
177.484768201234
83.3134958540376
172.346389473122
37.1654720315605

# True infection rate given (selected) susceptible
-999 -999 0.250041052994478 0.250041052994477 0.250041052994478 0.250041052994477 0.250041052994478 0.250041052994478
-999 -999 0.378082953991431 0.378082953991432 0.378082953991432 0.378082953991431 0.378082953991431 0.378082953991432
-999 -999 0.446088726024163 0.446088726024161 0.446088726024163 0.446088726024162 0.446088726024162 0.446088726024162
-999 -999 0.000941079440032492 0.00094107944003362 0.000941079440032231 0.000941079440033307 0.000941079440031507 0.000941079440032575
-999 -999 0.000721118688654865 0.000721118688654415 0.000721118688655351 0.000721118688654986 0.000721118688654646 0.000721118688654535
-999 -999 0.60964508560683 0.60964508560683 0.60964508560683 0.60964508560683 0.60964508560683 0.60964508560683
-999 -999 0.852268030421777 0.852268030421777 0.852268030421777 0.852268030421777 0.852268030421777 0.852268030421777
-999 -999 0.83871583937892 0.838715839378919 0.838715839378919 0.838715839378919 0.838715839378919 0.838715839378919
-999 -999 0.620453084220021 0.620453084220021 0.620453084220021 0.620453084220021 0.620453084220021 0.62045308422002
-999 -999 0.000901480982430534 0.000901480982429454 0.00090148098242909 0.000901480982429087 0.000901480982429478 0.000901480982430112
-999 -999 0.683584216143298 0.683584216143298 0.683584216143298 0.683584216143297 0.683584216143297 0.683584216143297
-999 -999 0.638112012302894 0.638112012302895 0.638112012302894 0.638112012302895 0.638112012302895 0.638112012302895
-999 -999 0.000469536058339525 0.000469536058339953 0.000469536058339442 0.000469536058339694 0.000469536058340645 0.000469536058338938
-999 -999 0.000350031832321915 0.000350031832321011 0.000350031832320914 0.000350031832321309 0.000350031832321047 0.000350031832321541
-999 -999 0.000794744944457297 0.000794744944457892 0.000794744944458644 0.000794744944457549 0.000794744944458434 0.000794744944457867
-999 -999 0.744691728767353 0.744691728767352 0.744691728767352 0.744691728767353 0.744691728767353 0.744691728767352
-999 -999 0.71594776802298 0.71594776802298 0.71594776802298 0.71594776802298 0.71594776802298 0.71594776802298
-999 -999 0.0206007338163299 0.0206007338163292 0.0206007338163294 0.0206007338163302 0.0206007338163283 0.020600733816329
-999 -999 0.606946232008648 0.606946232008648 0.606946232008648 0.606946232008648 0.606946232008649 0.606946232008648
-999 -999 0.415014334377838 0.415014334377837 0.415014334377837 0.415014334377837 0.415014334377838 0.415014334377837
-999 -999 0.270476846256693 0.270476846256693 0.270476846256694 0.270476846256693 0.270476846256693 0.270476846256693
-999 -999 0.410287591843697 0.410287591843697 0.410287591843697 0.410287591843697 0.410287591843697 0.410287591843698
-999 -999 0.146417940381615 0.146417940381614 0.146417940381614 0.146417940381615 0.146417940381614 0.146417940381614
-999 -999 0.00385165519439248 0.00385165519439116 0.00385165519439053 0.00385165519439134 0.00385165519439131 0.00385165519439167
-999 -999 0.00653108598782192 0.00653108598782176 0.00653108598782165 0.00653108598782255 0.0065310859878222 0.00653108598782132
-999 -999 0.238016049361756 0.238016049361756 0.238016049361756 0.238016049361756 0.238016049361756 0.238016049361757
-999 -999 0.00340727875535897 0.00340727875535848 0.00340727875535948 0.00340727875535905 0.00340727875535986 0.00340727875535869
-999 -999 0.00193839498486811 0.00193839498486768 0.00193839498486718 0.00193839498486818 0.00193839498486798 0.00193839498486797
-999 -999 0.0112880882382817 0.0112880882382814 0.011288088238282 0.0112880882382828 0.0112880882382829 0.0112880882382814
-999 -999 0.00555270597213843 0.00555270597213839 0.00555270597213859 0.00555270597213801 0.00555270597213909 0.00555270597213788
-999 -999 0.00289386918687736 0.00289386918687641 0.00289386918687609 0.00289386918687689 0.00289386918687642 0.00289386918687684
-999 -999 0.0140752899856264 0.0140752899856259 0.0140752899856266 0.0140752899856269 0.0140752899856263 0.0140752899856274
-999 -999 0.310901243997844 0.310901243997844 0.310901243997844 0.310901243997844 0.310901243997845 0.310901243997844
-999 -999 0.0786707258131495 0.0786707258131488 0.0786707258131492 0.0786707258131493 0.0786707258131487 0.0786707258131488
-999 -999 0.00503669389933871 0.00503669389933864 0.00503669389933841 0.00503669389933861 0.00503669389933805 0.00503669389933692
-999 -999 0.00223193209302813 0.00223193209302901 0.0022319320930286 0.00223193209302885 0.00223193209302872 0.00223193209302837
-999 -999 0.0158463195632562 0.0158463195632555 0.0158463195632559 0.015846319563256 0.0158463195632554 0.0158463195632554
-999 -999 0.0441789415197869 0.0441789415197863 0.044178941519786 0.0441789415197863 0.0441789415197864 0.0441789415197856
-999 -999 0.0147738701764965 0.0147738701764966 0.0147738701764963 0.0147738701764967 0.0147738701764962 0.0147738701764973
-999 -999 0.0728670695887724 0.0728670695887712 0.0728670695887719 0.0728670695887713 0.0728670695887713 0.0728670695887707
-999 -999 0.0258381751449776 0.0258381751449781 0.0258381751449768 0.0258381751449777 0.0258381751449778 0.0258381751449779
-999 -999 0.807159207073185 0.807159207073185 0.807159207073185 0.807159207073185 0.807159207073184 0.807159207073185
-999 -999 0.868449062852331 0.868449062852332 0.868449062852331 0.868449062852331 0.868449062852332 0.868449062852331
-999 -999 0.905559776347329 0.905559776347329 0.905559776347329 0.905559776347329 0.905559776347329 0.905559776347329
-999 -999 0.845824908276793 0.845824908276793 0.845824908276793 0.845824908276793 0.845824908276793 0.845824908276793
-999 -999 0.000573159610341476 0.000573159610340475 0.000573159610340099 0.000573159610341296 0.00057315961034082 0.000573159610341136
-999 -999 0.000509413359759959 0.000509413359759648 0.000509413359759674 0.000509413359758988 0.000509413359759347 0.000509413359758838
-999 -999 0.00383541008216901 0.00383541008216921 0.00383541008217058 0.00383541008216951 0.00383541008216916 0.00383541008217023
-999 -999 0.120436557379646 0.120436557379646 0.120436557379646 0.120436557379646 0.120436557379646 0.120436557379646
-999 -999 0.632753291470231 0.632753291470231 0.632753291470231 0.632753291470231 0.632753291470231 0.632753291470231

# Duration of outbreak (days) based on incidence
0
0
0
0
0
0
0
0
0
0
0
0
0
0
0
0
0
0
0
0
0
0
0
0
0
0
0
0
0
0
0
0
0
0
0
0
0
0
0
0
0
0
0
0
0
0
0
0
0
0

# Duration of outbreak (days) based on prevalence
0
13
20
0
0
42
47
43
27
0
41
31
0
0
0
47
41
0
39
14
0
15
0
0
0
0
0
0
0
0
0
0
9
0
0
0
0
0
0
0
0
54
46
43
37
0
0
0
0
43

# Peak (point) prevalence
0.0880711275880527
0.124066035838378
0.120796552105667
8.36268650845539e-05
6.93977566529667e-05
0.182921262213016
0.400933341477938
0.345638446727033
0.129100596668028
7.33592695375625e-05
0.193192752959862
0.143182795538792
2.64263116465356e-05
2.33840334107533e-05
7.01761312467592e-05
0.258386969561679
0.209916544309571
0.00496963398822645
0.17226565894073
0.109942089388633
0.0825187322616627
0.116384826772916
0.0435858202839444
0.000618467185322479
0.00131229442183219
0.0757884214960676
0.000538959300601622
0.000286118250649665
0.00282295003193178
0.00124865315207148
0.00057720075088126
0.0044182422637923
0.128141500738535
0.0295315113783158
0.0013608627746033
0.000492116200091117
0.00501614952421276
0.0160218971754129
0.00500930919153361
0.0305363964529109
0.0101503850547484
0.374200079856365
0.430504479393235
0.482178389429184
0.301819378899947
2.57489552179114e-05
3.29068623272718e-05
0.000608698738921066
0.038320082015427
0.181518288259225

# Day of peak prevalence
119
119
112
119
119
97
49
47
85
119
84
84
82
83
113
74
74
119
98
115
119
117
119
119
119
119
119
119
119
119
119
119
119
119
119
119
119
119
119
119
119
71
44
33
40
75
98
119
119
92

# Total immunity
0.0417540658773923
0.0525970584674289
0.0418999361382461
0.0271305591147997
0.016920617424596
0.015315290227919
0.0285229414393893
0.0470674844289923
0.0847253684416459
0.108393362612644
0.0916302733021683
0.13486697307132
0.0736592614259338
0.0533077617377875
0.0386351839885433
0.0265107549125677
0.0426140793304627
0.0538199588187635
0.0384416869083696
0.0635244832532658
0.0804614011802522
0.0737162481645551
0.0987202790995
0.0959772606119576
0.0750266739136731
0.0637562707157908
0.0783138779401257
0.0699902381435216
0.0380246408223675
0.021840502628846
0.0172211764226954
0.0155439078834086
0.0142861852689662
0.035517570613046
0.0394061944853689
0.0219082603973003
0.014766050862582
0.0103774201070306
0.00461365222211767
0.00248156805518297
0.001949312505215
0.00217086336389166
0.0255875866078344
0.0641264873859501
0.123739324411548
0.152655432290185
0.082101016337154
0.0642403823456487
0.0407730139430136
0.0411772219377288

# Observed immunity (based on survey selectivity)
0.0977944328801671
0.0998356974252533
0.148762574334882
0.250786529434389
0.181016555510684
0.0863221794664667
0.0906904645818369
0.157821268244969
0.298555303757578
0.355596363775064
0.186581997509496
0.273818722035334
0.449864675930402
0.348245920320826
0.228387833429731
0.107514017646108
0.177515136049703
0.248211651000209
0.142064881863185
0.192344308440336
0.190393427634344
0.164177131135919
0.213478718269702
0.213570907975196
0.158781516282631
0.12337622503394
0.156212618287886
0.123995906347742
0.0992329976425357
0.0863657904125819
0.0741469917202987
0.0490720519388464
0.0297914112387026
0.0649750475387814
0.0658372334760599
0.057190471139086
0.0485835233514478
0.043221477039604
0.0345832250313085
0.0231776136812493
0.0219835866798467
0.0119999385423586
0.0863829506196172
0.1302621775816
0.276881659722274
0.551656275324769
0.401260242940308
0.263551406884032
0.173364021737171
0.122169389981392

# True total proportion of susceptible
1 1 1 0.999643252549474 0.996357430012719 0.992871047886886 0.992346004661693 0.625135497598724
1 1 1 0.998007884624368 0.977380879769125 0.947824344624166 0.940246721217955 0.608622740260237
1 1 1 0.996975045457223 0.961771810974318 0.885605503588703 0.838883979788821 0.581463602361489
1 1 1 0.996429282357419 0.95250370805977 0.837777628643733 0.724884969593329 0.479300550136198
1 1 1 0.999992747537878 0.996354296204036 0.95233473469378 0.837541779022905 0.545967911980065
1 1 1 0.99999444384302 0.999937182567368 0.996246769913366 0.952199663108686 0.680529132985754
1 1 1 0.995113141415328 0.934418647935176 0.810589132668304 0.781969175755319 0.414064737179482
1 1 1 0.993296936899569 0.889961609465651 0.464176048067846 0.253463841264054 0.090971573136659
1 1 1 0.99341300125368 0.890159593537706 0.425530429542048 0.0970781221652277 0.0170545292629124
1 1 1 0.995055289675731 0.924874713933341 0.638626802273082 0.193400748395452 0.0195872554955813
1 1 1 0.999993043993171 0.994982399302453 0.924696832201277 0.638351800365479 0.11384692431348
1 1 1 0.994537239810853 0.923607966383836 0.749757076424902 0.599564990747457 0.139247795665339
1 1 1 0.9949114384902 0.923627364309339 0.672054808582519 0.431467100306079 0.0772974204828045
1 1 1 0.999996395592112 0.994872789912233 0.923533703062961 0.671914272353374 0.142487653976604
1 1 1 0.999997312895843 0.999969527366478 0.994820329307882 0.923462086831541 0.407125383397562
1 1 1 0.999993879985981 0.999936110365541 0.999853226466869 0.994694902685561 0.50623596733394
1 1 1 0.994072742337244 0.914205970573775 0.704971166525568 0.658610352580932 0.206113554262021
1 1 1 0.994308662434457 0.911086221667439 0.592576964305353 0.322164908045325 0.0876282615251177
1 1 1 0.999838014406632 0.992629334821905 0.906769951347638 0.586058766689589 0.123921279549289
1 1 1 0.995130946126559 0.934537323050975 0.799688305999739 0.64351695615511 0.183894185891823
1 1 1 0.996678461837968 0.954075902145715 0.814493364512248 0.638358752516294 0.215266719102746
1 1 1 0.997843740691494 0.972014415237646 0.891134601191039 0.724413994650273 0.280813176780498
1 1 1 0.996715531047229 0.957828155887691 0.86645028197412 0.750741515852816 0.320513218159685
1 1 1 0.998838839568407 0.984166593590819 0.928102389827721 0.826361525827912 0.439070238845428
1 1 1 0.999970005409337 0.998536447546736 0.983552169931855 0.92731157145853 0.571791959512658
1 1 1 0.999948978852003 0.999458505821418 0.997555587027175 0.982447408674554 0.725430533120879
1 1 1 0.998106937173676 0.978944935565163 0.954556289725527 0.949228029205859 0.677539382775168
1 1 1 0.999973509800651 0.997838699205821 0.978390189476471 0.953915912098757 0.715186903113488
1 1 1 0.999984961163225 0.999823021515091 0.997549656626536 0.97805871028838 0.797284324133863
1 1 1 0.999911537968455 0.999096443366951 0.998126189386585 0.995743283777231 0.821288028212711
1 1 1 0.999956598561582 0.999476457677407 0.998264962047211 0.997246746588165 0.849847672952402
1 1 1 0.999977441975541 0.999730760201945 0.999046013357483 0.997809218306984 0.886167150791771
1 1 1 0.999889305450004 0.998864280821315 0.997601553920293 0.996796045821812 0.902554284896549
1 1 1 0.997513819831106 0.971315670308618 0.934803413818029 0.928458406408397 0.82393098597594
1 1 1 0.999377322036024 0.991003105805999 0.957019179724505 0.917676624324311 0.813692983778502
1 1 1 0.999960506848252 0.998980302559662 0.990217657873319 0.956071517698137 0.860099518294969
1 1 1 0.999982574513859 0.999786100584479 0.998647165151309 0.989852522411274 0.90541303596627
1 1 1 0.999875349004813 0.998728180042495 0.997385544367507 0.996104768913277 0.924676472314803
1 1 1 0.999651200450796 0.996321632160832 0.991813382078253 0.990045751781289 0.924490214907172
1 1 1 0.999883667284175 0.998479054169413 0.994046214262565 0.98936671245318 0.93112330561188
1 1 1 0.999422719812194 0.993930074887976 0.986731193155907 0.981380705986431 0.925864330419884
1 1 1 0.999795931390295 0.997354811925231 0.989856731016193 0.98229867475655 0.925615167245013
1 1 1 0.993572158120016 0.903025388847585 0.624272721443113 0.540637981938867 0.475130133975998
1 1 1 0.993188143142555 0.885113776734355 0.399036895813 0.129922223131363 0.087215465564732
1 1 1 0.992936140555132 0.878228067500897 0.323805561261369 0.045235297704245 0.008532481529573
1 1 1 0.993383676858789 0.888950691396001 0.405790298003558 0.0570497357429644 0.00424005617174949
1 1 1 0.999995603268448 0.993336076813495 0.888825248362939 0.405631719665413 0.0306372275317131
1 1 1 0.999996083048807 0.999956435492216 0.99325908305015 0.888710754578766 0.243531401979383
1 1 1 0.999970100832399 0.999696709519482 0.999386804473012 0.992640288954041 0.350273671926467
1 1 1 0.999045733554963 0.989929050146509 0.979544902422565 0.978013306767247 0.464783465792588

# True vulnerable proportion of susceptible
0 0 0.05 0.499821626274737 0.946539558512083 0.992871047886886 0.992346004661693 0.625135497598724
0 0 0.05 0.499003942312184 0.928511835780668 0.947824344624166 0.940246721217955 0.608622740260237
0 0 0.05 0.498487522728612 0.913683220425602 0.885605503588703 0.838883979788821 0.581463602361489
0 0 0.05 0.49821464117871 0.904878522656781 0.837777628643733 0.724884969593329 0.479300550136198
0 0 0.05 0.499996373768939 0.946536581393834 0.95233473469378 0.837541779022905 0.545967911980065
0 0 0.05 0.49999722192151 0.949940323439 0.996246769913366 0.952199663108686 0.680529132985754
0 0 0.05 0.497556570707664 0.887697715538417 0.810589132668304 0.781969175755319 0.414064737179482
0 0 0.05 0.496648468449784 0.845463528992369 0.464176048067846 0.253463841264054 0.090971573136659
0 0 0.05 0.49670650062684 0.845651613860821 0.425530429542048 0.0970781221652277 0.0170545292629124
0 0 0.05 0.497527644837865 0.878630978236674 0.638626802273082 0.193400748395452 0.0195872554955813
0 0 0.05 0.499996521996586 0.94523327933733 0.924696832201277 0.638351800365479 0.11384692431348
0 0 0.05 0.497268619905427 0.877427568064645 0.749757076424902 0.599564990747457 0.139247795665339
0 0 0.05 0.4974557192451 0.877445996093872 0.672054808582519 0.431467100306079 0.0772974204828045
0 0 0.05 0.499998197796056 0.945129150416621 0.923533703062961 0.671914272353374 0.142487653976604
0 0 0.05 0.499998656447921 0.949971050998154 0.994820329307882 0.923462086831541 0.407125383397562
0 0 0.05 0.49999693999299 0.949939304847264 0.999853226466869 0.994694902685561 0.50623596733394
0 0 0.05 0.497036371168622 0.868495672045086 0.704971166525568 0.658610352580932 0.206113554262021
0 0 0.05 0.497154331217228 0.865531910584067 0.592576964305353 0.322164908045325 0.0876282615251177
0 0 0.05 0.499919007203316 0.94299786808081 0.906769951347638 0.586058766689589 0.123921279549289
0 0 0.05 0.49756547306328 0.887810456898426 0.799688305999739 0.64351695615511 0.183894185891823
0 0 0.05 0.498339230918984 0.90637210703843 0.814493364512248 0.638358752516294 0.215266719102746
0 0 0.05 0.498921870345747 0.923413694475763 0.891134601191039 0.724413994650273 0.280813176780498
0 0 0.05 0.498357765523615 0.909936748093306 0.86645028197412 0.750741515852816 0.320513218159685
0 0 0.05 0.499419419784204 0.934958263911278 0.928102389827721 0.826361525827912 0.439070238845428
0 0 0.05 0.499985002704669 0.948609625169399 0.983552169931855 0.92731157145853 0.571791959512658
0 0 0.05 0.499974489426001 0.949485580530347 0.997555587027175 0.982447408674554 0.725430533120879
0 0 0.05 0.499053468586838 0.929997688786905 0.954556289725527 0.949228029205859 0.677539382775168
0 0 0.05 0.499986754900325 0.94794676424553 0.978390189476471 0.953915912098757 0.715186903113488
0 0 0.05 0.499992480581613 0.949831870439337 0.997549656626536 0.97805871028838 0.797284324133863
0 0 0.05 0.499955768984227 0.949141621198604 0.998126189386585 0.995743283777231 0.821288028212711
0 0 0.05 0.499978299280791 0.949502634793537 0.998264962047211 0.997246746588165 0.849847672952402
0 0 0.05 0.499988720987771 0.949744222191847 0.999046013357483 0.997809218306984 0.886167150791771
0 0 0.05 0.499944652725002 0.948921066780249 0.997601553920293 0.996796045821812 0.902554284896549
0 0 0.05 0.498756909915553 0.922749886793187 0.934803413818029 0.928458406408397 0.82393098597594
0 0 0.05 0.499688661018012 0.941452950515699 0.957019179724505 0.917676624324311 0.813692983778502
0 0 0.05 0.499980253424126 0.949031287431679 0.990217657873319 0.956071517698137 0.860099518294969
0 0 0.05 0.49999128725693 0.949796795555255 0.998647165151309 0.989852522411274 0.90541303596627
0 0 0.05 0.499937674502406 0.94879177104037 0.997385544367507 0.996104768913277 0.924676472314803
0 0 0.05 0.499825600225398 0.94650555055279 0.991813382078253 0.990045751781289 0.924490214907172
0 0 0.05 0.499941833642087 0.948555101460942 0.994046214262565 0.98936671245318 0.93112330561188
0 0 0.05 0.499711359906097 0.944233571143577 0.986731193155907 0.981380705986431 0.925864330419884
0 0 0.05 0.499897965695148 0.94748707132897 0.989856731016193 0.98229867475655 0.925615167245013
0 0 0.05 0.496786079060008 0.857874119405205 0.624272721443113 0.540637981938867 0.475130133975998
0 0 0.05 0.496594071571278 0.840858087897637 0.399036895813 0.129922223131363 0.087215465564732
0 0 0.05 0.496468070277566 0.834316664125852 0.323805561261369 0.045235297704245 0.008532481529573
0 0 0.05 0.496691838429394 0.844503156826201 0.405790298003558 0.0570497357429644 0.00424005617174949
0 0 0.05 0.499997801634224 0.943669272972821 0.888825248362939 0.405631719665413 0.0306372275317131
0 0 0.05 0.499998041524403 0.949958613717605 0.99325908305015 0.888710754578766 0.243531401979383
0 0 0.05 0.499985050416199 0.949711874043508 0.999386804473012 0.992640288954041 0.350273671926467
0 0 0.05 0.499522866777481 0.940432597639184 0.979544902422565 0.978013306767247 0.464783465792588

# True survival by age
0.778267540515681 0.778267540515681 0.769404925562265 0.689673198367348 0.610493169983648 0.60228266606002 0.602376011154188 0.66766073004241
0.778267540515681 0.778267540515681 0.76487561940979 0.644616174256917 0.529588456979963 0.524431585886523 0.526465205294317 0.615463685109599
0.778267540515681 0.778267540515681 0.762503753294788 0.621108128738896 0.490225767931112 0.499118606124829 0.513873683225932 0.595169351847613
0.778267540515681 0.778267540515681 0.778261467971597 0.778208935966852 0.778182969265405 0.778252295555938 0.778326205638949 0.778486988146691
0.778267540515681 0.778267540515681 0.77826912415815 0.778283380692846 0.778299464070678 0.778323120818196 0.77838069748726 0.778526942106126
0.778267540515681 0.778267540515681 0.756843916506348 0.564032493715313 0.371244287599386 0.351405217514959 0.370301678404412 0.486849890527604
0.778267540515681 0.778267540515681 0.74917021719249 0.488718858207467 0.261709962437888 0.306649060940376 0.323319605115203 0.537616475443849
0.778267540515681 0.778267540515681 0.749655946772073 0.494073030620779 0.294525037336952 0.512936934392617 0.633625536266076 0.726695439301185
0.778267540515681 0.778267540515681 0.756597062263535 0.562993704593059 0.411812613953486 0.594144913757271 0.736674430182618 0.77140009276078
0.778267540515681 0.778267540515681 0.778262805996549 0.778223066162593 0.778224402611703 0.778399768266941 0.778679340371181 0.778788483588504
0.778267540515681 0.778267540515681 0.75439369211084 0.539530720843038 0.326943095751702 0.336786255521137 0.473662104508273 0.724380790798171
0.778267540515681 0.778267540515681 0.755983944545723 0.556651793201662 0.387263447605815 0.444255305358409 0.511271789272455 0.716667697854688
0.778267540515681 0.778267540515681 0.778277933464285 0.778373654587686 0.778490650677934 0.778582107469387 0.778660390760082 0.778775631759718
0.778267540515681 0.778267540515681 0.77828207382427 0.778412874999761 0.778544991634294 0.778576755605277 0.778637792536904 0.778766218931545
0.778267540515681 0.778267540515681 0.778266579201512 0.778257928832706 0.778249292352365 0.778251175838966 0.778290599044346 0.77857585898347
0.778267540515681 0.778267540515681 0.752428974608802 0.5198834660342 0.287366187867738 0.261572148996182 0.264240573413785 0.516922608382571
0.778267540515681 0.778267540515681 0.753425581784851 0.531323560775861 0.346810616686236 0.428167569939795 0.451226160033514 0.676285586376122
0.778267540515681 0.778267540515681 0.777563720886746 0.771272435840654 0.766131386163302 0.770143449833836 0.774094071311744 0.777520566143055
0.778267540515681 0.778267540515681 0.756919921896553 0.564826020768703 0.375656293939221 0.391169672812002 0.528269090803133 0.725826218679334
0.778267540515681 0.778267540515681 0.763584850547305 0.632158145303285 0.517593534214408 0.543542845868733 0.589486433312684 0.724701496497004
0.778267540515681 0.778267540515681 0.768681524007375 0.682727549814662 0.604522069584219 0.622211523785689 0.656074032221886 0.737414987235789
0.778267540515681 0.778267540515681 0.763745942089612 0.633365829382022 0.510093606574229 0.519511615737745 0.56802151221078 0.697093917816233
0.778267540515681 0.778267540515681 0.773088034702179 0.726644353059636 0.684029574804256 0.688583069456737 0.70063105483087 0.745427870248564
0.778267540515681 0.778267540515681 0.778158837082583 0.777182387586115 0.77624332009998 0.776288121060273 0.776563565242675 0.777612083288429
0.778267540515681 0.778267540515681 0.778063972318733 0.776231935600041 0.774406185924069 0.774271912361878 0.774530878186873 0.776167906101025
0.778267540515681 0.778267540515681 0.769842120864981 0.694017669961161 0.618271539898293 0.610172355068622 0.612726266247828 0.656172819260438
0.778267540515681 0.778267540515681 0.778174649968084 0.7773414029778 0.776551008080551 0.776518387906602 0.776531128062606 0.777180750153643
0.778267540515681 0.778267540515681 0.778226326500166 0.777855425403909 0.777487319160263 0.7774725960173 0.777505820408469 0.777829900496949
0.778267540515681 0.778267540515681 0.777895108878027 0.774543288167878 0.771192686108073 0.770838466097878 0.770994040401199 0.772436959010509
0.778267540515681 0.778267540515681 0.778098347216559 0.776575804368017 0.775056254286051 0.774891014452808 0.774900348552716 0.775583708723812
0.778267540515681 0.778267540515681 0.778192393909077 0.777516130207843 0.776840781671402 0.776768141223963 0.776770214488508 0.77707034475125
0.778267540515681 0.778267540515681 0.777794871897457 0.773540972987049 0.769289398302419 0.768823695248453 0.768836046644358 0.769950972981524
0.778267540515681 0.778267540515681 0.767231631129811 0.667920721834256 0.568824007982876 0.558080012423844 0.558258232242729 0.579109356638902
0.778267540515681 0.778267540515681 0.77549368215371 0.75059924574955 0.727091286431179 0.726442060785563 0.72679744725073 0.73265207090398
0.778267540515681 0.778267540515681 0.77811597990106 0.776753210142408 0.775418594286194 0.775389531416466 0.775529766178801 0.775900411170473
0.778267540515681 0.778267540515681 0.778215555708051 0.777747734029249 0.777281380083512 0.777243231387671 0.777296941173293 0.777447899246068
0.778267540515681 0.778267540515681 0.777731961412203 0.772911852100179 0.768093828250967 0.767571170836751 0.767670065052006 0.768619572268527
0.778267540515681 0.778267540515681 0.776722975184253 0.762823878986677 0.74895880117835 0.747458391976741 0.747498639767997 0.749743241787605
0.778267540515681 0.778267540515681 0.77776945590911 0.773288617761595 0.768840705082659 0.768391766404656 0.768410317569174 0.769098318647047
0.778267540515681 0.778267540515681 0.775697179267403 0.752566980237501 0.729505766055688 0.727169557964842 0.727412613476589 0.730437803257959
0.778267540515681 0.778267540515681 0.777374169854267 0.769339298983738 0.761399765858429 0.760644282034809 0.76074273450749 0.761764272224666
0.778267540515681 0.778267540515681 0.750323043565196 0.498879705775317 0.24872795953501 0.225051981312383 0.229280133191603 0.260990201305994
0.778267540515681 0.778267540515681 0.748715486264802 0.484649984925256 0.271280401163418 0.409497067661337 0.45897323244533 0.497725993554738
0.778267540515681 0.778267540515681 0.747664295212289 0.474323369117527 0.263669076153553 0.53435151946387 0.699210669716073 0.725372750335106
0.778267540515681 0.778267540515681 0.74953316465941 0.492957304626289 0.298861102289345 0.592541102133662 0.752780500761563 0.773892722563994
0.778267540515681 0.778267540515681 0.778274357252225 0.77833878496887 0.778441891843436 0.778639721726883 0.778778139584881 0.778799100159927
0.778267540515681 0.778267540515681 0.778276522772798 0.778357365036453 0.778440619603984 0.77848649676264 0.778657352744545 0.778789949826993
0.778267540515681 0.778267540515681 0.778159267652112 0.777184818209674 0.776210468958551 0.776120274955716 0.776402419511684 0.778143564918987
0.778267540515681 0.778267540515681 0.774010557063781 0.735698994742806 0.697409547605547 0.693180405723852 0.693758399351475 0.748791817742836
0.778267540515681 0.778267540515681 0.756082516351133 0.556629511967107 0.361002512699645 0.343653901434107 0.34433428787856 0.572328292350429

# True Numbers-at-age
29.0613317283072 15.0218464311445 83.1247592231838 35.1556671007527 31.1124199363928 21.0129742151763 6.67965120440799 26.7415608485512
32.8248544824716 22.6174911683 11.6910154759711 63.956599182495 24.2459213701139 18.9939198728309 12.6557501321669 21.8779516870298
176.42809404176 25.5465187658583 17.6024592241879 8.94217270371285 41.227458283503 12.8403600864561 9.96101152111025 20.1278968594339
305.595776343697 137.30825882775 19.8820263286422 13.4219412256618 5.55405615486312 20.2107623968781 6.40886262849286 17.0982090068938
247.500086703751 237.835273246989 106.862560890363 15.473414996779 10.4450745998319 4.32207191005818 15.729072230306 18.2989189645755
54.2154782161514 192.621283756346 185.099473157809 83.16783166944 12.0427017345566 8.1293959632274 3.36396849743715 26.4894076387918
73.3230838621377 42.1941468891656 149.910892760025 140.091410208018 46.9093594934096 4.47078422621735 2.85671215672315 14.1420483897874
209.388248016557 57.0649761404109 32.8383349235883 112.308776088548 68.4653140415363 12.2766467110056 1.3709617846366 8.5266292573134
38.6438633732855 162.960076796733 44.4118186303836 24.617453057561 55.4887373673793 20.1647491743696 6.29714552856441 7.06493898989236
18.4447860240714 30.0752645035509 126.82653817084 33.6018515055292 13.859471094522 22.850961980239 11.9807831591428 10.0888406861844
38.3389600075865 14.354978254292 23.4066021355371 98.7043774716665 26.149735907373 10.7857786130485 17.7871835100947 17.1862612666511
45.775985352462 29.8379681110334 11.1720136201239 17.6577930047973 53.2540439276515 8.549475610646 3.63250199196858 20.874512301867
224.21177202364 35.6259635349424 23.2219220557593 8.44586292505984 9.82924214010419 20.6233446503738 3.7981498980618 16.8172844681879
102.051115528779 174.4967443675 27.7265310188409 18.073109508625 6.57403719112548 7.65197310932068 16.0569671409556 16.0543602199861
109.260078284768 79.4230706894644 135.805152066888 21.5790620612965 14.0683411327943 5.11818372996832 5.95764839743372 25.0051548553548
141.513125169205 85.0335724032368 61.8123978856925 105.692611137038 16.794076145977 10.9486765311689 3.98323250600771 24.1051916606568
126.219003488117 110.135071876125 66.1788692555292 46.5094391592429 54.9478410121283 4.82604964082993 2.8638688489219 13.5130501902164
103.137485858707 98.2321534110372 85.7145515135492 49.8608530707107 24.7115608237772 19.0564946269934 2.06635794712297 10.4309336151591
127.746015903876 80.2685574542267 76.450896434767 66.6485256090139 38.45630160094 18.9323023481792 14.6762345137727 9.70982084593494
26.4313128959743 99.4205776081863 62.4704127906426 57.8672065583253 37.6448215098403 14.446351738018 7.40574251511515 14.800643611663
25.5931922114682 20.5706328801503 77.3758084117715 47.7014608143713 36.581225971793 19.4847162101488 7.85221113610303 15.0916333157583
72.4296968421189 19.9183507563644 16.0094558584856 59.4773543312632 32.5671014643758 22.1141584323963 12.1236149636484 16.2804284108279
25.3878451132602 56.3696820216123 15.5018058542844 12.2271569469811 37.6709238554689 16.6122702416323 11.4885621778947 18.2354617297435
24.7482832873473 19.75853577529 43.8706937866112 11.9842606222235 8.88479454949772 25.7680260273399 11.438928033628 21.6424648373903
37.135855460612 19.2607855660291 15.3774270420261 34.1383680589954 9.31395628383389 6.89676241950831 20.0034125081959 25.7124969060481
24.2916812921378 28.9016308942763 14.9900442108734 11.9646219683603 26.4992915166607 7.21278536162732 5.33996942765824 35.4504755409037
15.5642667805608 18.9054270542228 22.4932011929804 11.5399674271586 8.30365906044754 16.3837577722196 4.40104223070862 26.5335780090846
11.9634017673896 12.113163627237 14.7134802158886 17.5036389650093 8.9704944701456 6.44821481414774 12.7222891731362 24.0389323494239
71.4460834389756 9.31072726970727 9.4272820640337 11.4504176584439 13.6153005332437 6.97444569713547 5.01331031123266 28.5898542384383
93.7982074637125 55.6041676375297 7.24623681260736 7.33343660762537 8.86884414406665 10.5000201904009 5.37617102306285 25.9490924391353
47.0710099508023 73.0001002275631 43.2749187896818 5.63828488742957 5.69496943234854 6.87385312214707 8.13637129711472 24.291690151612
19.2027863248081 36.633839144 56.8136084615037 33.6762126491634 4.38385744668361 4.42408450542038 5.33939011273671 25.1964429183216
20.0962601142685 14.9449052840566 28.510927890248 44.1893333153476 26.0499302991526 3.37245505740281 3.40134099754872 23.5051413264036
22.3780361255545 15.6402669326951 11.6311346786625 21.8744857102594 29.5149714053615 14.8178257604385 1.88209976033421 15.5108738837863
9.9970204737879 17.4160991370064 12.1723120787174 9.0198714595817 16.41897247528 21.4600785281037 10.7642918817744 12.7319791737686
70.373654505845 7.78035653661982 13.5543846407352 9.47147054079267 7.00621411130197 12.7315765564053 16.6399202340669 18.2267766420938
59.856836885606 54.7695310093642 6.0551989460902 10.5482329754704 7.36641475102629 5.44579977359337 9.89553170335999 27.104528309731
70.0637637092323 46.5846332260088 42.6253481938552 4.70932175308384 8.15285428545503 5.65809770660017 4.18003890835958 28.4295744224081
263.058634592431 54.528353061256 36.255307926631 33.1080872673959 3.59238308708375 6.10615197181617 4.22919261342265 24.4394546882743
325.172639583849 204.729996555665 42.4376472253544 28.198271119913 25.6021070397348 2.76197034560049 4.6919168995591 22.0460987485438
457.633780712593 253.071310451914 159.334710889161 32.9187632474525 21.2210877446313 18.6768847086615 2.00842075532231 19.5162634744176
46.5386905265126 356.161516972082 196.957186360491 123.862688606431 25.3256982402068 16.1577312400234 14.2064655598667 16.3946837395801
43.2226166500826 36.2195522148894 277.188947840196 147.781515522041 61.792581648516 6.29920924708602 3.63632942908026 7.53611212528926
53.8558438302992 33.6387595549119 28.1885018208612 207.535657869401 71.6223092699889 16.7631163385327 2.5795077152669 5.41989676740056
95.1564189148888 41.9142551202036 26.1799546647997 21.0755363469846 98.4390124526368 18.884588117202 8.95739668644458 5.73506474183124
76.4976155963946 74.0571521131703 32.6205042449476 19.6227442705472 10.3893395911629 29.4195917698696 11.1898946563071 11.1812784302783
177.484768201234 59.53561114552 57.6362776327127 25.3877019744801 15.2731429332926 8.08749716634875 22.9072627490098 17.422414922728
83.3134958540376 138.13063402697 46.3346336593218 44.8569617415552 19.7607048131871 11.8892348482925 6.29600733660861 31.405310214304
172.346389473122 64.8401895100852 107.502588814041 36.0557245952668 34.8621496565489 15.3384659499955 9.22747621946982 29.3260753769515
37.1654720315605 134.131600652004 50.4630148165846 83.2081386537547 26.5261603394612 24.3131960205306 10.6323240503993 28.3607644208441

