# Simulated data from SIR age-structured hybrid model
# random seed = 2896164
# Flag=0 if no issues, =1 if negative pop #'s, =2 if NaN, or=3 if NA. Flag:
0

# True SSB
51003.6918256465
42350.5105886162
34579.7421345746
28282.1021136908
24021.8085435165
28068.3431156619
42732.4352095084
51536.403337079
52272.1596192326
49901.3592825005
43763.4369580752
47181.574041586
57541.3753425453
62748.1937183026
59865.3514376001
57556.2138209596
52403.4247849068
44332.708057241
35639.2155991995
28411.6899677685
22879.1307639325
19696.3793355629
17286.8035169971
14849.7272049374
13060.7340510183
13091.7261351994
15932.4946130727
20174.5424542433
19641.598455394
18332.2719807694
20390.8220180526
30690.5025482524
41124.8318036704
55614.8050640075
60174.3664464756
52436.2812772273
45112.0117996247
37574.2002885963
31695.3333133619
27828.5963938927
25163.0283698233
22773.8700781983
19819.0927381589
17002.1553141762
16659.4359794663
15956.3143002217
13860.2671775455
12959.8369601292
13597.3426268992
17062.4860752302

# True R (numbers)
15.6296278628564
20.019743105553
237.092535682177
537.596168989739
264.208917815366
244.219571527172
87.2029070547222
41.907666208665
329.824012661692
482.832739500421
307.519500458569
154.497534943377
182.787239286522
95.4808697430436
14.2590132316551
4.99799556616383
9.56239846290338
27.6636756891117
38.2746144008925
24.811160561464
13.7139532657197
25.560229286222
58.3887768564612
119.293752688231
152.095206224508
48.3224035496657
17.0948406459702
139.682970592611
340.629566678967
347.746469928772
572.203026401878
198.260727828533
59.582729986832
38.7433506077429
16.9895519957242
50.3113123698696
48.6770910353634
61.1195556136784
41.4459575943137
19.0117523675982
16.7201136556198
95.6972820077965
23.1426626140006
21.8685387624944
39.6151388252149
60.0199215469984
143.246903857944
136.699278342863
880.233635613714
101.689418312627

# True infection rate given (selected) susceptible
-999 -999 0.00868088973785914 0.00868088973785947 0.00868088973785983 0.0086808897378594 0.00868088973785951 0.00868088973785914
-999 -999 0.00944429006295329 0.00944429006295435 0.00944429006295398 0.00944429006295387 0.00944429006295309 0.00944429006295385
-999 -999 0.00631489671368083 0.00631489671368102 0.00631489671368071 0.00631489671368142 0.00631489671368102 0.0063148967136808
-999 -999 0.00606530083609782 0.00606530083609712 0.00606530083609769 0.00606530083609777 0.00606530083609739 0.00606530083609812
-999 -999 0.0109359291445786 0.0109359291445791 0.0109359291445781 0.0109359291445789 0.0109359291445794 0.0109359291445785
-999 -999 0.546732355533743 0.546732355533742 0.546732355533743 0.546732355533743 0.546732355533742 0.546732355533743
-999 -999 0.844811919139203 0.844811919139203 0.844811919139202 0.844811919139202 0.844811919139203 0.844811919139203
-999 -999 0.755754980425461 0.755754980425461 0.755754980425461 0.755754980425461 0.755754980425461 0.755754980425461
-999 -999 0.357920618004853 0.357920618004853 0.357920618004853 0.357920618004853 0.357920618004853 0.357920618004853
-999 -999 0.28554523473302 0.285545234733018 0.285545234733019 0.285545234733019 0.285545234733019 0.285545234733019
-999 -999 0.00437199688075084 0.00437199688075086 0.00437199688075099 0.00437199688075142 0.00437199688075128 0.00437199688075078
-999 -999 0.598351502958887 0.598351502958887 0.598351502958887 0.598351502958887 0.598351502958887 0.598351502958887
-999 -999 0.792448675323037 0.792448675323037 0.792448675323037 0.792448675323037 0.792448675323037 0.792448675323037
-999 -999 0.704360471751135 0.704360471751135 0.704360471751136 0.704360471751136 0.704360471751135 0.704360471751135
-999 -999 0.154164244534261 0.154164244534261 0.15416424453426 0.15416424453426 0.154164244534261 0.15416424453426
-999 -999 0.245184324726716 0.245184324726716 0.245184324726716 0.245184324726715 0.245184324726716 0.245184324726714
-999 -999 0.122112190129333 0.122112190129333 0.122112190129333 0.122112190129333 0.122112190129333 0.122112190129333
-999 -999 0.0379758081442128 0.0379758081442133 0.0379758081442124 0.0379758081442139 0.0379758081442131 0.0379758081442138
-999 -999 0.0299387484532349 0.0299387484532351 0.029938748453235 0.0299387484532346 0.0299387484532353 0.0299387484532349
-999 -999 0.173245788993946 0.173245788993946 0.173245788993946 0.173245788993946 0.173245788993945 0.173245788993947
-999 -999 0.060112841506902 0.0601128415069014 0.0601128415069018 0.0601128415069016 0.0601128415069027 0.0601128415069015
-999 -999 0.0117014273901583 0.011701427390157 0.0117014273901593 0.011701427390158 0.0117014273901578 0.0117014273901581
-999 -999 0.00521428182665731 0.00521428182665712 0.00521428182665722 0.00521428182665725 0.00521428182665694 0.00521428182665751
-999 -999 0.00294930757663649 0.00294930757663609 0.00294930757663648 0.00294930757663591 0.00294930757663617 0.00294930757663632
-999 -999 0.00269877087842101 0.00269877087842098 0.00269877087842099 0.00269877087842119 0.00269877087841992 0.00269877087841989
-999 -999 0.00474848569111581 0.00474848569111474 0.00474848569111499 0.00474848569111507 0.00474848569111532 0.00474848569111571
-999 -999 0.130836166723425 0.130836166723425 0.130836166723425 0.130836166723425 0.130836166723425 0.130836166723425
-999 -999 0.556098854997343 0.556098854997342 0.556098854997343 0.556098854997343 0.556098854997342 0.556098854997343
-999 -999 0.0329414550546536 0.0329414550546542 0.0329414550546545 0.032941455054655 0.0329414550546543 0.0329414550546553
-999 -999 0.00729151085616306 0.00729151085616346 0.00729151085616303 0.0072915108561628 0.00729151085616296 0.00729151085616207
-999 -999 0.0845249391193041 0.0845249391193041 0.0845249391193041 0.0845249391193033 0.084524939119304 0.0845249391193037
-999 -999 0.782243324102228 0.782243324102228 0.782243324102228 0.782243324102228 0.782243324102228 0.782243324102228
-999 -999 0.752990815617672 0.752990815617672 0.752990815617672 0.752990815617672 0.752990815617672 0.752990815617672
-999 -999 0.827342296011135 0.827342296011135 0.827342296011135 0.827342296011135 0.827342296011135 0.827342296011136
-999 -999 0.716645362814834 0.716645362814835 0.716645362814834 0.716645362814834 0.716645362814834 0.716645362814834
-999 -999 0.00399157395983382 0.00399157395983358 0.00399157395983425 0.00399157395983408 0.0039915739598341 0.00399157395983407
-999 -999 0.00270540000187417 0.00270540000187373 0.00270540000187402 0.00270540000187419 0.00270540000187392 0.00270540000187293
-999 -999 0.0031444272267149 0.00314442722671507 0.00314442722671411 0.00314442722671571 0.00314442722671379 0.00314442722671463
-999 -999 0.00851506037772443 0.00851506037772369 0.00851506037772407 0.00851506037772424 0.00851506037772438 0.00851506037772444
-999 -999 0.0179356964715192 0.017935696471519 0.0179356964715187 0.0179356964715193 0.0179356964715187 0.0179356964715189
-999 -999 0.0254649088360172 0.0254649088360166 0.0254649088360155 0.025464908836017 0.0254649088360168 0.0254649088360159
-999 -999 0.0164442534359604 0.0164442534359596 0.0164442534359605 0.0164442534359607 0.0164442534359613 0.0164442534359608
-999 -999 0.0238291649803855 0.0238291649803858 0.0238291649803859 0.0238291649803864 0.023829164980385 0.023829164980386
-999 -999 0.0219133146395989 0.0219133146395988 0.0219133146395991 0.0219133146395988 0.0219133146395994 0.0219133146395985
-999 -999 0.177894111534238 0.177894111534238 0.177894111534238 0.177894111534239 0.177894111534237 0.177894111534238
-999 -999 0.165251735981459 0.165251735981459 0.165251735981459 0.16525173598146 0.16525173598146 0.165251735981459
-999 -999 0.00462539176705825 0.0046253917670585 0.00462539176705867 0.00462539176705876 0.00462539176705835 0.00462539176705862
-999 -999 0.00215996153726864 0.00215996153726953 0.00215996153726885 0.00215996153726843 0.00215996153726933 0.00215996153726785
-999 -999 0.0135044748325025 0.0135044748325025 0.0135044748325021 0.0135044748325027 0.0135044748325023 0.013504474832503
-999 -999 0.363052427133522 0.363052427133523 0.363052427133523 0.363052427133522 0.363052427133523 0.363052427133522

# Duration of outbreak (days) based on incidence
0
0
0
0
0
0
0
0
0
0
0
0
0
0
0
0
0
0
0
0
0
0
0
0
0
0
0
0
0
0
0
0
0
0
0
0
0
0
0
0
0
0
0
0
0
0
0
0
0
0

# Duration of outbreak (days) based on prevalence
0
0
0
0
0
0
26
18
0
0
0
0
22
8
0
0
0
0
0
0
0
0
0
0
0
0
0
19
0
0
0
31
24
23
7
0
0
0
0
0
0
0
0
0
0
0
0
0
0
0

# Peak (point) prevalence
0.000235152840634492
0.000314559128320798
0.000219004839575429
0.000231009754431634
0.000577321292569563
0.0839571664243255
0.282519317988306
0.147115074322181
0.029259987925528
0.0253743375702615
0.000212982656805575
0.0898584209569506
0.189226935409929
0.106071140169293
0.0133473051848105
0.0248088924163946
0.0142091239629096
0.00346431369007352
0.00234702345499546
0.0150752097675139
0.00474788271027037
0.000704158751960145
0.000300141094106583
0.000168958145297368
0.000171342959188914
0.000459897570228297
0.032697209547628
0.118526365287703
0.00487807711179843
0.00083085503712984
0.0193419341919597
0.269813868636113
0.179548035159162
0.22113020096462
0.104583111121033
0.000112507171759436
8.83367357351689e-05
0.000109323516305159
0.000380065932216979
0.00127372123612579
0.00253024210641103
0.00174849665386849
0.00303156334807866
0.00287917311092713
0.0333308434628579
0.0308647043919229
0.000413525364228424
0.000176825414777419
0.00229206482657258
0.0775483718890914

# Day of peak prevalence
90
104
94
97
119
76
31
41
100
110
119
69
38
48
119
116
119
119
119
118
119
119
117
99
102
119
119
83
119
119
119
43
44
32
46
108
101
87
113
119
119
119
119
119
119
119
119
119
119
108

# Total immunity
0.611118038043312
0.573097483428617
0.289103242361908
0.118380879022304
0.0864604724576585
0.0657924648993752
0.103924516899885
0.249531168069049
0.252412154814467
0.170237291645113
0.14463484909413
0.123781144605514
0.164458550512675
0.274588427660454
0.404300019173696
0.42966404515001
0.489640082521478
0.485804628785159
0.430975521769566
0.394959020981275
0.411511601494698
0.365977062237524
0.26064914374457
0.14785834635355
0.0865871415976201
0.0742829662381899
0.070310374021311
0.0613750600394705
0.0874822610252521
0.0519211619572915
0.0275461053443328
0.02712266456415
0.111632570934828
0.218113505059287
0.425307642477845
0.564124130713964
0.493446662294786
0.410329445097614
0.358144930851124
0.334595808033636
0.314142195720906
0.208590149359815
0.191737795931073
0.176805670818196
0.146141611659762
0.144142095430652
0.0996862685867454
0.0636477068019447
0.0158726709604133
0.0148181487945292

# Observed immunity (based on survey selectivity)
0.731859501335142
0.688236047811747
0.659631901959554
0.630049247010544
0.570498768200048
0.356330860739499
0.292007774273866
0.469171484306097
0.597210359392859
0.593778937181402
0.613121598859824
0.428443906551414
0.413222010523329
0.535912588142151
0.64670200813593
0.566628132705137
0.559040456021307
0.562585474718296
0.564786378316138
0.563642364494028
0.594733996041867
0.548046934332628
0.488481051779548
0.445910381386622
0.392847055052179
0.297372579631242
0.185505065447215
0.160171931371249
0.409287453298745
0.365983341981727
0.249311552940716
0.146434460404319
0.348690186931895
0.400072378052881
0.562088571864085
0.736635072013755
0.685537233307662
0.649203713685772
0.597971810000095
0.528151744099283
0.456646521081706
0.401764172677972
0.369035805984632
0.344763686689072
0.275125025263652
0.301925843726434
0.351958914698761
0.293178656637907
0.213532352514209
0.133134312384342

# True total proportion of susceptible
1 1 1 0.999731429790499 0.997081601670699 0.99249864169592 0.989295328336477 0.155200127619683
1 1 1 0.999683037971218 0.996559273664938 0.99105815463792 0.986174377017345 0.176352902498314
1 1 1 0.999654613443429 0.996226114161053 0.989996169428748 0.984170911394432 0.190028011103924
1 1 1 0.999769368592822 0.997347278397203 0.991848296570446 0.985404352718228 0.223965181286777
1 1 1 0.999778417502885 0.997552530382672 0.993138847335028 0.987432216593645 0.295369047959784
1 1 1 0.999598885059605 0.995762677906365 0.989922863203216 0.985127028872691 0.31442560681987
1 1 1 0.979789175749752 0.780396138292448 0.542009393608838 0.509549116533907 0.158836067301391
1 1 1 0.96952906222345 0.639324963077736 0.176203068850475 0.0878840873181383 0.0250780514169059
1 1 1 0.972603070721862 0.669653920810076 0.196594553256836 0.041375012499512 0.00643846732390175
1 1 1 0.986662658399224 0.834441197304242 0.461845704164203 0.12479661496773 0.0136635454618114
1 1 1 0.989337689023105 0.876384302960232 0.640141707101154 0.335775431663646 0.0540799677210478
1 1 1 0.999839594147568 0.987739327629383 0.873565755903559 0.637768563184424 0.132325928807769
1 1 1 0.97795146056973 0.758800196529318 0.487452201066106 0.392142876081697 0.106151127414622
1 1 1 0.971316345701916 0.660325457262573 0.211603211088607 0.104705451136324 0.0267487784499028
1 1 1 0.97434891355736 0.692223649828826 0.23748884754757 0.0607919524998284 0.00863471729094752
1 1 1 0.99424884199401 0.916444502925606 0.603914115315782 0.200861178280413 0.0233567042292534
1 1 1 0.990839577110392 0.899625919559505 0.739826230175659 0.46850453290189 0.0730227249733813
1 1 1 0.995443282976609 0.944714053685214 0.815756228401403 0.662787367628022 0.159290090712189
1 1 1 0.99859231675015 0.981329026780955 0.918588806587992 0.790746102117801 0.231326030720229
1 1 1 0.998893522795815 0.987491695908106 0.960367769860821 0.897384102768067 0.336090102781298
1 1 1 0.993557941844786 0.932883038815011 0.859737408936065 0.827892663646844 0.339602281436224
1 1 1 0.997773163684069 0.971184020038946 0.891629009313101 0.81851349631142 0.330925631930792
1 1 1 0.999570156851299 0.993473583906939 0.963131584480107 0.883585225397792 0.332310840913827
1 1 1 0.999809102194373 0.997660671193129 0.989856722718643 0.959392657719869 0.344812763359398
1 1 1 0.999892244084442 0.99873147572954 0.995615507865382 0.987713641965899 0.398990018517507
1 1 1 0.999901368070298 0.998905874411987 0.996858498933657 0.99364749604646 0.479795630433446
1 1 1 0.999825491773661 0.998155704447248 0.995589796378918 0.993371873827117 0.531065405393771
1 1 1 0.995104978366314 0.949946857218647 0.901642814503581 0.893938627674614 0.49598387549354
1 1 1 0.979346022836779 0.771348484003972 0.501147741915437 0.444187742793057 0.253033951127072
1 1 1 0.998774724804183 0.967179630087356 0.751481268456029 0.486159812549479 0.296094157819516
1 1 1 0.999730699407821 0.996081192955929 0.962152581279105 0.746995060568094 0.374229169166228
1 1 1 0.996841184033285 0.96776487901076 0.934735634178535 0.898839875465883 0.494805486828925
1 1 1 0.971580722352078 0.678190401643175 0.294755760023383 0.237551790505979 0.127255445672827
1 1 1 0.972651393664529 0.671843517040307 0.211623502946126 0.0716904452214987 0.031353574380518
1 1 1 0.970140565666124 0.641649995603985 0.159244619758138 0.0349783220468312 0.00744848472271071
1 1 1 0.973948941071023 0.68646626622047 0.22239044948631 0.0433833927234322 0.00596314793111841
1 1 1 0.999854016510304 0.972502112885199 0.684296797011409 0.221523507279911 0.0216118242603436
1 1 1 0.999901143592602 0.998865409581922 0.970652648160967 0.682759595057583 0.118143510768061
1 1 1 0.99988526057635 0.998753622195285 0.996686131244707 0.968396390452169 0.23155707267832
1 1 1 0.99968832087852 0.996765817490295 0.99282518833148 0.990452490313251 0.288478490480661
1 1 1 0.999339549284781 0.993069938159482 0.984183657707306 0.979607849575666 0.327422263661075
1 1 1 0.999058735087558 0.989898614303521 0.975137300415033 0.965399168813001 0.341445016911681
1 1 1 0.999392638746199 0.992975586315133 0.978378460810531 0.963114414140853 0.407220296999042
1 1 1 0.999117636080448 0.990544249049208 0.976173703101866 0.96083889752915 0.466711616954463
1 1 1 0.999188704684842 0.990985347870038 0.975125999601754 0.960077481926943 0.53943315722823
1 1 1 0.993356197442462 0.931044352969974 0.858720962552968 0.836917877006774 0.49788020365285
1 1 1 0.993826353524862 0.930371392148282 0.813419548048776 0.741235345302784 0.441750868131271
1 1 1 0.999830010934688 0.99212976562781 0.92727205000967 0.810429903120857 0.461354714601795
1 1 1 0.999920884807021 0.999038877993326 0.990633082575889 0.925758826767626 0.583202000738692
1 1 1 0.99949944229825 0.994907300376884 0.989502265028702 0.980641469831814 0.611220685213324

# True vulnerable proportion of susceptible
0 0 0.05 0.49986571489525 0.947227521587164 0.99249864169592 0.989295328336477 0.155200127619683
0 0 0.05 0.499841518985609 0.946731309981691 0.99105815463792 0.986174377017345 0.176352902498314
0 0 0.05 0.499827306721715 0.946414808453 0.989996169428748 0.984170911394432 0.190028011103924
0 0 0.05 0.499884684296411 0.947479914477343 0.991848296570446 0.985404352718228 0.223965181286777
0 0 0.05 0.499889208751442 0.947674903863538 0.993138847335028 0.987432216593645 0.295369047959784
0 0 0.05 0.499799442529803 0.945974544011046 0.989922863203216 0.985127028872691 0.31442560681987
0 0 0.05 0.489894587874876 0.741376331377825 0.542009393608838 0.509549116533907 0.158836067301391
0 0 0.05 0.484764531111725 0.607358714923849 0.176203068850475 0.0878840873181383 0.0250780514169059
0 0 0.05 0.486301535360931 0.636171224769572 0.196594553256836 0.041375012499512 0.00643846732390175
0 0 0.05 0.493331329199612 0.79271913743903 0.461845704164203 0.12479661496773 0.0136635454618114
0 0 0.05 0.494668844511553 0.83256508781222 0.640141707101154 0.335775431663646 0.0540799677210478
0 0 0.05 0.499919797073784 0.938352361247914 0.873565755903559 0.637768563184424 0.132325928807769
0 0 0.05 0.488975730284865 0.720860186702852 0.487452201066106 0.392142876081697 0.106151127414622
0 0 0.05 0.485658172850958 0.627309184399445 0.211603211088607 0.104705451136324 0.0267487784499028
0 0 0.05 0.48717445677868 0.657612467337385 0.23748884754757 0.0607919524998284 0.00863471729094752
0 0 0.05 0.497124420997005 0.870622277779326 0.603914115315782 0.200861178280413 0.0233567042292534
0 0 0.05 0.495419788555196 0.85464462358153 0.739826230175659 0.46850453290189 0.0730227249733813
0 0 0.05 0.497721641488305 0.897478351000953 0.815756228401403 0.662787367628022 0.159290090712189
0 0 0.05 0.499296158375075 0.932262575441907 0.918588806587992 0.790746102117801 0.231326030720229
0 0 0.05 0.499446761397907 0.938117111112701 0.960367769860821 0.897384102768067 0.336090102781298
0 0 0.05 0.496778970922393 0.88623888687426 0.859737408936065 0.827892663646844 0.339602281436224
0 0 0.05 0.498886581842034 0.922624819036999 0.891629009313101 0.81851349631142 0.330925631930792
0 0 0.05 0.499785078425649 0.943799904711592 0.963131584480107 0.883585225397792 0.332310840913827
0 0 0.05 0.499904551097186 0.947777637633473 0.989856722718643 0.959392657719869 0.344812763359398
0 0 0.05 0.499946122042221 0.948794901943063 0.995615507865382 0.987713641965899 0.398990018517507
0 0 0.05 0.499950684035149 0.948960580691387 0.996858498933657 0.99364749604646 0.479795630433446
0 0 0.05 0.49991274588683 0.948247919224885 0.995589796378918 0.993371873827117 0.531065405393771
0 0 0.05 0.497552489183157 0.902449514357714 0.901642814503581 0.893938627674614 0.49598387549354
0 0 0.05 0.48967301141839 0.732781059803773 0.501147741915437 0.444187742793057 0.253033951127072
0 0 0.05 0.499387362402091 0.918820648582988 0.751481268456029 0.486159812549479 0.296094157819516
0 0 0.05 0.49986534970391 0.946277133308133 0.962152581279105 0.746995060568094 0.374229169166228
0 0 0.05 0.498420592016643 0.919376635060222 0.934735634178535 0.898839875465883 0.494805486828925
0 0 0.05 0.485790361176039 0.644280881561016 0.294755760023383 0.237551790505979 0.127255445672827
0 0 0.05 0.486325696832264 0.638251341188292 0.211623502946126 0.0716904452214987 0.031353574380518
0 0 0.05 0.485070282833062 0.609567495823785 0.159244619758138 0.0349783220468312 0.00744848472271071
0 0 0.05 0.486974470535512 0.652142952909447 0.22239044948631 0.0433833927234322 0.00596314793111841
0 0 0.05 0.499927008255152 0.923877007240939 0.684296797011409 0.221523507279911 0.0216118242603436
0 0 0.05 0.499950571796301 0.948922139102826 0.970652648160967 0.682759595057583 0.118143510768061
0 0 0.05 0.499942630288175 0.948815941085521 0.996686131244707 0.968396390452169 0.23155707267832
0 0 0.05 0.49984416043926 0.946927526615781 0.99282518833148 0.990452490313251 0.288478490480661
0 0 0.05 0.49966977464239 0.943416441251508 0.984183657707306 0.979607849575666 0.327422263661075
0 0 0.05 0.499529367543779 0.940403683588345 0.975137300415033 0.965399168813001 0.341445016911681
0 0 0.05 0.4996963193731 0.943326806999377 0.978378460810531 0.963114414140853 0.407220296999042
0 0 0.05 0.499558818040224 0.941017036596747 0.976173703101866 0.96083889752915 0.466711616954463
0 0 0.05 0.499594352342421 0.941436080476536 0.975125999601754 0.960077481926943 0.53943315722823
0 0 0.05 0.496678098721231 0.884492135321475 0.858720962552968 0.836917877006774 0.49788020365285
0 0 0.05 0.496913176762431 0.883852822540867 0.813419548048776 0.741235345302784 0.441750868131271
0 0 0.05 0.499915005467344 0.94252327734642 0.92727205000967 0.810429903120857 0.461354714601795
0 0 0.05 0.49996044240351 0.94908693409366 0.990633082575889 0.925758826767626 0.583202000738692
0 0 0.05 0.499749721149125 0.94516193535804 0.989502265028702 0.980641469831814 0.611220685213324

# True survival by age
0.778267540515681 0.778267540515681 0.778187700238172 0.777469495380855 0.776756558566108 0.776686713219545 0.776693536431099 0.778470199333528
0.778267540515681 0.778267540515681 0.778178150737271 0.777374095080879 0.776576813217126 0.776500499311466 0.776511834745513 0.778391461261438
0.778267540515681 0.778267540515681 0.778216705300285 0.777759548114536 0.777307328899388 0.77726634161359 0.77727537045401 0.778506249751588
0.778267540515681 0.778267540515681 0.778219745646824 0.777789825039575 0.777363261494594 0.777323782165646 0.777333378099762 0.778467267576378
0.778267540515681 0.778267540515681 0.778159428916398 0.777186782236457 0.776219752621509 0.77612380259237 0.77613918467025 0.778004623322318
0.778267540515681 0.778267540515681 0.771560993490264 0.711229185115173 0.651385344751 0.645493629401711 0.646139456513942 0.736458915594583
0.778267540515681 0.778267540515681 0.76818723851138 0.679512609866232 0.628918696257561 0.669239393062226 0.675800890184506 0.746693774369462
0.778267540515681 0.778267540515681 0.769194941605467 0.690322305782922 0.668253427491611 0.746734428688058 0.762807178039517 0.774236948348064
0.778267540515681 0.778267540515681 0.773837773397036 0.7351980987025 0.722081887636973 0.761278588734944 0.775113086755916 0.778226931589712
0.778267540515681 0.778267540515681 0.774727489949429 0.743346295528152 0.722230506887367 0.74585536435682 0.769898509655835 0.777826104250517
0.778267540515681 0.778267540515681 0.778240301032848 0.778003735643676 0.777879884817563 0.778110689690659 0.778438806339942 0.778742483124153
0.778267540515681 0.778267540515681 0.770954534757438 0.705149298957707 0.641030554006621 0.650567132572609 0.685180594232935 0.759376215668215
0.778267540515681 0.778267540515681 0.768772813564192 0.685425476836009 0.641508745656474 0.68597634179342 0.704125885114612 0.758586659365036
0.778267540515681 0.778267540515681 0.76976843138369 0.695729599622735 0.671817285082742 0.742719171559886 0.7609468885506 0.774239703740554
0.778267540515681 0.778267540515681 0.776366279222223 0.759756300009875 0.753425797358354 0.769643576841975 0.776456738490449 0.77846784159738
0.778267540515681 0.778267540515681 0.775227916061361 0.748049176339839 0.725384800542223 0.741765308100666 0.766482824354859 0.777368416095792
0.778267540515681 0.778267540515681 0.776765897672252 0.76339355364346 0.752653644593348 0.756187180963156 0.764480426937992 0.776568763199631
0.778267540515681 0.778267540515681 0.777821429646762 0.77382918967183 0.77028952439497 0.771087432737759 0.772533823671967 0.777294622000772
0.778267540515681 0.778267540515681 0.777922541941193 0.774823161894561 0.771844911481641 0.771972715852253 0.772922998038731 0.777081287170766
0.778267540515681 0.778267540515681 0.776135315688265 0.756969474843916 0.738268678568968 0.737334274060433 0.740053766405979 0.764289172298063
0.778267540515681 0.778267540515681 0.777546579862 0.771107813863013 0.76552446279163 0.765945597611403 0.766421754752367 0.773722895026604
0.778267540515681 0.778267540515681 0.77814977809355 0.777093726114647 0.77610989575433 0.77622532070415 0.776436514205294 0.777844907362451
0.778267540515681 0.778267540515681 0.778230055584191 0.77789308153785 0.777563455183112 0.777565141894598 0.777667195194823 0.778374447807198
0.778267540515681 0.778267540515681 0.77825799230981 0.77817217847912 0.778087796425273 0.778083922227357 0.778105984506519 0.778551067367192
0.778267540515681 0.778267540515681 0.778261058206478 0.778202781868764 0.778145209308315 0.778140800762089 0.778146038820017 0.778536297080842
0.778267540515681 0.778267540515681 0.778235562531208 0.777947844806198 0.777661207015713 0.777631665185728 0.777635431057124 0.778238077678802
0.778267540515681 0.778267540515681 0.776652670952071 0.762121756015031 0.747642589902307 0.746114939023679 0.746187754826836 0.761365569208246
0.778267540515681 0.778267540515681 0.771414662678454 0.710076822229927 0.654606705458308 0.654743027540531 0.655803052764286 0.710557965202212
0.778267540515681 0.778267540515681 0.77788265933175 0.77450923552778 0.772748794397257 0.774675903044058 0.775144733177543 0.77671809446693
0.778267540515681 0.778267540515681 0.778203713094607 0.777630701735382 0.777112122685051 0.777440759052223 0.777920935429178 0.778264914536181
0.778267540515681 0.778267540515681 0.777234109581324 0.767936157810273 0.758711388949658 0.758401357548661 0.762963097448133 0.770866428153708
0.778267540515681 0.778267540515681 0.768859508179177 0.684486083993345 0.605294227412536 0.602421880804235 0.60919519112459 0.685434011321703
0.778267540515681 0.778267540515681 0.769210803650864 0.690289185431213 0.661737494861759 0.725253099598196 0.735645229179941 0.755682543330846
0.778267540515681 0.778267540515681 0.768387487485192 0.68218365046058 0.652323385562919 0.736870907781731 0.764596446663815 0.77258856445977
0.778267540515681 0.778267540515681 0.769636969407805 0.694554791470595 0.673240315632729 0.751228426775991 0.772744473228371 0.777511117681465
0.778267540515681 0.778267540515681 0.778245147112777 0.778063331738471 0.778142656047277 0.778582593441003 0.778758219164337 0.778794932563673
0.778267540515681 0.778267540515681 0.778260982775841 0.778202050535106 0.778161032658129 0.778346138091127 0.778653603439642 0.778786424232578
0.778267540515681 0.778267540515681 0.778255645685689 0.77814865668901 0.778042400177178 0.778052274807963 0.778274280413824 0.778709677984272
0.778267540515681 0.778267540515681 0.778189475108895 0.777487037203563 0.77678681108925 0.776713173446054 0.776772427742193 0.778315775044715
0.778267540515681 0.778267540515681 0.778072317515163 0.776316085180409 0.774572024459055 0.774394920185481 0.774405449513566 0.777520601333938
0.778267540515681 0.778267540515681 0.777978013459848 0.775374534321292 0.772808344226375 0.772577018526175 0.772605954946926 0.776730235506489
0.778267540515681 0.778267540515681 0.7780901487829 0.776495794836519 0.774936530225504 0.774821172456754 0.774860914523716 0.777407319593958
0.778267540515681 0.778267540515681 0.777997791913052 0.775572016708754 0.773182064471778 0.773000745587581 0.773091234132031 0.776386693757936
0.778267540515681 0.778267540515681 0.778021657485633 0.775811350312342 0.773644980318795 0.77347975475171 0.773563343291814 0.776256783245291
0.778267540515681 0.778267540515681 0.776067899735086 0.756289410909523 0.73685592361303 0.735382266092377 0.736052317265703 0.754781950935115
0.778267540515681 0.778267540515681 0.776225027683893 0.757981655475816 0.742172579880946 0.743263904811889 0.74416619278496 0.758196758066082
0.778267540515681 0.778267540515681 0.77823708099636 0.777968117836535 0.77776623480998 0.777871505783928 0.777953971395047 0.778296112327429
0.778267540515681 0.778267540515681 0.778267616418972 0.778268390064966 0.778273168071941 0.778307729813609 0.778369857644563 0.778555469471115
0.778267540515681 0.778267540515681 0.778126023589957 0.776852525407417 0.775581815723679 0.775468708387333 0.775686918206113 0.776839135861611
0.778267540515681 0.778267540515681 0.773753718972662 0.733152186285539 0.692944410050636 0.68894440553966 0.689749051457695 0.723296032262018

# True Numbers-at-age
15.6296278628564 18.737633236767 10.8696183941118 31.2875174663014 13.0941087853848 5.35830014044817 7.46858960690591 267.198643095891
20.019743105553 12.1640320360006 14.5828917342635 8.45860334058039 24.325090416245 10.1709348776258 4.16172052452851 213.806986226447
237.092535682177 15.5807162285145 9.46687129541211 11.348087722171 6.57549911753179 18.890301196666 7.89773601094081 169.657157676908
537.596168989739 184.521424619994 12.1259656986387 7.36727738901746 8.82608357875984 5.11118365522892 14.6827953031114 138.217873250215
264.208917815366 418.393648230296 143.607035311453 9.43666594171675 5.73019339142191 6.86107311700863 3.97304461022577 119.011516992228
244.219571527172 205.625224650475 325.622195575576 111.749168586337 7.33405203828321 4.44788929676292 5.32504215743702 95.6751460529953
87.2029070547222 190.068165278246 160.031437856709 251.237384720772 79.4792701109586 4.77729401537888 2.87108420534452 73.9015341570625
41.907666208665 67.8671919992961 147.923883521428 122.934108322151 170.718970987579 49.9859989376866 3.19715334733197 57.1220967331972
329.824012661692 32.6153763089698 52.8188325989977 113.782302947319 84.8641571163147 114.08353750029 37.3262663591353 46.6648493805914
482.832739500421 256.691323137228 25.3834887029753 40.8732078118391 83.6525327928606 61.2788707632692 86.849354426111 65.2479200812566
307.519500458569 375.773048651441 199.774524729726 19.6652864890158 30.3829476132829 60.4164111613999 45.7051744805126 117.616724024487
154.497534943377 239.332445282501 292.451966366036 155.472586264356 15.2996663509574 23.6342837898386 47.0106553574313 127.171821189926
182.787239286522 120.240416536117 186.264673555616 225.467169668625 109.631385211452 9.80755359707067 15.3756882355626 128.782045087926
95.4808697430436 142.257375157173 93.579213248145 143.195217156967 154.540942280983 70.3294924115806 6.72774973846144 108.518761457559
14.2590132316551 74.3096616612166 110.71429748379 72.0343241921444 99.6251511005071 103.823276277339 52.2350623401564 89.1389939516215
4.99799556616383 11.0973271579808 57.8327976176274 85.954847194192 54.7285316219355 75.0601589048461 79.9069177135435 109.950106363164
9.56239846290338 3.8897777167866 8.63668951353958 44.8335991771118 64.298452646032 39.6992449945464 55.6770218961381 146.719020007665
27.6636756891117 7.44210433315474 3.02728773679621 6.7086858829011 34.2256805984419 48.3944647257488 30.0200601587917 156.50140137501
38.2746144008925 21.5297408401884 5.79194823562543 2.35468927538694 5.1913769605282 26.3636832302679 37.3163635640957 144.839209485713
24.811160561464 29.7878900139686 16.7558984516334 4.50568709424954 1.82446778963452 4.00693789056672 20.3520441431384 141.394514941818
13.7139532657197 19.3097209075102 23.182947898323 13.004844534399 3.41066759354508 1.34694742414512 2.95445264074625 123.127903714559
25.560229286222 10.6731246788587 15.0281289987322 18.02582184946 10.0281372385488 2.61094947730942 1.03168844973797 97.531234897839
58.3887768564612 19.8926967816049 8.30654649343257 11.6941352455247 14.0077530672757 7.7829365468202 2.02668509536684 76.6652149577155
119.293752688231 45.442089757797 15.4818401984438 6.46440413929669 9.09678690206159 10.8919168743427 6.0517401603849 61.250330872389
152.095206224508 92.8424555035553 35.3661034316935 12.0488658701022 5.03041945164595 7.07809887517539 8.4748254021629 52.3954057127661
48.3224035496657 118.370762072573 72.2562695001885 27.5240610813895 9.37646093847713 3.91439679710965 5.50775752660221 47.3863769640497
17.0948406459702 37.6077581624045 92.1241218671882 56.2323985408858 21.4122839985811 7.29170993095181 3.04395889953406 41.1609103150225
139.682970592611 13.3043595850467 29.2688974493631 71.5484453072659 42.8559343209169 16.0087354644229 5.44045371051046 33.6098647681552
340.629566678967 108.710721975035 10.3543512123905 22.5784566528707 50.804892679275 28.0537819751531 10.4816079250717 27.4496232721574
347.746469928772 265.100935086162 84.6060262191948 8.05447025674928 17.487223201612 39.2594195673918 21.7325888854028 29.4453822601365
572.203026401878 270.639789874475 206.319452737914 65.8407237539571 6.2634033578627 13.589533142072 30.5218729484228 39.8225437832007
198.260727828533 445.327042033419 210.630163631289 160.358516138059 50.5614724270613 4.75211546119596 10.3063203833999 53.9849248107976
59.582729986832 154.299889027961 346.583581728472 161.945004017252 109.763172746324 30.6045673895783 2.86277833393255 43.2816643797221
38.7433506077429 46.3713047240616 120.086595135634 266.595835433553 111.788884907723 72.6344069612306 22.1960573611536 34.8131874416177
16.9895519957242 30.1526921888248 36.0892812780986 92.273037116921 181.867320213649 72.9225038713096 53.5221813937097 43.8672970980725
50.3113123698696 13.2224168461755 23.466861589723 27.7756450709816 64.0886800531015 122.440412063916 54.78145785981 75.4662810635027
48.6770910353634 39.1556613382146 10.2905778385461 18.2629711501692 21.6112109451132 49.8701357190846 95.3299735667086 101.434267837814
61.1195556136784 37.8837999195502 30.4735802469572 8.0087552219582 14.2122815979251 16.817002226042 38.8162275430299 153.224658177584
41.4459575943137 47.5673662248688 29.4837317887764 23.7162358714503 6.23200211771786 11.0577576864436 13.0845068374225 149.527195788147
19.0117523675982 32.2560434812437 37.0201371206373 22.9439297649594 18.4390659613148 4.84093705172351 8.58870606383512 126.543059422029
16.7201136556198 14.7962297560238 25.1038316269144 28.8043438841834 17.8117417337875 14.2823846507897 3.74879706179237 105.040976436556
95.6972820077965 13.0127217319018 11.5154253411256 19.5302290593374 22.3341547256291 13.7650626370762 11.0342421509511 84.4848452992262
23.1426626140006 74.4780883022433 10.1273789377022 8.96003901697479 15.1651407367695 17.3075523685985 10.6654619714 74.2291400945437
21.8685387624944 18.0111831135824 57.9638786052965 7.87907845139906 6.94915553018426 11.7254148228605 13.3787508852228 65.8758918165554
39.6151388252149 17.0195738773584 14.0175191835853 45.0971529067889 6.11267849259678 5.37617929338165 9.06937098154818 61.4859191387753
60.0199215469984 30.8311766606872 13.2457819021566 10.8785466723013 34.106499205572 4.5041633564119 3.95354691168591 53.0839935297144
143.246903857944 46.7115567243266 23.9949040309175 10.2817074236963 8.2457388158419 25.3129085061068 3.34778204419733 43.1902077526964
136.699278342863 111.484415552008 36.3540883655003 18.673724071809 7.99884057255898 6.41325723202386 19.6901902554161 36.2191911211859
880.233635613714 106.388611146168 86.7647018974897 28.2932096993026 14.5331691698842 6.22528299330785 4.9914876769672 43.5248999333215
101.689418312627 685.057266668261 82.7988027356076 67.5138724754617 21.9796514067848 11.2716617329982 4.82751216216607 37.6836773460751

