# Simulated data from SIR age-structured hybrid model
# random seed = 3114403
# Flag=0 if no issues, =1 if negative pop #'s, =2 if NaN, or=3 if NA. Flag:
0

# True SSB
49841.7974228777
51685.6750778945
46905.1206292586
40806.9332934289
38815.0140425533
37905.9533467798
32906.0031174983
30423.213686131
36037.596574197
36761.2163148865
33883.2991592925
36052.8236096771
30215.2840041466
31022.8807167407
46562.5102034317
57682.5886632166
55468.8209931855
47028.8803946435
36797.8916882713
32845.991870963
30922.9922839041
28178.2976357131
27618.6255429097
28900.4457738352
31028.0741030134
27680.7310116797
23431.6120489524
19294.0633621683
20827.0799092875
22611.609881635
29631.0321748726
30562.0459154184
27640.0580832209
30783.6310526175
31355.2781380091
31280.8177923614
27396.5950707166
39690.9011635524
48859.3754401679
40115.4188056984
41019.1565519346
61965.6368113502
76919.8816243146
70606.4035844766
62243.3632920403
62840.1326220332
65317.1611812831
53653.0477937322
47531.0172237332
40251.2751607224

# True R (numbers)
88.2110643363987
122.796800392993
117.208398943711
65.7184933581751
100.715666924546
240.764534778249
37.51773004487
157.222856767087
84.4673943100024
34.1265333621885
103.186062772596
589.622481564564
361.190902934858
88.8200362160713
41.3309930150023
28.5138522743617
33.6695045957972
30.9858806436624
90.1383360664936
153.813793295217
105.425680820344
167.480974416134
14.8850542426592
14.8912590107973
51.2186865774049
134.581253243596
76.6127337865091
327.218177833939
119.344148977149
153.765561351283
92.5169352880151
241.720120986585
58.862065763487
59.1563576570799
767.209829824861
119.2342332273
108.94253933359
178.001265425365
790.535859932951
547.721064960507
47.9165818924563
138.165377654653
100.8348294353
187.878240137465
34.3726516156016
67.839177254786
140.69373822534
122.384933505478
163.784951128563
25.4500152213657

# True infection rate given (selected) susceptible
-999 -999 0.730573616597695 0.730573616597695 0.730573616597695 0.730573616597695 0.730573616597695 0.730573616597694
-999 -999 0.729789493101833 0.729789493101834 0.729789493101833 0.729789493101833 0.729789493101833 0.729789493101833
-999 -999 0.502498015278967 0.502498015278967 0.502498015278967 0.502498015278967 0.502498015278967 0.502498015278967
-999 -999 0.00343460898317521 0.00343460898317542 0.0034346089831746 0.00343460898317543 0.00343460898317512 0.00343460898317461
-999 -999 0.00504599420235245 0.00504599420235283 0.00504599420235236 0.00504599420235213 0.00504599420235264 0.00504599420235143
-999 -999 0.0732442247670556 0.0732442247670559 0.0732442247670554 0.0732442247670566 0.0732442247670563 0.0732442247670556
-999 -999 0.150959981640996 0.150959981640997 0.150959981640996 0.150959981640996 0.150959981640996 0.150959981640996
-999 -999 0.0404156093939041 0.0404156093939041 0.0404156093939045 0.0404156093939035 0.0404156093939041 0.0404156093939048
-999 -999 0.643134316231558 0.643134316231559 0.643134316231559 0.643134316231558 0.643134316231558 0.643134316231559
-999 -999 0.354462209733221 0.354462209733222 0.354462209733221 0.354462209733221 0.354462209733221 0.354462209733221
-999 -999 0.0417771014156557 0.0417771014156561 0.0417771014156556 0.0417771014156564 0.0417771014156555 0.0417771014156565
-999 -999 0.532616496365532 0.532616496365531 0.532616496365531 0.532616496365532 0.532616496365531 0.532616496365531
-999 -999 0.00273700370041478 0.00273700370041479 0.0027370037004147 0.00273700370041441 0.00273700370041494 0.00273700370041406
-999 -999 0.00505922094946841 0.00505922094946769 0.00505922094946818 0.00505922094946696 0.00505922094946757 0.00505922094946759
-999 -999 0.86545836237512 0.86545836237512 0.86545836237512 0.86545836237512 0.86545836237512 0.865458362375121
-999 -999 0.818519338728315 0.818519338728315 0.818519338728315 0.818519338728315 0.818519338728315 0.818519338728315
-999 -999 0.310643129323478 0.310643129323479 0.310643129323478 0.310643129323479 0.310643129323479 0.310643129323478
-999 -999 0.00424552658728303 0.00424552658728185 0.00424552658728261 0.0042455265872828 0.00424552658728339 0.00424552658728277
-999 -999 0.00244775109676275 0.00244775109676354 0.00244775109676321 0.00244775109676301 0.00244775109676333 0.00244775109676274
-999 -999 0.00650883553878407 0.0065088355387842 0.00650883553878471 0.00650883553878334 0.00650883553878443 0.00650883553878382
-999 -999 0.0192692034891789 0.0192692034891783 0.019269203489179 0.0192692034891793 0.0192692034891788 0.0192692034891777
-999 -999 0.0397429116911847 0.0397429116911856 0.0397429116911855 0.0397429116911845 0.0397429116911861 0.0397429116911845
-999 -999 0.378839881474848 0.378839881474847 0.378839881474848 0.378839881474848 0.378839881474847 0.378839881474848
-999 -999 0.195465561783421 0.19546556178342 0.19546556178342 0.19546556178342 0.195465561783421 0.19546556178342
-999 -999 0.291250969675287 0.291250969675287 0.291250969675287 0.291250969675287 0.291250969675288 0.291250969675287
-999 -999 0.190233662863375 0.190233662863375 0.190233662863374 0.190233662863375 0.190233662863375 0.190233662863374
-999 -999 0.00757404411253776 0.0075740441125371 0.00757404411253717 0.00757404411253724 0.00757404411253731 0.00757404411253833
-999 -999 0.0052791072496431 0.00527910724964355 0.00527910724964284 0.00527910724964304 0.00527910724964343 0.00527910724964252
-999 -999 0.335557701159362 0.335557701159364 0.335557701159363 0.335557701159363 0.335557701159363 0.335557701159363
-999 -999 0.0979044053238449 0.0979044053238438 0.0979044053238445 0.0979044053238444 0.0979044053238452 0.0979044053238458
-999 -999 0.731445699490188 0.731445699490188 0.731445699490188 0.731445699490188 0.731445699490188 0.731445699490187
-999 -999 0.572348980450304 0.572348980450304 0.572348980450303 0.572348980450305 0.572348980450304 0.572348980450304
-999 -999 0.00617543031682948 0.00617543031682893 0.0061754303168286 0.00617543031682879 0.0061754303168286 0.00617543031682941
-999 -999 0.131778261754681 0.131778261754681 0.131778261754681 0.131778261754682 0.131778261754682 0.131778261754682
-999 -999 0.501495467924761 0.501495467924762 0.501495467924762 0.501495467924762 0.501495467924762 0.501495467924762
-999 -999 0.339030793284915 0.339030793284916 0.339030793284916 0.339030793284916 0.339030793284915 0.339030793284916
-999 -999 0.00381993522289537 0.00381993522289455 0.00381993522289451 0.00381993522289484 0.00381993522289438 0.00381993522289611
-999 -999 0.891891975502237 0.891891975502237 0.891891975502237 0.891891975502236 0.891891975502236 0.891891975502237
-999 -999 0.81287304401467 0.812873044014669 0.812873044014669 0.812873044014669 0.812873044014669 0.812873044014669
-999 -999 0.00210718035091008 0.0021071803509111 0.00210718035090987 0.00210718035091037 0.00210718035091056 0.00210718035090973
-999 -999 0.024026096335235 0.024026096335236 0.0240260963352365 0.0240260963352358 0.0240260963352355 0.0240260963352355
-999 -999 0.883038436815014 0.883038436815014 0.883038436815014 0.883038436815014 0.883038436815014 0.883038436815014
-999 -999 0.854113624299581 0.854113624299581 0.854113624299581 0.854113624299581 0.854113624299581 0.854113624299581
-999 -999 0.557108806094627 0.557108806094627 0.557108806094627 0.557108806094626 0.557108806094627 0.557108806094627
-999 -999 0.00317626723728604 0.00317626723728563 0.00317626723728512 0.00317626723728551 0.00317626723728517 0.00317626723728516
-999 -999 0.018620935344049 0.0186209353440488 0.0186209353440486 0.0186209353440495 0.018620935344049 0.0186209353440489
-999 -999 0.422656666911997 0.422656666911996 0.422656666911996 0.422656666911996 0.422656666911996 0.422656666911996
-999 -999 0.0647471882663751 0.0647471882663763 0.064747188266375 0.0647471882663761 0.0647471882663742 0.0647471882663743
-999 -999 0.0274646424476718 0.0274646424476723 0.0274646424476719 0.0274646424476725 0.0274646424476729 0.0274646424476714
-999 -999 0.050441115871057 0.0504411158710575 0.0504411158710569 0.0504411158710572 0.0504411158710573 0.0504411158710572

# Duration of outbreak (days) based on incidence
0
0
0
0
0
0
0
0
0
0
0
0
0
0
0
0
0
0
0
0
0
0
0
0
0
0
0
0
0
0
0
0
0
0
0
0
0
0
0
0
0
0
0
0
0
0
0
0
0
0

# Duration of outbreak (days) based on prevalence
25
19
0
0
0
0
0
0
20
0
0
0
0
0
27
22
0
0
0
0
0
0
0
0
0
0
0
0
0
0
29
0
0
0
0
0
0
27
20
0
0
26
21
0
0
0
0
0
0
0

# Peak (point) prevalence
0.180441531668608
0.14644057637524
0.0467352753057657
0.000131201789283651
0.00032043112079233
0.0102967449703858
0.0225370237268946
0.0057693753900277
0.126506885285217
0.0346069565417123
0.00492971937735944
0.0737757166187875
0.000110460792208821
0.000392414562025716
0.340297264884612
0.198524314576098
0.0204408642539958
0.000143956183703201
8.41930277762591e-05
0.000263372167243763
0.00122907676936868
0.0042898258996756
0.0523683128551411
0.0298035204408058
0.0429425196839076
0.0277661333012048
0.00053857895584938
0.000376780726450092
0.0487513334849435
0.0178254463914214
0.207224700909908
0.080305076641627
0.00041955041047211
0.0226901804437498
0.07724112670841
0.0387052826095607
0.000248544963252553
0.379589664294821
0.179631493436486
5.41879932033261e-05
0.00273057491261836
0.344858950822013
0.224754150272394
0.0401208678669274
7.67018542362673e-05
0.00128159218654224
0.0396818589094032
0.00585933076662892
0.00214149902227935
0.00569906400643525

# Day of peak prevalence
45
45
79
119
119
119
119
119
64
99
119
80
100
119
29
32
102
109
98
113
119
119
100
119
111
119
119
119
104
119
50
69
119
119
88
102
119
27
31
73
119
27
27
68
106
119
87
119
119
119

# Total immunity
0.117494795961439
0.217894229958616
0.305794667523335
0.346685036269487
0.275743652681658
0.170354173774321
0.168891439199228
0.140284183397307
0.123870754784223
0.264254540341205
0.258207615576616
0.10047686112558
0.105877204640763
0.0961499605606815
0.0915533854647017
0.292099071598194
0.514785701261688
0.540758038005107
0.406634470644495
0.269155212187617
0.212769603213589
0.149193639667026
0.14914849584972
0.227105397697574
0.235357410423635
0.210993497086125
0.199380192573243
0.0887785381273441
0.0710764224935789
0.0835440447738867
0.0797110289276591
0.148026961092867
0.202898553639384
0.177726808050308
0.0618822958577758
0.0959041412959905
0.107927692992245
0.0820358976362073
0.118812721084776
0.124248804639356
0.119341200737046
0.105926611470627
0.269176751940364
0.385986194376234
0.444780476907495
0.397965949284207
0.319291306967035
0.336836757748793
0.260635248589485
0.251361140224404

# Observed immunity (based on survey selectivity)
0.322791469842693
0.443107892215654
0.581023674053092
0.659589210535043
0.555339219119617
0.4493569081246
0.401233117984094
0.38539256290693
0.283677618628376
0.52063733463824
0.522313230953117
0.416927692974475
0.604142022027259
0.459030665892765
0.228440462429575
0.435824001998678
0.66441063427047
0.696670321935722
0.655239341261107
0.612812645400469
0.56011808209467
0.461155197156281
0.340138419279265
0.40056841376252
0.367237448315079
0.438430306218024
0.501204595747748
0.435537248369235
0.31285235977288
0.344348035605893
0.222302851622639
0.448834242601998
0.547402930062935
0.417509661556429
0.334283427142255
0.469640695005513
0.484336050227694
0.221878418630422
0.488357456527892
0.730904929491667
0.528723793817143
0.27488366079218
0.451810225253707
0.691219597842862
0.760014974690555
0.652223299362288
0.538856796258835
0.619048716392308
0.57977544202808
0.492067124646497

# True total proportion of susceptible
1 1 1 0.9990937326184 0.990704824781354 0.980153228264104 0.972832069165016 0.277654970846498
1 1 1 0.973114701314981 0.699213956265816 0.350767306561899 0.303008668920946 0.086765920159442
1 1 1 0.973128663210373 0.678910280979171 0.229305132876508 0.0915679257168962 0.0241495769325828
1 1 1 0.98128663001606 0.774993168193794 0.375045728997953 0.11160056856408 0.0187183162961579
1 1 1 0.999874681841871 0.980040894655495 0.772962720122526 0.373852373812246 0.0548832241882881
1 1 1 0.999814934280321 0.998023325158168 0.9765616292235 0.769819582351917 0.183507612768304
1 1 1 0.997222631367378 0.971752452498184 0.944195991354179 0.920569997555156 0.269099371950635
1 1 1 0.994350150777365 0.939569401503974 0.861540920065406 0.830031587481208 0.294088007625087
1 1 1 0.998529618352715 0.979611794629532 0.912354107344954 0.834422494460138 0.378563421653012
1 1 1 0.976766209911861 0.743437967170741 0.449973037185779 0.380550565897818 0.177629219053239
1 1 1 0.986656411558048 0.838164361870846 0.517121388038165 0.294314771680056 0.128742183656276
1 1 1 0.998463936059076 0.971323482663704 0.811741027849412 0.497812987965602 0.153799379939906
1 1 1 0.980242559057306 0.784748699997987 0.537918264957892 0.413404459644598 0.132097879588161
1 1 1 0.999900480856089 0.97925266518646 0.783121684367231 0.536634193646842 0.153585373684723
1 1 1 0.999814203169952 0.998041799562056 0.975761284971952 0.779937412809998 0.269952361521689
1 1 1 0.968828244538689 0.64530327688577 0.218429723774454 0.157746617971705 0.0476211111173551
1 1 1 0.970523357493838 0.643519630162214 0.159143656394777 0.0385993970784508 0.00933236570958372
1 1 1 0.988385534572165 0.851188047189396 0.469991058528387 0.108232735601982 0.010424521203198
1 1 1 0.99984240993399 0.98681468745239 0.848469386759557 0.468171244881197 0.0691531669106596
1 1 1 0.999911639804232 0.9989587460738 0.985147852040308 0.846871662494395 0.208140593154555
1 1 1 0.999766423527196 0.997574279064179 0.994516964166445 0.980509226366353 0.276929779212658
1 1 1 0.9992873797322 0.992623720371363 0.983987231380931 0.980236337609701 0.316554274934237
1 1 1 0.998499174477785 0.984203205566481 0.963919383252231 0.953909276383125 0.338896501757679
1 1 1 0.986001174352824 0.850638805190417 0.689239695767978 0.655990577466596 0.24244657659062
1 1 1 0.992765816191012 0.912214531453568 0.720059915711806 0.571500759583053 0.221210862194266
1 1 1 0.989032407487107 0.878760288645048 0.698537314697652 0.531172507997002 0.214253268273223
1 1 1 0.992942295056427 0.916963021973861 0.748595303400983 0.58258512897495 0.258733709776543
1 1 1 0.999716905569687 0.990117671103713 0.911844495855526 0.743892751925074 0.325078623880802
1 1 1 0.999807052089065 0.997786748577415 0.986468748984008 0.908188726047521 0.457140637788899
1 1 1 0.987543213598796 0.868957269040864 0.736297785620637 0.711759578484261 0.323374013898585
1 1 1 0.996327070886719 0.950563792691061 0.803310442087899 0.674755524195048 0.309083438513027
1 1 1 0.973091798557368 0.696724389256915 0.332103649123228 0.235331282664574 0.0965415206556881
1 1 1 0.978577703819177 0.743780379409429 0.335409178301076 0.138870304558666 0.0585889218213139
1 1 1 0.99977576988583 0.976356485313147 0.740253366262889 0.333473219103706 0.0740872859005966
1 1 1 0.994980587519509 0.948610445450944 0.878651923034531 0.655130420438297 0.189096300072511
1 1 1 0.981467294436577 0.795985768412717 0.553573752433728 0.483770555255063 0.145961834891641
1 1 1 0.987060483283747 0.846875700664562 0.565020103643863 0.372684414246296 0.152542050100368
1 1 1 0.999856807700041 0.985632737887918 0.844412808926554 0.563098640708118 0.189341275711032
1 1 1 0.968047055709015 0.635158367424244 0.189081598780536 0.107305228313313 0.0363210268174327
1 1 1 0.970559908645722 0.643417068394103 0.157000533231184 0.0333903890942915 0.00754906976563135
1 1 1 0.999922711700035 0.969788977179136 0.642318042928386 0.156669736210077 0.0106083569932854
1 1 1 0.999114616479152 0.991041054330306 0.953159326162215 0.62913518931667 0.108515047901096
1 1 1 0.968236660082944 0.637111151344003 0.196924250562282 0.132662230551079 0.0194510520154856
1 1 1 0.96925219124397 0.627239909579967 0.132519771942592 0.0273340255224573 0.0046068320554475
1 1 1 0.979585330767519 0.752176141831942 0.314901147628296 0.0570934571469237 0.00419831355446479
1 1 1 0.999886008481673 0.978454423717712 0.750368362299495 0.313970978003878 0.0336594241373016
1 1 1 0.999325858214697 0.993128583310627 0.965744406504962 0.739119409299386 0.133333896349817
1 1 1 0.984139051059874 0.830438444817306 0.651387664771873 0.610595817902336 0.0909804935802149
1 1 1 0.997607734435195 0.960218063365907 0.789319849298741 0.615100864795095 0.153816813609997
1 1 1 0.998965302035164 0.987236446985803 0.940881883516246 0.771396996051695 0.201993790695908

# True vulnerable proportion of susceptible
0 0 0.05 0.4995468663092 0.941169583542287 0.980153228264104 0.972832069165016 0.277654970846498
0 0 0.05 0.48655735065749 0.664253258452525 0.350767306561899 0.303008668920946 0.086765920159442
0 0 0.05 0.486564331605186 0.644964766930212 0.229305132876508 0.0915679257168962 0.0241495769325828
0 0 0.05 0.49064331500803 0.736243509784104 0.375045728997953 0.11160056856408 0.0187183162961579
0 0 0.05 0.499937340920935 0.931038849922721 0.772962720122526 0.373852373812246 0.0548832241882881
0 0 0.05 0.49990746714016 0.94812215890026 0.9765616292235 0.769819582351917 0.183507612768304
0 0 0.05 0.498611315683689 0.923164829873275 0.944195991354179 0.920569997555156 0.269099371950635
0 0 0.05 0.497175075388682 0.892590931428775 0.861540920065406 0.830031587481208 0.294088007625087
0 0 0.05 0.499264809176358 0.930631204898056 0.912354107344954 0.834422494460138 0.378563421653012
0 0 0.05 0.488383104955931 0.706266068812204 0.449973037185779 0.380550565897818 0.177629219053239
0 0 0.05 0.493328205779024 0.796256143777303 0.517121388038165 0.294314771680056 0.128742183656276
0 0 0.05 0.499231968029538 0.922757308530519 0.811741027849412 0.497812987965602 0.153799379939906
0 0 0.05 0.490121279528653 0.745511264998088 0.537918264957892 0.413404459644598 0.132097879588161
0 0 0.05 0.499950240428044 0.930290031927137 0.783121684367231 0.536634193646842 0.153585373684723
0 0 0.05 0.499907101584976 0.948139709583953 0.975761284971952 0.779937412809998 0.269952361521689
0 0 0.05 0.484414122269344 0.613038113041481 0.218429723774454 0.157746617971705 0.0476211111173551
0 0 0.05 0.485261678746919 0.611343648654103 0.159143656394777 0.0385993970784508 0.00933236570958372
0 0 0.05 0.494192767286083 0.808628644829927 0.469991058528387 0.108232735601982 0.010424521203198
0 0 0.05 0.499921204966995 0.937473953079771 0.848469386759557 0.468171244881197 0.0691531669106596
0 0 0.05 0.499955819902116 0.94901080877011 0.985147852040308 0.846871662494395 0.208140593154555
0 0 0.05 0.499883211763598 0.94769556511097 0.994516964166445 0.980509226366353 0.276929779212658
0 0 0.05 0.4996436898661 0.942992534352795 0.983987231380931 0.980236337609701 0.316554274934237
0 0 0.05 0.499249587238892 0.934993045288157 0.963919383252231 0.953909276383125 0.338896501757679
0 0 0.05 0.493000587176412 0.808106864930896 0.689239695767978 0.655990577466596 0.24244657659062
0 0 0.05 0.496382908095506 0.86660380488089 0.720059915711806 0.571500759583053 0.221210862194266
0 0 0.05 0.494516203743553 0.834822274212795 0.698537314697652 0.531172507997002 0.214253268273223
0 0 0.05 0.496471147528213 0.871114870875168 0.748595303400983 0.58258512897495 0.258733709776543
0 0 0.05 0.499858452784844 0.940611787548528 0.911844495855526 0.743892751925074 0.325078623880802
0 0 0.05 0.499903526044532 0.947897411148544 0.986468748984008 0.908188726047521 0.457140637788899
0 0 0.05 0.493771606799398 0.825509405588821 0.736297785620637 0.711759578484261 0.323374013898585
0 0 0.05 0.49816353544336 0.903035603056508 0.803310442087899 0.674755524195048 0.309083438513027
0 0 0.05 0.486545899278684 0.66188816979407 0.332103649123228 0.235331282664574 0.0965415206556881
0 0 0.05 0.489288851909589 0.706591360438958 0.335409178301076 0.138870304558666 0.0585889218213139
0 0 0.05 0.499887884942915 0.92753866104749 0.740253366262889 0.333473219103706 0.0740872859005966
0 0 0.05 0.497490293759755 0.901179923178396 0.878651923034531 0.655130420438297 0.189096300072511
0 0 0.05 0.490733647218289 0.756186479992081 0.553573752433728 0.483770555255063 0.145961834891641
0 0 0.05 0.493530241641874 0.804531915631333 0.565020103643863 0.372684414246296 0.152542050100368
0 0 0.05 0.49992840385002 0.936351100993522 0.844412808926554 0.563098640708118 0.189341275711032
0 0 0.05 0.484023527854508 0.603400449053032 0.189081598780536 0.107305228313313 0.0363210268174327
0 0 0.05 0.485279954322861 0.611246214974398 0.157000533231184 0.0333903890942915 0.00754906976563135
0 0 0.05 0.499961355850017 0.921299528320179 0.642318042928386 0.156669736210077 0.0106083569932854
0 0 0.05 0.499557308239576 0.941489001613791 0.953159326162215 0.62913518931667 0.108515047901096
0 0 0.05 0.484118330041472 0.605255593776802 0.196924250562282 0.132662230551079 0.0194510520154856
0 0 0.05 0.484626095621985 0.595877914100968 0.132519771942592 0.0273340255224573 0.0046068320554475
0 0 0.05 0.48979266538376 0.714567334740344 0.314901147628296 0.0570934571469237 0.00419831355446479
0 0 0.05 0.499943004240837 0.929531702531827 0.750368362299495 0.313970978003878 0.0336594241373016
0 0 0.05 0.499662929107349 0.943472154145095 0.965744406504962 0.739119409299386 0.133333896349817
0 0 0.05 0.492069525529937 0.788916522576441 0.651387664771873 0.610595817902336 0.0909804935802149
0 0 0.05 0.498803867217597 0.912207160197612 0.789319849298741 0.615100864795095 0.153816813609997
0 0 0.05 0.499482651017582 0.937874624636513 0.940881883516246 0.771396996051695 0.201993790695908

# True survival by age
0.697743152693155 0.697743152693155 0.689770157556363 0.618086080095446 0.547670723205869 0.541461638254997 0.542634095252822 0.653964178729908
0.694511410286723 0.694511410286723 0.686579871158009 0.617347044253165 0.589348569569173 0.639318250764507 0.64692729449831 0.681379712191086
0.7546888477881 0.7546888477881 0.748668516848027 0.696118882485633 0.677217236056041 0.727526434484215 0.744190871989798 0.752347628491649
0.792426961408436 0.792426961408436 0.792409277798029 0.792262863826125 0.792279949337126 0.792609221098933 0.792835139492599 0.792914791019307
0.788682542098034 0.788682542098034 0.788645108211982 0.788308314275974 0.787995707399426 0.78822002019535 0.788723055414178 0.789125081363802
0.723594606292463 0.723594606292463 0.722759848320199 0.715248689844382 0.707766820551893 0.707305752417298 0.710889638260775 0.721053391592273
0.767969782610741 0.767969782610741 0.76612850332813 0.749609667992029 0.733989350631536 0.733230136358142 0.734113269891313 0.75846507325845
0.84820830446501 0.848208304465011 0.847689196565524 0.84304871035147 0.838964345622783 0.839316488592025 0.83965564789774 0.8454244229729
0.864203571572943 0.864203571572943 0.855637047734694 0.778664800596416 0.704765110958846 0.7079197171987 0.721298639083773 0.799558317023492
0.74352778955043 0.74352778955043 0.739298387750788 0.702230415046371 0.683940651079114 0.705796722173521 0.71171084416808 0.728997777033966
0.81547592059804 0.81547592059804 0.814958130663478 0.810373179235308 0.807303625533707 0.810340240534936 0.812748872724711 0.814538781264131
0.77452068379816 0.77452068379816 0.767995976500549 0.709374665347451 0.654121767886055 0.668695059977317 0.709830633549561 0.754908470776308
0.798729058734918 0.798729058734918 0.798719266597236 0.798642764855783 0.798688656097224 0.798850404461386 0.798935874934821 0.799128973254458
0.783818174248744 0.783818174248744 0.783781386697776 0.783450387280371 0.783144538695785 0.783355162194917 0.783665136675504 0.784146846147499
0.781811840107627 0.781811840107626 0.771454739387735 0.678260173794958 0.585413300666009 0.579703430525419 0.620369777103077 0.726277338914351
0.796119930650427 0.796119930650427 0.78613908813049 0.699438173891002 0.673923161908441 0.752905421912888 0.765048897855524 0.787086439037138
0.765558052327925 0.765558052327925 0.761765781159518 0.728769652275593 0.719389706677413 0.753957772269671 0.763167886784305 0.765404017413334
0.721174529460297 0.721174529460297 0.721157676621859 0.721015442429349 0.720997865317376 0.721357636433434 0.72171267490201 0.721808666276509
0.830069543312761 0.830069543312761 0.830058999556556 0.829964188948985 0.829877424218056 0.829954644449117 0.830195517185898 0.830448246731171
0.86227758841268 0.86227758841268 0.862208089053661 0.861582687085045 0.860958839129768 0.86091343146196 0.861153915582037 0.862264769733289
0.759645171069999 0.759645171069999 0.759440031504106 0.757594387891101 0.755758358501966 0.755568005146147 0.755633471397184 0.758921704612899
0.71500137463702 0.71500137463702 0.714571091096678 0.710702072758886 0.70689112765453 0.706544003399104 0.706578741672199 0.712725321700595
0.808048510027594 0.808048510027594 0.803217009999677 0.759806728555742 0.717707566913863 0.714921962228598 0.715893950506322 0.775612114897886
0.8076503491429 0.8076503491429 0.805158920753474 0.783091437043011 0.767453971986857 0.773453059746833 0.775125494151725 0.795926804091226
0.755577594948267 0.755577594948267 0.752045117495271 0.72051255363692 0.694403239103488 0.704867722160528 0.715449348896861 0.740399927779152
0.80061440811034 0.80061440811034 0.798206273371615 0.776802511832921 0.760466111577275 0.767117656913561 0.775259834807007 0.790677728679415
0.71832436605001 0.71832436605001 0.718269047712021 0.717779671560263 0.717414534333153 0.717659457578622 0.717950965925327 0.71851963824987
0.794040905463648 0.794040905463648 0.793999780246173 0.79362991139828 0.793272194192586 0.79333503042464 0.793557229778827 0.794111318867743
0.794192456746071 0.794192456746071 0.789968495927148 0.751961095108151 0.714115933251511 0.710863117803203 0.717515306276029 0.75584509695377
0.762803163343507 0.762803163343506 0.761623517240563 0.751160680246322 0.743400958752213 0.745580608689767 0.746173388675667 0.75555578520609
0.728604888516747 0.728604888516747 0.720267937923482 0.645543908956267 0.578064798015976 0.594785728273994 0.616301912800032 0.677504301635228
0.709400187390878 0.709400187390878 0.702931478591013 0.646471627605952 0.623970866522685 0.66687922537766 0.67946349992976 0.697511714870195
0.831613525728949 0.831613525728949 0.831553968532647 0.831039689616324 0.830879246359485 0.831492511778676 0.831808980398658 0.83193825018596
0.7251588302004 0.7251588302004 0.723622367503698 0.709797791280451 0.696671320115321 0.70257685563335 0.715336025799165 0.723471991340919
0.802070521343279 0.802070521343279 0.795727168308694 0.738957816882123 0.687765319620385 0.690657204959014 0.719122791185979 0.778472492596784
0.707205431749299 0.707205431749299 0.703309462433051 0.668980178758479 0.648420476876218 0.664370283474904 0.669856054080592 0.696404138171523
0.696440367506074 0.696440367506074 0.696431745177378 0.696364171838342 0.696407091194647 0.696642518730931 0.696808155180985 0.696997738299009
0.833337933292089 0.833337933292089 0.822017474747261 0.720149617324368 0.621345422351843 0.642219731475362 0.706028644945803 0.790805929762547
0.732429538273068 0.732429538273068 0.723266688858267 0.643748763979139 0.622079634024733 0.698284546043761 0.713321617360828 0.726374220382706
0.748219058245191 0.748219058245191 0.748223748950641 0.748282048443665 0.748487929542073 0.748733860972889 0.748795591099526 0.748808496091473
0.805178764873964 0.805178764873965 0.80489489956429 0.802340368026716 0.799962671442157 0.801702688840121 0.804691443734223 0.805590328083112
0.783753408217498 0.783753408217498 0.7731754491913 0.678067935587258 0.584577442682893 0.582128250742115 0.650847655908296 0.761261363923709
0.767903090795514 0.767903090795514 0.757868994933273 0.67076690224282 0.64664038337843 0.728829091288215 0.741760936448385 0.764543124605055
0.798323416781504 0.798323416781504 0.791372238234511 0.73096407742401 0.715665534458244 0.780326368472704 0.795001360141493 0.798172145025703
0.859221943698945 0.859221943698945 0.859197467655536 0.858989453116148 0.858960440450053 0.859311873646183 0.859529925210494 0.859574663475607
0.857238613349154 0.857238613349154 0.85700719501021 0.854924734892344 0.852944174703663 0.853855716230195 0.856033003159101 0.857431541977659
0.738535246547676 0.738535246547676 0.733542157370367 0.688638427740711 0.64432263870291 0.642115246540568 0.664885080758735 0.725750545167838
0.799252828942474 0.799252828942474 0.798452545377053 0.791384689477228 0.786708687424974 0.788997570939216 0.789670438635728 0.798241572163135
0.715396602409496 0.715396602409496 0.715109861815083 0.712537622858571 0.710191320828866 0.711007984966179 0.712121201509649 0.715068693360101
0.774146636179603 0.774146636179603 0.773547469141841 0.76816172582176 0.762914678425359 0.762903749657275 0.765026547368098 0.772158320819683

# True Numbers-at-age
88.2110643363987 130.745935003692 275.454545842686 171.50455829116 61.9164498030763 10.5322034402438 12.749994589532 143.780551334074
122.796800392993 61.5486661324975 91.2270808912904 190.000325485526 106.004580152684 33.9098268419907 5.70278412918932 100.94591194909
117.208398943711 85.2837790196347 42.7462509169475 62.6346774444635 117.296139345629 62.4736476807652 21.6791711803488 72.4717831385419
65.7184933581751 88.455871549917 64.362716923343 32.0027722748047 43.601181667488 79.4349672876908 45.4512301464101 70.6574154815629
100.715666924546 52.0771060001592 70.0948175110357 51.0016140343452 25.3546080128121 34.5443420025562 62.9608875499159 92.0606422237671
240.764534778249 79.4326882191498 41.0723043453144 55.2799349410898 40.2049963847685 19.979322276891 27.2285419508899 122.306065385192
37.51773004487 174.215918752055 57.4770647586876 29.6854124587805 39.5389010412972 28.455762461548 14.1314895758441 107.545691596136
157.222856767087 28.8124829866072 133.792561251346 44.0348175992674 22.2524721774329 29.0211322999863 20.8646225898557 91.9437648760516
84.4673943100024 133.357732761556 24.4389873414971 113.414508753597 37.1234961876246 18.6690307588292 24.3579148569891 95.250602565119
34.1265333621885 72.9970238441641 115.248228949407 20.9109029785041 88.3118858433604 26.1633449098515 13.2161749751642 93.7277423197047
103.186062772596 25.374025915807 54.2753157826114 85.2028298534303 14.6842720775893 60.4000887017323 18.4660030784685 77.7334108457243
589.622481564564 84.1457495323701 20.6919071429713 44.2321098913669 69.0460881081693 11.8546660865613 48.9446224068932 78.3251009195365
361.190902934858 456.674807604154 65.17262346652 15.8913014319249 31.3771381518001 45.164549218932 7.92715664976414 93.8706744904964
88.8200362160713 288.493669924774 364.759439225616 52.0546300173967 12.6914729127492 25.0605643026382 36.07971841086 81.3480655580185
41.3309930150023 69.6187586235884 226.126581642756 285.891659087356 40.7822200468658 9.939257699625 19.6313224139893 92.0632465071805
28.5138522743617 32.3130597025344 54.4287697855163 174.446423109852 193.908926379119 23.8744540461232 5.7618217853488 79.0421287952561
33.6695045957972 22.7004460952413 25.7250708494848 42.7885834472502 122.014487621772 130.679716787687 17.9752058965363 66.621063093894
30.9858806436624 25.7759603612046 17.378509299648 19.5964786910417 31.1830210802177 87.7759664606215 98.5269881500762 64.710129234986
90.1383360664936 22.3462278931061 18.588966084879 12.5326453896855 14.1293637534788 22.4828916329837 63.3178637016943 117.816508245516
153.813793295217 74.8210874536865 18.5489231819935 15.4299385912054 10.4016468662356 11.7256399975769 18.659780331441 150.406719311412
105.425680820344 132.630186747207 64.5165468519791 15.9930316107498 13.294167952968 8.95538981099198 10.0947609664016 145.759358089715
167.480974416134 80.0861093419412 100.751880900628 48.9964483738031 12.116230993669 10.0471785497845 6.76640601479734 118.247879776695
14.8850542426592 119.749126933084 57.2616782688187 71.9943814652041 34.8218774170856 8.56485619003744 7.09877375543037 89.059256801837
14.8912590107973 12.0278459024607 96.7631035953834 45.993554006644 54.7018154554709 24.9919249163893 6.12320379358732 74.1574077068324
51.2186865774049 12.0269305392478 9.71429394255935 77.9096760596154 36.0171583017782 41.9811255461932 19.3300807955444 63.7701198820852
134.581253243596 38.6996920205647 9.08727925145471 7.30558732941565 56.1348996507387 25.0104313880579 29.5911403374803 61.0450858744598
76.6127337865091 107.747690408369 30.9835310210968 7.25352330639086 5.67499858790484 42.6886888611778 19.1859435248043 71.2078124160437
327.218177833939 55.0327934285523 77.3977914059445 22.2545113212791 5.20643157651595 4.07132646928305 30.6359412928554 64.9387783035623
119.344148977149 259.824618211426 43.6982891242016 61.4538293678591 17.6618458481187 4.13011740061637 3.22992590837731 75.879991588327
153.765561351283 94.7822228744311 206.350751860442 34.5202717340352 46.2108888300448 12.6126055307736 2.93594813229541 59.6710408763285
92.5169352880151 117.292856612049 72.3001794373453 157.161585417185 25.9302707980257 34.3532190610472 9.40371410879813 47.2755265102299
241.720120986585 67.4082913214353 85.4601487156327 52.0755011548344 101.454704187974 14.9893767513603 20.432804417781 37.824899565428
58.862065763487 171.476299124029 47.8194544951251 60.0726286972876 33.6653339899614 63.3047796849726 9.99610395684107 40.2666553637603
59.1563576570799 48.9504900412627 142.602009693486 39.7644571584876 49.9227387070306 27.9718273340195 52.6374502678536 41.8142198444668
767.209829824861 42.8977551175245 35.4968800960584 103.190003865185 28.2247238625606 34.7797402787992 19.6523584946544 67.904881380051
119.2342332273 615.356388187314 34.4070248115692 28.2458318826298 76.2530599802753 19.4119862285311 24.0208782101559 66.9945411614806
108.94253933359 84.3230973888094 435.183380187699 24.1987861241454 18.8959016620236 49.444045515681 12.8967467934601 62.745806393163
178.001265425365 75.8719821305301 58.7260089347129 303.075520936309 16.8511676588337 13.15923991195 34.4448244042908 52.7202434847694
790.535859932951 148.33520665295 63.2270007834303 48.2738055664978 218.259720422667 10.4703958860997 8.45112352267236 66.0105138658385
547.721064960507 579.011814878994 108.64508691846 45.7299835030706 31.0762026660023 135.774927002873 7.3113156382236 53.9767046460691
47.9165818924563 409.815339405803 433.2276748416 81.2908342391986 34.2189257309727 23.2601625915059 101.659285318173 45.8928959450354
138.165377654653 38.5814142251502 329.974608809169 348.7027458301 65.2229178606774 27.3738632416297 18.6477348924687 118.775230172715
100.8348294353 108.287585634492 30.2383148928125 255.128266387753 236.444150998624 38.1278465273111 15.9350991249038 102.555828264396
187.878240137465 77.4313771832051 83.15437170351 22.9166813162916 171.131596919494 152.894336449338 27.7886837372767 90.2283874370074
34.3726516156016 149.987598605437 61.8152815989937 65.8060612539912 16.7512708159832 122.472985772082 119.307482321556 94.1098269104832
67.839177254786 29.5337365312439 128.872636004501 53.1115334122693 56.5267125682936 14.388678958195 105.242490874851 183.442774153225
140.69373822534 58.1543622406403 25.3174593510628 110.444776295789 45.4063636222102 48.2141302002744 12.2858557774559 247.380666230402
122.384933505478 103.907284647966 42.9490462552141 18.5714237515151 76.0565171005068 29.2563480229663 30.9590281002882 187.705335591481
163.784951128563 97.8165043241901 83.0481912026174 34.2927753039925 14.6971404187428 59.8343227382548 23.0831875246727 174.281631485643
25.4500152213657 117.171197563179 69.9775948530994 59.3885805348963 24.4348925963299 10.4377815663943 42.5426812419425 141.061365737848

