# Simulated data from SIR age-structured hybrid model
# random seed = 2673719
# Flag=0 if no issues, =1 if negative pop #'s, =2 if NaN, or=3 if NA. Flag:
0

# Number of years (nyr)
50

# Starting age
0

# Ending age
8

# Sample size for comp data
200

# Sample size for fishery age comp data
200

# Sample size for antibody prevalence data
200

# Survey data
17556.2433842578
18231.0682271258
15104.9547566414
12212.1540977467
13097.5060708486
24646.6006279575
19516.8477462133
24152.4527790828
40662.6786237677
27537.309881142
16841.6778659134
14792.3202395437
10584.5177789323
5631.49867230373
5464.34859782915
6380.70293825872
15883.0006267884
10196.6454835326
13985.7689082167
21579.5394145025
21759.6994872155
26250.0159135432
15829.8516155734
17197.8245798526
17631.2411556622
22076.7996953435
16933.9061606107
18146.932783378
10369.2777651477
13047.7744337571
6290.14724888085
21754.120817338
6320.19154924464
11960.6531986105
17009.3118850007
14693.6654897743
14365.0230875654
11415.1168678523
9776.30504642264
5553.49930874729
10144.8449637163
18378.9645601794
9478.62283759893
10824.7003109247
12833.8366201429
12641.098533745
12664.1959797907
7150.74936922851
8873.22718712867
8803.3090920847

# Catches
0
0
0
0
0
0
0
0
0
0
0
0
0
0
0
0
0
0
0
0
0
0
0
0
0
0
0
0
0
0
0
0
0
0
0
0
0
0
0
0
0
0
0
0
0
0
0
0
0
0

# Catch compositions
-999 -999 -999 -999 -999 -999 -999 -999
-999 -999 -999 -999 -999 -999 -999 -999
-999 -999 -999 -999 -999 -999 -999 -999
-999 -999 -999 -999 -999 -999 -999 -999
-999 -999 -999 -999 -999 -999 -999 -999
-999 -999 -999 -999 -999 -999 -999 -999
-999 -999 -999 -999 -999 -999 -999 -999
-999 -999 -999 -999 -999 -999 -999 -999
-999 -999 -999 -999 -999 -999 -999 -999
-999 -999 -999 -999 -999 -999 -999 -999
-999 -999 -999 -999 -999 -999 -999 -999
-999 -999 -999 -999 -999 -999 -999 -999
-999 -999 -999 -999 -999 -999 -999 -999
-999 -999 -999 -999 -999 -999 -999 -999
-999 -999 -999 -999 -999 -999 -999 -999
-999 -999 -999 -999 -999 -999 -999 -999
-999 -999 -999 -999 -999 -999 -999 -999
-999 -999 -999 -999 -999 -999 -999 -999
-999 -999 -999 -999 -999 -999 -999 -999
-999 -999 -999 -999 -999 -999 -999 -999
-999 -999 -999 -999 -999 -999 -999 -999
-999 -999 -999 -999 -999 -999 -999 -999
-999 -999 -999 -999 -999 -999 -999 -999
-999 -999 -999 -999 -999 -999 -999 -999
-999 -999 -999 -999 -999 -999 -999 -999
-999 -999 -999 -999 -999 -999 -999 -999
-999 -999 -999 -999 -999 -999 -999 -999
-999 -999 -999 -999 -999 -999 -999 -999
-999 -999 -999 -999 -999 -999 -999 -999
-999 -999 -999 -999 -999 -999 -999 -999
-999 -999 -999 -999 -999 -999 -999 -999
-999 -999 -999 -999 -999 -999 -999 -999
-999 -999 -999 -999 -999 -999 -999 -999
-999 -999 -999 -999 -999 -999 -999 -999
-999 -999 -999 -999 -999 -999 -999 -999
-999 -999 -999 -999 -999 -999 -999 -999
-999 -999 -999 -999 -999 -999 -999 -999
-999 -999 -999 -999 -999 -999 -999 -999
-999 -999 -999 -999 -999 -999 -999 -999
-999 -999 -999 -999 -999 -999 -999 -999
-999 -999 -999 -999 -999 -999 -999 -999
-999 -999 -999 -999 -999 -999 -999 -999
-999 -999 -999 -999 -999 -999 -999 -999
-999 -999 -999 -999 -999 -999 -999 -999
-999 -999 -999 -999 -999 -999 -999 -999
-999 -999 -999 -999 -999 -999 -999 -999
-999 -999 -999 -999 -999 -999 -999 -999
-999 -999 -999 -999 -999 -999 -999 -999
-999 -999 -999 -999 -999 -999 -999 -999
-999 -999 -999 -999 -999 -999 -999 -999

# Age composition from fishery-independent survey
0 0 4 20 67 28 12 69
0 0 1 19 31 70 14 65
0 0 3 5 28 29 59 76
0 0 3 34 16 21 29 97
0 0 9 34 49 5 15 88
0 0 2 47 37 30 8 76
0 0 2 45 51 21 18 63
0 0 3 10 62 42 27 56
0 0 1 35 10 56 36 62
0 0 0 9 52 9 44 86
0 0 1 10 14 47 7 121
0 0 0 2 12 23 58 105
0 0 1 12 4 12 17 154
0 0 4 9 15 3 9 160
0 0 2 40 8 8 3 139
0 0 2 26 36 14 10 112
0 0 13 27 47 23 11 79
0 0 10 63 35 21 16 55
0 0 5 61 63 19 11 41
0 0 6 46 72 32 10 34
0 0 2 38 67 46 24 23
0 0 1 17 48 42 42 50
0 0 2 24 42 30 45 57
0 0 6 19 24 35 44 72
0 0 12 23 32 18 24 91
0 0 2 67 38 13 12 68
0 0 0 31 81 12 13 63
0 0 0 7 52 59 16 66
0 0 1 1 11 49 70 68
0 0 2 6 7 13 53 119
0 0 2 22 9 4 11 152
0 0 2 36 30 8 5 119
0 0 7 77 30 14 3 69
0 0 1 53 75 26 4 41
0 0 0 21 80 48 10 41
0 0 0 10 25 73 41 51
0 0 0 3 9 26 69 93
0 0 0 7 5 7 33 148
0 0 1 13 14 9 8 155
0 0 7 43 22 6 3 119
0 0 4 25 59 20 4 88
0 0 2 39 40 38 16 65
0 0 5 29 51 31 28 56
0 0 4 50 43 34 28 41
0 0 0 27 82 18 26 47
0 0 1 10 25 64 24 76
0 0 1 6 18 31 55 89
0 0 11 7 11 17 25 129
0 0 3 68 14 7 14 94
0 0 11 52 66 11 6 54

# Antibody prevalence values
0 0 0 0 0 4 0 21 24 65 13 8 7 3 47 8
0 0 0 0 0 0 0 13 7 34 26 27 19 10 57 7
0 0 0 0 0 4 0 8 0 32 5 19 29 32 62 9
0 0 0 0 0 1 0 29 0 11 1 31 5 21 69 32
0 0 0 0 0 3 0 31 0 52 0 7 1 14 64 28
0 0 0 0 0 4 1 42 8 40 11 11 4 3 60 16
0 0 0 0 0 1 0 38 12 38 15 19 15 5 49 8
0 0 0 0 0 4 1 12 14 47 29 17 19 7 44 6
0 0 0 0 0 1 0 42 1 11 13 39 24 14 45 10
0 0 0 0 0 0 0 7 1 52 1 13 13 19 78 16
0 0 0 0 0 0 0 14 2 16 8 30 3 11 98 18
0 0 0 0 0 1 0 0 0 8 2 25 20 26 82 36
0 0 0 0 0 0 0 5 0 8 0 12 2 19 99 55
0 0 0 0 0 7 0 7 0 16 0 7 0 13 77 73
0 0 0 0 0 1 0 29 0 9 0 8 0 4 80 69
0 0 0 0 0 2 0 20 1 48 0 7 1 10 56 55
0 0 0 0 0 12 0 22 0 36 0 28 1 6 55 40
0 0 0 0 0 8 0 65 2 30 0 23 2 17 24 29
0 0 0 0 0 8 0 55 5 67 3 10 0 11 15 26
0 0 0 0 0 6 0 46 16 44 23 20 7 3 30 5
0 0 0 0 0 3 1 39 11 42 25 14 34 5 22 4
0 0 0 0 0 4 0 31 3 46 13 19 27 15 41 1
0 0 0 0 0 4 0 20 2 33 11 47 14 8 53 8
0 0 0 0 0 1 0 24 0 21 2 41 2 23 65 21
0 0 0 0 0 9 0 13 1 26 3 18 5 24 69 32
0 0 0 0 0 4 0 61 1 30 2 13 1 17 43 28
0 0 0 0 0 0 0 20 17 53 19 8 7 2 59 15
0 0 0 0 0 0 0 4 10 36 37 28 12 7 56 10
0 0 0 0 0 0 0 0 0 12 14 37 25 30 68 14
0 0 0 0 0 1 0 4 0 1 0 10 8 36 98 42
0 0 0 0 0 4 0 22 0 14 0 5 0 8 97 50
0 0 0 0 0 14 0 40 0 28 0 5 0 1 60 52
0 0 0 0 0 6 0 71 0 30 0 18 1 3 42 29
0 0 0 0 0 1 1 49 12 69 7 14 4 4 28 11
0 0 0 0 0 2 1 16 18 59 29 20 16 0 39 0
0 0 0 0 0 0 0 8 1 25 20 43 31 19 48 5
0 0 0 0 0 0 0 3 0 11 2 28 15 54 73 14
0 0 0 0 0 1 0 9 0 11 1 14 1 27 93 43
0 0 0 0 0 5 0 14 0 11 0 7 0 10 86 67
0 0 0 0 0 7 0 30 0 15 0 4 0 7 82 55
0 0 0 0 0 7 0 33 1 48 0 10 0 4 49 48
0 0 0 0 0 4 0 37 0 38 0 43 0 14 30 34
0 0 0 0 0 12 0 25 2 52 2 36 2 15 25 29
0 0 0 0 0 3 0 49 0 37 5 30 7 17 20 32
0 0 0 0 0 0 0 13 10 58 9 28 9 18 33 22
0 0 0 0 0 0 0 11 1 20 23 48 11 17 46 23
0 0 0 0 0 0 0 7 0 21 0 23 18 45 53 33
0 0 0 0 0 8 0 13 0 4 0 14 2 30 65 64
0 0 0 0 0 9 0 70 1 10 0 5 0 7 46 52
0 0 0 0 0 1 1 49 16 65 5 4 0 1 42 16

# Average weight-at-age
70
94
115
134
150
160
165
168

# Maturity logistic function parameter age-at-50%
3

# Maturity logistic function parameter age-at-95%
4

# Infection prevalence index (avg of 3 different samples)
0.0166666666666667
0
0
0
0
0.05
0.0777777777777778
0.00555555555555556
0
0.0166666666666667
0
0
0
0
0
0
0
0
0.133333333333333
0.0111111111111111
0.00555555555555556
0
0
0
0
0.0722222222222222
0
0
0
0
0
0
0
0.0611111111111111
0
0
0
0
0
0
0
0
0
0
0.00555555555555556
0
0
0
0.0777777777777778
0.0277777777777778

