# Simulated data from SIR age-structured hybrid model
# random seed = 6094534
# Flag=0 if no issues, =1 if negative pop #'s, =2 if NaN, or=3 if NA. Flag:
0

# True SSB
34907.9786419452
25355.5860680801
18029.9049577838
16295.8746735989
14304.5629599395
13204.6920859771
12788.7606584713
14193.7001165584
15294.2400073582
11027.7532523614
12576.3342210667
18081.0280386333
19448.3807674122
28407.4488570378
54071.1919669528
64117.7502291829
52234.6329429753
54248.6233416839
62740.4788226729
53748.0541112958
35625.3992806008
28999.0620619797
31949.9738138952
36521.1746622652
38694.9558010282
32584.2978793359
25076.4893880594
46133.7369923965
95496.0009995052
113622.617624459
71193.8326961261
41470.9831667009
40179.4610166033
31059.0041829902
27923.7027559159
28479.7853807691
25574.763533618
18118.1898845644
17456.5433136168
17092.6854925798
17464.1412689074
15913.815758971
12544.7444174199
11467.9600424986
11489.6800905055
11658.9050620584
11720.8708152232
12002.1691313732
13597.9522725637
19022.1943500156

# True R (numbers)
13.6325724439331
26.0944296125036
38.0051306020471
32.1689170028608
103.744468780264
43.863453820939
25.5984763903709
84.4173051760739
172.128905665762
230.225876078634
405.758147319975
1116.6754226183
760.236202211238
436.453583118105
701.66834112379
794.990454913774
386.939796896437
94.2145861193073
143.535544501718
128.908479087472
364.393527031671
455.600454531588
204.520726240957
101.848277906054
571.914028846572
2083.12554790425
1338.67047922256
206.413103557952
177.926534647829
72.5625917425581
46.5407096227088
49.9565755422968
163.773527460583
88.0273128784294
29.1208354955857
70.0962046906414
33.7485667005413
98.7394924706803
24.6782645255878
28.1838890861375
20.7614971329386
57.9645741990679
39.9640388731324
47.6128008820604
39.0047443371409
86.5895667041602
121.856536194647
830.899483349543
378.121169117764
153.164922155859

# True infection rate given (selected) susceptible
-999 -999 0.758257048337671 0.758257048337671 0.758257048337671 0.758257048337672 0.758257048337671 0.758257048337671
-999 -999 0.572309127152614 0.572309127152614 0.572309127152614 0.572309127152615 0.572309127152614 0.572309127152614
-999 -999 0.00062844671854238 0.000628446718541755 0.000628446718542481 0.000628446718541196 0.000628446718541803 0.000628446718541304
-999 -999 0.000840553378391719 0.000840553378391964 0.000840553378391662 0.000840553378392069 0.000840553378391695 0.000840553378391396
-999 -999 0.00189256271901074 0.00189256271900917 0.00189256271900848 0.00189256271900841 0.00189256271900807 0.00189256271900901
-999 -999 0.00200157111780876 0.00200157111780848 0.00200157111780924 0.00200157111780819 0.00200157111780862 0.00200157111780924
-999 -999 0.00504329522359336 0.00504329522359338 0.00504329522359439 0.00504329522359369 0.00504329522359378 0.00504329522359295
-999 -999 0.0254121392174935 0.0254121392174947 0.0254121392174938 0.0254121392174936 0.025412139217494 0.0254121392174932
-999 -999 0.392687325837152 0.392687325837153 0.392687325837153 0.392687325837153 0.392687325837152 0.392687325837153
-999 -999 0.00187163259161833 0.00187163259161758 0.00187163259161782 0.00187163259161743 0.00187163259161842 0.00187163259161763
-999 -999 0.00321267633706685 0.00321267633706566 0.00321267633706567 0.00321267633706593 0.00321267633706548 0.00321267633706561
-999 -999 0.671449629228313 0.671449629228313 0.671449629228313 0.671449629228314 0.671449629228313 0.671449629228314
-999 -999 0.774884119854233 0.774884119854233 0.774884119854233 0.774884119854233 0.774884119854233 0.774884119854233
-999 -999 0.880700643096054 0.880700643096055 0.880700643096055 0.880700643096054 0.880700643096054 0.880700643096054
-999 -999 0.963014633513923 0.963014633513923 0.963014633513924 0.963014633513923 0.963014633513923 0.963014633513923
-999 -999 0.954420553721625 0.954420553721625 0.954420553721625 0.954420553721625 0.954420553721625 0.954420553721625
-999 -999 0.903417717391497 0.903417717391497 0.903417717391497 0.903417717391497 0.903417717391497 0.903417717391497
-999 -999 0.911974318262713 0.911974318262713 0.911974318262713 0.911974318262712 0.911974318262712 0.911974318262713
-999 -999 0.934205947583221 0.934205947583221 0.934205947583221 0.934205947583221 0.934205947583221 0.934205947583221
-999 -999 0.898095754650659 0.898095754650659 0.898095754650659 0.898095754650659 0.898095754650659 0.898095754650659
-999 -999 0.604748586177084 0.604748586177085 0.604748586177084 0.604748586177084 0.604748586177084 0.604748586177083
-999 -999 0.00363876382324547 0.00363876382324537 0.00363876382324533 0.00363876382324477 0.00363876382324467 0.00363876382324545
-999 -999 0.357392472456266 0.357392472456266 0.357392472456266 0.357392472456266 0.357392472456266 0.357392472456266
-999 -999 0.795808152138736 0.795808152138736 0.795808152138736 0.795808152138736 0.795808152138736 0.795808152138736
-999 -999 0.877213313812094 0.877213313812095 0.877213313812094 0.877213313812094 0.877213313812094 0.877213313812095
-999 -999 0.813140296237656 0.813140296237656 0.813140296237656 0.813140296237656 0.813140296237656 0.813140296237656
-999 -999 0.0708611803582369 0.070861180358236 0.0708611803582362 0.0708611803582356 0.070861180358235 0.0708611803582362
-999 -999 0.903515703151161 0.903515703151161 0.903515703151162 0.903515703151161 0.903515703151161 0.903515703151161
-999 -999 0.979545233901186 0.979545233901186 0.979545233901185 0.979545233901185 0.979545233901186 0.979545233901186
-999 -999 0.974732031111304 0.974732031111304 0.974732031111304 0.974732031111304 0.974732031111304 0.974732031111304
-999 -999 0.932447511442055 0.932447511442055 0.932447511442055 0.932447511442055 0.932447511442055 0.932447511442054
-999 -999 0.0136915526007987 0.0136915526007985 0.0136915526007981 0.0136915526007991 0.0136915526007989 0.0136915526007986
-999 -999 0.35546589436452 0.355465894364521 0.355465894364521 0.355465894364521 0.355465894364521 0.355465894364521
-999 -999 0.00268691157145835 0.00268691157145942 0.00268691157145977 0.00268691157145888 0.00268691157146021 0.00268691157145979
-999 -999 0.00439980292966481 0.00439980292966581 0.00439980292966557 0.00439980292966556 0.00439980292966486 0.00439980292966561
-999 -999 0.322048050578477 0.322048050578477 0.322048050578476 0.322048050578477 0.322048050578477 0.322048050578477
-999 -999 0.50359892743377 0.503598927433771 0.503598927433771 0.503598927433771 0.503598927433771 0.50359892743377
-999 -999 0.00283776951861758 0.00283776951861794 0.00283776951861701 0.00283776951861796 0.0028377695186171 0.00283776951861854
-999 -999 0.0026519270504394 0.00265192705043874 0.00265192705044 0.00265192705043926 0.00265192705043955 0.00265192705043984
-999 -999 0.0156194652198358 0.0156194652198351 0.0156194652198356 0.0156194652198348 0.0156194652198356 0.0156194652198349
-999 -999 0.150959311240776 0.150959311240777 0.150959311240777 0.150959311240777 0.150959311240776 0.150959311240776
-999 -999 0.210114961290509 0.210114961290509 0.210114961290509 0.21011496129051 0.210114961290509 0.21011496129051
-999 -999 0.0120566103533176 0.0120566103533171 0.0120566103533177 0.0120566103533176 0.0120566103533175 0.0120566103533175
-999 -999 0.00478073760322653 0.00478073760322731 0.00478073760322697 0.00478073760322716 0.00478073760322608 0.00478073760322729
-999 -999 0.0514515195638475 0.0514515195638471 0.0514515195638466 0.0514515195638461 0.0514515195638471 0.0514515195638471
-999 -999 0.0395267811796178 0.039526781179617 0.0395267811796168 0.039526781179618 0.0395267811796177 0.039526781179618
-999 -999 0.0179073507127112 0.0179073507127121 0.0179073507127115 0.0179073507127115 0.0179073507127105 0.0179073507127121
-999 -999 0.00753730658092223 0.00753730658092135 0.00753730658092203 0.00753730658092339 0.00753730658092269 0.00753730658092197
-999 -999 0.0692825809659862 0.0692825809659872 0.0692825809659862 0.0692825809659866 0.069282580965987 0.0692825809659865
-999 -999 0.590656328087704 0.590656328087705 0.590656328087704 0.590656328087704 0.590656328087704 0.590656328087704

# Duration of outbreak (days) based on incidence
0
0
0
0
0
0
0
0
0
0
0
0
0
0
4
4
0
0
1
0
0
0
0
0
0
0
0
0
3
3
0
0
0
0
0
0
0
0
0
0
0
0
0
0
0
0
0
0
0
0

# Duration of outbreak (days) based on prevalence
32
0
0
0
0
0
0
0
12
0
0
49
47
45
40
38
36
35
35
33
0
0
0
37
37
34
0
40
39
37
30
0
0
0
0
0
0
0
0
0
0
0
0
0
0
0
0
0
0
37

# Peak (point) prevalence
0.193153733695782
0.0837118601741977
2.80111828954765e-05
4.57378681652039e-05
0.000112155269333917
0.000140279621635721
0.000548394826452056
0.00583575590038729
0.1073266757695
0.000214093641626212
0.000570843110686768
0.213828377292635
0.282290031517008
0.441680174354342
0.682322850742411
0.600692148875295
0.397404713646004
0.412830998709923
0.473078825553061
0.350160033291249
0.0820298819869631
0.000329218443865166
0.0689639044787465
0.25044409455638
0.358292638551316
0.241886563242354
0.0140960230372967
0.459045494084414
0.750428193684175
0.672871443878744
0.388299444388555
0.00120237201934167
0.0480532439595807
0.000163854027715834
0.000307726092699379
0.0535981699119021
0.0863977151640753
0.000220293651841319
0.00025123188553913
0.00268918888803412
0.0399750405691233
0.0584499278359143
0.00220898377602433
0.000729596253523357
0.014161249924885
0.0115446198338108
0.00498686740988971
0.00194782333870658
0.0256602464710165
0.200262095956303

# Day of peak prevalence
60
88
92
102
96
108
119
119
117
119
119
88
66
41
19
19
29
28
23
29
80
119
117
53
36
46
119
35
13
13
21
119
113
119
119
114
96
119
119
119
119
119
119
119
119
119
119
119
119
104

# Total immunity
0.21235444307957
0.31404717704348
0.339009760565965
0.279117199470926
0.161104056390093
0.131136083133212
0.115166980460573
0.075956649521012
0.0408098770011593
0.0316824646984496
0.0153662241519058
0.00546087801767598
0.008014364677959
0.0120932274321675
0.0175456289739604
0.0308861731807042
0.0508950634346889
0.0732356905054174
0.102608662180899
0.159833660811144
0.147479482811656
0.0970084729862133
0.0774298401315821
0.0777511730219287
0.0601135279102529
0.025708031668648
0.0203570229859611
0.0192437029401471
0.0317343513928166
0.0879596409926622
0.235692488747114
0.383389845099014
0.259349611645365
0.238044730889044
0.219948254344847
0.177935396307718
0.189204765977062
0.17217069803053
0.155269074662444
0.135716109714448
0.12245211730765
0.100623606836496
0.0965366465717341
0.0729666165225995
0.057934574455318
0.0383213104377074
0.0239748202288369
0.00538251334146823
0.00375094969531344
0.00389541393719706

# Observed immunity (based on survey selectivity)
0.347758644730645
0.46894652790712
0.577170607455288
0.503491063248046
0.448271542174318
0.374819415296384
0.297927779924264
0.204057268979563
0.151258189049056
0.220875462663581
0.146968297214847
0.0775799829201008
0.118290732591336
0.112371940933798
0.0898253040281843
0.147710775323919
0.262226725733602
0.26725091441938
0.246933069771822
0.329664857925837
0.513727128602222
0.539586405702243
0.378108771624742
0.270466447740197
0.256748212659419
0.336020755745572
0.424748750012836
0.170814525464745
0.0988497497339747
0.154614432715583
0.364747223713922
0.627880504244497
0.516143473546383
0.555672296483944
0.479660158848892
0.357853465857124
0.337543319726044
0.434044434221365
0.350250014628671
0.278851024017521
0.211361894630485
0.198525985757268
0.224774934126337
0.192925487465265
0.147959645003675
0.118102197118958
0.0956715628175358
0.0745782593763181
0.0510461015624213
0.032179426765041

# True total proportion of susceptible
1 1 1 0.997082063101295 0.957233835656611 0.759219279802651 0.182363642401477 0.00225785740346109
1 1 1 0.994011320145137 0.908916736855094 0.620500913181955 0.330266852878146 0.0216382208332393
1 1 1 0.995437863512727 0.932572838894287 0.697741075746578 0.361154732584357 0.0267406486742598
1 1 1 0.99999517097936 0.995386968992701 0.932451678020833 0.697555611253933 0.0819803484831836
1 1 1 0.99999353401002 0.999930506040227 0.995261246074374 0.932283852480799 0.285012793807798
1 1 1 0.999985449064977 0.999847952248658 0.999653693944153 0.9949633649918 0.349135030225913
1 1 1 0.999984593349284 0.99983129037971 0.999554716382189 0.999344725767724 0.479538227937872
1 1 1 0.999960928320342 0.999593164830735 0.999085741127875 0.998768742983035 0.510024389979079
1 1 1 0.999800573700481 0.997945926090542 0.995718415895509 0.99499253740879 0.566196930079078
1 1 1 0.996862021919081 0.96225407784982 0.908584303536439 0.898158051907664 0.492214587757807
1 1 1 0.999985516446805 0.996713875825551 0.961929795182076 0.908181257369075 0.553404218236683
1 1 1 0.999974972679036 0.999734970845941 0.99622981266056 0.961340819907846 0.692793191615063
1 1 1 0.994628101103137 0.925349307706917 0.767475051207615 0.730166220873737 0.400089058046864
1 1 1 0.993857428483019 0.902199074347099 0.547833837208215 0.31509110953586 0.122450645812038
1 1 1 0.993102545574736 0.883403642484243 0.380128689508582 0.0933836342542663 0.0200378796307523
1 1 1 0.992538072647343 0.867543158283511 0.222269430988692 0.0155225587874551 0.00143784002613391
1 1 1 0.992605551880177 0.868547996522527 0.227350575724902 0.00989742353827082 0.000258863974440359
1 1 1 0.992969993854366 0.878250489343416 0.31384828465152 0.0226871850918397 0.00039856435869488
1 1 1 0.992902962281932 0.877057097893305 0.309062660897742 0.0307244064941615 0.00107586879934885
1 1 1 0.992747537783859 0.8728942271639 0.271338980646463 0.0222947056646559 0.000641499939651946
1 1 1 0.993012019677859 0.879526450486248 0.327315817495055 0.0300314251836969 0.000454520525032175
1 1 1 0.995195374181593 0.926947266860336 0.63720355160045 0.145121824440324 0.00346882561126577
1 1 1 0.999971683113072 0.994903736661289 0.92623343014807 0.636081945571515 0.0501984667178606
1 1 1 0.99714650037738 0.966450792251239 0.916057988532767 0.820027598927799 0.144093670467992
1 1 1 0.993733654189053 0.902942393914495 0.594592705264395 0.456185357173408 0.0488436119748573
1 1 1 0.993147243283125 0.884335911447185 0.390486556699359 0.113621560422123 0.0113663815696051
1 1 1 0.993621584965973 0.894827546244415 0.453965982269255 0.0887891311020348 0.00354586927675097
1 1 1 0.999440686341927 0.987686160703495 0.878687006281462 0.432251429939832 0.0237095423588465
1 1 1 0.992942602340555 0.887505035380324 0.468823042151552 0.223164568804774 0.0163071357141629
1 1 1 0.992429369442909 0.864295715940473 0.193983410706637 0.0111431265230095 0.000759265119018411
1 1 1 0.992468031724507 0.864607400000236 0.188335928384503 0.0044513860434577 3.11515565033081e-05
1 1 1 0.992772464241233 0.872916193941427 0.265795844250173 0.0127110104063002 9.62367139138521e-05
1 1 1 0.999893017074725 0.991657558981826 0.869802098029483 0.26279943681909 0.008018746308576
1 1 1 0.997165859795571 0.96662693489871 0.912514552275468 0.751454825867416 0.0710267149323239
1 1 1 0.999979232844869 0.996954241557806 0.966169926960743 0.911942429269401 0.173457125023658
1 1 1 0.999966004909611 0.999638741784308 0.996296903637717 0.965381808014668 0.329580833131169
1 1 1 0.997441687990981 0.970446172914243 0.933269774764427 0.923960571642182 0.304422136831991
1 1 1 0.995986533276139 0.946107823359407 0.824686343036844 0.757004071631235 0.200112572351
1 1 1 0.999978066901987 0.995761441438546 0.945587774550179 0.82395580352055 0.24374405368949
1 1 1 0.999979480246976 0.999772683617135 0.995362926769527 0.945076492067927 0.408365037668934
1 1 1 0.999877929848151 0.998751204534507 0.99742231952617 0.992835305087322 0.527933094975991
1 1 1 0.998805278649955 0.987132964507939 0.972685113833876 0.969598379991403 0.528459027678814
1 1 1 0.998331807503841 0.980435775638357 0.946566610509112 0.926957666047408 0.563986176176081
1 1 1 0.999905808799634 0.997377409753451 0.978463638008168 0.944209302410157 0.606184325519183
1 1 1 0.99996282352364 0.999533235730919 0.996659769404337 0.977642500137681 0.719705927120085
1 1 1 0.999594887357844 0.995824742763073 0.991483562032133 0.988050809681496 0.733625978435672
1 1 1 0.999688788588873 0.99642611469072 0.989596069497026 0.984784221416166 0.76145298932136
1 1 1 0.999859337357812 0.998269979794788 0.993669127498758 0.986600127460086 0.78518156829824
1 1 1 0.999940934488255 0.9992665910391 0.997132075410083 0.992445080375484 0.847831186788386
1 1 1 0.999452143022164 0.994301274163201 0.988194793516519 0.985321500489322 0.863514787226573

# True vulnerable proportion of susceptible
0 0 0.05 0.498541031550647 0.909372143873781 0.759219279802651 0.182363642401477 0.00225785740346109
0 0 0.05 0.497005660072569 0.86347090001234 0.620500913181955 0.330266852878146 0.0216382208332393
0 0 0.05 0.497718931756364 0.885944196949573 0.697741075746578 0.361154732584357 0.0267406486742598
0 0 0.05 0.49999758548968 0.945617620543066 0.932451678020833 0.697555611253933 0.0819803484831836
0 0 0.05 0.49999676700501 0.949933980738216 0.995261246074374 0.932283852480799 0.285012793807798
0 0 0.05 0.499992724532489 0.949855554636225 0.999653693944153 0.9949633649918 0.349135030225913
0 0 0.05 0.499992296674642 0.949839725860725 0.999554716382189 0.999344725767724 0.479538227937872
0 0 0.05 0.499980464160171 0.949613506589199 0.999085741127875 0.998768742983035 0.510024389979079
0 0 0.05 0.49990028685024 0.948048629786015 0.995718415895509 0.99499253740879 0.566196930079078
0 0 0.05 0.49843101095954 0.914141373957329 0.908584303536439 0.898158051907664 0.492214587757807
0 0 0.05 0.499992758223402 0.946878182034274 0.961929795182076 0.908181257369075 0.553404218236683
0 0 0.05 0.499987486339518 0.949748222303644 0.99622981266056 0.961340819907846 0.692793191615063
0 0 0.05 0.497314050551569 0.879081842321571 0.767475051207615 0.730166220873737 0.400089058046864
0 0 0.05 0.49692871424151 0.857089120629744 0.547833837208215 0.31509110953586 0.122450645812038
0 0 0.05 0.496551272787368 0.839233460360031 0.380128689508582 0.0933836342542663 0.0200378796307523
0 0 0.05 0.496269036323671 0.824166000369335 0.222269430988692 0.0155225587874551 0.00143784002613391
0 0 0.05 0.496302775940089 0.8251205966964 0.227350575724902 0.00989742353827082 0.000258863974440359
0 0 0.05 0.496484996927183 0.834337964876245 0.31384828465152 0.0226871850918397 0.00039856435869488
0 0 0.05 0.496451481140966 0.83320424299864 0.309062660897742 0.0307244064941615 0.00107586879934885
0 0 0.05 0.49637376889193 0.829249515805705 0.271338980646463 0.0222947056646559 0.000641499939651946
0 0 0.05 0.496506009838929 0.835550127961936 0.327315817495055 0.0300314251836969 0.000454520525032175
0 0 0.05 0.497597687090796 0.880599903517319 0.63720355160045 0.145121824440324 0.00346882561126577
0 0 0.05 0.499985841556536 0.945158549828225 0.92623343014807 0.636081945571515 0.0501984667178606
0 0 0.05 0.49857325018869 0.918128252638677 0.916057988532767 0.820027598927799 0.144093670467992
0 0 0.05 0.496866827094527 0.857795274218771 0.594592705264395 0.456185357173408 0.0488436119748573
0 0 0.05 0.496573621641563 0.840119115874825 0.390486556699359 0.113621560422123 0.0113663815696051
0 0 0.05 0.496810792482987 0.850086168932194 0.453965982269255 0.0887891311020348 0.00354586927675097
0 0 0.05 0.499720343170964 0.93830185266832 0.878687006281462 0.432251429939832 0.0237095423588465
0 0 0.05 0.496471301170278 0.843129783611308 0.468823042151552 0.223164568804774 0.0163071357141629
0 0 0.05 0.496214684721455 0.821080930143449 0.193983410706637 0.0111431265230095 0.000759265119018411
0 0 0.05 0.496234015862254 0.821377030000224 0.188335928384503 0.0044513860434577 3.11515565033081e-05
0 0 0.05 0.496386232120616 0.829270384244356 0.265795844250173 0.0127110104063002 9.62367139138521e-05
0 0 0.05 0.499946508537363 0.942074681032735 0.869802098029483 0.26279943681909 0.008018746308576
0 0 0.05 0.498582929897785 0.918295588153775 0.912514552275468 0.751454825867416 0.0710267149323239
0 0 0.05 0.499989616422435 0.947106529479916 0.966169926960743 0.911942429269401 0.173457125023658
0 0 0.05 0.499983002454806 0.949656804695093 0.996296903637717 0.965381808014668 0.329580833131169
0 0 0.05 0.49872084399549 0.921923864268531 0.933269774764427 0.923960571642182 0.304422136831991
0 0 0.05 0.49799326663807 0.898802432191436 0.824686343036844 0.757004071631235 0.200112572351
0 0 0.05 0.499989033450993 0.945973369366619 0.945587774550179 0.82395580352055 0.24374405368949
0 0 0.05 0.499989740123488 0.949784049436278 0.995362926769527 0.945076492067927 0.408365037668934
0 0 0.05 0.499938964924076 0.948813644307782 0.99742231952617 0.992835305087322 0.527933094975991
0 0 0.05 0.499402639324977 0.937776316282542 0.972685113833876 0.969598379991403 0.528459027678814
0 0 0.05 0.49916590375192 0.93141398685644 0.946566610509112 0.926957666047408 0.563986176176081
0 0 0.05 0.499952904399817 0.947508539265779 0.978463638008168 0.944209302410157 0.606184325519183
0 0 0.05 0.49998141176182 0.949556573944373 0.996659769404337 0.977642500137681 0.719705927120085
0 0 0.05 0.499797443678922 0.94603350562492 0.991483562032133 0.988050809681496 0.733625978435672
0 0 0.05 0.499844394294436 0.946604808956184 0.989596069497026 0.984784221416166 0.76145298932136
0 0 0.05 0.499929668678906 0.948356480805049 0.993669127498758 0.986600127460086 0.78518156829824
0 0 0.05 0.499970467244127 0.949303261487145 0.997132075410083 0.992445080375484 0.847831186788386
0 0 0.05 0.499726071511082 0.944586210455041 0.988194793516519 0.985321500489322 0.863514787226573

# True survival by age
0.778267540515681 0.778267540515681 0.7521699386872 0.518054589752434 0.303641702759859 0.382119885746379 0.683518464468952 0.777621085815727
0.778267540515681 0.778267540515681 0.758232505648334 0.57912021935818 0.432322718213973 0.52983475696221 0.646286512471851 0.770118794473997
0.778267540515681 0.778267540515681 0.778272406096981 0.778318407079545 0.77838970821775 0.778496616155553 0.778643344553055 0.778789125995563
0.778267540515681 0.778267540515681 0.778265017654682 0.778242314602563 0.778222287143835 0.778256511236096 0.778393620017579 0.778752931160379
0.778267540515681 0.778267540515681 0.778228528405491 0.77787742538424 0.777526398990222 0.77749352259294 0.77757624243962 0.778426423110465
0.778267540515681 0.778267540515681 0.778224666560531 0.777838814961926 0.777453140305054 0.777410543028025 0.777417065970085 0.778315233423052
0.778267540515681 0.778267540515681 0.778117881468574 0.776770981317544 0.775424588313304 0.775275929832163 0.775276670348001 0.777109728196283
0.778267540515681 0.778267540515681 0.777395075291001 0.769543249990384 0.761697662229802 0.76083467672527 0.760840377159324 0.769629245482304
0.778267540515681 0.778267540515681 0.764383212594554 0.639452056648386 0.515008274612818 0.501772203570564 0.501974157338674 0.621273585870298
0.778267540515681 0.778267540515681 0.778228832501309 0.777883348324419 0.777579976298853 0.777612897369707 0.777626528680729 0.778157260319922
0.778267540515681 0.778267540515681 0.778181251112945 0.777404666709346 0.776635181761117 0.776627754219004 0.776749173811189 0.777550626002465
0.778267540515681 0.778267540515681 0.754779214929069 0.54339017649383 0.332107772425032 0.310274146962806 0.326682431681761 0.45298031528247
0.778267540515681 0.778267540515681 0.751521713660767 0.512248895269418 0.308071932521003 0.367856436012348 0.387833440993771 0.564573185098235
0.778267540515681 0.778267540515681 0.748358097495194 0.481013594719219 0.265618527792152 0.450800555982472 0.590148771344377 0.70548687490134
0.778267540515681 0.778267540515681 0.746009815114437 0.457918926427645 0.236894464418757 0.533356344611453 0.718504114328721 0.765862569646216
0.778267540515681 0.778267540515681 0.746289761819255 0.460879891183954 0.251238212761898 0.636528606049223 0.768864966788331 0.777880437750779
0.778267540515681 0.778267540515681 0.747805337518415 0.475901965374229 0.275637814042161 0.640167562283815 0.772765558844523 0.778642933695351
0.778267540515681 0.778267540515681 0.747526116866527 0.473018176694376 0.265357725639229 0.585670564209331 0.764839957932541 0.778555521823881
0.778267540515681 0.778267540515681 0.746879496202201 0.466618503167303 0.25528006487459 0.584618527790219 0.759496818859477 0.778124821021385
0.778267540515681 0.778267540515681 0.747980502895617 0.477597587596318 0.2760250930903 0.614295015287313 0.765284082801699 0.778411858340224
0.778267540515681 0.778267540515681 0.757195082301468 0.569019223895445 0.426189878991968 0.640679266608046 0.766128049991549 0.77860898340629
0.778267540515681 0.778267540515681 0.778166407314809 0.777263629609791 0.776525337603197 0.777172150325425 0.778429865246404 0.778791917077219
0.778267540515681 0.778267540515681 0.765623805098568 0.651833781756589 0.539263565435177 0.544085867484386 0.617612560640933 0.766080092482208
0.778267540515681 0.778267540515681 0.751001159650276 0.506383299544164 0.277604737986273 0.278760581765792 0.331179812808617 0.700145688208809
0.778267540515681 0.778267540515681 0.748544677734241 0.482904791550339 0.268396671158165 0.425023773149262 0.507374830142315 0.749739298049349
0.778267540515681 0.778267540515681 0.750530455002244 0.502801094553402 0.31228010236 0.561973378721577 0.715709576468165 0.772489316081553
0.778267540515681 0.778267540515681 0.775777744363093 0.75353178976425 0.735992797488203 0.755953053969611 0.774332100188022 0.778622322429348
0.778267540515681 0.778267540515681 0.747691212707754 0.472675578263828 0.204477606179394 0.240991790873945 0.514237059868481 0.764289125347638
0.778267540515681 0.778267540515681 0.745559286613058 0.453497116339584 0.226781466913675 0.471863124712362 0.632695314655666 0.76812452870541
0.778267540515681 0.778267540515681 0.745719462943591 0.455254896483588 0.243847787669483 0.652421600874145 0.771541094152805 0.778306125799096
0.778267540515681 0.778267540515681 0.746983123717489 0.467783721248185 0.264413710511967 0.66086076070651 0.776013229076667 0.778781275294513
0.778267540515681 0.778267540515681 0.777811604240144 0.773744984747303 0.770773418001106 0.776235330070501 0.778678096804866 0.778799854197712
0.778267540515681 0.778267540515681 0.765708376655532 0.652689395122933 0.541638583308508 0.559857226076615 0.712649823440756 0.776782332157777
0.778267540515681 0.778267540515681 0.778200475475934 0.777600302119637 0.777053625851838 0.777090234985063 0.777392148424259 0.778667640415206
0.778267540515681 0.778267540515681 0.778140786389719 0.777000036653224 0.775868171436966 0.775836259657846 0.776002647248764 0.778268560225262
0.778267540515681 0.778267540515681 0.766915363934347 0.664749652012666 0.562654298382665 0.552066747613628 0.559102305349061 0.703795840235065
0.778267540515681 0.778267540515681 0.760590362541302 0.601949362339699 0.452343055323927 0.448351605779143 0.451647778650239 0.671011966390741
0.778267540515681 0.778267540515681 0.778195213964469 0.777549317956879 0.77699613251486 0.777168090837703 0.777302086410464 0.778404605487642
0.778267540515681 0.778267540515681 0.7782015919283 0.777608080802106 0.777022088547295 0.777049351870326 0.777274640346808 0.778349316848804
0.778267540515681 0.778267540515681 0.777743594131029 0.773028195123677 0.768314943352416 0.767839677062524 0.768393439842661 0.774303797752954
0.778267540515681 0.778267540515681 0.772938596724459 0.724984672746242 0.677144714849359 0.671964765507307 0.672456090340892 0.722252750905532
0.778267540515681 0.778267540515681 0.770836493793784 0.704046490674698 0.638901209346897 0.63372073544353 0.634181134689403 0.6999789117231
0.778267540515681 0.778267540515681 0.777869276018813 0.774292428916681 0.770858990535653 0.770756355975122 0.770923003226785 0.774007728227519
0.778267540515681 0.778267540515681 0.778126432225594 0.776856640753161 0.775594912796037 0.775517638002961 0.775632575286906 0.776766787119395
0.778267540515681 0.778267540515681 0.776469897789638 0.760291801379555 0.744128520051909 0.742436557972598 0.743130423905192 0.752541522747911
0.778267540515681 0.778267540515681 0.776891992347573 0.764517847377437 0.752243473827912 0.750995413893592 0.751091682707379 0.758226825065455
0.778267540515681 0.778267540515681 0.777659799372369 0.772192186393523 0.766763632486235 0.76624472340032 0.766305776443571 0.769139417727154
0.778267540515681 0.778267540515681 0.77802768496857 0.775869397439034 0.773719091784892 0.773504175361854 0.773541855630936 0.774615487752313
0.778267540515681 0.778267540515681 0.775829126881524 0.753884875931845 0.731972051285348 0.729640660860412 0.729871736817535 0.73700142089597
0.778267540515681 0.778267540515681 0.757444446085175 0.570150969127122 0.384886422157642 0.366728365531595 0.367926514734349 0.418719321108227

# True Numbers-at-age
13.6325724439331 43.1967353112171 22.9279781345531 132.684379720882 61.9455783150246 24.7268930103325 40.4997544121933 38.2159646239066
26.0944296125036 10.6097886268417 33.6186169489678 17.2457359076882 68.7377519028579 18.8092608780182 9.44863753197117 57.3998698535297
38.0051306020471 20.3084475556827 8.25725410000329 25.4907281656474 9.98735436185365 29.7168917465612 9.9658001659436 50.3112455727129
32.1689170028608 29.5781595206325 15.8054055308529 6.42639301616372 19.8399029411844 7.77405384759054 23.1344996673588 46.9416549396789
103.744468780264 25.0360239168696 23.0197214631031 12.3007942145086 5.001290975445 15.4398546436002 6.05020802558736 54.5636983211649
43.863453820939 80.7409525597217 19.4847247580738 17.914603958535 9.56851013376332 3.88863576244005 12.0043869751757 47.1783225383372
25.5984763903709 34.1375023237453 62.8380625675479 15.1634934278757 13.9346743136191 7.43906825153503 3.02306643971671 46.0520224199445
84.4173051760739 19.9224632612827 26.5681099728496 48.8954201206501 11.7785616701732 10.8052890929181 5.76733055579374 38.1311875092766
172.128905665762 65.6992484763447 15.5050064833725 20.653917852683 37.6271405092902 8.97170288860045 8.2210386339334 33.7348950273814
230.225876078634 133.962340064148 51.1315925254134 11.8517666670596 13.207190248745 19.3782887123036 4.50175112819344 25.0853481433367
405.758147319975 179.177326338786 104.25854092345 39.7920795549851 9.21929193853209 10.2696466805936 15.0688072316411 23.021026888192
1116.6754226183 315.788395358916 139.447897085863 81.1320418150205 30.934548344115 7.16002647039068 7.97569263817203 29.6046974356306
760.236202211238 869.072234715453 245.767857779377 105.252374285977 44.0863545211688 10.2736039415385 2.22157110533158 16.0158638436184
436.453583118105 591.667159305922 676.370710642462 184.699881641093 53.915412452475 13.5817684351425 3.77921133093676 9.90372682848439
701.66834112379 339.677656682584 460.475344876919 506.167498217866 88.8431540123965 14.3209324809331 6.12266876178743 9.21724621370709
794.990454913774 546.08569410413 264.360094434484 343.519126896387 231.783677376492 21.0464513870398 7.63816019945788 11.4583065663078
386.939796896437 618.715266079185 425.000770061219 197.289231910027 158.321057823614 58.2329168514502 13.3966683636752 14.7859063157622
94.2145861193073 301.142684058227 481.526008410952 317.817844301217 93.8903332131539 43.6392702953434 37.278824425469 21.86542538576
143.535544501718 73.3241542197761 234.369576066287 359.953267237678 150.333617232298 24.9145252809519 25.5582360555573 45.5357821764617
128.908479087472 111.709055195931 57.0658091650176 175.045830897512 167.960854768625 38.377175559893 14.5654930903423 54.8439213359834
364.393527031671 100.325284971024 86.939531640668 42.6841126373952 83.6014665554447 46.3614105730363 23.5749076472484 53.8378987460049
455.600454531588 283.595654062772 78.0799127859333 65.8301858159067 24.2880806455964 35.6300989148161 29.7027945248474 59.9800696358749
204.520726240957 354.579045206125 220.71329218837 60.7591652160833 51.1674091651586 18.8603100230554 27.6907205899352 69.8335357575667
101.848277906054 159.17184259603 275.957361430969 168.983350601092 39.604876439173 27.592719500484 10.2616281399186 70.6002183810587
571.914028846572 79.2652087517021 123.878278456562 207.244298448688 85.5703466454091 10.9945013468753 7.69176254045522 52.8288825725885
2083.12554790425 445.102124616836 61.6895390636492 92.7284260255395 100.07926474236 22.9667961894781 4.6729244463436 43.5104960491624
1338.67047922256 1621.22899675282 346.408535803849 46.2998778223193 46.6239541018554 31.2527630378577 12.9067280530108 36.9558501117469
206.413103557952 1041.84378142549 1261.74990391552 268.736032534032 34.8884298013184 34.3148944093861 23.6256216634571 38.7687436812028
177.926534647829 160.644618436255 810.833197371571 943.399315792491 127.02495957835 7.13390260913142 8.26960785736828 41.7796994207145
72.5625917425581 138.474446512844 125.024492087465 604.524220194533 427.828869268631 28.8069066678286 3.36622557653842 37.3241540723866
46.5407096227088 56.4731098089241 107.770166911821 93.2331970942593 275.212611286484 104.325123272292 18.7942481644568 31.6467991192954
49.9565755422968 36.22112361192 43.9511882762634 80.5024959233475 43.6129718806181 72.769987729947 68.9443803265274 39.2305197832825
163.773527460583 38.8795811798892 28.1897247881634 34.185744261421 62.2884024803303 33.6157194056102 56.4866354447817 84.2382019453721
88.0273128784294 127.459620418325 30.2587160211521 21.5851084059109 22.3126727438142 33.7378020759963 18.8200034189947 105.68993774039
29.1208354955857 68.5088002920996 99.197685298032 23.5473471949518 16.7845868177214 17.3381432580263 26.2173165431155 96.9278573271838
70.0962046906414 22.6638010189112 53.3181755070123 77.1897648458505 18.2962896335638 13.0226266825905 13.451560214719 95.7806110089634
33.7485667005413 54.5536008240692 17.6385006777248 40.8905279732757 51.3118693202186 10.2944860067788 7.18935915804419 74.9307939298725
98.7394924706803 26.2654140019597 42.4572967396225 13.4156736251557 24.614027239247 23.2105677426898 4.61554933181021 53.5265174717526
24.6782645255878 76.845741956923 20.4415191559313 33.0400651206435 10.4313478771719 19.1250039705103 18.0385126198454 45.2529638412734
28.1838890861375 19.2062922365246 59.8065465919171 15.9076227485786 25.6922216280402 8.10538771388351 14.8610719398024 49.2434919002205
20.7614971329386 21.934606041235 14.9476338213454 46.5141584989625 12.2970409020421 19.7397178047454 6.22363828469487 49.5485729805316
57.9645741990679 16.1579993110755 17.0709918958923 11.5536031102218 33.7220519774371 8.32687625510417 13.2643948458462 39.9717166072543
39.9640388731324 45.1119465989473 12.5752463834848 13.1589435386118 8.13427372439994 21.5450597900435 5.27691414433188 36.391387664757
47.6128008820604 31.1027142428658 35.1091637274374 9.78189780007952 10.1888703544892 6.27037803193162 16.6059917730401 32.2353097933637
39.0047443371409 37.0554974395439 24.2062329171572 27.3193683096551 7.59913226516051 7.90243601408015 4.86278876070927 37.9194661841058
86.5895667041602 30.3561264437096 28.839090854859 18.7954111990572 20.7706917446992 5.6547310461526 5.86705739389236 32.1496590970822
121.856536194647 67.3898491131652 23.6251878669289 22.4048587517241 14.369427310477 15.6246173118413 4.24667708246232 28.7834319546367
830.899483349543 94.8369867199676 52.4473321250259 18.3723588567304 17.3008568653319 11.0179542813283 11.9722805703477 25.3927252727598
378.121169117764 646.662097322199 73.8085484044674 40.8054763960117 14.2545509957051 13.386003260945 8.52243364055341 28.9306584010403
153.164922155859 294.279432306196 503.276120027659 57.2628216650306 30.7626315101471 10.4339329324779 9.76697226559554 27.5422197921655

