# Simulated data from SIR age-structured hybrid model
# random seed = 1874545
# Flag=0 if no issues, =1 if negative pop #'s, =2 if NaN, or=3 if NA. Flag:
0

# Number of years (nyr)
50

# Starting age
0

# Ending age
8

# Sample size for comp data
20

# Sample size for fishery age comp data
20

# Sample size for antibody prevalence data
20

# Survey data
15228.5173537813
16577.5844719882
20997.1135092633
12350.2561150169
18958.7906761993
9896.08878731763
11917.1462898644
8534.31794362911
12654.6999299149
11665.5829130264
11680.392778766
6921.28528140579
13830.9002228581
10728.5337639769
9602.78169441434
23123.0112166841
18269.9518021027
20004.0983432075
7760.94754371065
21534.1450422018
14063.537980206
15670.8998147741
13422.7776453807
8269.75057373075
7930.11161364054
11464.9515019056
7829.21170989004
9380.43955945829
6616.08199744645
11299.6541431946
9325.22876300449
17405.4530012364
9841.18289213851
11391.6075335287
41786.4255430856
67628.1239842667
46309.1296947872
43542.1548954449
83743.5626621959
109974.645320153
153840.557279493
106012.588716405
52535.0211341656
36772.3372536855
37130.2341911854
42283.2575844316
50236.0382975475
34639.5022336741
38836.6653883237
48661.2699879329

# Catches
0
0
0
0
0
0
0
0
0
0
0
0
0
0
0
0
0
0
0
0
0
0
0
0
0
0
0
0
0
0
0
0
0
0
0
0
0
0
0
0
0
0
0
0
0
0
0
0
0
0

# Catch compositions
-999 -999 -999 -999 -999 -999 -999 -999
-999 -999 -999 -999 -999 -999 -999 -999
-999 -999 -999 -999 -999 -999 -999 -999
-999 -999 -999 -999 -999 -999 -999 -999
-999 -999 -999 -999 -999 -999 -999 -999
-999 -999 -999 -999 -999 -999 -999 -999
-999 -999 -999 -999 -999 -999 -999 -999
-999 -999 -999 -999 -999 -999 -999 -999
-999 -999 -999 -999 -999 -999 -999 -999
-999 -999 -999 -999 -999 -999 -999 -999
-999 -999 -999 -999 -999 -999 -999 -999
-999 -999 -999 -999 -999 -999 -999 -999
-999 -999 -999 -999 -999 -999 -999 -999
-999 -999 -999 -999 -999 -999 -999 -999
-999 -999 -999 -999 -999 -999 -999 -999
-999 -999 -999 -999 -999 -999 -999 -999
-999 -999 -999 -999 -999 -999 -999 -999
-999 -999 -999 -999 -999 -999 -999 -999
-999 -999 -999 -999 -999 -999 -999 -999
-999 -999 -999 -999 -999 -999 -999 -999
-999 -999 -999 -999 -999 -999 -999 -999
-999 -999 -999 -999 -999 -999 -999 -999
-999 -999 -999 -999 -999 -999 -999 -999
-999 -999 -999 -999 -999 -999 -999 -999
-999 -999 -999 -999 -999 -999 -999 -999
-999 -999 -999 -999 -999 -999 -999 -999
-999 -999 -999 -999 -999 -999 -999 -999
-999 -999 -999 -999 -999 -999 -999 -999
-999 -999 -999 -999 -999 -999 -999 -999
-999 -999 -999 -999 -999 -999 -999 -999
-999 -999 -999 -999 -999 -999 -999 -999
-999 -999 -999 -999 -999 -999 -999 -999
-999 -999 -999 -999 -999 -999 -999 -999
-999 -999 -999 -999 -999 -999 -999 -999
-999 -999 -999 -999 -999 -999 -999 -999
-999 -999 -999 -999 -999 -999 -999 -999
-999 -999 -999 -999 -999 -999 -999 -999
-999 -999 -999 -999 -999 -999 -999 -999
-999 -999 -999 -999 -999 -999 -999 -999
-999 -999 -999 -999 -999 -999 -999 -999
-999 -999 -999 -999 -999 -999 -999 -999
-999 -999 -999 -999 -999 -999 -999 -999
-999 -999 -999 -999 -999 -999 -999 -999
-999 -999 -999 -999 -999 -999 -999 -999
-999 -999 -999 -999 -999 -999 -999 -999
-999 -999 -999 -999 -999 -999 -999 -999
-999 -999 -999 -999 -999 -999 -999 -999
-999 -999 -999 -999 -999 -999 -999 -999
-999 -999 -999 -999 -999 -999 -999 -999
-999 -999 -999 -999 -999 -999 -999 -999

# Age composition from fishery-independent survey
0 0 0 0 10 2 0 8
0 0 0 1 4 6 2 7
0 0 1 1 1 3 3 11
0 0 1 1 4 2 2 10
0 0 0 5 5 3 2 5
0 0 0 2 2 4 3 9
0 0 0 0 1 10 0 9
0 0 0 1 4 2 8 5
0 0 0 4 3 3 2 8
0 0 0 0 12 3 2 3
0 0 0 2 1 8 3 6
0 0 0 1 0 0 7 12
0 0 2 1 2 1 1 13
0 0 0 3 2 1 1 13
0 0 3 9 2 0 0 6
0 0 0 3 13 0 1 3
0 0 2 7 5 3 0 3
0 0 0 7 4 6 2 1
0 0 0 2 11 2 0 5
0 0 0 1 4 9 3 3
0 0 0 0 2 2 10 6
0 0 0 1 1 0 1 17
0 0 0 1 0 1 1 17
0 0 0 3 2 0 1 14
0 0 0 3 3 2 0 12
0 0 0 5 2 3 2 8
0 0 0 1 3 1 1 14
0 0 0 3 3 4 0 10
0 0 0 7 6 3 1 3
0 0 2 3 3 5 0 7
0 0 0 8 3 0 2 7
0 0 1 7 4 1 1 6
0 0 2 2 8 4 0 4
0 0 4 7 2 2 2 3
0 0 1 10 4 0 4 1
0 0 1 4 12 3 0 0
0 0 2 9 2 3 3 1
0 0 1 0 5 3 6 5
0 0 1 4 4 4 2 5
0 0 0 9 4 1 3 3
0 0 0 1 5 2 0 12
0 0 0 0 4 7 1 8
0 0 0 0 1 3 3 13
0 0 0 1 0 1 4 14
0 0 0 1 0 1 1 17
0 0 0 3 3 2 1 11
0 0 0 4 1 2 0 13
0 0 1 3 2 0 1 13
0 0 2 7 8 1 0 2
0 0 0 4 5 5 1 5

# Antibody prevalence values
0 0 0 0 0 1 0 4 1 3 0 1 0 3 5 2
0 0 0 0 0 0 0 0 0 5 1 3 1 0 9 1
0 0 0 0 0 0 0 4 0 2 0 2 2 1 8 1
0 0 0 0 0 0 0 1 0 2 0 4 2 2 5 4
0 0 0 0 0 0 0 3 0 2 0 2 1 5 3 4
0 0 0 0 0 1 0 2 2 7 0 0 0 2 4 2
0 0 0 0 0 0 0 1 0 1 2 11 0 0 0 5
0 0 0 0 0 0 0 3 0 3 1 1 1 3 8 0
0 0 0 0 0 0 0 3 0 1 0 3 0 4 5 4
0 0 0 0 0 0 0 0 1 6 1 0 1 1 9 1
0 0 0 0 0 0 0 0 0 2 6 2 3 1 3 3
0 0 0 0 0 0 0 0 0 0 0 0 3 2 11 4
0 0 0 0 0 0 0 1 0 0 0 0 0 2 7 10
0 0 0 0 0 1 0 1 0 1 0 1 0 2 11 3
0 0 0 0 0 1 0 12 0 0 0 0 0 0 3 4
0 0 0 0 0 0 0 5 1 8 1 0 0 0 3 2
0 0 0 0 0 1 0 1 1 5 5 1 0 0 5 1
0 0 0 0 0 0 0 10 0 5 1 1 2 0 1 0
0 0 0 0 0 0 0 5 4 3 2 1 2 1 2 0
0 0 0 0 0 0 0 1 1 1 9 1 3 1 3 0
0 0 0 0 0 0 0 0 0 5 1 1 7 1 4 1
0 0 0 0 0 0 0 0 0 0 0 3 0 3 11 3
0 0 0 0 0 0 0 1 0 1 0 0 0 0 11 7
0 0 0 0 0 0 0 1 0 1 0 2 0 1 8 7
0 0 0 0 0 0 0 0 0 3 0 1 0 0 9 7
0 0 0 0 0 0 0 2 0 2 0 3 0 0 5 8
0 0 0 0 0 1 0 1 0 3 0 2 0 1 5 7
0 0 0 0 0 0 0 7 0 6 0 3 0 0 1 3
0 0 0 0 0 0 0 2 1 9 0 0 0 2 1 5
0 0 0 0 0 0 0 2 0 1 1 5 1 1 7 2
0 0 0 0 0 1 0 6 0 4 0 3 2 0 3 1
0 0 0 0 0 0 0 12 1 2 0 1 0 3 0 1
0 0 0 0 0 3 0 4 3 2 3 0 3 0 2 0
0 0 0 0 0 3 0 5 0 2 1 3 2 0 4 0
0 0 0 0 0 2 0 5 2 7 1 0 1 0 2 0
0 0 0 0 0 0 0 4 3 8 4 1 0 0 0 0
0 0 0 0 0 1 0 7 1 2 5 0 2 0 2 0
0 0 0 0 0 0 0 4 1 9 1 0 1 0 4 0
0 0 0 0 0 0 1 3 1 2 5 0 0 0 8 0
0 0 0 0 0 0 0 5 1 3 0 1 5 1 4 0
0 0 0 0 0 0 0 2 0 3 8 0 0 0 7 0
0 0 0 0 0 0 0 0 0 2 4 2 3 0 9 0
0 0 0 0 0 0 0 1 0 0 1 3 4 1 10 0
0 0 0 0 0 0 0 1 0 1 0 1 0 2 14 1
0 0 0 0 0 1 0 1 0 3 0 0 0 0 12 3
0 0 0 0 0 0 0 4 0 5 0 1 0 0 9 1
0 0 0 0 0 1 0 0 0 1 0 1 0 1 14 2
0 0 0 0 0 0 0 3 0 2 0 2 0 2 10 1
0 0 0 0 0 1 0 3 1 5 0 0 1 1 6 2
0 0 0 0 0 0 0 5 2 4 4 1 2 0 2 0

# Average weight-at-age
70
94
115
134
150
160
165
168

# Maturity logistic function parameter age-at-50%
3

# Maturity logistic function parameter age-at-95%
4

# Infection prevalence index (avg of 3 different samples)
0.116666666666667
0.00555555555555556
0
0.0111111111111111
0
0.0111111111111111
0
0
0.0722222222222222
0.0222222222222222
0
0
0
0
0.122222222222222
0.00555555555555556
0.00555555555555556
0.00555555555555556
0.0722222222222222
0
0
0
0
0
0
0
0
0
0.0222222222222222
0
0
0.0722222222222222
0
0.0388888888888889
0
0.0611111111111111
0.0611111111111111
0.0777777777777778
0.0111111111111111
0
0.00555555555555556
0
0
0
0
0
0
0.0277777777777778
0
0.0166666666666667

