# Simulated data from SIR age-structured hybrid model
# random seed = 3952051
# Flag=0 if no issues, =1 if negative pop #'s, =2 if NaN, or=3 if NA. Flag:
0

# True SSB
40935.5946787062
41690.5200441261
43514.6105962762
44117.4700782106
48295.2263439715
47742.1167254789
43422.883659768
37744.4125146454
38505.7895331691
39348.4989910838
35668.5060908883
35222.2125694971
30099.3934842953
25762.3369514802
28380.813404418
29476.64496896
33774.096512216
40251.8513312975
44901.1909929025
76120.4906936242
88631.9072227946
67746.0307242852
57686.4611557741
54199.7922334968
52069.5427227242
50908.1189446242
57764.6740254489
82891.4030751515
89971.1337913922
81898.1419128954
71674.7783694666
60276.1664646596
49014.9275411762
39041.8829507909
29666.857288753
25423.8769508335
26959.2005469015
28564.9427264617
25479.6281752098
25034.7423052358
24303.733611846
27689.2398523714
27011.9895490966
22615.2056025909
18935.3773838351
15343.2034217625
12516.3492062496
11047.9464023128
11682.5877108476
17925.3562728018

# True R (numbers)
216.658868343414
249.648990311252
137.920416459193
24.0378149606581
82.4829402011441
213.299347038174
87.1692773059115
168.422588437681
75.4974529017453
5.10732903298867
26.1957706027686
243.677865075244
110.955748513157
204.656029969048
246.926131115456
240.738727960971
1153.84731453474
168.892847648281
36.0678439329895
49.8353142178408
238.485880129178
75.8436121030344
217.053626758384
395.44331234668
948.517559045967
244.634457310531
167.307674950088
67.7156995547427
43.5698064023204
7.67645616507035
10.2656616496671
10.8291300545072
44.1806739678561
196.594490402287
59.4516584801875
122.378362463653
38.5259957592241
77.1904094420462
221.780510412751
24.1672306278507
28.924557658296
5.75229711565069
4.73732797120323
9.4009667562878
27.9441055244374
54.6924007523912
197.993195478932
415.782699124929
32.5132684269425
7.74644287245458

# True infection rate given (selected) susceptible
-999 -999 0.0106991751839651 0.0106991751839644 0.0106991751839642 0.0106991751839639 0.0106991751839637 0.0106991751839646
-999 -999 0.315675061841188 0.315675061841188 0.315675061841188 0.315675061841188 0.315675061841189 0.315675061841189
-999 -999 0.550528722275882 0.550528722275882 0.550528722275883 0.550528722275882 0.550528722275882 0.550528722275882
-999 -999 0.278702441755355 0.278702441755355 0.278702441755354 0.278702441755354 0.278702441755355 0.278702441755355
-999 -999 0.49268900275954 0.492689002759539 0.492689002759539 0.49268900275954 0.49268900275954 0.492689002759539
-999 -999 0.00853790116859933 0.00853790116859958 0.00853790116859932 0.00853790116859879 0.00853790116859912 0.00853790116859946
-999 -999 0.235199949936157 0.235199949936157 0.235199949936158 0.235199949936158 0.235199949936157 0.235199949936158
-999 -999 0.00291499682722283 0.00291499682722293 0.00291499682722221 0.00291499682722224 0.00291499682722183 0.00291499682722222
-999 -999 0.0316741601561561 0.0316741601561556 0.0316741601561563 0.0316741601561558 0.0316741601561558 0.0316741601561558
-999 -999 0.594439797762586 0.594439797762587 0.594439797762586 0.594439797762586 0.594439797762586 0.594439797762586
-999 -999 0.00430932832428727 0.00430932832428892 0.00430932832428885 0.0043093283242883 0.00430932832428895 0.00430932832428847
-999 -999 0.137951129528615 0.137951129528616 0.137951129528615 0.137951129528615 0.137951129528616 0.137951129528615
-999 -999 0.00462434885324245 0.00462434885324337 0.00462434885324223 0.00462434885324264 0.00462434885324191 0.00462434885324124
-999 -999 0.00582285038832338 0.00582285038832501 0.00582285038832396 0.00582285038832459 0.00582285038832434 0.00582285038832372
-999 -999 0.654899372508367 0.654899372508367 0.654899372508367 0.654899372508368 0.654899372508367 0.654899372508368
-999 -999 0.0287366747587129 0.0287366747587119 0.0287366747587128 0.0287366747587124 0.0287366747587127 0.028736674758712
-999 -999 0.150939364172208 0.150939364172208 0.150939364172208 0.150939364172208 0.150939364172208 0.150939364172208
-999 -999 0.652135079754997 0.652135079754997 0.652135079754997 0.652135079754996 0.652135079754996 0.652135079754997
-999 -999 0.206937762480883 0.206937762480883 0.206937762480882 0.206937762480882 0.206937762480883 0.206937762480883
-999 -999 0.914531583641584 0.914531583641584 0.914531583641584 0.914531583641584 0.914531583641584 0.914531583641584
-999 -999 0.876849406801636 0.876849406801636 0.876849406801636 0.876849406801636 0.876849406801636 0.876849406801636
-999 -999 0.00204511764818208 0.00204511764818237 0.00204511764818302 0.00204511764818159 0.00204511764818282 0.00204511764818273
-999 -999 0.00189483199158054 0.00189483199158068 0.00189483199157965 0.00189483199158039 0.00189483199158028 0.00189483199158132
-999 -999 0.0111263378013863 0.0111263378013868 0.0111263378013853 0.0111263378013864 0.011126337801386 0.0111263378013873
-999 -999 0.225841534122589 0.225841534122589 0.22584153412259 0.22584153412259 0.225841534122589 0.22584153412259
-999 -999 0.404237880083161 0.404237880083161 0.404237880083161 0.404237880083161 0.404237880083161 0.404237880083161
-999 -999 0.506946015727551 0.506946015727551 0.506946015727551 0.506946015727551 0.506946015727551 0.506946015727551
-999 -999 0.885246211131581 0.885246211131581 0.885246211131581 0.885246211131581 0.885246211131581 0.88524621113158
-999 -999 0.616414023811987 0.616414023811988 0.616414023811987 0.616414023811988 0.616414023811987 0.616414023811987
-999 -999 0.0942252572739233 0.0942252572739228 0.0942252572739218 0.0942252572739222 0.0942252572739218 0.094225257273922
-999 -999 0.0198066656938866 0.0198066656938867 0.0198066656938866 0.0198066656938859 0.0198066656938873 0.0198066656938864
-999 -999 0.00539944981324015 0.00539944981324002 0.00539944981324102 0.00539944981324086 0.00539944981324089 0.00539944981324139
-999 -999 0.0122681020259993 0.0122681020259995 0.0122681020259995 0.0122681020259999 0.012268102026 0.0122681020259994
-999 -999 0.294310712318099 0.294310712318099 0.294310712318099 0.2943107123181 0.294310712318099 0.294310712318099
-999 -999 0.00957518127786942 0.00957518127786852 0.00957518127787025 0.00957518127786983 0.00957518127787044 0.00957518127787001
-999 -999 0.00609976195068134 0.00609976195068128 0.00609976195068111 0.0060997619506816 0.00609976195068217 0.00609976195068091
-999 -999 0.0709904886816617 0.070990488681662 0.0709904886816612 0.0709904886816606 0.0709904886816608 0.0709904886816613
-999 -999 0.544017612108777 0.544017612108778 0.544017612108777 0.544017612108777 0.544017612108777 0.544017612108778
-999 -999 0.00153358503466775 0.00153358503466642 0.00153358503466746 0.00153358503466714 0.00153358503466705 0.00153358503466691
-999 -999 0.00269410745237785 0.00269410745237817 0.00269410745237742 0.00269410745237748 0.00269410745237676 0.00269410745237854
-999 -999 0.0578044792262075 0.0578044792262087 0.0578044792262073 0.0578044792262069 0.0578044792262071 0.0578044792262077
-999 -999 0.398641906145615 0.398641906145615 0.398641906145615 0.398641906145615 0.398641906145614 0.398641906145615
-999 -999 0.345467027904134 0.345467027904134 0.345467027904135 0.345467027904135 0.345467027904134 0.345467027904135
-999 -999 0.00649359715535162 0.00649359715535136 0.00649359715535172 0.0064935971553519 0.00649359715535034 0.00649359715535133
-999 -999 0.00174748562212049 0.00174748562211958 0.0017474856221213 0.00174748562212043 0.00174748562212146 0.00174748562212123
-999 -999 0.00354707123411596 0.00354707123411537 0.00354707123411596 0.00354707123411593 0.00354707123411621 0.00354707123411626
-999 -999 0.00304255814030994 0.00304255814031054 0.0030425581403104 0.00304255814031066 0.00304255814031052 0.0030425581403101
-999 -999 0.0108543909260238 0.0108543909260246 0.0108543909260248 0.0108543909260248 0.0108543909260247 0.0108543909260244
-999 -999 0.00238251878104776 0.00238251878104751 0.00238251878104749 0.00238251878104853 0.00238251878104824 0.0023825187810493
-999 -999 0.124910256988984 0.124910256988984 0.124910256988984 0.124910256988985 0.124910256988984 0.124910256988983

# Duration of outbreak (days) based on incidence
0
0
0
0
0
0
0
0
0
0
0
0
0
0
0
0
0
0
0
3
0
0
0
0
0
0
0
0
0
0
0
0
0
0
0
0
0
0
0
0
0
0
0
0
0
0
0
0
0
0

# Duration of outbreak (days) based on prevalence
0
0
0
0
0
0
0
0
0
2
0
0
0
0
21
0
0
19
0
20
19
0
0
0
0
0
0
20
0
0
0
0
0
0
0
0
0
0
0
0
0
0
0
0
0
0
0
0
0
0

# Peak (point) prevalence
0.000292523689752228
0.026736407979492
0.0784202776059813
0.0216815596794397
0.0559400554973431
0.000224203899456311
0.0199465589924482
7.02973444677385e-05
0.0013937862490408
0.100482729106851
0.000151294528754835
0.0140938528575134
0.000132473401049854
0.000230657157723901
0.13765616728644
0.00144787047304525
0.0112712476537797
0.137479220175469
0.0137890590242485
0.416609602722397
0.204800681271017
1.67841653865207e-05
4.15009548863792e-05
0.000514329120488177
0.0116799223050964
0.0425496408088971
0.0583580880984967
0.307878517843116
0.0655377122785277
0.00533935750764731
0.000806347435958863
0.000100833015121836
0.000286868486394848
0.0176184779590328
0.000225923793890856
0.000149077286985275
0.00582868623092038
0.0793234832909944
4.08216875056911e-05
9.72526642607825e-05
0.0102727092659174
0.0502577019889811
0.0302939559767588
0.000429388894906134
4.40044103707403e-05
8.6430805477475e-05
8.39432374497275e-05
0.0010242467099998
0.000143998222955334
0.0181544724835226

# Day of peak prevalence
71
89
71
97
71
92
106
49
114
53
92
119
68
89
57
119
107
56
98
17
23
35
72
119
91
94
59
21
31
119
119
50
69
90
77
61
119
68
52
86
119
86
85
119
44
47
50
119
95
119

# Total immunity
0.166553978572156
0.119779927609686
0.133971258536034
0.213530478391001
0.237431612362699
0.255513326198415
0.218478018272758
0.196769060421936
0.170341107193191
0.175464305706661
0.348683178175545
0.182521442542838
0.164669939835501
0.108725484103564
0.0714532101607222
0.112587860908655
0.0396219304474589
0.0455877356752039
0.101429439733758
0.123832123694441
0.346214954143106
0.489683276338462
0.353672989529293
0.21436652994669
0.0972868810919642
0.0983741123047052
0.112917648326472
0.175664652393218
0.399116880165752
0.560818024981242
0.568884038907249
0.558976812573439
0.491332300517145
0.289721712143838
0.288165202403636
0.210437148198068
0.190170359011294
0.163033367738318
0.164418618300251
0.155010490228604
0.142662721594535
0.153472033684618
0.316211473553331
0.454925274967866
0.374711717904229
0.258316236277991
0.105792693293017
0.0408870645505602
0.0389649906828082
0.0384714213619109

# Observed immunity (based on survey selectivity)
0.521209189292859
0.392991914318523
0.377619844332929
0.453888522137663
0.418493166897477
0.526445998328354
0.468594012851482
0.514046512659296
0.3855269206635
0.305617726203521
0.519269196974405
0.419558367689615
0.447648046959513
0.408332968122659
0.277574540901626
0.446165886156945
0.314931277338353
0.262404200325307
0.395016032065012
0.225015631327898
0.543643162948039
0.836157450629049
0.778421005607922
0.636697945297731
0.516877798372439
0.480624101274954
0.404709332579161
0.343060980645156
0.566628778413661
0.691276348600317
0.645897159317599
0.611905136267959
0.592988473818297
0.586416898731518
0.677156441564822
0.60511392746993
0.427605665200353
0.337185652550661
0.498399497324573
0.403304074744168
0.322871290931221
0.234581123720082
0.377406173408254
0.530569703647832
0.504329312093309
0.490698735944094
0.468205288378339
0.406213607997464
0.289273870584752
0.138854333474675

# True total proportion of susceptible
1 1 1 0.999824785673357 0.997946303103387 0.993492047597923 0.96777947902102 0.266626814419383
1 1 1 0.999529852215509 0.99512159692423 0.98901952836176 0.984129128954972 0.304501000278278
1 1 1 0.989566178001762 0.888928928316547 0.772037391450156 0.753306287049556 0.234411773744061
1 1 1 0.982124024968271 0.791766970712204 0.495853133848012 0.395455994251041 0.124603637294037
1 1 1 0.98782611699625 0.859261917854583 0.593075264615732 0.358749892636707 0.123733998868771
1 1 1 0.979107917174541 0.771237561702771 0.477428781599829 0.305469190666795 0.0902544881081684
1 1 1 0.99966664640794 0.975811325799366 0.765958055437932 0.473673341121347 0.159581365490146
1 1 1 0.990007271208717 0.897462411937971 0.780845924965686 0.597778609112305 0.190917753322179
1 1 1 0.999889062432192 0.988901472511309 0.895495737711002 0.778973046625368 0.316372607390979
1 1 1 0.998759169033641 0.987437230266399 0.965331312984247 0.872313424556656 0.390554059819031
1 1 1 0.977679541460118 0.756854082865829 0.489937177868625 0.446078892249489 0.170048406620638
1 1 1 0.999815685037251 0.97586095675656 0.754053056738194 0.487925245043151 0.208399387928313
1 1 1 0.994752595356073 0.946345824159942 0.873897658325494 0.664457218073189 0.258174732830604
1 1 1 0.999809757693101 0.992855401239408 0.942872972720579 0.870458704241207 0.319323825802097
1 1 1 0.99978829532501 0.997691748416559 0.988844744796376 0.938776215934785 0.477520132686384
1 1 1 0.976750506999419 0.741664835054471 0.447329558624787 0.405644335589109 0.199028274048454
1 1 1 0.998886261030207 0.965736433717109 0.72440589631269 0.435328250907431 0.195600509059645
1 1 1 0.993321211672382 0.931355030747333 0.839440703170208 0.620393888375998 0.179553236641013
1 1 1 0.977742686415055 0.745011703400621 0.421600123967385 0.339579268820187 0.140507303921277
1 1 1 0.990676344948821 0.88487633409422 0.603977168700162 0.333793833091238 0.144261243183895
1 1 1 0.963142448619813 0.589744658607265 0.129610738415005 0.0522913874871601 0.0166303515427272
1 1 1 0.974641031105263 0.659579743933502 0.117963153705235 0.0152640053063512 0.00329968402020954
1 1 1 0.999913858309199 0.973788080214458 0.658406162090277 0.117717725083136 0.00701393352828215
1 1 1 0.999940231380466 0.99931613477597 0.972662360731594 0.657443680203285 0.0773130940966123
1 1 1 0.999591531728102 0.995850375921553 0.991538105657421 0.964600436665866 0.145271025317544
1 1 1 0.989745650713306 0.895516354343178 0.795690852547524 0.781276605195148 0.135413034318585
1 1 1 0.986748693553233 0.84723037309357 0.618477017144081 0.524210363425684 0.103964986524563
1 1 1 0.978258244769714 0.762253096749612 0.45810067439355 0.31091685746189 0.10286384198352
1 1 1 0.967151032944466 0.614223071637213 0.13805393843277 0.0536604539883577 0.0130849284270975
1 1 1 0.975768810427631 0.714176430590654 0.270868658483168 0.0523684047712582 0.00865327570055105
1 1 1 0.997404428509083 0.94931048027927 0.668204357614571 0.247018686141053 0.0224557957477316
1 1 1 0.999316183399725 0.990553681572897 0.936574103272733 0.657422784917204 0.141636533426868
1 1 1 0.999774396148572 0.997060632555869 0.986295816969738 0.932280287312319 0.226959397796191
1 1 1 0.999532622802855 0.995095337900523 0.988174570135402 0.977005227036822 0.320766067487091
1 1 1 0.990831532497288 0.902232083885169 0.798513081572765 0.780393387280111 0.264828439815707
1 1 1 0.999596743163732 0.98682177690554 0.895146719807929 0.791754909749274 0.287813059108142
1 1 1 0.999789067798459 0.997486313454757 0.982834767057803 0.891164229112063 0.291798662683696
1 1 1 0.997321963416887 0.972754043700286 0.94569349995187 0.928754914198129 0.282872912217148
1 1 1 0.981903946557454 0.79756951314968 0.555695467730492 0.509784242046302 0.138691809827274
1 1 1 0.999932990413214 0.981237721063374 0.7965092547312 0.554887174622429 0.179833103572915
1 1 1 0.999891891782173 0.998851948689877 0.97921013005028 0.794680633450971 0.326506662379397
1 1 1 0.997789290860387 0.977618164310064 0.956235325333949 0.934869607013001 0.373234893873231
1 1 1 0.984772887816631 0.837183558308311 0.659160308225452 0.624429766367337 0.33426954806909
1 1 1 0.985756085984294 0.838688471598137 0.584994529638576 0.442571872616999 0.238561128524955
1 1 1 0.999802562414662 0.983782874374463 0.835161608835409 0.581981725690486 0.279276080493062
1 1 1 0.999931261099654 0.999115271375068 0.982490990744419 0.833952359731624 0.413778311563067
1 1 1 0.999861593681245 0.998547085153171 0.996486489709363 0.979754742319427 0.438988821106569
1 1 1 0.99986576585402 0.998519476074957 0.996000073768814 0.993810037277645 0.487504928314416
1 1 1 0.999622667045991 0.996087157073658 0.991334430369882 0.988445026588882 0.494482963096729
1 1 1 0.999913318084115 0.998755873324371 0.994443590348862 0.989609172529462 0.505212159513459

# True vulnerable proportion of susceptible
0 0 0.05 0.499912392836679 0.948048987948218 0.993492047597923 0.96777947902102 0.266626814419383
0 0 0.05 0.499764926107754 0.945365517078019 0.98901952836176 0.984129128954972 0.304501000278278
0 0 0.05 0.494783089000881 0.844482481900719 0.772037391450156 0.753306287049556 0.234411773744061
0 0 0.05 0.491062012484135 0.752178622176594 0.495853133848012 0.395455994251041 0.124603637294037
0 0 0.05 0.493913058498125 0.816298821961853 0.593075264615732 0.358749892636707 0.123733998868771
0 0 0.05 0.48955395858727 0.732675683617632 0.477428781599829 0.305469190666795 0.0902544881081684
0 0 0.05 0.49983332320397 0.927020759509398 0.765958055437932 0.473673341121347 0.159581365490146
0 0 0.05 0.495003635604359 0.852589291341073 0.780845924965686 0.597778609112305 0.190917753322179
0 0 0.05 0.499944531216096 0.939456398885743 0.895495737711002 0.778973046625368 0.316372607390979
0 0 0.05 0.49937958451682 0.938065368753078 0.965331312984247 0.872313424556656 0.390554059819031
0 0 0.05 0.488839770730059 0.719011378722538 0.489937177868625 0.446078892249489 0.170048406620638
0 0 0.05 0.499907842518625 0.927067908918732 0.754053056738194 0.487925245043151 0.208399387928313
0 0 0.05 0.497376297678037 0.899028532951945 0.873897658325494 0.664457218073189 0.258174732830604
0 0 0.05 0.499904878846551 0.943212631177438 0.942872972720579 0.870458704241207 0.319323825802097
0 0 0.05 0.499894147662505 0.947807160995731 0.988844744796376 0.938776215934785 0.477520132686384
0 0 0.05 0.48837525349971 0.704581593301747 0.447329558624787 0.405644335589109 0.199028274048454
0 0 0.05 0.499443130515104 0.917449612031253 0.72440589631269 0.435328250907431 0.195600509059645
0 0 0.05 0.496660605836191 0.884787279209966 0.839440703170208 0.620393888375998 0.179553236641013
0 0 0.05 0.488871343207528 0.70776111823059 0.421600123967385 0.339579268820187 0.140507303921277
0 0 0.05 0.49533817247441 0.840632517389509 0.603977168700162 0.333793833091238 0.144261243183895
0 0 0.05 0.481571224309906 0.560257425676902 0.129610738415005 0.0522913874871601 0.0166303515427272
0 0 0.05 0.487320515552632 0.626600756736827 0.117963153705235 0.0152640053063512 0.00329968402020954
0 0 0.05 0.499956929154599 0.925098676203735 0.658406162090277 0.117717725083136 0.00701393352828215
0 0 0.05 0.499970115690233 0.949350328037171 0.972662360731594 0.657443680203285 0.0773130940966123
0 0 0.05 0.499795765864051 0.946057857125475 0.991538105657421 0.964600436665866 0.145271025317544
0 0 0.05 0.494872825356653 0.850740536626019 0.795690852547524 0.781276605195148 0.135413034318585
0 0 0.05 0.493374346776617 0.804868854438892 0.618477017144081 0.524210363425684 0.103964986524563
0 0 0.05 0.489129122384857 0.724140441912131 0.45810067439355 0.31091685746189 0.10286384198352
0 0 0.05 0.483575516472233 0.583511918055353 0.13805393843277 0.0536604539883577 0.0130849284270975
0 0 0.05 0.487884405213815 0.678467609061121 0.270868658483168 0.0523684047712582 0.00865327570055105
0 0 0.05 0.498702214254541 0.901844956265306 0.668204357614571 0.247018686141053 0.0224557957477316
0 0 0.05 0.499658091699863 0.941025997494252 0.936574103272733 0.657422784917204 0.141636533426868
0 0 0.05 0.499887198074286 0.947207600928075 0.986295816969738 0.932280287312319 0.226959397796191
0 0 0.05 0.499766311401427 0.945340571005497 0.988174570135402 0.977005227036822 0.320766067487091
0 0 0.05 0.495415766248644 0.857120479690911 0.798513081572765 0.780393387280111 0.264828439815707
0 0 0.05 0.499798371581866 0.937480688060263 0.895146719807929 0.791754909749274 0.287813059108142
0 0 0.05 0.49989453389923 0.947611997782019 0.982834767057803 0.891164229112063 0.291798662683696
0 0 0.05 0.498660981708444 0.924116341515272 0.94569349995187 0.928754914198129 0.282872912217148
0 0 0.05 0.490951973278727 0.757691037492196 0.555695467730492 0.509784242046302 0.138691809827274
0 0 0.05 0.499966495206607 0.932175835010205 0.7965092547312 0.554887174622429 0.179833103572915
0 0 0.05 0.499945945891087 0.948909351255383 0.97921013005028 0.794680633450971 0.326506662379397
0 0 0.05 0.498894645430193 0.92873725609456 0.956235325333949 0.934869607013001 0.373234893873231
0 0 0.05 0.492386443908315 0.795324380392896 0.659160308225452 0.624429766367337 0.33426954806909
0 0 0.05 0.492878042992147 0.79675404801823 0.584994529638576 0.442571872616999 0.238561128524955
0 0 0.05 0.499901281207331 0.93459373065574 0.835161608835409 0.581981725690486 0.279276080493062
0 0 0.05 0.499965630549827 0.949159507806314 0.982490990744419 0.833952359731624 0.413778311563067
0 0 0.05 0.499930796840623 0.948619730895513 0.996486489709363 0.979754742319427 0.438988821106569
0 0 0.05 0.49993288292701 0.948593502271209 0.996000073768814 0.993810037277645 0.487504928314416
0 0 0.05 0.499811333522995 0.946282799219975 0.991334430369882 0.988445026588882 0.494482963096729
0 0 0.05 0.499956659042057 0.948818079658152 0.994443590348862 0.989609172529462 0.505212159513459

# True survival by age
0.778267540515681 0.778267540515681 0.778224893139078 0.777841234905705 0.77745999958973 0.777423614242743 0.777459256750435 0.778431187624119
0.778267540515681 0.778267540515681 0.773384334520729 0.729458689553771 0.685941850679492 0.681681673970038 0.682161898293134 0.748899587979241
0.778267540515681 0.778267540515681 0.769632995787809 0.692828570022136 0.632492333100295 0.645065272118357 0.648309951515327 0.738195005835422
0.778267540515681 0.778267540515681 0.776240323626321 0.758367288637675 0.747881995094567 0.758432336127472 0.762556407695465 0.773682367149435
0.778267540515681 0.778267540515681 0.774399821686807 0.740067695424574 0.715198301576511 0.732607562743697 0.75085860806964 0.769163436493683
0.778267540515681 0.778267540515681 0.778205125441134 0.777667570126921 0.777474926234696 0.777950222667837 0.77825657625333 0.778639990725428
0.778267540515681 0.778267540515681 0.776324225069155 0.758841041920595 0.742250563722044 0.748622379229882 0.760138265880237 0.772513348845529
0.778267540515681 0.778267540515681 0.77826226025609 0.778220594110039 0.778232180065555 0.778301941411074 0.778418893553452 0.778678815694728
0.778267540515681 0.778267540515681 0.777959387195978 0.775186408333084 0.772483526562191 0.772804266948482 0.77358453888765 0.776682254349065
0.778267540515681 0.778267540515681 0.771571125606601 0.711387144278586 0.65264074109893 0.649000847405563 0.661508175999668 0.72628628244692
0.778267540515681 0.778267540515681 0.778262054230693 0.778225804448121 0.778318302239277 0.778485769018849 0.778513968504241 0.778691447344048
0.778267540515681 0.778267540515681 0.776650848312693 0.762103696576021 0.748304743281019 0.754017255942929 0.762764101780694 0.771951302337751
0.778267540515681 0.778267540515681 0.778254218416299 0.778137816725785 0.778056612256265 0.778101940621559 0.778269426904384 0.77859432472807
0.778267540515681 0.778267540515681 0.778221678258545 0.777809106639028 0.777406193115279 0.777433157423273 0.777538193428894 0.778337607790254
0.778267540515681 0.778267540515681 0.769764977396475 0.693260022537182 0.617092967149625 0.610119191817953 0.618660107026873 0.69734324763829
0.778267540515681 0.778267540515681 0.777978534550739 0.775457070906926 0.774332730154228 0.775976629699568 0.77623980359658 0.777544245558047
0.778267540515681 0.778267540515681 0.777240255074215 0.76800672127233 0.759436158712972 0.763531066399993 0.769624520033991 0.774677729450044
0.778267540515681 0.778267540515681 0.769103967156462 0.687247384005555 0.616147882127634 0.624507628281174 0.664769464493917 0.745798052527703
0.778267540515681 0.778267540515681 0.776994942313653 0.765836673214681 0.760389600596125 0.767845416749089 0.769976745615293 0.77514967175072
0.778267540515681 0.778267540515681 0.770737913897523 0.703678282516274 0.651735949773019 0.687524265418285 0.728355931382348 0.756999190904476
0.778267540515681 0.778267540515681 0.763057848852615 0.631796197819403 0.608059452192652 0.73930488175971 0.762866181472022 0.773733064675977
0.778267540515681 0.778267540515681 0.778278363482883 0.778386548076198 0.778584700671822 0.77876341432471 0.778795947690777 0.778799737786899
0.778267540515681 0.778267540515681 0.778263818733596 0.778230371835254 0.778212657513183 0.778400684001654 0.778729248576418 0.778796520856918
0.778267540515681 0.778267540515681 0.778155695674683 0.777149190824995 0.776144306451918 0.776106372766708 0.776979572445585 0.778586615025188
0.778267540515681 0.778267540515681 0.776967558425219 0.765273247438107 0.753672587855752 0.752492417170543 0.753207151226957 0.774946323755071
0.778267540515681 0.778267540515681 0.771867762955716 0.714931488516028 0.669432251728898 0.676531597591575 0.678384243416662 0.761396309111728
0.778267540515681 0.778267540515681 0.774633607398565 0.742416819118464 0.719852212080367 0.733520902510634 0.740422343797721 0.77118930836524
0.778267540515681 0.778267540515681 0.768647068268396 0.684166071199963 0.639062856790946 0.690413607807701 0.71881164900321 0.75895395695238
0.778267540515681 0.778267540515681 0.772543928264585 0.722929081974619 0.71167733393406 0.762923822569927 0.772629536396832 0.777295944497725
0.778267540515681 0.778267540515681 0.77641710097459 0.76022444971936 0.753310687983208 0.768631822853701 0.77683476667155 0.778475921506225
0.778267540515681 0.778267540515681 0.778013142537428 0.775731547883728 0.773706019653303 0.775044671319271 0.777412241108995 0.778674554504721
0.778267540515681 0.778267540515681 0.778250669003031 0.778099305399499 0.777955047054251 0.777985333466334 0.778228382928743 0.778677463993025
0.778267540515681 0.778267540515681 0.778159002655301 0.777182527079047 0.776212950184678 0.776133839415747 0.776279897395157 0.778187084913475
0.778267540515681 0.778267540515681 0.77329479094654 0.72856353554724 0.684251317547054 0.679994952980588 0.681111755871269 0.746727950475957
0.778267540515681 0.778267540515681 0.77821859498055 0.777787461736895 0.777480630118128 0.777593308913269 0.777620708668035 0.778400321883231
0.778267540515681 0.778267540515681 0.778210647330174 0.777699053119983 0.777207842451156 0.777304897779077 0.777477676480702 0.778319816864932
0.778267540515681 0.778267540515681 0.777443205853123 0.770026045155379 0.762645892591769 0.762072998427309 0.763633225098528 0.773834388563991
0.778267540515681 0.778267540515681 0.770107673906516 0.696888826680032 0.627468747656773 0.623961842797332 0.626735207178057 0.732485838575989
0.778267540515681 0.778267540515681 0.778284119411754 0.778439978936311 0.778626718685177 0.77868871894815 0.778697977618685 0.778772813838299
0.778267540515681 0.778267540515681 0.77826857873478 0.778277957743335 0.778296901416377 0.778392589463181 0.778516415505528 0.778708622530906
0.778267540515681 0.778267540515681 0.777615592124079 0.771748819057357 0.765895354198969 0.765510737172548 0.768015210323138 0.774369365956587
0.778267540515681 0.778267540515681 0.773685565636609 0.732550264706586 0.693170459929287 0.690661952919435 0.692631289722075 0.744398700188308
0.778267540515681 0.778267540515681 0.775147842001958 0.747553715115138 0.728730915422378 0.737321662066495 0.739507158265707 0.757766132077412
0.778267540515681 0.778267540515681 0.778181996320089 0.77743187886254 0.776990405004905 0.777487981364061 0.777807595818264 0.778265421728747
0.778267540515681 0.778267540515681 0.778276832587675 0.778360548171707 0.778449874421814 0.778510646996594 0.778598601970504 0.778703762249413
0.778267540515681 0.778267540515681 0.778258015468639 0.778172333247185 0.778087196511398 0.77808971160643 0.778197215474611 0.778501313709392
0.778267540515681 0.778267540515681 0.77827521597375 0.778344358277197 0.778413937091077 0.778422383874262 0.778428737477491 0.77863408435629
0.778267540515681 0.778267540515681 0.77814217933507 0.777014168566445 0.775889993966758 0.77577247854385 0.775779137275708 0.777318540830161
0.778267540515681 0.778267540515681 0.778264619302131 0.77823854061287 0.778214341127336 0.778214243374763 0.778215952939129 0.778508213905757
0.778267540515681 0.778267540515681 0.777428334296738 0.76987625198877 0.762343123275083 0.761579638521595 0.761663357908889 0.770051838725298

# True Numbers-at-age
216.658868343414 190.970396842454 107.776355895087 59.9399131189571 18.9862281442618 9.51021530044342 11.2152242055212 179.894181552381
249.648990311252 168.618564596539 148.62606106188 83.8742430493735 46.6237360405903 14.7610329252483 7.39346595109736 148.754621267603
137.920416459193 194.293705681761 131.230355553833 114.94506732678 61.1827954221105 31.9811717852746 10.0623256340101 116.445815345482
24.0378149606581 107.338983304594 151.212484458622 100.999211683196 79.6372266271108 38.6976490221287 20.6299432803321 92.4832251823853
82.4829402011441 18.7078511288024 83.5384465379204 117.377227872501 76.5944983187278 59.5592479336818 29.349548350494 87.2841360195333
213.299347038174 64.1937950048464 14.5597132863465 64.6921581029585 86.8670945269266 54.780255107659 43.6335554675422 89.1731270340909
87.1692773059115 166.003958213 49.9599469547896 11.3304435043883 50.3089933981943 67.5369879095446 42.6163116588043 103.391864294711
168.422588437681 67.8410190574011 129.195492274299 38.7851171041731 8.59800555429242 37.3418787100983 50.559700574863 112.265884572225
75.4974529017453 131.077833670679 52.798463047881 100.547975832295 30.183376875437 6.69124460673274 29.0632566960064 126.7756922215
5.10732903298867 58.7572169850398 102.013623227003 41.075059957619 77.9434242505981 23.3161614122933 5.17102238327908 120.947316461011
26.1957706027686 3.97486840510842 45.7288347504931 78.710766100466 29.2202696043223 50.8690541666986 15.1322085148232 91.2630504292154
243.677865075244 20.3873179589297 3.09351105751722 35.5890168704946 61.2547492672631 22.74267062941 39.6008347522239 82.8463925308672
110.955748513157 189.646572730222 15.8667878056074 2.40257798708545 27.1225213145103 45.8372194251825 17.1483661008016 94.1594757577332
204.656029969048 86.3532575014108 147.595771725978 12.3483945424302 1.8695367893841 21.1028570498163 35.6660293874307 86.6580825019588
246.926131115456 159.277145095714 67.2059373311403 114.862229176456 9.60469372747389 1.45338947832405 16.4060607868906 95.1809446869499
240.738727960971 192.174592752278 123.960231974001 51.7327768306141 79.6293915875406 5.92698895085025 0.886740813911788 76.5235644035852
1153.84731453474 187.359137717059 149.563247650918 96.4383996137028 40.1165475909497 61.6596441885004 4.59920491034736 60.1887806668302
168.892847648281 898.001911613576 145.815535304194 116.246576753928 74.0653390920706 30.465956803297 47.0790538810898 50.1665688170108
36.0678439329895 131.443821149917 698.885739129877 112.147306675499 79.8901557737378 45.6352018206444 19.0262224265437 68.7108467631361
49.8353142178408 28.0704321894311 102.298459402329 543.030684559053 85.8865202543504 60.7476436403546 35.0407805604015 67.9109391395017
238.485880129178 38.7852074271451 21.8463062212808 78.8453011946817 382.118899464151 55.9753328506687 41.7654790697266 76.9306863436016
75.8436121030344 185.605819375853 30.1852679927147 16.669995430586 49.8141615107255 232.351008680631 41.382836834624 91.3852872475332
217.053626758384 59.0266214552539 144.450984551042 23.4925409746622 12.9757001996598 38.784544029046 180.946464841918 103.399623376713
395.44331234668 168.925792257256 45.9385035049305 112.420974856522 18.2826088980663 10.0978541354716 30.1899156009017 221.435571542606
948.517559045967 307.760694113425 131.469460869717 35.7473081531331 87.3678696415032 14.1899428033214 7.83700894580817 195.863719809282
244.634457310531 738.200427814642 239.520158475054 102.147506019424 27.3564585975189 65.8467684081557 10.677824359583 157.686760805409
167.307674950088 190.391057416456 574.517431362925 184.877888904939 73.0284685266668 18.3132956782654 44.547419427412 127.305785472534
67.7156995547427 130.210132692802 148.175179991685 445.04051037002 137.256454206141 52.5697046137625 13.4331851738653 131.160765352042
43.5698064023204 52.7009309467684 101.338319721047 113.89441769075 304.481617504683 87.7155017379723 36.2948394237729 109.200911847026
7.67645616507035 33.9089660694783 41.0154239108282 78.2883036010303 82.3375868232079 216.692665777663 66.9202458845729 112.923890871734
10.2656616496671 5.97433665946573 26.3902476243225 31.8450765280891 59.5166825245554 62.0257841766679 166.556878695713 139.894503603787
10.8291300545072 7.9894312438526 4.64963229817506 20.5319594865401 24.7032305076103 46.0484155390431 48.0727535105256 238.415646610291
44.1806739678561 8.42796041344575 6.2179150042723 3.61857944667284 15.9759034149675 19.21800285194 35.8249919187387 223.060472306187
196.594490402287 34.3843844672885 6.55920802253594 4.83852653831996 2.8122967188015 12.4007031215974 14.915742339379 201.392999754235
59.4516584801875 153.003110524321 26.7602503315022 5.0722013965618 3.52517400159754 1.92431773517318 8.43241553609685 160.545069401583
122.378362463653 46.2692960249537 119.077354519012 20.8253244143094 3.94509464965014 2.7407545040381 1.4963365950938 131.525554643921
38.5259957592241 95.2431071669238 36.0098912187327 92.6672651426052 16.1958350779249 3.06615850092018 2.13040189959888 103.532313902702
77.1904094420462 29.9835319654489 74.1246187658732 27.9956452715138 71.3562076931252 12.3516870992731 2.33663660244963 81.743710498859
221.780510412751 60.0747901078597 23.3352096787232 57.0839377369939 19.5098523854156 44.7737902787419 7.70698144411849 61.3405627582057
24.1672306278507 172.604572373244 46.7542591442397 18.1614231160937 44.4364192895873 15.1908923448883 34.8648453946066 53.7717735257124
28.924557658296 18.8085711418126 134.332536022686 36.3873708139851 14.134635292506 34.5847274431247 11.824478028594 69.0153981570149
5.75229711565069 22.511044349226 14.6381004031527 104.45907454081 28.0819104542951 10.8256515038272 26.474980199898 62.524789092181
4.73732797120323 4.47682612851291 17.5196151201115 11.3252869902587 76.5215227058752 19.4655507852968 7.47686560925848 64.8807714109895
9.4009667562878 3.68690858876448 3.48416846035408 13.5802918530593 8.46626036431303 55.7635992909668 14.3523722580548 54.6936468377415
27.9441055244374 7.31646727588578 2.86940127948387 2.71131716799383 10.5577518108256 6.57820306934456 43.3555282463281 53.7295582823844
54.6924007523912 21.7479902784146 5.69416899206709 2.23318853921973 2.11038231714704 8.21868057131384 5.12120112759041 75.5959628587756
197.993195478932 42.5653202184615 16.9257549051406 4.43153265950919 1.73780553614549 1.64206146071616 6.39487079551895 62.8368608540595
415.782699124929 154.091677284228 33.1272070776844 13.1728955543171 3.44925844405013 1.35273204928968 1.27821739671873 53.9048728146117
32.5132684269425 323.59017863693 119.924550693932 25.7776771107135 10.2355264867503 2.67624511334384 1.04941229468316 42.8928714691667
7.74644287245458 25.3040214527627 251.839732462793 93.3330347907924 20.0611818150315 7.96543350097778 2.08269206596628 34.209122145683

