# Simulated data from SIR age-structured hybrid model
# random seed = 6731978
# Flag=0 if no issues, =1 if negative pop #'s, =2 if NaN, or=3 if NA. Flag:
0

# True SSB
21116.703843751
22510.2968972032
25283.3747202454
25266.0613591885
28698.9380898248
30296.3627212618
30846.5158149702
28766.9732763467
27410.675421232
26525.1368354088
24322.4435479341
23294.2892149062
22170.6035266093
19861.0053452407
18354.7083129813
17882.739921152
16350.9331099598
14123.1504973121
12759.1223210399
12476.0060345895
12417.5792677738
12260.0871267044
12291.6859585646
13756.2645039146
28249.6655671617
65938.9774131186
96606.4061269242
105519.908848596
89245.4710047776
74265.4162007675
59725.9516813421
51944.2582386766
49833.8358137102
46595.6125983724
39271.8645286816
36171.2078708838
33628.1170694681
31095.7753868692
27815.521459993
33144.1151788873
36423.9092890178
31372.8737613167
31833.8285867955
40091.7753899527
39300.3062080077
36910.1306429081
31680.3901405825
26381.8196111377
23572.0084356353
21365.6203595746

# True R (numbers)
101.371713826992
174.507214929086
106.365815114426
106.743612972565
70.359188963778
71.0025497905333
91.0247929654829
23.0805297686935
116.130151257816
26.3897027096075
37.3058299159932
60.2394341863628
63.2506058278275
9.74703125892046
20.7292158146636
37.1017690030472
41.4310291033167
50.4561650201091
28.1532202717469
52.8304990029263
35.9602382648386
435.636856800279
1051.81819190609
988.447347991097
214.045304107179
87.6055435686729
4.13090450857287
6.87861078721311
154.745113541756
163.364098287399
88.5278150541718
81.2729074213166
85.1101296061908
79.7354708233942
74.8234123588347
28.6149052407411
339.053945524803
123.697720524736
32.7698396828673
153.21531955535
349.616320818369
155.350879244698
50.174998446477
14.4063360783443
15.7938398152579
86.9666442276977
30.4799249750352
53.6555461900599
23.2312118388667
9.22279077630689

# True infection rate given (selected) susceptible
-999 -999 0.0109503710904364 0.0109503710904357 0.0109503710904355 0.0109503710904359 0.010950371090436 0.0109503710904363
-999 -999 0.275174498442109 0.275174498442109 0.275174498442109 0.275174498442109 0.275174498442109 0.27517449844211
-999 -999 0.512714599598675 0.512714599598674 0.512714599598675 0.512714599598675 0.512714599598674 0.512714599598675
-999 -999 0.0135621194188753 0.0135621194188754 0.0135621194188769 0.013562119418876 0.0135621194188768 0.0135621194188763
-999 -999 0.308551916450109 0.308551916450109 0.308551916450108 0.308551916450109 0.308551916450109 0.308551916450109
-999 -999 0.00802801460054681 0.00802801460054724 0.0080280146005469 0.00802801460054716 0.00802801460054629 0.00802801460054778
-999 -999 0.329713031232988 0.329713031232989 0.329713031232989 0.329713031232988 0.329713031232989 0.329713031232989
-999 -999 0.00248721481147029 0.00248721481147113 0.00248721481147069 0.00248721481147071 0.00248721481147069 0.00248721481147088
-999 -999 0.0036194763132121 0.00361947631321149 0.00361947631321259 0.00361947631321249 0.00361947631321221 0.00361947631321247
-999 -999 0.0904148117543055 0.0904148117543044 0.0904148117543045 0.0904148117543045 0.0904148117543047 0.0904148117543047
-999 -999 0.108506874319445 0.108506874319445 0.108506874319445 0.108506874319445 0.108506874319445 0.108506874319446
-999 -999 0.0797439879731824 0.0797439879731828 0.0797439879731827 0.0797439879731833 0.0797439879731824 0.0797439879731835
-999 -999 0.0224500923347014 0.0224500923347015 0.0224500923347003 0.0224500923347017 0.0224500923347013 0.022450092334701
-999 -999 0.0980665159661259 0.0980665159661255 0.098066515966126 0.0980665159661262 0.0980665159661264 0.0980665159661256
-999 -999 0.055884859625885 0.0558848596258854 0.055884859625884 0.0558848596258846 0.0558848596258849 0.0558848596258846
-999 -999 0.0101085386960855 0.0101085386960853 0.0101085386960849 0.0101085386960848 0.0101085386960849 0.0101085386960847
-999 -999 0.00490141045357852 0.00490141045357748 0.00490141045357847 0.00490141045357832 0.00490141045357791 0.00490141045357837
-999 -999 0.0532381788133612 0.0532381788133625 0.0532381788133625 0.0532381788133615 0.053238178813363 0.0532381788133628
-999 -999 0.00375276266923972 0.00375276266924037 0.00375276266924008 0.00375276266923986 0.00375276266924121 0.00375276266924034
-999 -999 0.114207289967932 0.114207289967931 0.114207289967932 0.114207289967932 0.114207289967933 0.114207289967932
-999 -999 0.015483502756011 0.0154835027560107 0.0154835027560108 0.0154835027560118 0.0154835027560111 0.0154835027560114
-999 -999 0.000983252322702955 0.000983252322703075 0.000983252322702805 0.000983252322703091 0.000983252322703977 0.000983252322703443
-999 -999 0.0146552566178409 0.0146552566178402 0.0146552566178388 0.0146552566178398 0.0146552566178397 0.0146552566178395
-999 -999 0.00687169237631696 0.0068716923763162 0.00687169237631691 0.00687169237631675 0.00687169237631669 0.00687169237631663
-999 -999 0.718018246246655 0.718018246246655 0.718018246246655 0.718018246246655 0.718018246246655 0.718018246246656
-999 -999 0.931597396328838 0.931597396328838 0.931597396328838 0.931597396328838 0.931597396328838 0.931597396328838
-999 -999 0.87151090459707 0.87151090459707 0.87151090459707 0.87151090459707 0.87151090459707 0.87151090459707
-999 -999 0.769036973301369 0.769036973301369 0.769036973301369 0.769036973301369 0.769036973301369 0.769036973301369
-999 -999 0.00243936931739792 0.00243936931739803 0.00243936931739844 0.00243936931739814 0.00243936931739796 0.00243936931739866
-999 -999 0.00290506946479666 0.00290506946479632 0.00290506946479638 0.00290506946479572 0.00290506946479595 0.00290506946479657
-999 -999 0.00349038006290574 0.00349038006290442 0.00349038006290523 0.00349038006290457 0.00349038006290522 0.00349038006290543
-999 -999 0.00598771779345725 0.00598771779345665 0.00598771779345728 0.00598771779345753 0.00598771779345663 0.00598771779345759
-999 -999 0.0720901134107231 0.0720901134107227 0.0720901134107234 0.0720901134107233 0.0720901134107232 0.0720901134107229
-999 -999 0.369348007160343 0.369348007160343 0.369348007160343 0.369348007160343 0.369348007160343 0.369348007160343
-999 -999 0.00310545251757868 0.00310545251757955 0.00310545251757805 0.0031054525175793 0.00310545251757873 0.00310545251757867
-999 -999 0.00518109460335659 0.0051810946033553 0.00518109460335566 0.00518109460335613 0.00518109460335571 0.00518109460335575
-999 -999 0.0244713927925789 0.0244713927925795 0.0244713927925797 0.0244713927925789 0.0244713927925798 0.0244713927925797
-999 -999 0.159937578512474 0.159937578512474 0.159937578512474 0.159937578512474 0.159937578512474 0.159937578512475
-999 -999 0.006717706230953 0.00671770623095273 0.00671770623095246 0.00671770623095307 0.00671770623095286 0.00671770623095243
-999 -999 0.563951094652723 0.563951094652722 0.563951094652723 0.563951094652723 0.563951094652723 0.563951094652723
-999 -999 0.696894870241021 0.696894870241021 0.696894870241021 0.696894870241021 0.696894870241021 0.696894870241022
-999 -999 0.00175049894992844 0.00175049894992898 0.00175049894993014 0.00175049894992824 0.00175049894992892 0.00175049894992814
-999 -999 0.00194793392806967 0.00194793392806881 0.00194793392806854 0.00194793392806953 0.00194793392806863 0.00194793392806837
-999 -999 0.757400650573481 0.757400650573481 0.757400650573481 0.757400650573481 0.757400650573481 0.757400650573482
-999 -999 0.250889135463211 0.250889135463212 0.250889135463212 0.250889135463212 0.250889135463212 0.250889135463212
-999 -999 0.00672608214056903 0.0067260821405702 0.0067260821405695 0.00672608214056979 0.00672608214056968 0.00672608214056928
-999 -999 0.00382591741007107 0.00382591741007197 0.00382591741007211 0.00382591741007267 0.00382591741007274 0.0038259174100711
-999 -999 0.0578560457362485 0.0578560457362483 0.0578560457362472 0.0578560457362479 0.0578560457362477 0.0578560457362479
-999 -999 0.167775898413832 0.167775898413831 0.167775898413831 0.167775898413831 0.167775898413832 0.167775898413831
-999 -999 0.00852849550180543 0.00852849550180619 0.00852849550180558 0.00852849550180507 0.00852849550180482 0.0085284955018056

# Duration of outbreak (days) based on incidence
0
0
0
0
0
0
0
0
0
0
0
0
0
0
0
0
0
0
0
0
0
0
0
0
0
2
0
0
0
0
0
0
0
0
0
0
0
0
0
0
0
0
0
0
0
0
0
0
0
0

# Duration of outbreak (days) based on prevalence
0
0
0
0
0
0
0
0
0
0
0
0
0
0
0
0
0
0
0
0
0
0
0
0
18
26
14
6
0
0
0
0
0
0
0
0
0
0
0
0
18
0
0
28
0
0
0
0
0
0

# Peak (point) prevalence
0.000584226950537079
0.0346484412156841
0.08700125667242
0.00103893229182416
0.0387929339994784
0.000328261201477064
0.0401822688569046
7.60280303465692e-05
0.000118811025940974
0.0119629685219037
0.0127179465591603
0.0102092052643041
0.00145351601563981
0.0110550529610802
0.0106315860422417
0.000574394765094336
0.000229102315648544
0.00993185434655773
0.00018613195811233
0.0211450096849259
0.00303192085537902
4.54395239507845e-05
0.00365924162249903
0.00127180120585051
0.231393848828574
0.471836222771504
0.278265179069465
0.109529798758098
1.88768297047848e-05
5.43363965802178e-05
5.72237124512594e-05
9.33963517553626e-05
0.00291495795148801
0.0328897923789738
0.000101401693401127
0.00018165786088217
0.00159708252488492
0.018311914059012
0.000256968957035048
0.0971068580814736
0.133514784502699
3.830196351354e-05
6.29371963394011e-05
0.200943893285711
0.013844979172383
0.000181188260102322
0.000111401976017861
0.00712496250696726
0.0164287187001123
0.000312207554645957

# Day of peak prevalence
115
103
82
119
102
110
97
57
62
119
119
119
119
119
119
119
96
119
93
119
119
63
119
119
38
18
17
31
31
74
53
44
108
90
76
79
119
118
82
50
50
53
73
49
89
87
75
119
115
88

# Total immunity
0.0768655652138028
0.0528363045270859
0.0755148055958861
0.130406019557498
0.111957833416904
0.163097118791576
0.128540619438958
0.215869718377756
0.149762972038103
0.138266367677183
0.144615542879469
0.143481512547985
0.130036157624385
0.131290356527026
0.146015470954793
0.132637273146418
0.10625826004149
0.0803384470519402
0.0796438407230747
0.0587122990256833
0.0749645012289987
0.019417962212845
0.00585606383899182
0.00341164849514236
0.00320158115892281
0.0650750515886306
0.225630238765088
0.532755223896761
0.608389359809575
0.474706385358633
0.411961650453822
0.356551217390432
0.302459245258946
0.268647585261042
0.296739745274629
0.275061524999666
0.128606550288336
0.105962137101606
0.121555571658721
0.0885339657682394
0.127116505372039
0.182122789286563
0.167415285505316
0.162848461407979
0.360751288325818
0.335942023592856
0.304241388662268
0.249331140928718
0.238669330337403
0.273804807639183

# Observed immunity (based on survey selectivity)
0.263079790873037
0.192019746068317
0.228167572038828
0.376464166892254
0.266388689535685
0.339674962445638
0.268598417978336
0.395708990166755
0.327874928007316
0.265160414022014
0.269826338781105
0.27172160541872
0.260721711401805
0.240844065292681
0.246464897949276
0.22046555362448
0.19606616336916
0.181234035832796
0.180219543315989
0.14417445270275
0.174665511318681
0.145108462892103
0.112897149257378
0.0814106530398461
0.0299907854342695
0.192777170722972
0.356799324673923
0.619053583533297
0.809024969534627
0.779994836773141
0.763176512473114
0.670566253042705
0.536323151765006
0.468434975144939
0.546174040230332
0.463733321548824
0.38958222177834
0.337671569844849
0.352709728645934
0.223185561671551
0.400607160790636
0.66201470138829
0.503071047506716
0.303812646645079
0.489853514132113
0.51073802145457
0.478780425649851
0.45355584886307
0.407527596798846
0.410878647731371

# True total proportion of susceptible
1 1 1 0.999817010734349 0.996994400601951 0.98450730624948 0.971374486025485 0.52022199251051
1 1 1 0.999515702929914 0.99497219046572 0.987805628630789 0.974933256109715 0.584616178320347
1 1 1 0.990858351112674 0.903333878818433 0.802584682273685 0.784817812966655 0.470044126460613
1 1 1 0.98325426657935 0.80674017620406 0.536078547516262 0.443664423323665 0.281519389464684
1 1 1 0.999410923488516 0.977430667871296 0.797314745525853 0.529121760692428 0.294445998074925
1 1 1 0.986735376301726 0.862947182402408 0.71520247166583 0.564515757128364 0.263945900494889
1 1 1 0.999685752144618 0.983613963995725 0.857542629284369 0.710264003107853 0.37578658142808
1 1 1 0.986000898369919 0.855149420687774 0.703456802931127 0.593789127002627 0.308994386176351
1 1 1 0.999905269126883 0.985057287223414 0.853523662884022 0.701978085607525 0.410265905044346
1 1 1 0.999859676443734 0.998501906027276 0.982416215923842 0.851006246067767 0.473866725888794
1 1 1 0.996534372028572 0.964790194124746 0.931118364557378 0.91212746507578 0.51443633751007
1 1 1 0.995279912176361 0.949023484574391 0.876009509039386 0.840227059331127 0.519781453122403
1 1 1 0.996972627445104 0.964766100825899 0.892164878403371 0.819209004714942 0.534972723888138
1 1 1 0.99906553459212 0.987629353614638 0.947407484505349 0.87494336666683 0.586803222219515
1 1 1 0.996372318118577 0.962290770409689 0.917231328716272 0.875051599876505 0.554361973321002
1 1 1 0.997981245783929 0.976053057384659 0.924104898505967 0.878109874218517 0.623570789291787
1 1 1 0.999609943800014 0.994081233461269 0.968741839724263 0.916682905227754 0.63935811359208
1 1 1 0.999786305949776 0.997473359198966 0.990039382404186 0.964574666623439 0.673655912876906
1 1 1 0.998151766473013 0.981145048146199 0.961784349652795 0.952572659800752 0.706789413325785
1 1 1 0.999833212039145 0.99648585278645 0.978024959410103 0.958554420161502 0.761090382753582
1 1 1 0.995179854863859 0.951090302101449 0.903048815617871 0.880942376799985 0.689594920896908
1 1 1 0.999539225693399 0.990561707315628 0.942393035674247 0.894041598980868 0.702116663019774
1 1 1 0.999958478394322 0.99912408942715 0.989778526217367 0.941600168373753 0.739787290476395
1 1 1 0.99952747919317 0.995221627501127 0.990104395421046 0.980313509109716 0.77666333812968
1 1 1 0.999745696644585 0.996983210860135 0.990396176048192 0.985039687716457 0.825618468830983
1 1 1 0.968282857133706 0.66692988283436 0.333404282775586 0.292251168348113 0.247070080169204
1 1 1 0.970565132797023 0.622102442859464 0.09218363524417 0.0225459169255923 0.0170263511148076
1 1 1 0.963546847862138 0.588241786263409 0.112462806282915 0.0112268646513544 0.00217572280633813
1 1 1 0.971319654610843 0.65416092323798 0.170991217605338 0.0249372057480765 0.0019028867970436
1 1 1 0.999902824904825 0.970357970510935 0.652817454815972 0.170574510061816 0.0178846942741383
1 1 1 0.999921493760364 0.999117459829166 0.968868639155531 0.651460667497427 0.0908769621665241
1 1 1 0.999880971043457 0.998730914778309 0.996855659026412 0.966523053837273 0.162814377822847
1 1 1 0.999749955096138 0.997380081015285 0.993982190673671 0.991863987566507 0.217967507292896
1 1 1 0.997221478803419 0.97171715611388 0.943713232885354 0.937559090009825 0.205378570755211
1 1 1 0.988462697650887 0.872907349875732 0.718666822836156 0.678991426470723 0.133842576659301
1 1 1 0.999869263101361 0.987162955380245 0.870669144579827 0.716660790473412 0.234021543583958
1 1 1 0.999820456736352 0.998072977631249 0.983769573594603 0.867334036772337 0.330288447601892
1 1 1 0.999082777170627 0.990620944679712 0.980558413869152 0.965487034418119 0.392649238253131
1 1 1 0.994625835941935 0.943809412815969 0.882918844117025 0.867385453212 0.406763223932642
1 1 1 0.999705376947296 0.991689977372106 0.938465057509911 0.877596924859743 0.477091304636738
1 1 1 0.977513929224701 0.760208968453373 0.508151775020082 0.449304371185587 0.244340290708591
1 1 1 0.97394512106933 0.695162256679288 0.282488872024902 0.159294540508375 0.0825115529664697
1 1 1 0.999934415971003 0.97329122566283 0.694185764985625 0.28201458535283 0.0878170620240908
1 1 1 0.999920802526386 0.999142539246468 0.971814955115454 0.692990817241885 0.189372037076984
1 1 1 0.977050738894242 0.729772007015527 0.375683061474161 0.313652932858757 0.0726265460177681
1 1 1 0.989954572840089 0.875283908881784 0.571724874372037 0.282996581585881 0.0639917810619174
1 1 1 0.99973618773396 0.987329478554322 0.87070554656368 0.568273348165413 0.119773153782298
1 1 1 0.999830731815436 0.99804383447701 0.984146617253871 0.867689067654379 0.331003791491189
1 1 1 0.997972865903209 0.979374104167231 0.95884989659932 0.943141823992131 0.437740527601697
1 1 1 0.993788640889632 0.934394004222745 0.856950534788659 0.831356100369351 0.409970298030942

# True vulnerable proportion of susceptible
0 0 0.05 0.499908505367174 0.947144680571854 0.98450730624948 0.971374486025485 0.52022199251051
0 0 0.05 0.499757851464957 0.945223580942434 0.987805628630789 0.974933256109715 0.584616178320347
0 0 0.05 0.495429175556337 0.858167184877511 0.802584682273685 0.784817812966655 0.470044126460613
0 0 0.05 0.491627133289675 0.766403167393857 0.536078547516262 0.443664423323665 0.281519389464684
0 0 0.05 0.499705461744258 0.928559134477731 0.797314745525853 0.529121760692428 0.294445998074925
0 0 0.05 0.493367688150863 0.819799823282287 0.71520247166583 0.564515757128364 0.263945900494889
0 0 0.05 0.499842876072309 0.934433265795938 0.857542629284369 0.710264003107853 0.37578658142808
0 0 0.05 0.493000449184959 0.812391949653386 0.703456802931127 0.593789127002627 0.308994386176351
0 0 0.05 0.499952634563441 0.935804422862244 0.853523662884022 0.701978085607525 0.410265905044346
0 0 0.05 0.499929838221867 0.948576810725912 0.982416215923842 0.851006246067767 0.473866725888794
0 0 0.05 0.498267186014286 0.916550684418509 0.931118364557378 0.91212746507578 0.51443633751007
0 0 0.05 0.497639956088181 0.901572310345672 0.876009509039386 0.840227059331127 0.519781453122403
0 0 0.05 0.498486313722552 0.916527795784604 0.892164878403371 0.819209004714942 0.534972723888138
0 0 0.05 0.49953276729606 0.938247885933906 0.947407484505349 0.87494336666683 0.586803222219515
0 0 0.05 0.498186159059288 0.914176231889205 0.917231328716272 0.875051599876505 0.554361973321002
0 0 0.05 0.498990622891964 0.927250404515426 0.924104898505967 0.878109874218517 0.623570789291787
0 0 0.05 0.499804971900007 0.944377171788205 0.968741839724263 0.916682905227754 0.63935811359208
0 0 0.05 0.499893152974888 0.947599691239018 0.990039382404186 0.964574666623439 0.673655912876906
0 0 0.05 0.499075883236507 0.932087795738889 0.961784349652795 0.952572659800752 0.706789413325785
0 0 0.05 0.499916606019572 0.946661560147128 0.978024959410103 0.958554420161502 0.761090382753582
0 0 0.05 0.49758992743193 0.903535786996376 0.903048815617871 0.880942376799985 0.689594920896908
0 0 0.05 0.4997696128467 0.941033621949846 0.942393035674247 0.894041598980868 0.702116663019774
0 0 0.05 0.499979239197161 0.949167884955792 0.989778526217367 0.941600168373753 0.739787290476395
0 0 0.05 0.499763739596585 0.94546054612607 0.990104395421046 0.980313509109716 0.77666333812968
0 0 0.05 0.499872848322293 0.947134050317128 0.990396176048192 0.985039687716457 0.825618468830983
0 0 0.05 0.484141428566853 0.633583388692642 0.333404282775586 0.292251168348113 0.247070080169204
0 0 0.05 0.485282566398512 0.590997320716491 0.09218363524417 0.0225459169255923 0.0170263511148076
0 0 0.05 0.481773423931069 0.558829696950238 0.112462806282915 0.0112268646513544 0.00217572280633813
0 0 0.05 0.485659827305422 0.621452877076081 0.170991217605338 0.0249372057480765 0.0019028867970436
0 0 0.05 0.499951412452412 0.921840071985388 0.652817454815972 0.170574510061816 0.0178846942741383
0 0 0.05 0.499960746880182 0.949161586837707 0.968868639155531 0.651460667497427 0.0908769621665241
0 0 0.05 0.499940485521729 0.948794369039393 0.996855659026412 0.966523053837273 0.162814377822847
0 0 0.05 0.499874977548069 0.94751107696452 0.993982190673671 0.991863987566507 0.217967507292896
0 0 0.05 0.49861073940171 0.923131298308186 0.943713232885354 0.937559090009825 0.205378570755211
0 0 0.05 0.494231348825444 0.829261982381945 0.718666822836156 0.678991426470723 0.133842576659301
0 0 0.05 0.49993463155068 0.937804807611233 0.870669144579827 0.716660790473412 0.234021543583958
0 0 0.05 0.499910228368176 0.948169328749687 0.983769573594603 0.867334036772337 0.330288447601892
0 0 0.05 0.499541388585313 0.941089897445726 0.980558413869152 0.965487034418119 0.392649238253131
0 0 0.05 0.497312917970967 0.896618942175171 0.882918844117025 0.867385453212 0.406763223932642
0 0 0.05 0.499852688473648 0.9421054785035 0.938465057509911 0.877596924859743 0.477091304636738
0 0 0.05 0.488756964612351 0.722198520030705 0.508151775020082 0.449304371185587 0.244340290708591
0 0 0.05 0.486972560534665 0.660404143845324 0.282488872024902 0.159294540508375 0.0825115529664697
0 0 0.05 0.499967207985501 0.924626664379688 0.694185764985625 0.28201458535283 0.0878170620240908
0 0 0.05 0.499960401263193 0.949185412284145 0.971814955115454 0.692990817241885 0.189372037076984
0 0 0.05 0.488525369447121 0.693283406664751 0.375683061474161 0.313652932858757 0.0726265460177681
0 0 0.05 0.494977286420045 0.831519713437695 0.571724874372037 0.282996581585881 0.0639917810619174
0 0 0.05 0.49986809386698 0.937963004626606 0.87070554656368 0.568273348165413 0.119773153782298
0 0 0.05 0.499915365907718 0.948141642753159 0.984146617253871 0.867689067654379 0.331003791491189
0 0 0.05 0.498986432951604 0.930405398958869 0.95884989659932 0.943141823992131 0.437740527601697
0 0 0.05 0.496894320444816 0.887674304011608 0.856950534788659 0.831356100369351 0.409970298030942

# True survival by age
0.778267540515681 0.778267540515681 0.778222807433171 0.777820389124986 0.777421769206292 0.777395000948053 0.777413753357287 0.778057955900285
0.778267540515681 0.778267540515681 0.773989031938904 0.735503433687403 0.697387277597013 0.693747345987735 0.694855701209253 0.728463334185039
0.778267540515681 0.778267540515681 0.770174903749081 0.698085848004829 0.639422380760607 0.648472284602687 0.651357375049113 0.702472207945718
0.778267540515681 0.778267540515681 0.77819456821444 0.777558966788004 0.777252070821992 0.777732545471502 0.77791669804146 0.778239802598819
0.778267540515681 0.778267540515681 0.775817090171082 0.753777786217762 0.732771814422798 0.739300017060232 0.752586900814972 0.764213265985897
0.778267540515681 0.778267540515681 0.778210230236735 0.777709112980908 0.777400963779366 0.777599637614475 0.777852708136121 0.77835749962117
0.778267540515681 0.778267540515681 0.77553720214107 0.750972904369694 0.727249898165095 0.731515873876136 0.739636818803353 0.75807990719558
0.778267540515681 0.778267540515681 0.778266926505653 0.778268951288023 0.778334804672721 0.778417031377346 0.778476857590193 0.778632219602181
0.778267540515681 0.778267540515681 0.778256324456846 0.778155441066938 0.77806558785674 0.778154184499643 0.778268989932796 0.778489980501094
0.778267540515681 0.778267540515681 0.777242658334384 0.768020231680334 0.758824749945063 0.758139699451303 0.76090336757048 0.768834945893964
0.778267540515681 0.778267540515681 0.777471755896374 0.770339121277289 0.763698777133045 0.763484877669629 0.763797257739689 0.770338853223971
0.778267540515681 0.778267540515681 0.777345258476239 0.769090769595204 0.761664644381258 0.762175100790627 0.762854211729423 0.768935911507931
0.778267540515681 0.778267540515681 0.778097840592981 0.77657729306145 0.775175634808194 0.775297036573512 0.77558355187256 0.776699816251071
0.778267540515681 0.778267540515681 0.777053321176471 0.766137191880004 0.755489362509299 0.755288375287082 0.757086762904042 0.764237718206886
0.778267540515681 0.778267540515681 0.777546123483212 0.771081475340328 0.765097602594384 0.765077550228494 0.765708625751098 0.770506650281819
0.778267540515681 0.778267540515681 0.77818361950126 0.777431101016149 0.776723994153185 0.776756974603296 0.776858700089527 0.777421654726039
0.778267540515681 0.778267540515681 0.778260436347318 0.77819673453687 0.778136516365355 0.778146566594369 0.778181723342357 0.778369007963231
0.778267540515681 0.778267540515681 0.777522697610529 0.770820817099893 0.764152629689205 0.763524375744766 0.763917298872509 0.76840620452634
0.778267540515681 0.778267540515681 0.778270922412065 0.778302282530948 0.778340639265316 0.778352971827029 0.778357260832454 0.778471698649508
0.778267540515681 0.778267540515681 0.777297598282356 0.768569824867742 0.759905273851479 0.759306704274929 0.759694792761496 0.763630663178363
0.778267540515681 0.778267540515681 0.778011931485293 0.775726341244565 0.7736745831193 0.773702690369971 0.773827490571735 0.77490772793156
0.778267540515681 0.778267540515681 0.778286567846577 0.778457971856065 0.778630680577189 0.778656883483056 0.778664266551025 0.778693572709106
0.778267540515681 0.778267540515681 0.778054057227005 0.776132818411701 0.774215377956762 0.774046967543735 0.774278363779911 0.775247652532112
0.778267540515681 0.778267540515681 0.778207965461055 0.777672323442159 0.777143571273613 0.777093106804316 0.777109993573292 0.777461237912151
0.778267540515681 0.778267540515681 0.77420542264112 0.737656827477505 0.701321746088074 0.697810541490878 0.698248571538351 0.711285337372923
0.778267540515681 0.778267540515681 0.764161792402961 0.641700912600078 0.599701793890158 0.684564661068878 0.696196514984149 0.708966868449285
0.778267540515681 0.778267540515681 0.772176163469174 0.719162454718896 0.706469301295659 0.76752112123835 0.776042047011978 0.776717425409087
0.778267540515681 0.778267540515681 0.769858045419656 0.697257553968821 0.68449759559759 0.759825704758727 0.776906551164816 0.778433688278007
0.778267540515681 0.778267540515681 0.778270971186068 0.778316156872115 0.778494596628495 0.778721335567655 0.778789196518741 0.77879989893473
0.778267540515681 0.778267540515681 0.778237294302786 0.77796515959642 0.777725703485807 0.778057767908986 0.778606640824801 0.778780427305907
0.778267540515681 0.778267540515681 0.778245265147178 0.778044846181077 0.777845152641349 0.777852502962744 0.778163165991444 0.778711837251426
0.778267540515681 0.778267540515681 0.77824595302846 0.778051754810144 0.777858575519601 0.777838825036103 0.777868095766555 0.778643668450452
0.778267540515681 0.778267540515681 0.777491139027576 0.770505600321571 0.763555957364955 0.762836164427931 0.76287018546486 0.775299947580334
0.778267540515681 0.778267540515681 0.772013528638116 0.715902672411432 0.662817140048214 0.660257679665629 0.661030722969301 0.753002466059434
0.778267540515681 0.778267540515681 0.778269688836251 0.778294928043731 0.77837094213674 0.77844843787245 0.778467889772805 0.77873516324897
0.778267540515681 0.778267540515681 0.778223080106442 0.777823064263928 0.777440482063505 0.777562299101959 0.777781368399302 0.778467898953436
0.778267540515681 0.778267540515681 0.778002528045464 0.775617987365663 0.773243034166105 0.773061971173296 0.773741196941212 0.776874048067819
0.778267540515681 0.778267540515681 0.775844855878515 0.75406340466285 0.732673261092448 0.73076623149428 0.731504532184314 0.759566100241883
0.778267540515681 0.778267540515681 0.778249871348141 0.778094664143313 0.777980653521829 0.778017964350858 0.778031736657651 0.778440136259246
0.778267540515681 0.778267540515681 0.773000609214434 0.725613902202552 0.679031875097273 0.679443733835184 0.685887956775872 0.728290235165932
0.778267540515681 0.778267540515681 0.770370778923607 0.701087586525336 0.664334816601553 0.698274746521735 0.707600204829624 0.74008054996904
0.778267540515681 0.778267540515681 0.778274235257751 0.77834663719967 0.778518517681109 0.778687971786036 0.778737169160744 0.778767832271319
0.778267540515681 0.778267540515681 0.778276637975799 0.778358544122581 0.778450017854844 0.778556920226172 0.778701713222019 0.778769933521202
0.778267540515681 0.778267540515681 0.765464979595367 0.650252112848817 0.535227916441433 0.529448166658303 0.600990107777784 0.730210861016728
0.778267540515681 0.778267540515681 0.775763957862954 0.753818505231026 0.743697791374298 0.759789380962957 0.76292840914623 0.775125524291637
0.778267540515681 0.778267540515681 0.77822523022578 0.777854044515276 0.77763040764017 0.778012118134656 0.778410403902818 0.778712509714362
0.778267540515681 0.778267540515681 0.778270260757234 0.778294876430814 0.778325326695739 0.778383856408647 0.778528672354387 0.77874343116697
0.778267540515681 0.778267540515681 0.777478189450418 0.77037545624427 0.76330025131184 0.762739250599932 0.764639868537998 0.773398713855282
0.778267540515681 0.778267540515681 0.77618002956349 0.757435828594223 0.739433909915002 0.738257290288819 0.738921481973708 0.760291598281991
0.778267540515681 0.778267540515681 0.778236219368628 0.777959586675076 0.777746464876313 0.777807007103756 0.777836688086262 0.778325354662068

# True Numbers-at-age
101.371713826992 127.142411003544 86.9617343319284 15.5853681538931 28.9377514554028 8.09414643732252 13.2137425093486 71.2707957060869
174.507214929086 78.8943143979925 98.9508115069621 67.6756050310509 12.1226171221173 22.4968379333112 6.29234897731602 65.7253547825541
106.365815114426 135.813300965101 61.4008840271964 76.5868428078426 49.7756398772104 8.45415895214434 15.6071216093509 52.2507856462802
106.743612972565 82.78106132405 105.699083711425 47.2894199457545 53.4641911075253 31.8276581541685 5.4822877700913 46.87053852338
70.359188963778 83.0750891339163 64.4258129979462 82.2544528094744 36.7703125130249 41.5551532531467 24.7534055926383 40.7412818479581
71.0025497905333 54.7582729475176 64.6546452983739 49.9826467719729 62.001579345279 26.9442486170626 30.7217255089919 49.7641168610596
91.0247929654829 55.2589797958205 42.6165864097508 50.314906403522 38.8719598854691 48.2000875388627 20.9518379604222 62.631250956614
23.0805297686935 70.8416417471954 43.0062702970989 33.0507481890213 37.7851313949422 28.269628868185 35.2591291568974 62.976243689863
116.130151257816 17.9628271368801 55.1337502886827 33.4703578045946 25.7223711323542 29.4094828638155 22.0055605817119 76.4837484738741
26.3897027096075 90.3803271991342 13.979885296528 42.9081898531918 26.0451410401025 20.0136918161644 22.8851121544486 76.6680772649107
37.3058299159932 20.5382490227462 70.3400749602727 10.8657632110832 32.9543579120321 19.7636976370397 15.1731742984179 76.3584559413099
60.2394341863628 29.0339164956163 15.9842525534313 54.6874215892458 8.37032248403291 25.1672028386236 15.0892842727148 70.4111143041197
63.2506058278275 46.8823962862768 22.596154782581 12.4252829326965 42.0595911572504 6.37537869815738 19.1818153601461 65.6525584171504
9.74703125892046 49.2258934337501 36.4870472512021 17.582019242031 9.64919258539611 32.6035702750947 4.94281221171531 65.8694305473992
20.7292158146636 7.58579804520949 38.3109150123717 28.3523812464694 13.4702388496698 7.28986235507036 24.6250976216345 54.0820409981415
37.1017690030472 16.132875808897 5.90378038749384 29.7885034549644 21.8619959609391 10.3060474502561 5.57731003212016 60.5262219087304
41.4310291033167 28.8751025107824 12.5556935772352 4.59422519068051 23.1585090386163 16.9807368229414 8.00529423757897 51.3871774121497
50.4561650201091 32.2444251212719 22.4725550132048 9.77159956206226 3.5752110411146 18.0204815475245 13.2135020570144 46.2277599699874
28.1532202717469 39.2683954540536 25.0947894344743 17.472921596068 7.53215235880179 2.73200691876161 13.7590769241937 45.6157203823335
52.8304990029263 21.9107374984886 30.5613175500235 19.5305449209049 13.599214760704 5.86258028199354 2.1264657042701 46.2200247574546
35.9602382648386 41.1162625232236 17.0524157838335 23.7552387319776 15.0105874894314 10.3341150168979 4.4514965124677 36.9104930801753
435.636856800279 27.9866861907338 31.9994525091463 13.2669829404706 18.4275644269482 11.6133100182616 7.9955325911666 32.0469167051239
1051.81819190609 339.042025099935 21.7811294288466 24.904744066313 10.3277886324877 14.3482670311347 9.04278378574215 31.1805635842096
988.447347991097 818.595957284399 263.865403005982 16.9468961231006 19.3293892040096 7.99593277955904 11.1062325849575 31.1742905569267
214.045304107179 769.276486450278 637.086662351809 205.342158428847 13.1791320831846 15.0217105565416 6.213584245466 32.8675668601412
87.6055435686729 166.584512386425 598.702919086202 493.235948685103 151.472045134006 9.24281192450434 10.4823079775796 27.7168447062724
4.13090450857287 68.1805509287304 129.647318742987 457.505895765797 316.509958398396 90.8380571910745 6.3273024124217 26.9480708776826
6.87861078721311 3.21494889199214 53.0627096823071 100.110569191025 329.021063047298 223.604569162833 69.7201275064069 25.8412889480547
154.745113541756 5.35339949952898 2.50209036705434 40.8507539606916 69.8028506005603 225.214126556839 169.900499351421 74.2817536734657
163.364098287399 120.433098922962 4.16637706189629 1.94730429996269 31.7948018280138 54.3411420218023 175.379045421044 190.167295631616
88.5278150541718 127.140974982696 93.7291716954555 3.24243001169536 1.51493490050327 24.7276346188839 42.2805476671087 284.649857177938
81.2729074213166 68.8983248894373 98.9496938985487 72.9442840781551 2.52275595970243 1.17838476892367 19.234452480647 254.561378088877
85.1101296061908 63.2520657693467 53.6213298573527 77.0071988299505 56.7544282303782 1.96234735719771 0.916593424100027 213.174472205159
79.7354708233942 66.238451241581 49.2270296588455 41.6901088269665 59.3344779635536 43.335181782147 1.49694953123999 165.973398921564
74.8234123588347 62.0555287695828 51.551236535353 38.0039328712985 29.8460603223487 39.3279089900564 28.6123865713687 125.967908319088
28.6149052407411 58.2326331095009 48.2958037509033 40.1207648174932 29.5782681994461 23.2313060921766 30.6147493180992 120.369463844574
339.053945524803 22.2700519238008 45.3205681478832 37.5849091512442 31.2068562309549 22.995343087581 18.0637877761742 117.51534523507
123.697720524736 263.874680285726 17.332058537893 35.2595165915099 29.1515315912093 24.130484198809 17.7768252550916 105.271318738085
32.7698396828673 96.2699207201826 205.365098430334 13.4469884584096 26.5879111277602 21.3585477167709 17.6337430020959 92.9643532831554
153.21531955535 25.5037025330783 74.9237544245361 159.825361432806 10.4630299682852 20.6848804749552 16.6173338160927 86.0867955286875
349.616320818369 119.242509919667 19.8487038444624 57.9161078147991 115.971504180191 7.10473085856365 14.054212423838 74.0938016984518
155.350879244698 272.095034127453 92.8025749200956 15.2908614412825 40.6042642488186 77.0439079605536 4.96105413936868 64.7801451001141
50.174998446477 120.90454670672 211.762732996903 72.2258530258875 11.9015905827083 31.6111716145223 59.9931644282735 54.3120504303825
14.4063360783443 39.0495726363178 94.0960842026021 164.809987885397 56.2176098092413 9.26479340161033 24.6110964169435 89.013371824976
15.7938398152579 11.2119837475354 30.3910148538555 72.0272571741487 107.168042841067 30.0892341655177 4.90522788095053 79.7895563704662
86.9666442276977 12.2918328683194 8.72592301549613 23.5762539664987 54.2954793389075 79.7006367668077 22.8614806002682 65.589259418368
30.4799249750352 67.6833163099925 9.56633453485673 6.7907334476669 18.3388845023604 42.2218157313331 62.0080612276249 68.8707911598549
53.6555461900599 23.7215362454231 52.6757281185227 7.44519367293388 5.28519304952651 14.2736182715351 32.8647797535303 101.907729797822
23.2312118388667 41.7583699683634 18.461701670979 40.9542297255715 5.7355944726134 4.03418918293518 10.8870489037801 103.945028027816
9.22279077630689 18.0800981010336 32.4991838912221 14.3296041487728 31.0202009266264 4.2410930465714 2.97826957470619 87.0732058030364

