# Simulated data from SIR age-structured hybrid model
# random seed = 1099083
# Flag=0 if no issues, =1 if negative pop #'s, =2 if NaN, or=3 if NA. Flag:
0

# True SSB
84167.5834465856
76342.4015278139
65934.057963202
54875.8709334482
47244.8412000954
36047.0109530498
31191.8183336756
24540.4639787871
21629.9437951098
18646.4217304631
16171.5785259275
17744.6802769318
18432.1958525677
15930.466121059
14194.2845588401
12090.7439931205
14808.0213071613
23218.0852880044
41718.4676513206
69508.102782565
84067.5933819428
86750.2202103565
84036.900552388
67450.0491046024
47636.6382093493
38704.9165932874
31132.9662913338
28287.9151205599
33917.3008361091
53144.2037102184
68570.9301985513
72598.897423403
76515.196290376
65960.8863176099
52979.1571765509
41889.1232027884
35580.7827911467
40808.6571421867
42704.0203514171
42640.9675654711
39988.4190692586
40622.5237954642
43394.5117829087
39789.7309069718
39022.4687699604
33802.3837655438
29748.8787843233
24603.2783084572
21427.7295201874
17448.5023161554

# True R (numbers)
16.9515348171017
9.73044789239168
6.32959324685307
105.932226713901
27.8364978509827
13.5220954868275
37.0391815111342
15.917737482504
149.175294639815
31.4914401724811
16.4936804349479
24.0107129324338
26.5673905311103
89.9885340382984
323.995378297369
533.366779939004
1226.03504425842
300.884314178476
454.045774649645
82.3665979129716
9.49688609003734
4.93135317050102
13.4083705120077
32.4272689514692
105.925586725655
163.054869865503
685.403754919891
224.575179719333
626.535714120236
166.53472946864
94.1401442562851
37.669930938473
21.6382558844309
88.7826836276592
282.128671221468
204.158026773984
125.04414880278
58.7111938059462
174.311042672421
135.011863068047
38.352695733041
48.3494381446216
66.6038994224469
6.98238544180389
41.5526712017039
22.3043512845397
51.8676921200541
22.327322158782
35.415053921269
33.8749015948484

# True infection rate given (selected) susceptible
-999 -999 0.862619890815999 0.862619890815999 0.862619890815999 0.862619890815999 0.862619890815999 0.862619890815999
-999 -999 0.0483307619668982 0.0483307619668977 0.0483307619668972 0.0483307619668978 0.0483307619668986 0.0483307619668991
-999 -999 0.0187807423674972 0.0187807423674964 0.0187807423674971 0.018780742367497 0.0187807423674971 0.0187807423674974
-999 -999 0.00855243258071065 0.00855243258071055 0.00855243258071008 0.00855243258071116 0.00855243258071036 0.00855243258070935
-999 -999 0.0300201502319583 0.0300201502319587 0.0300201502319583 0.0300201502319588 0.0300201502319593 0.0300201502319577
-999 -999 0.0695860108343825 0.0695860108343815 0.0695860108343828 0.0695860108343826 0.0695860108343818 0.0695860108343825
-999 -999 0.119252335814301 0.119252335814301 0.1192523358143 0.119252335814301 0.1192523358143 0.119252335814301
-999 -999 0.0341852631257591 0.0341852631257595 0.03418526312576 0.0341852631257593 0.0341852631257599 0.0341852631257598
-999 -999 0.00946408487958863 0.00946408487958966 0.00946408487958965 0.00946408487958883 0.00946408487958936 0.00946408487958942
-999 -999 0.0035627435348073 0.00356274353480646 0.0035627435348062 0.0035627435348085 0.0035627435348082 0.00356274353480783
-999 -999 0.014337082655846 0.0143370826558459 0.0143370826558471 0.0143370826558464 0.014337082655846 0.0143370826558457
-999 -999 0.317231236144229 0.317231236144229 0.317231236144229 0.31723123614423 0.31723123614423 0.317231236144229
-999 -999 0.371817240726506 0.371817240726507 0.371817240726507 0.371817240726506 0.371817240726506 0.371817240726507
-999 -999 0.00227621349320571 0.00227621349320582 0.00227621349320523 0.00227621349320535 0.00227621349320518 0.00227621349320595
-999 -999 0.00128249978907612 0.00128249978907586 0.00128249978907646 0.00128249978907587 0.00128249978907572 0.00128249978907692
-999 -999 0.0023840024621374 0.00238400246213745 0.00238400246213803 0.0023840024621375 0.00238400246213706 0.00238400246213774
-999 -999 0.00744395001094955 0.00744395001094887 0.00744395001094852 0.00744395001094865 0.00744395001094831 0.00744395001094877
-999 -999 0.740569062871991 0.740569062871991 0.740569062871991 0.740569062871991 0.740569062871991 0.740569062871991
-999 -999 0.839377154515319 0.839377154515319 0.839377154515319 0.839377154515318 0.839377154515319 0.839377154515319
-999 -999 0.923181924246264 0.923181924246264 0.923181924246264 0.923181924246264 0.923181924246264 0.923181924246264
-999 -999 0.856413799723809 0.856413799723809 0.856413799723809 0.856413799723808 0.856413799723809 0.856413799723809
-999 -999 0.575922972854597 0.575922972854596 0.575922972854596 0.575922972854596 0.575922972854596 0.575922972854597
-999 -999 0.550652219697617 0.550652219697617 0.550652219697617 0.550652219697617 0.550652219697617 0.550652219697617
-999 -999 0.00178077017331185 0.00178077017331252 0.00178077017331229 0.0017807701733119 0.00178077017331233 0.0017807701733121
-999 -999 0.00147985966068138 0.00147985966068092 0.00147985966068014 0.00147985966068113 0.0014798596606812 0.00147985966068095
-999 -999 0.00360832582728948 0.00360832582728985 0.00360832582728872 0.00360832582728959 0.00360832582728912 0.00360832582728888
-999 -999 0.00463552842872217 0.00463552842872135 0.00463552842872139 0.00463552842872069 0.00463552842872141 0.00463552842872199
-999 -999 0.00509681628046414 0.00509681628046307 0.00509681628046279 0.00509681628046274 0.00509681628046269 0.00509681628046269
-999 -999 0.300160906841378 0.300160906841377 0.300160906841378 0.300160906841378 0.300160906841377 0.300160906841378
-999 -999 0.893975030822959 0.893975030822959 0.893975030822959 0.893975030822959 0.893975030822959 0.893975030822959
-999 -999 0.818443169729129 0.818443169729129 0.818443169729129 0.818443169729129 0.818443169729129 0.818443169729129
-999 -999 0.795603894442944 0.795603894442944 0.795603894442943 0.795603894442944 0.795603894442944 0.795603894442943
-999 -999 0.727557560222427 0.727557560222426 0.727557560222427 0.727557560222427 0.727557560222426 0.727557560222427
-999 -999 0.00267394111998686 0.00267394111998557 0.00267394111998657 0.00267394111998673 0.0026739411199868 0.00267394111998632
-999 -999 0.0020244612747931 0.00202446127479272 0.00202446127479213 0.00202446127479184 0.00202446127479216 0.00202446127479259
-999 -999 0.00270861357256188 0.00270861357256138 0.00270861357256167 0.00270861357256137 0.00270861357256169 0.00270861357256048
-999 -999 0.00583027886827767 0.00583027886827697 0.00583027886827718 0.00583027886827687 0.00583027886827664 0.00583027886827754
-999 -999 0.586288825266327 0.586288825266327 0.586288825266327 0.586288825266327 0.586288825266327 0.586288825266327
-999 -999 0.581151442182284 0.581151442182284 0.581151442182284 0.581151442182284 0.581151442182285 0.581151442182285
-999 -999 0.0924643425496559 0.0924643425496559 0.0924643425496563 0.0924643425496567 0.0924643425496559 0.0924643425496555
-999 -999 0.0885070764417724 0.0885070764417725 0.0885070764417727 0.088507076441772 0.0885070764417721 0.088507076441773
-999 -999 0.277883750455409 0.277883750455409 0.277883750455409 0.277883750455409 0.277883750455409 0.277883750455409
-999 -999 0.522925089566432 0.522925089566432 0.522925089566432 0.522925089566432 0.522925089566432 0.522925089566432
-999 -999 0.0136120511139476 0.0136120511139468 0.0136120511139475 0.013612051113947 0.0136120511139477 0.0136120511139468
-999 -999 0.0119959687321438 0.0119959687321432 0.0119959687321418 0.0119959687321424 0.0119959687321439 0.0119959687321421
-999 -999 0.0311673803971609 0.0311673803971615 0.0311673803971617 0.031167380397161 0.0311673803971613 0.0311673803971608
-999 -999 0.278947242340849 0.278947242340849 0.278947242340849 0.278947242340849 0.278947242340848 0.278947242340849
-999 -999 0.00847148004864188 0.00847148004864099 0.0084714800486421 0.00847148004864158 0.00847148004864152 0.00847148004864173
-999 -999 0.0112405577095317 0.0112405577095323 0.0112405577095324 0.0112405577095319 0.0112405577095319 0.0112405577095322
-999 -999 0.0154704791804954 0.0154704791804949 0.0154704791804959 0.0154704791804961 0.0154704791804958 0.0154704791804956

# Duration of outbreak (days) based on incidence
0
0
0
0
0
0
0
0
0
0
0
0
0
0
0
0
0
0
0
1
0
0
0
0
0
0
0
0
0
0
0
0
0
0
0
0
0
0
0
0
0
0
0
0
0
0
0
0
0
0

# Duration of outbreak (days) based on prevalence
20
0
0
0
0
0
0
0
0
0
0
0
0
0
0
0
0
32
28
24
19
0
0
0
0
0
0
0
0
26
20
16
0
0
0
0
0
0
0
0
0
0
0
0
0
0
0
0
0
0

# Peak (point) prevalence
0.210183038293082
0.00258441378934016
0.00105151604765531
0.000391232283013652
0.00157047983320911
0.00457811099590541
0.0102399668241882
0.00309414408095974
0.000640513557110635
0.000204138834754087
0.00139794440698986
0.0505839284772019
0.0528307873207471
0.00011751133167467
7.00221766991612e-05
0.000153494676432688
0.00101684936767394
0.24304158783674
0.304887101553464
0.393776018839726
0.197593880742778
0.0470090052087614
0.0397118327547535
3.15999427908441e-05
2.62870488629954e-05
6.98203577411191e-05
0.000112653814491567
0.000205781321908861
0.0395877545828297
0.362286134893025
0.189392698641998
0.15014938926705
0.0939691809281552
5.97486534077128e-05
5.65503962587864e-05
8.28771875036605e-05
0.000243595584589146
0.086704949865096
0.0747003000849016
0.0104227940954345
0.0120584109927233
0.0361934469815533
0.0667571776089508
0.000903071372636428
0.000892891419264642
0.00329821427973807
0.0308418619002512
0.000483483621505807
0.000820007909788321
0.00149851689906473

# Day of peak prevalence
25
119
119
119
119
119
119
119
119
108
119
109
103
103
80
110
119
53
31
19
26
68
72
69
67
65
74
108
110
25
30
37
44
83
86
76
107
67
70
119
119
114
80
119
119
119
107
119
119
119

# Total immunity
0.36391939428776
0.627466978995082
0.628451833347299
0.485740338739931
0.454279493118205
0.44112293989607
0.395999020940817
0.394281715503232
0.214195578002694
0.191619734414138
0.178470617705543
0.160125727965908
0.225903059856035
0.217572374257864
0.0781028486210209
0.0317052893795595
0.0120904023287543
0.0101325843065386
0.0417321620831422
0.115886523637325
0.307528852960369
0.513439476737379
0.636313833096371
0.730559341147475
0.547773573097437
0.368855357094474
0.131827923813811
0.103600291272668
0.0601243855175174
0.070529969993959
0.191088481753692
0.314096071312577
0.481236675746167
0.568606723397676
0.337484002323748
0.241811495508215
0.196758242941102
0.178522284307449
0.21525876947222
0.254484956555114
0.248971946054536
0.238618642656472
0.265165329319947
0.414698968439161
0.36835330993159
0.342717789624365
0.287223298661586
0.339443166698373
0.286909620515534
0.238299892801753

# Observed immunity (based on survey selectivity)
0.500098223974667
0.741705241650701
0.691623134023166
0.663247678074644
0.650919610171193
0.641017301600011
0.578041554784632
0.538482883737227
0.515073627275642
0.472227460912828
0.409058382977701
0.28628410405627
0.348897529323449
0.503369742468966
0.450023819784202
0.377929743813973
0.246481854783198
0.107107042899999
0.231640620848154
0.2909529086171
0.513594034220708
0.662628997271279
0.695078954276707
0.817945384421599
0.808223540638876
0.793407320317843
0.746503981450226
0.612957309136613
0.403991957877052
0.256273435307316
0.473632015672704
0.535234300816296
0.622152651398445
0.775754304353022
0.721342619127193
0.683830988118622
0.597876021050966
0.418172821501487
0.479958296732503
0.572460297428114
0.508879322644418
0.428386081295239
0.428172598039964
0.592059100243165
0.534418873816056
0.469378256424343
0.439632496781715
0.535869744872531
0.483700460268522
0.42081433749316

# True total proportion of susceptible
1 1 1 0.966823834711408 0.603311665555604 0.102038978512039 0.0242407375612923 0.00443456749106865
1 1 1 0.969041523212442 0.623538306892301 0.120389716920158 0.0131815924794233 0.00135278178625249
1 1 1 0.998202784883378 0.951268259558075 0.598583249643948 0.114416419103929 0.00459897509715623
1 1 1 0.999305983643452 0.991252544563793 0.938401136986044 0.588808864770432 0.0723964320854273
1 1 1 0.999690085960278 0.996204854119728 0.985382034116259 0.932418550542626 0.205292117476813
1 1 1 0.998883432547363 0.988481741661346 0.974867002223106 0.963054115042828 0.267822577686232
1 1 1 0.997421364595929 0.972860831200605 0.93885962385995 0.923011390461529 0.297053196993246
1 1 1 0.995442127529165 0.951111729342643 0.884669609279613 0.847923108887407 0.274427449008504
1 1 1 0.998748484537049 0.982900688386194 0.927813412354634 0.861224135027426 0.274449376629125
1 1 1 0.999652805281224 0.995274945835246 0.976354889941792 0.921156593471567 0.279917110418775
1 1 1 0.999869011413249 0.998342828389289 0.992791877163472 0.9737701107314 0.427233938136865
1 1 1 0.999472470069957 0.994584788874368 0.988293952662815 0.982245997575579 0.459159784316384
1 1 1 0.988218015433382 0.876076029585662 0.749216293797587 0.729701909743594 0.336728774527772
1 1 1 0.986224000244777 0.843794259885591 0.609866128167782 0.499838472631118 0.246573112272682
1 1 1 0.999916996746064 0.985396085698495 0.842369568273705 0.608683423140328 0.264048256840976
1 1 1 0.999952596153787 0.999443047906247 0.984502722029262 0.841517032416998 0.421873065553807
1 1 1 0.999914032380554 0.99909283094664 0.997809784654063 0.982798286040568 0.47074053995584
1 1 1 0.999719275973372 0.997105017708913 0.993754681697696 0.992194435223764 0.508327016676355
1 1 1 0.972911194344016 0.697127270200352 0.347287551763287 0.301557592358764 0.153799908812681
1 1 1 0.969553580983622 0.634527935905894 0.154139953518395 0.0535023043829837 0.0255705020285981
1 1 1 0.966957976820362 0.599132156793244 0.0873207033713338 0.0109092071076054 0.00243623543328468
1 1 1 0.969319164135322 0.627099842622245 0.124347785437348 0.0119174803275918 0.00102873427598649
1 1 1 0.978943457522926 0.744818301942484 0.303911020214049 0.0512335604794953 0.00299416303981999
1 1 1 0.979682779021542 0.761540436468221 0.384239700603443 0.135929282364808 0.0140162944256268
1 1 1 0.999933769826681 0.979018176149267 0.760474734410237 0.383595918082445 0.0360721210804116
1 1 1 0.999946293859567 0.999396748317027 0.978009632636285 0.759573654229917 0.132212646883866
1 1 1 0.99986819090189 0.99862798699553 0.996892315832834 0.975406020787558 0.177948898810587
1 1 1 0.999830644930754 0.998174158042716 0.99541057582802 0.993508857780385 0.186408842999832
1 1 1 0.999815684947838 0.997986740695582 0.994672402765879 0.99173020985742 0.19141947604889
1 1 1 0.988862295227039 0.883446902884487 0.766768430688434 0.75055796369513 0.146879878409293
1 1 1 0.968012672102367 0.626638511444945 0.162668609336654 0.0939183938302102 0.0190063587266999
1 1 1 0.970347901301765 0.640765801846525 0.150588214462375 0.0275368274716324 0.00563944938043468
1 1 1 0.971275398403842 0.653983661090861 0.172125473189082 0.029395991876744 0.0022318998161579
1 1 1 0.973608254583219 0.683241279815416 0.220924330214963 0.0453460316899151 0.00478158128938165
1 1 1 0.999901369699733 0.972626026678301 0.681776891031533 0.220342324723289 0.0131884802990187
1 1 1 0.999925500597143 0.999156435688265 0.971232167956322 0.680621899244836 0.101235513276606
1 1 1 0.999900743073847 0.998932906336742 0.997271281803294 0.969280077397502 0.183396407112205
1 1 1 0.999789423195237 0.997793823072269 0.994929620813877 0.993061053984285 0.258383930035354
1 1 1 0.97839175644544 0.764015998393972 0.505606517809718 0.472203479811328 0.121369412601756
1 1 1 0.978703575075189 0.74966740174558 0.375259036435323 0.220560643559074 0.0536790140262841
1 1 1 0.996548370601448 0.944163214697481 0.694121841480048 0.342066126912485 0.0684471101599592
1 1 1 0.996731359730399 0.963515861827281 0.8826734291867 0.641829905170145 0.155865308436084
1 1 1 0.989828021749628 0.891060432168429 0.758896853145585 0.679213401907815 0.216464863267447
1 1 1 0.980880188074119 0.784721872277898 0.501016713483742 0.396213089214504 0.148109922803429
1 1 1 0.999509570988849 0.97601810064358 0.776705963965198 0.495034442385013 0.169539719410821
1 1 1 0.999554820413577 0.995052672955336 0.967653769561465 0.769108093388811 0.256443468759456
1 1 1 0.998851703200829 0.988026445853299 0.973114017576851 0.944927004108779 0.362220689341138
1 1 1 0.989674472739991 0.891386802886967 0.776548672031039 0.751729996360746 0.300526014337719
1 1 1 0.999689620021105 0.986582858520399 0.885871896276077 0.771256135549466 0.34718695997651
1 1 1 0.999578626571908 0.995471373628063 0.978618869516097 0.878021516852466 0.407560593440104

# True vulnerable proportion of susceptible
0 0 0.05 0.483411917355704 0.573146082277824 0.102038978512039 0.0242407375612923 0.00443456749106865
0 0 0.05 0.484520761606221 0.592361391547686 0.120389716920158 0.0131815924794233 0.00135278178625249
0 0 0.05 0.499101392441689 0.903704846580171 0.598583249643948 0.114416419103929 0.00459897509715623
0 0 0.05 0.499652991821726 0.941689917335603 0.938401136986044 0.588808864770432 0.0723964320854273
0 0 0.05 0.499845042980139 0.946394611413742 0.985382034116259 0.932418550542626 0.205292117476813
0 0 0.05 0.499441716273682 0.939057654578278 0.974867002223106 0.963054115042828 0.267822577686232
0 0 0.05 0.498710682297964 0.924217789640575 0.93885962385995 0.923011390461529 0.297053196993246
0 0 0.05 0.497721063764583 0.90355614287551 0.884669609279613 0.847923108887407 0.274427449008504
0 0 0.05 0.499374242268525 0.933755653966884 0.927813412354634 0.861224135027426 0.274449376629125
0 0 0.05 0.499826402640612 0.945511198543484 0.976354889941792 0.921156593471567 0.279917110418775
0 0 0.05 0.499934505706625 0.948425686969825 0.992791877163472 0.9737701107314 0.427233938136865
0 0 0.05 0.499736235034978 0.94485554943065 0.988293952662815 0.982245997575579 0.459159784316384
0 0 0.05 0.494109007716691 0.832272228106379 0.749216293797587 0.729701909743594 0.336728774527772
0 0 0.05 0.493112000122389 0.801604546891312 0.609866128167782 0.499838472631118 0.246573112272682
0 0 0.05 0.499958498373032 0.93612628141357 0.842369568273705 0.608683423140328 0.264048256840976
0 0 0.05 0.499976298076894 0.949470895510935 0.984502722029262 0.841517032416998 0.421873065553807
0 0 0.05 0.499957016190277 0.949138189399308 0.997809784654063 0.982798286040568 0.47074053995584
0 0 0.05 0.499859637986686 0.947249766823467 0.993754681697696 0.992194435223764 0.508327016676355
0 0 0.05 0.486455597172008 0.662270906690335 0.347287551763287 0.301557592358764 0.153799908812681
0 0 0.05 0.484776790491811 0.602801539110599 0.154139953518395 0.0535023043829837 0.0255705020285981
0 0 0.05 0.483478988410181 0.569175548953582 0.0873207033713338 0.0109092071076054 0.00243623543328468
0 0 0.05 0.484659582067661 0.595744850491133 0.124347785437348 0.0119174803275918 0.00102873427598649
0 0 0.05 0.489471728761463 0.70757738684536 0.303911020214049 0.0512335604794953 0.00299416303981999
0 0 0.05 0.489841389510771 0.72346341464481 0.384239700603443 0.135929282364808 0.0140162944256268
0 0 0.05 0.499966884913341 0.930067267341803 0.760474734410237 0.383595918082445 0.0360721210804116
0 0 0.05 0.499973146929783 0.949426910901176 0.978009632636285 0.759573654229917 0.132212646883866
0 0 0.05 0.499934095450945 0.948696587645753 0.996892315832834 0.975406020787558 0.177948898810587
0 0 0.05 0.499915322465377 0.94826545014058 0.99541057582802 0.993508857780385 0.186408842999832
0 0 0.05 0.499907842473919 0.948087403660803 0.994672402765879 0.99173020985742 0.19141947604889
0 0 0.05 0.494431147613519 0.839274557740263 0.766768430688434 0.75055796369513 0.146879878409293
0 0 0.05 0.484006336051184 0.595306585872697 0.162668609336654 0.0939183938302102 0.0190063587266999
0 0 0.05 0.485173950650882 0.608727511754199 0.150588214462375 0.0275368274716324 0.00563944938043468
0 0 0.05 0.485637699201921 0.621284478036318 0.172125473189082 0.029395991876744 0.0022318998161579
0 0 0.05 0.486804127291609 0.649079215824645 0.220924330214963 0.0453460316899151 0.00478158128938165
0 0 0.05 0.499950684849867 0.923994725344386 0.681776891031533 0.220342324723289 0.0131884802990187
0 0 0.05 0.499962750298572 0.949198613903852 0.971232167956322 0.680621899244836 0.101235513276606
0 0 0.05 0.499950371536924 0.948986261019905 0.997271281803294 0.969280077397502 0.183396407112205
0 0 0.05 0.499894711597618 0.947904131918656 0.994929620813877 0.993061053984285 0.258383930035354
0 0 0.05 0.48919587822272 0.725815198474273 0.505606517809718 0.472203479811328 0.121369412601756
0 0 0.05 0.489351787537595 0.712184031658301 0.375259036435323 0.220560643559074 0.0536790140262841
0 0 0.05 0.498274185300724 0.896955053962607 0.694121841480048 0.342066126912485 0.0684471101599592
0 0 0.05 0.498365679865199 0.915340068735917 0.8826734291867 0.641829905170145 0.155865308436084
0 0 0.05 0.494914010874814 0.846507410560007 0.758896853145585 0.679213401907815 0.216464863267447
0 0 0.05 0.49044009403706 0.745485778664003 0.501016713483742 0.396213089214504 0.148109922803429
0 0 0.05 0.499754785494424 0.927217195611401 0.776705963965198 0.495034442385013 0.169539719410821
0 0 0.05 0.499777410206788 0.945300039307569 0.967653769561465 0.769108093388811 0.256443468759456
0 0 0.05 0.499425851600415 0.938625123560634 0.973114017576851 0.944927004108779 0.362220689341138
0 0 0.05 0.494837236369995 0.846817462742619 0.776548672031039 0.751729996360746 0.300526014337719
0 0 0.05 0.499844810010552 0.937253715594379 0.885871896276077 0.771256135549466 0.34718695997651
0 0 0.05 0.499789313285954 0.94569780494666 0.978618869516097 0.878021516852466 0.407560593440104

# True survival by age
0.791724933130521 0.791724933130521 0.781306157898782 0.69101049660148 0.672495796906453 0.770916297375605 0.787166860718891 0.791303990522607
0.768754015309476 0.768754015309475 0.768185523694273 0.763262202415368 0.762226989343992 0.767871256003123 0.769149435042844 0.76929046295441
0.778198579878186 0.778198579878186 0.777992111258926 0.776138562976335 0.774492838763401 0.775940915946237 0.778198467851326 0.778710519822447
0.834237509405774 0.834237509405774 0.834146547132687 0.833328804737514 0.832527958771108 0.832555780223903 0.833336226913941 0.83448909099537
0.742574632157843 0.742574632157843 0.742246987426511 0.739299387483319 0.736375300674703 0.736126358361761 0.736505418190219 0.741709464495119
0.774163065897991 0.774163065897991 0.773329109443143 0.765833417794294 0.758506640599598 0.757916745921203 0.758120172721005 0.770092582565141
0.68822353794683 0.68822353794683 0.686906837638261 0.675092300417003 0.663904258489232 0.663542581535076 0.663971069550094 0.68089507470953
0.817367780758885 0.817367780758885 0.816948837799686 0.813199499347027 0.809819034946834 0.810007214330536 0.810331662161764 0.815395257907773
0.786526050952008 0.786526050952008 0.786433963947276 0.7856069794229 0.784815142428777 0.784854522669715 0.785011536346998 0.78639511740165
0.756756795321366 0.756756795321366 0.756742819687276 0.756617287660464 0.756495236938533 0.756497523124668 0.756544773498814 0.757093681842519
0.786889731648295 0.786889731648295 0.7867363014491 0.785355698149993 0.783980242989971 0.783846961939821 0.783915136909108 0.785873950088418
0.796602503327597 0.796602503327597 0.792595098884965 0.756549860334395 0.720876817820665 0.71739842735456 0.717886153683798 0.760069489205969
0.803229233526033 0.803229233526033 0.798503566646323 0.756535009411178 0.72462801704912 0.732538932350309 0.734392688676995 0.771722918194262
0.787683534246395 0.787683534246395 0.787680993839099 0.787665558179784 0.787723063934368 0.78785299691312 0.787915118873931 0.788058113293961
0.719540059377184 0.719540059377184 0.719557699867188 0.719716503369026 0.71987978806861 0.719939301144256 0.720008136249628 0.720109652742926
0.838332668425541 0.838332668425541 0.838321750767613 0.838223516173253 0.838125573470424 0.838123960192315 0.83821294912972 0.838474119816104
0.708051296053494 0.708051296053494 0.707998887857491 0.707527316591311 0.707057049820715 0.707006891345187 0.707032656575104 0.707911535219936
0.773907874251283 0.773907874251283 0.764987271705135 0.684727043256737 0.604908670107279 0.596613449224172 0.596892661872551 0.683482765202064
0.722250019814531 0.722250019814531 0.712909999621743 0.631397319256395 0.598732107982744 0.657795857795552 0.666367608935898 0.694063721264086
0.786989957483931 0.78698995748393 0.775945262787788 0.679921411701257 0.654023083347782 0.753377202193103 0.775659296728396 0.781843652841127
0.820382082867149 0.820382082867149 0.809678041455391 0.716893167944612 0.6987104551293 0.802093532610871 0.818485688072831 0.820303350017716
0.809721856612647 0.809721856612647 0.802449417162904 0.739243037859065 0.723245665321145 0.792044625098778 0.808449991239617 0.81003883212746
0.776379652839065 0.776379652839065 0.769654577354347 0.710556275931407 0.681346485318013 0.735877034322482 0.769998248320105 0.776512429699341
0.68704114997608 0.687041149976081 0.687056750811492 0.687208311804228 0.687434990649238 0.687595134720144 0.68769271032584 0.687740617029572
0.793630638989415 0.793630638989415 0.793637302603262 0.793697303919302 0.793765110485581 0.793852076052321 0.793990798120299 0.794118715152785
0.762838179385886 0.762838179385886 0.76282298650224 0.762686289022652 0.762550029231503 0.762553415824541 0.762743082548834 0.763287816562346
0.766729428197787 0.766729428197787 0.766701195613045 0.766447212934902 0.766194508791562 0.766168261151851 0.766192353752832 0.767086543104687
0.825999610808458 0.825999610808458 0.825955454058469 0.825558191172129 0.825162952306713 0.82512250936595 0.82512500948891 0.826186075970587
0.798955811077084 0.798955811077084 0.795156332821622 0.760968121867479 0.726912048306305 0.723373698874592 0.723598716832993 0.784806221918464
0.840109908872804 0.840109908872804 0.82868440441103 0.727131858321181 0.648373826326833 0.664988879576224 0.668699619063583 0.80688762497654
0.724763726694833 0.724763726694834 0.715633119836663 0.636398694706638 0.616291624472236 0.695592459833746 0.708190928036906 0.721918548893559
0.795718946785438 0.795718946785438 0.7859952063449 0.701379571281605 0.677515303916574 0.766855452869036 0.790846998955499 0.795116369407109
0.786111827104997 0.786111827104997 0.777280132604542 0.700346603577228 0.676550845056821 0.756136698165597 0.78142136174623 0.786233506531667
0.730295425931205 0.730295425931206 0.730295695638429 0.730314610474091 0.730497667220614 0.730785423579109 0.730894637435854 0.73091986948396
0.7413608397085 0.7413608397085 0.74136731347487 0.741425630800227 0.74149707483505 0.741642095456512 0.741862182340796 0.741960986911403
0.754134934240466 0.754134934240466 0.754131696809458 0.754102605675431 0.75407396560593 0.754088781338781 0.754276633754439 0.754651152978027
0.831491310046002 0.831491310046002 0.83143667939636 0.830945099396421 0.830454882799397 0.830402822739531 0.830445144050155 0.831633361121559
0.769390437157914 0.769390437157914 0.762305598220215 0.698557082897841 0.635076691346682 0.628414910064674 0.628680710092553 0.733187114110316
0.804900081038977 0.804900081038977 0.797589730939515 0.733386535054761 0.698893486344948 0.731212913771538 0.736112619941039 0.787574521210647
0.77496367940793 0.77496367940793 0.773837380675142 0.76395205336112 0.759056217771634 0.766847959512018 0.770416227613994 0.774265513856703
0.810438302745688 0.810438302745688 0.809319346218062 0.799288966566388 0.790391222636281 0.79504685732895 0.803089453425243 0.809340189160945
0.844675464236477 0.844675464236477 0.841001177419582 0.808053968952465 0.777425241785001 0.779857275107433 0.797649686492935 0.833550514880118
0.828923484651087 0.828923484651087 0.822157291863459 0.761954136042689 0.714417142799177 0.726329117489635 0.737146058878467 0.799963667083016
0.867148466260059 0.867148466260059 0.86698176377718 0.865519773149131 0.864735698852136 0.865646604145794 0.866031426443589 0.866942421948319
0.753494159276955 0.753494159276955 0.7533784891275 0.752338310940894 0.75136311165834 0.751827486862161 0.752643297208692 0.753586033489785
0.795602017392378 0.795602017392378 0.795232587183493 0.791909581275871 0.788620029396876 0.788468489339472 0.790034182187971 0.794076956384489
0.798577671731749 0.798577671731749 0.795057524501371 0.763417184878406 0.732501577109629 0.730080778101843 0.732079064187595 0.773389362002527
0.782541688194895 0.782541688194895 0.782463047108438 0.781768812692065 0.781266757818287 0.781437505314493 0.781489556898609 0.782435855659082
0.707503054772274 0.707503054772274 0.707407806175743 0.706551072140767 0.70572659128494 0.70589186634559 0.706186905154563 0.707278525222257
0.718392005398493 0.718392005398493 0.718244422759376 0.716917074553357 0.715603575076222 0.715517348824332 0.715879612864245 0.71757380331979

# True Numbers-at-age
16.9515348171017 51.2301813242263 64.349339426135 175.856292715382 319.697383709604 48.2192294320982 35.6698422650442 76.5340789968344
9.73044789239168 13.4209527695295 40.5602118831875 50.2765351503582 121.518544159751 214.995146826698 37.172989816098 88.6398398792803
6.32959324685307 7.48032088803573 10.3174113308546 31.1577676066371 38.374178948676 92.6247140643522 165.088593428393 96.7813675728415
105.932226713901 4.92568047590762 5.82117509210253 8.02686462401837 24.1827449757659 29.7205267891749 71.8713054703518 203.83635951748
27.8364978509827 88.3726369796125 4.10918741234982 4.85571310333213 6.68901750292306 20.1328113121567 24.7439963696269 229.99218088959
13.5220954868275 20.6706771522561 65.6232783979544 3.05003197758759 3.58982572308817 4.92562727493332 14.8202930748023 188.811464719592
37.0391815111342 10.4683068994478 16.0024747983781 50.7483914422295 2.3358164137778 2.72290664955763 3.73321539583819 156.637871629462
15.917737482504 25.4912365422476 7.20453521065116 10.9922093581399 34.2598483211973 1.55075846415613 1.8067645075265 109.13270232472
149.175294639815 13.0106457607768 20.8357154413367 5.88573666722838 8.93885914675707 27.7442773048969 1.2561255436506 90.4503664447562
31.4914401724811 117.330255392656 10.2332118305593 16.3859142862079 4.6238758048199 7.01535201441293 21.7752215209511 72.1157995822122
16.4936804349479 23.8313613449813 88.790468065184 7.74390957511464 12.3978660230675 3.49794002254158 5.30709642275103 71.0723462581687
24.0107129324338 12.9787077713489 18.7526535335659 69.8546844495373 6.08172351077457 9.71968201732154 2.74184965971692 60.0142187147895
26.5673905311103 19.1269940286571 10.3388711006139 14.8632612817921 52.8485517640007 4.38417349131229 6.97288459361287 47.5833124698388
89.9885340382984 21.3397047330905 15.3633607532953 8.25562544893679 11.2445775137014 38.2955412686656 3.21157776856444 41.8419682211112
323.995378297369 70.8824865329388 16.8089340439352 12.1014272668642 6.50267182736003 8.85761305174038 30.1712569569283 35.5043532121261
533.366779939004 233.127653738022 51.0027885687132 12.0949979178733 8.7095969182821 4.68114201695966 6.37694375027621 47.2905779523129
1226.03504425842 447.138795875804 195.438528041982 42.7567470069541 10.1383116828279 7.29973591183142 3.92337728547687 44.9971625515137
300.884314178476 868.09570209418 316.597203935662 138.370260498228 30.2515664760038 7.16836474862321 5.16096359466476 34.6279662872802
454.045774649645 232.85673998142 671.826099454382 242.192831268216 94.7458593456162 18.2994348456614 4.27674281797305 26.7481594492009
82.3665979129716 327.93456973741 168.180785065527 478.9515443079 152.919904405868 56.7273880886374 12.0372924414757 21.414809969924
9.49688609003734 64.8216853896255 258.081213095156 130.499083463527 325.649410142325 100.013147384774 42.73712092594 26.079871041453
4.93135317050102 7.79107519129689 53.1785492749 208.962691155317 93.5539013580363 227.534647573132 80.2198986933851 56.3731274106537
13.4083705120077 3.99302444483075 6.30860386890564 42.6730958712123 154.474214608862 67.6624536310817 180.217594634044 110.518198687009
32.4272689514692 10.4099860432501 3.1001029322556 4.85544584441857 30.3216360847125 105.250463196009 49.7912457130229 224.58598717312
105.925586725655 22.2788681510011 7.15208878238948 2.12994664781671 3.33670274179974 20.8441536183639 72.3697064206171 188.697982109526
163.054869865503 84.0657910784103 17.6811923666399 5.67616444923464 1.69053291186408 2.64855822050221 16.5471746234917 207.309480065377
685.403754919891 124.384480068203 64.1285950148888 13.4876199660409 4.32913279966907 1.28911592135877 2.01966711805413 170.858043371573
224.575179719333 525.519229094344 95.3692412793721 49.1674704709 10.3375487320972 3.31695777893588 0.987679703890615 132.61035935451
626.535714120236 185.499011045408 434.078678704289 78.7707449841155 40.5906079864653 8.53016223139181 2.73689652601648 110.375791653197
166.53472946864 500.574349643694 148.205512823781 345.160410314558 59.9420258686645 29.5058019934397 6.17049500532223 88.6040228529349
94.1401442562851 139.907476398056 420.537471263226 122.815597124807 250.977130570926 38.864840670248 19.6210302086154 75.6196972226644
37.669930938473 68.2293617827744 101.399863986724 300.950542568324 78.1596856998432 154.675103504936 27.0340901228644 68.4866976792357
21.6382558844309 29.9746777718419 54.2913958976318 79.6998070175903 211.080562523537 52.9543832109532 118.613446545843 75.834723454556
88.7826836276592 17.0100888686754 23.5634487101062 42.199623402597 55.8174891505299 142.806732950368 40.0407524745259 152.310881459801
282.128671221468 64.8375877551768 12.422390095477 17.2082851673874 30.819001527421 40.774545614574 104.361078829084 140.592620860112
204.158026773984 209.159148602591 48.0680485028514 9.20955397202059 12.7586636852204 22.8521994819196 30.2401194508798 181.735777417413
125.04414880278 153.962700095862 157.734220777207 36.2496389797747 6.94494864740924 9.62097612094654 17.2325872582315 159.956529469151
58.7111938059462 103.973123101611 128.018647200928 131.146016750173 30.1214598651333 5.76746651503207 7.98928572834363 147.335904643788
174.311042672421 45.17183106842 79.995926635822 97.5893314378458 91.6129788946724 19.1294370696807 3.6243619513449 113.047496555439
135.011863068047 140.30297237302 36.3588104876502 63.8039296017225 71.5707016415124 64.0277142141437 13.9876914185305 91.7012665453316
38.352695733041 104.629290166934 108.729707702065 28.1358066722271 48.7431430317442 54.3261860912685 49.0995219973347 81.7774727187245
48.3494381446216 31.0824936356075 84.7955843403758 87.9970559519162 22.4886398385561 38.5261524159954 43.1918635225308 105.617103523557
66.6038994224469 40.8395841103811 26.2546197412841 71.3131862702375 71.106370318078 17.4832362639053 30.0449002435118 122.48916742
6.98238544180389 55.2095364006052 33.8528903724783 21.5854270653991 54.3373772329902 50.7996099174615 12.6985835664251 120.13436335115
41.5526712017039 6.0547648266968 47.8748648127137 29.3498386040867 18.6826139369713 46.9874698753619 43.9745098169815 115.14694836271
22.3043512845397 31.3096950528396 4.56222993271159 36.0678933197856 22.0810080017865 14.0374269415942 35.3264713904048 119.870252146896
51.8676921200541 17.7453868786081 24.9100565479794 3.62803391271621 28.5625102963742 17.4135251794815 11.068068814852 123.095324920354
22.327322158782 41.420380811332 14.171069737498 19.8049278942256 2.7697034362892 20.9220838383041 12.7132800125319 103.303316265987
35.415053921269 17.4720603750045 32.4131747257752 11.0883384075888 15.4828749653207 2.16387722378783 16.3493010005851 90.7635142187198
33.8749015948484 25.0562588342226 12.3615360884813 22.9293328239517 7.83447739014153 10.9266765725667 1.5274633320423 75.7407467556491

