# Simulated data from SIR age-structured hybrid model
# random seed = 5050603
# Flag=0 if no issues, =1 if negative pop #'s, =2 if NaN, or=3 if NA. Flag:
0

# True SSB
25886.3351479829
24182.4517827709
22137.1953471647
21060.5614553719
25095.0936566077
31019.8856339325
27950.8236409417
59620.1263908838
50900.8225784342
26125.737093646
23419.7682504036
20632.2226011154
20263.2087812763
23955.3091023996
30183.4570739884
31229.6871986187
29725.1738722887
28823.1739721074
25219.8323886007
21396.8987322496
18381.5453376562
14939.9412454636
14883.7431676213
14976.9850281491
15091.9481016026
19126.9442745388
18366.7196047814
20762.435624331
27860.7840864013
24966.4238966017
17426.4089835034
17196.8126572881
16292.8231162937
15747.4081745936
14892.5111168684
13000.3365384652
11695.9521001228
10592.1484811895
9997.92168968996
10194.2138544147
9587.58779232333
9132.77062581728
8598.95714102017
8303.30475249405
12826.2820361388
11600.8616243615
10818.0075672458
10172.0469454452
9960.14822988723
9502.05315205481

# True R (numbers)
46.4271014856815
209.637452399947
302.297487933893
115.004754863558
1287.63670241918
129.410874451778
64.406490434826
16.1160362464291
38.3857989938524
82.6193979646127
160.794369408807
290.336668517918
204.944783649346
124.293722493324
51.5279402671518
30.6403992592279
11.3771779610119
38.7771167875963
38.8942607645292
64.8070580839591
43.4069096685683
43.6772211935957
190.850697351975
108.936709099646
198.750694965809
290.663041225595
32.2938095461205
52.4541860579885
62.8032671510463
19.017735881035
73.236679324428
12.0758706115617
19.533896685502
29.2880734997541
14.273702315104
44.4260097198575
36.4206738816374
8.87764610821025
40.2630708278734
7.0442976737581
17.9726425983248
191.427226381012
72.3272331971543
16.2023424581794
25.326616165604
36.7760903462328
18.8279499521004
2.03481981624196
9.83489051520861
6.81244651893936

# True infection rate given (selected) susceptible
-999 -999 0.00393637771642447 0.00393637771642388 0.00393637771642434 0.00393637771642313 0.00393637771642386 0.00393637771642407
-999 -999 0.0283231305991247 0.0283231305991249 0.0283231305991251 0.0283231305991244 0.0283231305991256 0.0283231305991246
-999 -999 0.0175297143899251 0.017529714389926 0.0175297143899255 0.0175297143899264 0.0175297143899252 0.0175297143899255
-999 -999 0.00780016382837984 0.00780016382837976 0.00780016382837948 0.00780016382838054 0.00780016382837995 0.00780016382837977
-999 -999 0.362306467805234 0.362306467805233 0.362306467805234 0.362306467805234 0.362306467805233 0.362306467805233
-999 -999 0.749228393633749 0.74922839363375 0.749228393633749 0.749228393633749 0.749228393633749 0.74922839363375
-999 -999 0.354383890575401 0.354383890575401 0.354383890575401 0.354383890575401 0.354383890575401 0.354383890575401
-999 -999 0.952219484715811 0.952219484715811 0.952219484715811 0.952219484715811 0.952219484715811 0.952219484715811
-999 -999 0.927511596648643 0.927511596648643 0.927511596648643 0.927511596648643 0.927511596648643 0.927511596648643
-999 -999 0.00148026423450755 0.00148026423450833 0.00148026423450815 0.00148026423450873 0.00148026423450777 0.00148026423450747
-999 -999 0.00160050622195463 0.00160050622195473 0.00160050622195496 0.00160050622195466 0.0016005062219554 0.00160050622195528
-999 -999 0.00107249737472432 0.001072497374724 0.00107249737472466 0.00107249737472439 0.00107249737472404 0.00107249737472445
-999 -999 0.00156454626342187 0.00156454626342058 0.00156454626342136 0.00156454626342038 0.001564546263421 0.00156454626342085
-999 -999 0.219055476211875 0.219055476211875 0.219055476211875 0.219055476211876 0.219055476211875 0.219055476211875
-999 -999 0.622608733824371 0.62260873382437 0.622608733824371 0.622608733824371 0.622608733824371 0.622608733824371
-999 -999 0.545401021877007 0.545401021877007 0.545401021877006 0.545401021877007 0.545401021877007 0.545401021877007
-999 -999 0.039429903321481 0.0394299033214804 0.0394299033214812 0.0394299033214806 0.0394299033214806 0.0394299033214804
-999 -999 0.0555596050153319 0.055559605015332 0.0555596050153334 0.0555596050153324 0.0555596050153326 0.0555596050153325
-999 -999 0.00261535840943404 0.0026153584094335 0.0026153584094334 0.00261535840943428 0.00261535840943391 0.00261535840943332
-999 -999 0.0132316834210509 0.0132316834210507 0.0132316834210512 0.0132316834210505 0.0132316834210509 0.0132316834210505
-999 -999 0.214684218993501 0.214684218993502 0.214684218993501 0.214684218993501 0.214684218993501 0.214684218993502
-999 -999 0.00722143226871504 0.00722143226871567 0.00722143226871542 0.00722143226871574 0.00722143226871549 0.00722143226871536
-999 -999 0.00861974817173471 0.00861974817173522 0.00861974817173511 0.00861974817173553 0.00861974817173437 0.00861974817173476
-999 -999 0.01059741452592 0.0105974145259206 0.0105974145259202 0.0105974145259204 0.0105974145259199 0.0105974145259192
-999 -999 0.00345218240792286 0.0034521824079234 0.00345218240792158 0.00345218240792319 0.00345218240792289 0.00345218240792239
-999 -999 0.53163163619672 0.53163163619672 0.53163163619672 0.53163163619672 0.53163163619672 0.53163163619672
-999 -999 0.443136035890336 0.443136035890336 0.443136035890336 0.443136035890336 0.443136035890336 0.443136035890336
-999 -999 0.331062386429136 0.331062386429136 0.331062386429135 0.331062386429136 0.331062386429135 0.331062386429136
-999 -999 0.63594268339726 0.63594268339726 0.63594268339726 0.635942683397261 0.63594268339726 0.63594268339726
-999 -999 0.578049247573653 0.578049247573653 0.578049247573653 0.578049247573653 0.578049247573653 0.578049247573653
-999 -999 0.00124791827535314 0.00124791827535385 0.00124791827535269 0.00124791827535351 0.00124791827535316 0.00124791827535366
-999 -999 0.00085340654088066 0.000853406540881949 0.000853406540880499 0.000853406540881336 0.00085340654088178 0.000853406540881355
-999 -999 0.00154897002431937 0.00154897002432 0.0015489700243212 0.00154897002432026 0.00154897002432061 0.00154897002432078
-999 -999 0.00118808511395027 0.00118808511395047 0.00118808511395044 0.00118808511394975 0.00118808511395054 0.00118808511395016
-999 -999 0.00334656119736922 0.00334656119736881 0.00334656119736916 0.00334656119736986 0.00334656119736905 0.00334656119736917
-999 -999 0.00271589566521973 0.00271589566522036 0.00271589566521979 0.00271589566521914 0.00271589566521884 0.00271589566521942
-999 -999 0.00654509890907232 0.00654509890907229 0.00654509890907124 0.00654509890907193 0.00654509890907226 0.00654509890907337
-999 -999 0.0353315962883673 0.0353315962883666 0.0353315962883671 0.0353315962883667 0.0353315962883662 0.0353315962883667
-999 -999 0.00302277958855908 0.0030227795885596 0.00302277958855851 0.00302277958856023 0.00302277958855984 0.0030227795885597
-999 -999 0.00136350916029558 0.00136350916029603 0.00136350916029624 0.00136350916029585 0.0013635091602955 0.0013635091602956
-999 -999 0.00135599917730453 0.00135599917730429 0.00135599917730502 0.00135599917730483 0.00135599917730476 0.00135599917730478
-999 -999 0.000688499042243932 0.000688499042244226 0.00068849904224346 0.000688499042243947 0.000688499042243688 0.000688499042243625
-999 -999 0.000960862438317412 0.000960862438317454 0.00096086243831625 0.000960862438317568 0.000960862438318113 0.000960862438317827
-999 -999 0.000394143526386465 0.000394143526385936 0.000394143526387013 0.000394143526387356 0.000394143526386847 0.000394143526387797
-999 -999 0.661081751536248 0.661081751536248 0.661081751536248 0.661081751536248 0.661081751536248 0.661081751536248
-999 -999 0.258474109379714 0.258474109379715 0.258474109379715 0.258474109379715 0.258474109379713 0.258474109379713
-999 -999 0.00213460043661317 0.00213460043661251 0.00213460043661219 0.00213460043661293 0.00213460043661278 0.00213460043661168
-999 -999 0.000515859172065158 0.000515859172064137 0.000515859172065237 0.000515859172064742 0.000515859172065712 0.00051585917206497
-999 -999 0.000510473735529458 0.000510473735530646 0.000510473735530779 0.000510473735529935 0.000510473735530261 0.000510473735530935
-999 -999 0.000899245714803216 0.000899245714802818 0.000899245714803871 0.000899245714803136 0.000899245714803866 0.000899245714802765

# Duration of outbreak (days) based on incidence
0
0
0
0
0
0
0
4
3
0
0
0
0
0
0
0
0
0
0
0
0
0
0
0
0
0
0
0
0
0
0
0
0
0
0
0
0
0
0
0
0
0
0
0
0
0
0
0
0
0

# Duration of outbreak (days) based on prevalence
0
0
0
0
0
28
0
23
21
0
0
0
0
0
16
0
0
0
0
0
0
0
0
0
0
18
0
0
16
0
0
0
0
0
0
0
0
0
0
0
0
0
0
0
40
0
0
0
0
0

# Peak (point) prevalence
0.000140560258918501
0.00415179569302664
0.00154734345960796
0.00041393812754412
0.0423683010449696
0.223699008238386
0.0333687723742623
0.623697831137475
0.462067221074651
2.30116567088922e-05
5.41999041472026e-05
2.7217799020716e-05
4.01719120234822e-05
0.0340664401775659
0.131176649181329
0.0802409970771108
0.00327854108902603
0.0061812601101721
8.22497814031284e-05
0.000736670069073122
0.0215331200329062
0.000346606910974583
0.000678212648358641
0.00139898945557376
0.000293396413592857
0.114338871739589
0.070073999563618
0.0475807777004769
0.138310006331787
0.0836116459703295
4.75966817706962e-05
2.72203543214244e-05
5.36062339948859e-05
4.13813445347836e-05
0.000172945677956852
0.000110667764953742
0.000718544898329457
0.00574991471346907
0.000250539286966264
8.65869774428494e-05
9.6190199251806e-05
4.81387391149545e-05
6.4832701445616e-05
1.85164736435177e-05
0.202702153243835
0.0324068692668892
0.000107035695114911
1.92924111906204e-05
2.10286059630361e-05
4.03674622317319e-05

# Day of peak prevalence
93
119
119
110
89
48
85
16
16
34
73
41
37
119
57
62
119
119
61
119
109
101
119
119
119
92
94
105
53
67
71
48
52
48
98
71
119
119
119
100
113
98
109
62
88
107
95
45
46
62

# Total immunity
0.215088054874889
0.113424388163818
0.0612456134686201
0.0502828813132629
0.01376042476392
0.0242665094028794
0.0395922557221855
0.0558430734820312
0.16279234868759
0.354012156095806
0.210903177337728
0.108860920444316
0.0757169682438803
0.0612634301649161
0.0660248194529892
0.15557966156187
0.272659861621889
0.239271445993766
0.21436435118222
0.15952542770983
0.131993039860171
0.124933144847526
0.0591623209144145
0.043157131260471
0.0264053884163018
0.0151752247837083
0.0387011913614452
0.0616009146650011
0.0870145104245362
0.224464196787914
0.232585891142978
0.219022682204973
0.195248803072136
0.161541251476381
0.145873199209643
0.105342115126687
0.0815215274826321
0.0766374496487013
0.0571110506120491
0.0541223482511144
0.0453539693443218
0.0140588305057773
0.0105738936551904
0.00992026556573307
0.0087675234683585
0.0516650285020023
0.0915653343515054
0.0902091195311163
0.080894931492895
0.0741495604840456

# Observed immunity (based on survey selectivity)
0.392704216467777
0.332285617135694
0.286364427333567
0.233379385080936
0.14730525402941
0.168800724435308
0.229004071993132
0.109733264472173
0.220315724291898
0.645414498879743
0.57703260675884
0.513125573736648
0.397300412935711
0.252924823369159
0.174899773725083
0.294851682602177
0.405124866774842
0.343757645509953
0.329437280559687
0.30689934687194
0.279081291617819
0.291918548854168
0.226317981764006
0.177093642674187
0.137187330861368
0.0816218903151003
0.162101747166312
0.186507416983216
0.172570459991556
0.371793471010557
0.520339457073754
0.412495201907373
0.342476328521902
0.274079697586389
0.228524029561075
0.206861857564146
0.178967618102911
0.154587103739186
0.128579129093183
0.0985096136073193
0.082746201331718
0.0677664441697828
0.0568628336734227
0.044950432138077
0.0213469903267484
0.104547684851795
0.178537210833793
0.152319342085392
0.121424006397047
0.10011144682239

# True total proportion of susceptible
1 1 1 0.998332036053751 0.968937112397826 0.776427673106557 0.384139574881516 0.0729562118295426
1 1 1 0.999954432514008 0.997873352453567 0.968003206302895 0.775159719896873 0.233959307438244
1 1 1 0.999733229203082 0.997256946237417 0.992652094899836 0.961934708233258 0.474200044354381
1 1 1 0.999865879173904 0.998380942517746 0.994638689690346 0.989833418329808 0.546907285989056
1 1 1 0.999872447176697 0.99858724370811 0.995941768415985 0.992059123747837 0.623799296652033
1 1 1 0.992161297776277 0.912428039347042 0.81070481773733 0.795175147026953 0.489906798269455
1 1 1 0.99356114755203 0.897424703581931 0.554729589543825 0.389488259236511 0.190370010948003
1 1 1 0.994090266941337 0.926171931032739 0.741218727019464 0.405099071788866 0.141203909105463
1 1 1 0.993103337590733 0.878277023684977 0.299704083093671 0.0764946046955721 0.012148063596552
1 1 1 0.987848171514302 0.810774942023162 0.23520631524178 0.0244164960690998 0.00229783373666991
1 1 1 0.999977433165024 0.987614547267931 0.81026302142206 0.234904120592079 0.00530538470884392
1 1 1 0.999990142739405 0.999878803420155 0.987411892493664 0.809876510686668 0.171051813492804
1 1 1 0.99997920812045 0.999782217631882 0.999483714900587 0.986992567257407 0.295064035804633
1 1 1 0.999972373569183 0.99970288244582 0.99925701406213 0.998930709678346 0.406017788839977
1 1 1 0.997403505214484 0.971674392095754 0.940596629527087 0.936285946860772 0.363233264821745
1 1 1 0.986371518584101 0.832459822994417 0.57734996872593 0.517510644753634 0.183495227679499
1 1 1 0.986446811926567 0.829443432862185 0.503402417824088 0.302222012958292 0.118397288683217
1 1 1 0.999370879363906 0.979957576973066 0.815279651663741 0.489552524336524 0.174290192261056
1 1 1 0.998572018946922 0.984894791027267 0.952058807769806 0.786719288115821 0.31393209844132
1 1 1 0.999953496527265 0.998105642376497 0.983997731240102 0.951090182667025 0.489820433855557
1 1 1 0.999832210677228 0.99826791436878 0.99487591408662 0.980496725138029 0.603485760707442
1 1 1 0.997867605537278 0.976537653075541 0.949293325287962 0.942188106641755 0.571026610067945
1 1 1 0.999866663431255 0.996528589835999 0.973946435001465 0.946514929421399 0.598680206294636
1 1 1 0.999826803847831 0.99813065384101 0.993216015559784 0.970413960462473 0.608507480908649
1 1 1 0.999869085248149 0.998512388066775 0.995614668477328 0.990537406073822 0.661244221695977
1 1 1 0.999981235501517 0.999680988734778 0.998150905880899 0.995225845439653 0.719529132158053
1 1 1 0.99310094312252 0.914122792429025 0.783675923177846 0.761793739110892 0.528789288124568
1 1 1 0.993047615921522 0.910420672864164 0.712334590138485 0.562525984556103 0.372787889411803
1 1 1 0.992974023445571 0.915037381263799 0.742795525280857 0.544087969849272 0.288113367988044
1 1 1 0.985238735747952 0.815423847102673 0.505031774981243 0.350153574328695 0.173185291038298
1 1 1 0.993503267217072 0.899091664319214 0.551945669689786 0.26402686430061 0.102811961596067
1 1 1 0.999983109800358 0.993330116915005 0.898716815063646 0.551520705492421 0.174249688374642
1 1 1 0.999980033300399 0.999783453761044 0.992950035022042 0.898313393783144 0.356503751914207
1 1 1 0.999969208713618 0.999672066194677 0.999198167491094 0.99233137287821 0.405955583801731
1 1 1 0.999984604304623 0.999815214603588 0.999379278149809 0.998889682962918 0.522738400813957
1 1 1 0.999924912055377 0.999233268728774 0.998386749541539 0.997875319275396 0.635317607872451
1 1 1 0.999960803347634 0.999532630238502 0.998486661515572 0.997599748781887 0.665215483880847
1 1 1 0.99994341344003 0.999393531811801 0.998450442767592 0.997342371828186 0.761818722520025
1 1 1 0.999761418180415 0.997521669100791 0.994708489569903 0.993483508473472 0.766076820639771
1 1 1 0.999948527983169 0.999246142745808 0.996539696616127 0.993671740852255 0.789632692761958
1 1 1 0.999988887801823 0.999837336902978 0.999034180992665 0.99631394765703 0.824736120560677
1 1 1 0.999968423410978 0.999673102018859 0.999237293671601 0.99840243116578 0.84119978438767
1 1 1 0.999984381113413 0.999812241619555 0.999376375839382 0.998924924596511 0.886178993155547
1 1 1 0.999983598258072 0.999820355938295 0.999500540600599 0.999048123067356 0.912127722701404
1 1 1 0.999992816150859 0.999911766618666 0.999683886725708 0.999356858637659 0.917895774794487
1 1 1 0.994602648533673 0.925555954037713 0.772070525172049 0.742212883180805 0.643691037461001
1 1 1 0.99446115135827 0.93460125337681 0.799904349756682 0.641510747912313 0.527100638819829
1 1 1 0.999966153744242 0.994118244301491 0.933907018894598 0.799112615247111 0.544680953669006
1 1 1 0.999990568907445 0.99987184276965 0.993938022645956 0.933709380405537 0.741835578940212
1 1 1 0.999989582590226 0.999886407971209 0.999673957900097 0.993729058474759 0.810291314793575

# True vulnerable proportion of susceptible
0 0 0.05 0.499166018026875 0.920490256777935 0.776427673106557 0.384139574881516 0.0729562118295426
0 0 0.05 0.499977216257004 0.947979684830889 0.968003206302895 0.775159719896873 0.233959307438244
0 0 0.05 0.499866614601541 0.947394098925546 0.992652094899836 0.961934708233258 0.474200044354381
0 0 0.05 0.499932939586952 0.948461895391859 0.994638689690346 0.989833418329808 0.546907285989056
0 0 0.05 0.499936223588348 0.948657881522704 0.995941768415985 0.992059123747837 0.623799296652033
0 0 0.05 0.496080648888139 0.866806637379689 0.81070481773733 0.795175147026953 0.489906798269455
0 0 0.05 0.496780573776015 0.852553468402835 0.554729589543825 0.389488259236511 0.190370010948003
0 0 0.05 0.497045133470668 0.879863334481102 0.741218727019464 0.405099071788866 0.141203909105463
0 0 0.05 0.496551668795367 0.834363172500728 0.299704083093671 0.0764946046955721 0.012148063596552
0 0 0.05 0.493924085757151 0.770236194922004 0.23520631524178 0.0244164960690998 0.00229783373666991
0 0 0.05 0.499988716582512 0.938233819904535 0.81026302142206 0.234904120592079 0.00530538470884392
0 0 0.05 0.499995071369702 0.949884863249147 0.987411892493664 0.809876510686668 0.171051813492804
0 0 0.05 0.499989604060225 0.949793106750288 0.999483714900587 0.986992567257407 0.295064035804633
0 0 0.05 0.499986186784591 0.949717738323529 0.99925701406213 0.998930709678346 0.406017788839977
0 0 0.05 0.498701752607242 0.923090672490966 0.940596629527087 0.936285946860772 0.363233264821745
0 0 0.05 0.49318575929205 0.790836831844696 0.57734996872593 0.517510644753634 0.183495227679499
0 0 0.05 0.493223405963284 0.787971261219076 0.503402417824088 0.302222012958292 0.118397288683217
0 0 0.05 0.499685439681953 0.930959698124412 0.815279651663741 0.489552524336524 0.174290192261056
0 0 0.05 0.499286009473461 0.935650051475904 0.952058807769806 0.786719288115821 0.31393209844132
0 0 0.05 0.499976748263633 0.948200360257672 0.983997731240102 0.951090182667025 0.489820433855557
0 0 0.05 0.499916105338614 0.948354518650341 0.99487591408662 0.980496725138029 0.603485760707442
0 0 0.05 0.498933802768639 0.927710770421764 0.949293325287962 0.942188106641755 0.571026610067945
0 0 0.05 0.499933331715627 0.946702160344199 0.973946435001465 0.946514929421399 0.598680206294636
0 0 0.05 0.499913401923916 0.94822412114896 0.993216015559784 0.970413960462473 0.608507480908649
0 0 0.05 0.499934542624075 0.948586768663436 0.995614668477328 0.990537406073822 0.661244221695977
0 0 0.05 0.499990617750758 0.949696939298039 0.998150905880899 0.995225845439653 0.719529132158053
0 0 0.05 0.49655047156126 0.868416652807574 0.783675923177846 0.761793739110892 0.528789288124568
0 0 0.05 0.496523807960761 0.864899639220955 0.712334590138485 0.562525984556103 0.372787889411803
0 0 0.05 0.496487011722786 0.869285512200609 0.742795525280857 0.544087969849272 0.288113367988044
0 0 0.05 0.492619367873976 0.774652654747539 0.505031774981243 0.350153574328695 0.173185291038298
0 0 0.05 0.496751633608536 0.854137081103253 0.551945669689786 0.26402686430061 0.102811961596067
0 0 0.05 0.499991554900179 0.943663611069255 0.898716815063646 0.551520705492421 0.174249688374642
0 0 0.05 0.499990016650199 0.949794281072991 0.992950035022042 0.898313393783144 0.356503751914207
0 0 0.05 0.499984604356809 0.949688462884943 0.999198167491094 0.99233137287821 0.405955583801731
0 0 0.05 0.499992302152312 0.949824453873409 0.999379278149809 0.998889682962918 0.522738400813957
0 0 0.05 0.499962456027688 0.949271605292335 0.998386749541539 0.997875319275396 0.635317607872451
0 0 0.05 0.499980401673817 0.949555998726577 0.998486661515572 0.997599748781887 0.665215483880847
0 0 0.05 0.499971706720015 0.949423855221211 0.998450442767592 0.997342371828186 0.761818722520025
0 0 0.05 0.499880709090207 0.947645585645752 0.994708489569903 0.993483508473472 0.766076820639771
0 0 0.05 0.499974263991584 0.949283835608517 0.996539696616127 0.993671740852255 0.789632692761958
0 0 0.05 0.499994443900911 0.949845470057829 0.999034180992665 0.99631394765703 0.824736120560677
0 0 0.05 0.499984211705489 0.949689446917916 0.999237293671601 0.99840243116578 0.84119978438767
0 0 0.05 0.499992190556707 0.949821629538578 0.999376375839382 0.998924924596511 0.886178993155547
0 0 0.05 0.499991799129036 0.94982933814138 0.999500540600599 0.999048123067356 0.912127722701404
0 0 0.05 0.49999640807543 0.949916178287733 0.999683886725708 0.999356858637659 0.917895774794487
0 0 0.05 0.497301324266836 0.879278156335827 0.772070525172049 0.742212883180805 0.643691037461001
0 0 0.05 0.497230575679135 0.887871190707969 0.799904349756682 0.641510747912313 0.527100638819829
0 0 0.05 0.499983076872121 0.944412332086417 0.933907018894598 0.799112615247111 0.544680953669006
0 0 0.05 0.499995284453722 0.949878250631167 0.993938022645956 0.933709380405537 0.741835578940212
0 0 0.05 0.499994791295113 0.949892087572649 0.999673957900097 0.993729058474759 0.810291314793575

# True survival by age
0.778267540515681 0.778267540515681 0.77816908172063 0.777285484251734 0.776471497338486 0.776857836131899 0.777839505109254 0.778618216100384
0.778267540515681 0.778267540515681 0.777328757484643 0.76888016228365 0.760469729696895 0.760109702886377 0.763833299093605 0.77428328545684
0.778267540515681 0.778267540515681 0.777677565695487 0.772369508447816 0.76709022996536 0.766558663907309 0.76693749341859 0.772952597709752
0.778267540515681 0.778267540515681 0.778074550435195 0.776337970069647 0.774607529115446 0.774431291378943 0.774452401148257 0.776398195209654
0.778267540515681 0.778267540515681 0.769415915720006 0.689762651072861 0.610325021323481 0.601955647490278 0.602645072157992 0.668035400304804
0.778267540515681 0.778267540515681 0.753097425289579 0.528543578566217 0.341961778779865 0.370257807226375 0.378083760331746 0.531919332668376
0.778267540515681 0.778267540515681 0.768270253440502 0.678941813797596 0.607857802617641 0.667589158532021 0.700716572556638 0.740635596681187
0.778267540515681 0.778267540515681 0.746051709234008 0.458016248651489 0.211396334092396 0.300825984653551 0.517572700024792 0.687745460896947
0.778267540515681 0.778267540515681 0.750985625845078 0.507333612957158 0.323071950857496 0.615110943672317 0.737021607331573 0.772165856517837
0.778267540515681 0.778267540515681 0.778251766466652 0.77811819673286 0.778125448499162 0.778601157935772 0.778780060216513 0.778798832845826
0.778267540515681 0.778267540515681 0.778236851238217 0.777960666700241 0.777698270605655 0.777871388613394 0.778531341443103 0.778794697646031
0.778267540515681 0.778267540515681 0.778266904772473 0.778261188402583 0.778255527485858 0.778261698222224 0.778358624981212 0.778707396064642
0.778267540515681 0.778267540515681 0.778252272121351 0.778114870834084 0.777977620332796 0.777962605591162 0.777973080798011 0.778553339289823
0.778267540515681 0.778267540515681 0.771208150408816 0.707675604436152 0.644179138826715 0.637185035121704 0.637231279319863 0.721259517873056
0.778267540515681 0.778267540515681 0.763559566810712 0.63157107979781 0.506746778169245 0.501613807039431 0.502884133825006 0.671758585481579
0.778267540515681 0.778267540515681 0.766590509928233 0.663095903871005 0.59366436256524 0.643658250609041 0.657665071810222 0.735849347881947
0.778267540515681 0.778267540515681 0.777153208907551 0.767282479029644 0.760797262881955 0.767313202963761 0.771904114598578 0.776098971776662
0.778267540515681 0.778267540515681 0.777101234475277 0.76661215305752 0.756562549602661 0.759348729619249 0.767120371507593 0.774642330043499
0.778267540515681 0.778267540515681 0.778224124876994 0.777834765556174 0.777463158364476 0.777466419975416 0.777698152460356 0.778360789865745
0.778267540515681 0.778267540515681 0.77788268394846 0.774419178612775 0.770970127954061 0.770702113826416 0.770972955255309 0.774769377756846
0.778267540515681 0.778267540515681 0.771063496541478 0.706239277862659 0.641628711027636 0.634927676217251 0.637007110002696 0.691528219623191
0.778267540515681 0.778267540515681 0.778103116091941 0.776627939539068 0.775229285461052 0.775172839313096 0.775199993547675 0.77661847295646
0.778267540515681 0.778267540515681 0.778075359668098 0.776346059387936 0.774630631147646 0.774537956357695 0.774658020203695 0.776180443918606
0.778267540515681 0.778267540515681 0.777959064290185 0.775183404885234 0.772418445374282 0.772143487473244 0.772296324337179 0.774722099169174
0.778267540515681 0.778267540515681 0.778167362629566 0.77726596261148 0.776367785428045 0.77627510750361 0.776287987504286 0.777123338545965
0.778267540515681 0.778267540515681 0.761644001392183 0.612035278610483 0.46252122610833 0.446412513830044 0.447386570730423 0.539194685939543
0.778267540515681 0.778267540515681 0.765338501617811 0.649872812154983 0.553757480223188 0.575739363837466 0.581409344528663 0.641784064621179
0.778267540515681 0.778267540515681 0.769986998327043 0.696041521033092 0.635078548994888 0.660450603432672 0.685340417331301 0.716864279790755
0.778267540515681 0.778267540515681 0.763973114315239 0.636331348094393 0.529794094174344 0.566047976524214 0.622962145580652 0.696278843241402
0.778267540515681 0.778267540515681 0.759751990545876 0.595853041410669 0.491503565610773 0.591512657316898 0.648948346232756 0.714576015099098
0.778267540515681 0.778267540515681 0.778256661282042 0.778162919308429 0.778135501997204 0.778386367233954 0.778602544512632 0.778723589051221
0.778267540515681 0.778267540515681 0.778275123947996 0.778343382564555 0.778414221363653 0.778457856182829 0.778590337159688 0.778734293936596
0.778267540515681 0.778267540515681 0.778255305097695 0.778145199425926 0.778035233386761 0.778028316682674 0.778101939344359 0.778523440651243
0.778267540515681 0.778267540515681 0.778257981950196 0.778171974223261 0.778086162196686 0.778076950064569 0.778081924465797 0.77850670321775
0.778267540515681 0.778267540515681 0.778216099258224 0.777753144070492 0.777290435765708 0.7772396849761 0.777240449756931 0.777984230297401
0.778267540515681 0.778267540515681 0.77821422465337 0.777734461966448 0.777255724685363 0.777203803760055 0.77720462182335 0.77778455456439
0.778267540515681 0.778267540515681 0.778069204999747 0.776284283998547 0.774501176158815 0.774307640148865 0.77431163121437 0.775807344742616
0.778267540515681 0.778267540515681 0.777015761527164 0.765750489143546 0.754498487247082 0.75327158109891 0.753299913167885 0.759321975510628
0.778267540515681 0.778267540515681 0.77821049365183 0.777697335202598 0.777187657893122 0.777135462178712 0.777137513017359 0.77751823270796
0.778267540515681 0.778267540515681 0.778247225577623 0.778064429038688 0.77788224965807 0.777864492852538 0.777867187415473 0.778058890531407
0.778267540515681 0.778267540515681 0.778263379191396 0.778225933660746 0.778188574954142 0.778184909427506 0.778186586367142 0.77829235878574
0.778267540515681 0.778267540515681 0.778278289279738 0.778375041600146 0.778471874587457 0.7784827585413 0.778483024250715 0.778533056708659
0.778267540515681 0.778267540515681 0.778267722639098 0.778269370050062 0.778271100331658 0.778271513255434 0.778271752344052 0.778331462599195
0.778267540515681 0.778267540515681 0.778283779012944 0.77842993157102 0.778576112331691 0.778592414584543 0.778592508901207 0.778610629423974
0.778267540515681 0.778267540515681 0.75520145192525 0.547608315475112 0.340050573128105 0.3170917672079 0.317242806770203 0.354866016818726
0.778267540515681 0.778267540515681 0.771851256156364 0.71445388443795 0.665473263609271 0.679312601512337 0.683160025303951 0.695855444899618
0.778267540515681 0.778267540515681 0.778233461968023 0.777931596148087 0.77769726669675 0.777829048461515 0.778021467148754 0.778160454094831
0.778267540515681 0.778267540515681 0.778280616006004 0.778398309041611 0.778517650004305 0.778547009949605 0.778583638003491 0.778652775418391
0.778267540515681 0.778267540515681 0.778281601307439 0.778408152136234 0.778534729660121 0.778550284131113 0.7785654633583 0.778613820683245
0.778267540515681 0.778267540515681 0.778267919373761 0.778271334612023 0.778274798573642 0.778275289066337 0.778278414094236 0.778374840968064

# True Numbers-at-age
46.4271014856815 45.4015147296122 27.2983579874696 32.8638261458737 23.8223291912005 56.7415170270292 34.5315228301676 31.8837341472204
209.637452399947 36.1327060865332 35.3345252043018 21.2427381675903 25.5445750201602 18.4973596171818 44.0800921364592 51.6852388332142
302.297487933893 163.15402447928 28.1209122981422 27.4665425733697 16.3331199696459 19.4258760608033 14.0600225227985 73.6888587343442
115.004754863558 235.26832243838 126.977481356724 21.8690026211555 21.2143199861546 12.5289767535675 14.8910735983984 67.7411532120223
1287.63670241918 89.50446771527 183.101698665368 98.7979467220267 16.9777371023557 16.4327719863396 9.70283164692201 64.1265367991898
129.410874451778 1002.1258494695 69.6584219539284 140.881361148502 68.1471336515404 10.3619377590197 9.89179990109717 48.6861603588037
64.406490434826 100.716282975569 779.922020153813 52.4595782232386 74.4619387747091 23.30371504223 3.8365883532708 29.6370388312964
16.1160362464291 50.1254809039588 78.3842138412772 599.190888087398 35.6170011899424 45.262270482244 15.5573075157123 24.6386069798954
38.3857989938524 12.54258789237 39.0110347402897 58.4786767132488 274.439162787944 7.52930348291834 13.6160670854764 24.9971277692701
82.6193979646127 29.8744213736748 9.76148903069653 29.2967263393005 29.6681983378862 88.6635957135988 4.63135697057316 29.3372642233166
160.794369408807 64.2999956528054 23.250292446819 7.59689608148443 22.7963158693126 23.0855801378298 69.0335782893572 26.4546355964357
290.336668517918 125.141038408562 50.0425994718778 18.0942343841801 5.91008634040407 17.7286554277447 17.9576122787594 74.3475342408928
204.944783649346 225.959604928956 97.3932081798099 38.9464989977469 14.0820403550669 4.59955736233814 13.7975334803932 71.8724371937934
124.293722493324 159.501872712295 175.857025983954 75.7964855551248 30.3048500370716 10.9555122448654 3.57828363017059 66.6906356092812
51.5279402671518 96.7337697064179 124.135130183443 135.62237174548 53.639323729359 19.5217521991536 6.98068845452078 50.3814499416207
30.6403992592279 40.1025233395552 75.2847530342242 94.7845662288609 85.6551677680329 27.1815544830298 9.7923804406978 37.354649014248
11.3771779610119 23.8464281718978 31.2104922079483 57.712577218327 62.8512576165476 50.850420573428 17.4956318073813 33.9275007032179
38.7771167875963 8.85448830972592 18.5589010034267 24.2553341709911 44.2818493192677 47.817064763358 39.0181990822513 39.8360485903388
38.8942607645292 30.1789713105719 6.89116083933524 14.4221448802674 18.5944339519532 33.501988822106 36.3098273821773 60.79034487528
64.8070580839591 30.2701406653857 23.4873137771721 5.36286761357828 11.2180456817599 14.4564873482851 26.0466713115792 75.5549065246077
43.4069096685683 50.4372297030597 23.5582679267134 18.2703746797263 4.15310753231635 8.64877811466096 11.1416453578282 78.6189070701989
43.6772211935957 33.782188829143 39.2536587114247 18.1649204400326 12.9032562200901 2.6647530327193 5.4913485904603 61.4645001450408
190.850697351975 33.9925635148991 26.2915810132934 30.5433941613692 14.1073847332336 10.0029820996213 2.0656441744412 51.9913596355666
108.936709099646 148.532902833824 26.4553088025636 20.4568313531612 23.7122436975114 10.9280123397474 7.7476893129233 41.9548444284839
198.750694965809 84.7819046628535 115.598336974135 20.5811472815503 15.8577961815065 18.3157744131679 8.43799355916322 38.4868571244282
290.663041225595 154.681214546822 65.9830044221939 89.9548530075265 15.9970252534428 12.3114821032055 14.2180797515938 36.4593479372942
32.2938095461205 226.213610213452 120.383368409334 50.2555595119979 55.0555435228265 7.39896373430828 5.49599967466558 26.0196646030471
52.4541860579885 25.133223729341 176.054710051996 92.1340267981044 32.6597217864842 30.4874190535185 4.25987467344713 19.8944316774004
62.8032671510463 40.8233903731026 19.5603722170646 135.559837734274 64.1291081514562 20.7414887227371 20.135434311001 17.1810717227453
19.017735881035 48.8777442619941 31.7715196211861 14.9435984798361 86.2609742929078 33.9752227633093 11.7406777216051 24.5064301053402
73.236679324428 14.8008865303099 38.0399618127366 24.1384752748635 8.9041886038302 42.3975764380234 20.0967742996587 25.1308005600659
12.0758706115617 56.9977302933582 11.519049557396 29.6048536756767 18.7836663875421 6.9286652691192 33.0016955031169 35.2173468140753
19.533896685502 9.39825812044574 44.359483370388 8.96498972204546 23.0427419502549 14.6214730454132 5.39367391160696 53.1197569341923
29.2880734997541 15.202597730113 7.31435923253083 34.5230032643974 6.97606371511244 17.9280651111375 11.3759200609439 45.5518040657776
14.273702315104 22.7939569290961 11.8316883448643 5.69245845556822 26.8648336063722 5.42797864333139 13.9494142222329 44.3137825824577
44.4260097198575 11.108759194829 17.739796797828 9.20761035137931 4.42732746130884 20.8817782206703 4.21884041079989 45.3174730179138
36.4206738816374 34.5753213195992 8.64558669674052 13.8053622105301 7.16107588262668 3.44116561435902 16.2293974623788 38.5261328312306
8.87764610821025 28.3450282857857 26.9088502859438 6.72686476788928 10.7168857189419 5.54626169365689 2.66452082621575 42.4554680377193
40.2630708278734 6.9091838022054 22.0600154498258 20.9086007967531 5.1510999864137 8.08587406294154 4.17784131516924 34.2445531686517
7.0442976737581 31.3354411068177 5.37719348471317 17.1673355131759 16.2605631224498 4.00337133401416 6.28381947702293 29.8725216690156
17.9726425983248 5.48234822521605 24.3873566811769 4.1847859108721 13.3572931041748 12.6488034223983 3.11408041243331 28.1305580499881
191.427226381012 13.9875243515656 4.2667336694894 18.9797866202386 3.25670892265877 10.3944928859826 9.84310794562536 24.3171339845087
72.3272331971543 148.981596663289 10.8860361749962 3.32070618110247 14.7733922000901 2.53525630000787 8.09193349551765 26.5943850928902
16.2023424581794 56.2899378926534 115.947540817237 8.47225058248109 2.58440390768797 11.4977042031953 1.9731177570975 26.9969699076835
25.326616165604 12.6097572155201 43.8086315194958 90.2400902344967 6.59505344117329 2.01215514714253 8.95202527774466 22.5563824372176
36.7760903462328 19.7108832727893 9.81376473462266 33.0843421303815 49.4162238016348 2.24265170248146 0.638037831503896 10.8444592147248
18.8279499521004 28.6216373835451 15.3403406461054 7.57476663804152 23.6372367491252 32.88517572852 1.52346156229875 7.98205793267317
2.03481981624196 14.6531823021735 22.2752913320233 11.9383664087874 5.89265030118092 18.3826144120586 25.5790449454045 7.39660762534461
9.83489051520861 1.5836342137792 11.4040961510404 17.3364274596003 9.29280422531927 4.58753226477253 14.3117294855647 25.6748149264032
6.81244651893936 7.6541760525124 1.23249110463442 8.87559821389576 13.4948164634713 7.23477082534337 3.5716245481993 31.1333840435694

