# Simulated data from SIR age-structured hybrid model
# random seed = 3104501
# Flag=0 if no issues, =1 if negative pop #'s, =2 if NaN, or=3 if NA. Flag:
0

# Number of years (nyr)
50

# Starting age
0

# Ending age
8

# Sample size for comp data
200

# Sample size for fishery age comp data
200

# Sample size for antibody prevalence data
200

# Survey data
9593.33898286167
9692.33711064741
20017.680427517
12145.1959320073
14223.3844747298
11031.6288683436
11454.1607606942
12247.0336103187
6229.42979688279
6843.2261320703
7278.43026108854
6419.53455607954
14960.6869868217
11202.0358999704
5573.92232193221
11998.4558047544
9709.82109188849
11737.6367546224
15780.9192663695
13422.4305118592
6995.22397918653
15189.8831498847
8760.78032036549
10994.0315190548
2789.43264523231
5783.95541174131
8714.62255391761
12825.2508694604
7354.19929893238
21893.6032003009
41764.1853908184
29906.5477067956
26529.9786852178
43134.2559418443
34790.4382724891
24016.736571844
26699.1409658658
34569.2546809761
36153.6373140376
29392.4673645642
21721.9681365807
14705.8726928122
16072.0291803879
20511.4474684307
13153.4934310903
19900.8863056687
24184.3035376199
25886.3127032403
26761.8812480775
25725.9298583268

# Catches
0
0
0
0
0
0
0
0
0
0
0
0
0
0
0
0
0
0
0
0
0
0
0
0
0
0
0
0
0
0
0
0
0
0
0
0
0
0
0
0
0
0
0
0
0
0
0
0
0
0

# Catch compositions
-999 -999 -999 -999 -999 -999 -999 -999
-999 -999 -999 -999 -999 -999 -999 -999
-999 -999 -999 -999 -999 -999 -999 -999
-999 -999 -999 -999 -999 -999 -999 -999
-999 -999 -999 -999 -999 -999 -999 -999
-999 -999 -999 -999 -999 -999 -999 -999
-999 -999 -999 -999 -999 -999 -999 -999
-999 -999 -999 -999 -999 -999 -999 -999
-999 -999 -999 -999 -999 -999 -999 -999
-999 -999 -999 -999 -999 -999 -999 -999
-999 -999 -999 -999 -999 -999 -999 -999
-999 -999 -999 -999 -999 -999 -999 -999
-999 -999 -999 -999 -999 -999 -999 -999
-999 -999 -999 -999 -999 -999 -999 -999
-999 -999 -999 -999 -999 -999 -999 -999
-999 -999 -999 -999 -999 -999 -999 -999
-999 -999 -999 -999 -999 -999 -999 -999
-999 -999 -999 -999 -999 -999 -999 -999
-999 -999 -999 -999 -999 -999 -999 -999
-999 -999 -999 -999 -999 -999 -999 -999
-999 -999 -999 -999 -999 -999 -999 -999
-999 -999 -999 -999 -999 -999 -999 -999
-999 -999 -999 -999 -999 -999 -999 -999
-999 -999 -999 -999 -999 -999 -999 -999
-999 -999 -999 -999 -999 -999 -999 -999
-999 -999 -999 -999 -999 -999 -999 -999
-999 -999 -999 -999 -999 -999 -999 -999
-999 -999 -999 -999 -999 -999 -999 -999
-999 -999 -999 -999 -999 -999 -999 -999
-999 -999 -999 -999 -999 -999 -999 -999
-999 -999 -999 -999 -999 -999 -999 -999
-999 -999 -999 -999 -999 -999 -999 -999
-999 -999 -999 -999 -999 -999 -999 -999
-999 -999 -999 -999 -999 -999 -999 -999
-999 -999 -999 -999 -999 -999 -999 -999
-999 -999 -999 -999 -999 -999 -999 -999
-999 -999 -999 -999 -999 -999 -999 -999
-999 -999 -999 -999 -999 -999 -999 -999
-999 -999 -999 -999 -999 -999 -999 -999
-999 -999 -999 -999 -999 -999 -999 -999
-999 -999 -999 -999 -999 -999 -999 -999
-999 -999 -999 -999 -999 -999 -999 -999
-999 -999 -999 -999 -999 -999 -999 -999
-999 -999 -999 -999 -999 -999 -999 -999
-999 -999 -999 -999 -999 -999 -999 -999
-999 -999 -999 -999 -999 -999 -999 -999
-999 -999 -999 -999 -999 -999 -999 -999
-999 -999 -999 -999 -999 -999 -999 -999
-999 -999 -999 -999 -999 -999 -999 -999
-999 -999 -999 -999 -999 -999 -999 -999

# Age composition from fishery-independent survey
0 0 5 13 6 7 2 167
0 0 6 37 24 7 5 121
0 0 5 48 45 15 3 84
0 0 3 45 52 35 8 57
0 0 0 16 49 63 17 55
0 0 1 0 14 51 65 69
0 0 5 6 15 15 33 126
0 0 5 56 9 5 9 116
0 0 2 25 89 5 4 75
0 0 1 18 54 69 4 54
0 0 5 7 33 38 55 62
0 0 25 50 8 23 17 77
0 0 2 115 28 5 15 35
0 0 10 22 129 18 1 20
0 0 9 72 29 62 8 20
0 0 3 23 97 25 38 14
0 0 2 38 42 54 13 51
0 0 1 20 53 24 53 49
0 0 0 19 39 38 25 79
0 0 3 7 26 39 38 87
0 0 2 22 8 21 35 112
0 0 13 16 43 11 18 99
0 0 1 67 31 24 7 70
0 0 0 14 89 24 14 59
0 0 0 5 26 91 14 64
0 0 2 4 1 28 75 90
0 0 2 50 6 2 22 118
0 0 9 19 57 7 1 107
0 0 23 53 16 41 2 65
0 0 24 86 42 11 17 20
0 0 21 87 70 7 3 12
0 0 4 122 50 13 5 6
0 0 2 40 128 19 4 7
0 0 1 9 61 81 32 16
0 0 2 17 11 57 73 40
0 0 2 29 18 13 45 93
0 0 5 13 37 17 14 114
0 0 1 34 23 30 7 105
0 0 14 29 48 18 18 73
0 0 5 69 33 19 15 59
0 0 1 50 90 7 8 44
0 0 8 15 62 58 6 51
0 0 2 41 30 51 43 33
0 0 2 31 42 23 36 66
0 0 5 20 30 45 16 84
0 0 25 66 36 16 14 43
0 0 2 96 42 24 6 30
0 0 1 13 121 22 12 31
0 0 11 24 25 76 22 42
0 0 5 42 19 23 59 52

# Antibody prevalence values
0 0 0 0 0 5 0 10 0 11 0 16 0 3 93 62
0 0 0 0 0 6 0 39 0 17 0 9 0 13 64 52
0 0 0 0 0 5 0 44 0 50 0 5 0 6 50 40
0 0 0 0 0 2 0 30 2 58 1 29 1 5 46 26
0 0 0 0 0 1 0 13 1 49 2 46 2 25 36 25
0 0 0 0 0 1 0 6 0 20 2 54 4 50 32 31
0 0 0 0 0 8 0 2 0 10 0 20 0 44 27 89
0 0 0 0 0 2 0 59 0 5 1 5 0 8 18 102
0 0 0 0 0 1 0 35 5 72 0 3 3 1 31 49
0 0 0 0 0 0 0 19 1 38 2 71 1 7 24 37
0 0 0 0 0 6 0 11 0 40 0 45 1 52 23 22
0 0 0 0 0 26 0 46 0 11 0 28 0 21 11 57
0 0 0 0 0 3 0 111 0 30 0 5 0 5 10 36
0 0 0 0 0 7 0 32 17 105 2 8 0 1 17 11
0 0 0 0 0 2 0 75 3 31 31 27 7 4 17 3
0 0 0 0 0 1 0 19 1 91 4 16 27 21 18 2
0 0 0 0 0 7 1 20 8 35 23 39 10 5 47 5
0 0 0 0 0 0 0 33 1 36 1 24 24 37 38 6
0 0 0 0 0 2 0 15 0 38 0 45 3 20 54 23
0 0 0 0 0 2 0 6 0 23 0 33 0 40 42 54
0 0 0 0 0 5 0 22 0 11 0 18 0 35 46 63
0 0 0 0 0 11 0 17 0 55 0 10 0 9 26 72
0 0 0 0 0 1 0 76 0 17 2 19 0 6 13 66
0 0 0 0 0 0 1 11 8 85 5 15 4 16 23 32
0 0 0 0 0 1 0 0 2 26 21 68 10 7 34 31
0 0 0 0 0 5 0 4 0 3 2 22 22 57 47 38
0 0 0 0 0 1 0 51 0 2 0 1 3 24 56 62
0 0 0 0 0 16 0 11 0 61 0 5 0 3 39 65
0 0 0 0 0 20 0 59 0 21 0 39 0 3 20 38
0 0 0 0 0 13 0 84 0 57 0 7 0 20 12 7
0 0 0 0 0 27 1 95 6 52 3 5 2 2 7 0
0 0 0 0 0 6 5 119 9 39 17 2 1 1 1 0
0 0 0 0 0 1 5 42 30 82 23 4 8 0 5 0
0 0 0 0 0 0 1 7 10 54 68 17 26 1 16 0
0 0 0 0 0 5 0 12 0 19 14 42 63 18 27 0
0 0 0 0 0 1 0 27 1 13 1 19 15 27 78 18
0 0 0 0 0 2 0 11 0 47 0 12 0 12 82 34
0 0 0 0 0 6 0 28 2 26 6 17 2 1 87 25
0 0 0 0 0 13 0 22 0 40 1 18 4 14 61 27
0 0 0 0 0 5 0 81 0 24 0 22 1 8 40 19
0 0 0 0 0 1 0 51 4 81 1 8 0 4 46 4
0 0 0 0 0 8 1 17 13 54 31 24 3 0 46 3
0 0 0 0 0 5 0 41 0 21 16 32 28 19 36 2
0 0 0 0 0 5 0 29 4 63 1 16 7 23 41 11
0 0 0 0 0 8 0 28 2 37 5 43 2 14 37 24
0 0 0 0 0 27 1 58 3 35 3 10 4 8 40 11
0 0 0 0 0 1 2 93 3 41 6 15 0 7 22 10
0 0 0 0 0 1 0 19 21 99 17 9 7 0 27 0
0 0 0 0 0 5 0 17 5 23 62 34 18 1 33 2
0 0 0 0 0 7 0 37 1 28 1 13 34 27 49 3

# Average weight-at-age
70
94
115
134
150
160
165
168

# Maturity logistic function parameter age-at-50%
3

# Maturity logistic function parameter age-at-95%
4

# Infection prevalence index (avg of 3 different samples)
0
0
0.00555555555555556
0
0
0.0111111111111111
0
0.0277777777777778
0
0
0
0
0.0333333333333333
0.227777777777778
0
0
0
0
0
0
0
0
0
0
0
0
0
0
0
0.266666666666667
0.0166666666666667
0
0.155555555555556
0
0
0
0.0444444444444444
0
0.00555555555555556
0.0111111111111111
0.0333333333333333
0
0
0
0.05
0
0.0722222222222222
0.0333333333333333
0
0

