# Simulated data from SIR age-structured hybrid model
# random seed = 3559507
# Flag=0 if no issues, =1 if negative pop #'s, =2 if NaN, or=3 if NA. Flag:
0

# Number of years (nyr)
50

# Starting age
0

# Ending age
8

# Sample size for comp data
200

# Sample size for fishery age comp data
200

# Sample size for antibody prevalence data
200

# Survey data
8282.86019746658
10174.0554402521
6656.883090363
8765.16766192586
31457.9765911623
55718.9306104495
38821.4431621784
40374.9396958254
27208.9416741467
28863.7610816012
15406.176493862
25101.7246410473
23359.1669030887
15018.5762351306
14522.9003930057
22157.5607396914
21591.5589511838
27832.6551433178
37370.0219282488
19304.0582670975
9706.13146867391
18537.1646372354
18575.59278833
13428.6199618491
16698.1072089171
28858.2923840472
25891.711096006
28833.1060278517
18349.363188928
16263.9084219802
37476.2919342574
14999.6820365298
46870.4263233932
53726.6195621371
58197.1121479313
46619.3744121489
48052.4560950575
47104.5868676712
20152.5619653177
18519.0843527055
13508.8384475119
9833.0223170813
7925.67846324254
7371.90130645947
15135.536648017
9588.91360147762
15839.6050457697
16806.8957425631
17133.5485616096
34069.473720962

# Catches
0
0
0
0
0
0
0
0
0
0
0
0
0
0
0
0
0
0
0
0
0
0
0
0
0
0
0
0
0
0
0
0
0
0
0
0
0
0
0
0
0
0
0
0
0
0
0
0
0
0

# Catch compositions
-999 -999 -999 -999 -999 -999 -999 -999
-999 -999 -999 -999 -999 -999 -999 -999
-999 -999 -999 -999 -999 -999 -999 -999
-999 -999 -999 -999 -999 -999 -999 -999
-999 -999 -999 -999 -999 -999 -999 -999
-999 -999 -999 -999 -999 -999 -999 -999
-999 -999 -999 -999 -999 -999 -999 -999
-999 -999 -999 -999 -999 -999 -999 -999
-999 -999 -999 -999 -999 -999 -999 -999
-999 -999 -999 -999 -999 -999 -999 -999
-999 -999 -999 -999 -999 -999 -999 -999
-999 -999 -999 -999 -999 -999 -999 -999
-999 -999 -999 -999 -999 -999 -999 -999
-999 -999 -999 -999 -999 -999 -999 -999
-999 -999 -999 -999 -999 -999 -999 -999
-999 -999 -999 -999 -999 -999 -999 -999
-999 -999 -999 -999 -999 -999 -999 -999
-999 -999 -999 -999 -999 -999 -999 -999
-999 -999 -999 -999 -999 -999 -999 -999
-999 -999 -999 -999 -999 -999 -999 -999
-999 -999 -999 -999 -999 -999 -999 -999
-999 -999 -999 -999 -999 -999 -999 -999
-999 -999 -999 -999 -999 -999 -999 -999
-999 -999 -999 -999 -999 -999 -999 -999
-999 -999 -999 -999 -999 -999 -999 -999
-999 -999 -999 -999 -999 -999 -999 -999
-999 -999 -999 -999 -999 -999 -999 -999
-999 -999 -999 -999 -999 -999 -999 -999
-999 -999 -999 -999 -999 -999 -999 -999
-999 -999 -999 -999 -999 -999 -999 -999
-999 -999 -999 -999 -999 -999 -999 -999
-999 -999 -999 -999 -999 -999 -999 -999
-999 -999 -999 -999 -999 -999 -999 -999
-999 -999 -999 -999 -999 -999 -999 -999
-999 -999 -999 -999 -999 -999 -999 -999
-999 -999 -999 -999 -999 -999 -999 -999
-999 -999 -999 -999 -999 -999 -999 -999
-999 -999 -999 -999 -999 -999 -999 -999
-999 -999 -999 -999 -999 -999 -999 -999
-999 -999 -999 -999 -999 -999 -999 -999
-999 -999 -999 -999 -999 -999 -999 -999
-999 -999 -999 -999 -999 -999 -999 -999
-999 -999 -999 -999 -999 -999 -999 -999
-999 -999 -999 -999 -999 -999 -999 -999
-999 -999 -999 -999 -999 -999 -999 -999
-999 -999 -999 -999 -999 -999 -999 -999
-999 -999 -999 -999 -999 -999 -999 -999
-999 -999 -999 -999 -999 -999 -999 -999
-999 -999 -999 -999 -999 -999 -999 -999
-999 -999 -999 -999 -999 -999 -999 -999

# Age composition from fishery-independent survey
0 0 1 37 28 29 10 95
0 0 3 10 48 21 18 100
0 0 17 22 13 59 13 76
0 0 40 69 14 11 25 41
0 0 2 117 50 5 3 23
0 0 2 18 144 18 0 18
0 0 10 6 23 123 23 15
0 0 0 38 30 25 78 29
0 0 1 12 83 8 11 85
0 0 6 15 26 59 6 88
0 0 3 32 23 12 48 82
0 0 2 8 44 15 10 121
0 0 2 11 22 40 16 109
0 0 4 11 18 16 25 126
0 0 5 39 25 15 20 96
0 0 7 41 43 14 13 82
0 0 10 58 44 21 8 59
0 0 4 47 65 27 18 39
0 0 5 37 67 31 15 45
0 0 0 27 39 46 39 49
0 0 0 13 33 42 38 74
0 0 2 11 24 29 45 89
0 0 5 21 14 21 26 113
0 0 12 37 35 20 11 85
0 0 4 73 37 22 7 57
0 0 6 39 76 19 14 46
0 0 4 28 56 53 8 51
0 0 2 19 49 38 40 52
0 0 6 30 28 36 44 56
0 0 0 58 36 19 18 69
0 0 2 8 65 20 17 88
0 0 18 32 16 44 13 77
0 0 12 95 28 7 21 37
0 0 4 88 80 10 3 15
0 0 2 12 99 43 11 33
0 0 1 17 19 78 57 28
0 0 1 2 37 20 73 67
0 0 0 1 6 29 27 137
0 0 1 2 3 8 21 165
0 0 3 2 7 3 9 176
0 0 1 7 5 3 8 176
0 0 0 7 29 3 8 153
0 0 1 5 10 25 3 156
0 0 2 25 12 8 25 128
0 0 4 40 33 6 6 111
0 0 16 30 43 28 1 82
0 0 5 91 19 30 15 40
0 0 13 30 95 17 18 27
0 0 6 48 40 58 9 39
0 0 8 51 68 22 32 19

# Antibody prevalence values
0 0 0 0 0 1 0 42 0 20 1 27 0 11 39 59
0 0 0 0 0 1 0 14 1 52 3 25 0 24 30 50
0 0 0 0 0 11 0 20 1 20 11 43 5 10 38 41
0 0 0 0 0 35 0 67 0 28 0 11 3 18 13 25
0 0 0 0 0 4 2 126 11 34 2 2 1 0 13 5
0 0 0 0 0 0 0 20 61 74 30 1 3 0 10 1
0 0 0 0 0 5 1 8 13 14 108 13 27 0 11 0
0 0 0 0 0 1 0 55 0 16 8 13 67 7 32 1
0 0 0 0 0 0 0 10 16 56 4 0 13 6 93 2
0 0 0 0 0 7 1 10 4 15 45 24 6 0 88 0
0 0 0 0 0 1 0 28 1 24 4 11 34 18 78 1
0 0 0 0 0 1 0 16 0 43 1 18 2 5 94 20
0 0 0 0 0 2 0 11 1 23 6 31 4 15 95 12
0 0 0 0 0 7 0 22 0 15 4 8 8 23 87 26
0 0 0 0 0 4 0 38 0 17 0 10 1 9 84 37
0 0 0 0 0 4 0 51 7 42 8 2 2 4 51 29
0 0 0 0 0 9 0 45 8 36 14 15 5 3 54 11
0 0 0 0 0 3 1 41 12 62 12 10 13 5 38 3
0 0 0 0 0 1 1 27 19 32 31 17 18 4 50 0
0 0 0 0 0 0 1 18 11 38 20 19 24 8 59 2
0 0 0 0 0 0 0 6 2 28 7 27 29 16 81 4
0 0 0 0 0 3 0 9 1 17 4 31 6 26 80 23
0 0 0 0 0 2 0 19 0 22 0 21 1 24 78 33
0 0 0 0 0 16 0 23 0 25 0 19 2 12 72 31
0 0 0 0 0 2 0 68 1 27 2 14 3 8 45 30
0 0 0 0 0 3 1 40 24 54 8 9 4 0 50 7
0 0 0 0 0 2 2 29 18 45 34 18 16 0 36 0
0 0 0 0 0 2 0 19 3 47 15 21 29 7 55 2
0 0 0 0 0 5 0 23 5 25 10 27 17 20 55 13
0 0 0 0 0 0 0 67 0 25 4 10 9 10 56 19
0 0 0 0 0 4 0 14 18 47 11 7 11 7 77 4
0 0 0 0 0 16 0 36 2 14 25 21 11 5 67 3
0 0 0 0 0 12 0 108 2 23 3 2 6 10 30 4
0 0 0 0 0 3 2 71 27 48 19 4 3 1 22 0
0 0 0 0 0 4 0 13 33 60 50 7 8 0 25 0
0 0 0 0 0 1 0 20 7 18 73 13 39 1 28 0
0 0 0 0 0 1 0 4 2 32 12 16 55 16 62 0
0 0 0 0 0 0 0 4 0 7 2 29 11 15 117 15
0 0 0 0 0 0 0 3 0 8 0 8 1 22 136 22
0 0 0 0 0 1 0 1 0 7 0 10 0 12 123 46
0 0 0 0 0 4 0 15 0 5 0 3 0 4 115 54
0 0 0 0 0 0 0 10 0 18 1 2 0 3 113 53
0 0 0 0 0 1 0 4 0 15 0 19 0 1 116 44
0 0 0 0 0 6 0 26 0 5 0 9 1 26 82 45
0 0 0 0 0 3 0 32 0 41 0 6 0 9 61 48
0 0 0 0 0 11 0 22 1 54 1 27 0 6 49 29
0 0 0 0 0 10 3 74 5 16 4 28 2 8 34 16
0 0 0 0 0 10 2 26 24 75 7 5 13 6 28 4
0 0 0 0 0 8 1 60 13 29 36 12 5 1 32 3
0 0 0 0 0 7 0 39 28 52 11 5 32 2 24 0

# Average weight-at-age
70
94
115
134
150
160
165
168

# Maturity logistic function parameter age-at-50%
3

# Maturity logistic function parameter age-at-95%
4

# Infection prevalence index (avg of 3 different samples)
0.00555555555555556
0
0
0.144444444444444
0.222222222222222
0.00555555555555556
0
0.0611111111111111
0.0222222222222222
0
0
0
0
0
0.0333333333333333
0
0.00555555555555556
0.00555555555555556
0.0222222222222222
0.00555555555555556
0
0.00555555555555556
0
0
0.0166666666666667
0.05
0
0.00555555555555556
0.00555555555555556
0.0777777777777778
0.00555555555555556
0.00555555555555556
0.3
0.0111111111111111
0.00555555555555556
0
0
0
0
0
0
0
0
0
0
0
0.0666666666666667
0.05
0.0444444444444444
0.0555555555555556

