# Simulated data from SIR age-structured hybrid model
# random seed = 9283815
# Flag=0 if no issues, =1 if negative pop #'s, =2 if NaN, or=3 if NA. Flag:
0

# Number of years (nyr)
50

# Starting age
0

# Ending age
8

# Sample size for comp data
200

# Sample size for fishery age comp data
200

# Sample size for antibody prevalence data
200

# Survey data
17113.2849953519
32471.4878967966
27009.2864345958
34479.7185449241
32621.707127557
23674.8293297608
23525.4159968828
15780.2952714365
23593.5209064011
26381.6116602593
18571.4218861713
18619.1259580962
9665.33828427856
16847.4335826521
6525.39356466932
7058.08459990159
5292.29735309095
5754.05861584022
13304.3700183092
28271.3543090995
27816.9627595633
40693.4528881404
60680.1324676511
62282.5658626999
72701.5940335705
51597.3838651496
47812.50300759
67549.4988234597
28463.7428575933
33073.8878555479
31686.7459289219
29360.8309432687
21027.1157029348
28248.3714813181
12579.5479336596
19199.0683632315
15808.8698382235
12763.3255094114
17279.3158486533
14737.6474996953
8697.46979805613
9164.72800117803
7428.45175802075
14582.3320438914
7996.00186227715
7137.49141031829
7267.49962266699
13627.507084825
10989.2142717929
11292.0570986017

# Catches
0
0
0
0
0
0
0
0
0
0
0
0
0
0
0
0
0
0
0
0
0
0
0
0
0
0
0
0
0
0
0
0
0
0
0
0
0
0
0
0
0
0
0
0
0
0
0
0
0
0

# Catch compositions
-999 -999 -999 -999 -999 -999 -999 -999
-999 -999 -999 -999 -999 -999 -999 -999
-999 -999 -999 -999 -999 -999 -999 -999
-999 -999 -999 -999 -999 -999 -999 -999
-999 -999 -999 -999 -999 -999 -999 -999
-999 -999 -999 -999 -999 -999 -999 -999
-999 -999 -999 -999 -999 -999 -999 -999
-999 -999 -999 -999 -999 -999 -999 -999
-999 -999 -999 -999 -999 -999 -999 -999
-999 -999 -999 -999 -999 -999 -999 -999
-999 -999 -999 -999 -999 -999 -999 -999
-999 -999 -999 -999 -999 -999 -999 -999
-999 -999 -999 -999 -999 -999 -999 -999
-999 -999 -999 -999 -999 -999 -999 -999
-999 -999 -999 -999 -999 -999 -999 -999
-999 -999 -999 -999 -999 -999 -999 -999
-999 -999 -999 -999 -999 -999 -999 -999
-999 -999 -999 -999 -999 -999 -999 -999
-999 -999 -999 -999 -999 -999 -999 -999
-999 -999 -999 -999 -999 -999 -999 -999
-999 -999 -999 -999 -999 -999 -999 -999
-999 -999 -999 -999 -999 -999 -999 -999
-999 -999 -999 -999 -999 -999 -999 -999
-999 -999 -999 -999 -999 -999 -999 -999
-999 -999 -999 -999 -999 -999 -999 -999
-999 -999 -999 -999 -999 -999 -999 -999
-999 -999 -999 -999 -999 -999 -999 -999
-999 -999 -999 -999 -999 -999 -999 -999
-999 -999 -999 -999 -999 -999 -999 -999
-999 -999 -999 -999 -999 -999 -999 -999
-999 -999 -999 -999 -999 -999 -999 -999
-999 -999 -999 -999 -999 -999 -999 -999
-999 -999 -999 -999 -999 -999 -999 -999
-999 -999 -999 -999 -999 -999 -999 -999
-999 -999 -999 -999 -999 -999 -999 -999
-999 -999 -999 -999 -999 -999 -999 -999
-999 -999 -999 -999 -999 -999 -999 -999
-999 -999 -999 -999 -999 -999 -999 -999
-999 -999 -999 -999 -999 -999 -999 -999
-999 -999 -999 -999 -999 -999 -999 -999
-999 -999 -999 -999 -999 -999 -999 -999
-999 -999 -999 -999 -999 -999 -999 -999
-999 -999 -999 -999 -999 -999 -999 -999
-999 -999 -999 -999 -999 -999 -999 -999
-999 -999 -999 -999 -999 -999 -999 -999
-999 -999 -999 -999 -999 -999 -999 -999
-999 -999 -999 -999 -999 -999 -999 -999
-999 -999 -999 -999 -999 -999 -999 -999
-999 -999 -999 -999 -999 -999 -999 -999
-999 -999 -999 -999 -999 -999 -999 -999

# Age composition from fishery-independent survey
0 0 16 39 69 8 3 65
0 0 7 85 34 26 5 43
0 0 6 47 96 13 13 25
0 0 2 18 67 59 15 39
0 0 2 13 29 41 58 57
0 0 0 31 22 32 32 83
0 0 0 7 42 23 19 109
0 0 0 8 16 39 21 116
0 0 0 0 19 14 45 122
0 0 3 1 4 16 10 166
0 0 2 30 4 4 12 148
0 0 0 8 53 10 4 125
0 0 3 4 19 58 2 114
0 0 3 14 4 22 45 112
0 0 2 29 25 3 10 131
0 0 0 21 51 22 4 102
0 0 8 5 31 33 24 99
0 0 17 52 5 15 29 82
0 0 19 91 31 6 2 51
0 0 8 86 65 15 2 24
0 0 9 45 89 39 8 10
0 0 5 99 34 34 13 15
0 0 13 36 87 21 28 15
0 0 4 68 34 52 12 30
0 0 4 27 64 22 43 40
0 0 1 12 46 58 24 59
0 0 1 6 31 47 43 72
0 0 1 5 6 23 35 130
0 0 0 7 5 6 25 157
0 0 1 4 13 12 5 165
0 0 0 5 8 8 11 168
0 0 9 4 10 10 12 155
0 0 0 54 3 7 5 131
0 0 0 7 70 3 4 116
0 0 10 11 8 57 4 110
0 0 6 51 12 13 43 75
0 0 1 33 61 2 7 96
0 0 2 36 34 49 5 74
0 0 0 9 44 36 52 59
0 0 1 6 6 42 29 116
0 0 0 17 7 16 46 114
0 0 0 7 25 8 10 150
0 0 0 8 20 21 12 139
0 0 5 8 15 16 26 130
0 0 1 33 12 13 17 124
0 0 1 9 38 11 6 135
0 0 18 40 10 31 6 95
0 0 3 95 28 5 20 49
0 0 9 31 95 18 5 42
0 0 5 46 48 69 3 29

# Antibody prevalence values
0 0 0 0 0 17 0 32 0 64 1 12 0 5 59 10
0 0 0 0 0 8 2 73 6 30 21 15 2 1 38 4
0 0 0 0 0 0 0 53 33 56 13 5 12 0 27 1
0 0 0 0 0 2 1 19 23 48 43 10 12 0 42 0
0 0 0 0 0 3 0 14 6 27 39 25 41 3 41 1
0 0 0 0 0 0 0 25 0 28 5 30 22 23 62 5
0 0 0 0 0 0 0 7 0 31 1 15 4 24 101 17
0 0 0 0 0 0 0 5 1 16 6 31 11 8 107 15
0 0 0 0 0 0 0 1 0 12 2 10 18 37 93 27
0 0 0 0 0 6 0 2 0 2 0 22 3 12 108 45
0 0 0 0 0 0 0 33 0 7 0 4 0 17 90 49
0 0 0 0 0 0 0 7 1 55 0 2 0 2 93 40
0 0 0 0 0 5 0 0 3 12 18 42 2 2 82 34
0 0 0 0 0 5 0 17 0 10 1 8 17 32 90 20
0 0 0 0 0 1 0 31 0 32 0 2 0 10 78 46
0 0 0 0 0 1 0 22 0 49 0 18 0 3 60 47
0 0 0 0 0 9 0 8 0 15 0 32 0 24 58 54
0 0 0 0 0 15 0 46 0 7 0 20 0 32 43 37
0 0 0 0 0 23 0 85 0 40 0 4 0 2 21 25
0 0 0 0 0 9 3 97 17 45 8 6 0 0 13 2
0 0 0 0 0 22 3 38 32 53 25 10 7 0 10 0
0 0 0 0 0 7 2 85 15 22 33 6 20 0 10 0
0 0 0 0 0 5 0 36 35 53 20 3 26 1 21 0
0 0 0 0 0 2 1 48 21 35 48 8 12 1 24 0
0 0 0 0 0 3 0 25 23 59 29 1 33 1 26 0
0 0 0 0 0 1 1 17 13 23 49 17 16 1 62 0
0 0 0 0 0 0 1 5 2 31 11 21 48 4 76 1
0 0 0 0 0 0 0 5 0 13 6 17 24 8 121 6
0 0 0 0 0 0 0 5 0 4 1 9 10 21 138 12
0 0 0 0 0 1 0 6 1 17 1 10 1 3 134 26
0 0 0 0 0 0 0 6 0 11 1 16 0 3 127 36
0 0 0 0 0 8 0 4 2 9 0 10 0 17 110 40
0 0 0 0 0 0 0 41 0 9 0 4 0 9 96 41
0 0 0 0 0 0 0 11 11 63 4 1 2 1 84 23
0 0 0 0 0 4 0 3 0 14 34 34 3 1 102 5
0 0 0 0 0 4 0 64 0 8 4 4 16 20 75 5
0 0 0 0 0 4 1 25 11 58 1 2 5 1 79 13
0 0 0 0 0 2 0 24 6 38 35 28 1 3 57 6
0 0 0 0 0 0 0 10 1 39 7 36 22 23 52 10
0 0 0 0 0 0 0 4 0 15 1 34 9 17 88 32
0 0 0 0 0 0 0 23 0 3 0 6 1 36 83 48
0 0 0 0 0 0 0 11 1 35 0 7 0 13 64 69
0 0 0 0 0 1 0 7 1 12 2 23 1 11 68 74
0 0 0 0 0 3 0 6 0 6 2 16 3 14 64 86
0 0 0 0 0 0 0 37 0 3 0 14 2 8 57 79
0 0 0 0 0 2 0 8 1 40 0 11 0 14 43 81
0 0 0 0 0 15 0 36 0 10 0 43 0 8 35 53
0 0 0 0 0 3 0 83 0 50 0 2 0 18 22 22
0 0 0 0 0 6 0 38 21 66 8 10 1 0 34 16
0 0 0 0 0 6 1 49 8 35 24 36 7 6 26 2

# Average weight-at-age
70
94
115
134
150
160
165
168

# Maturity logistic function parameter age-at-50%
3

# Maturity logistic function parameter age-at-95%
4

# Infection prevalence index (avg of 3 different samples)
0.116666666666667
0.0333333333333333
0.0388888888888889
0
0
0.00555555555555556
0.0444444444444444
0
0
0
0.0166666666666667
0
0
0
0
0
0
0
0.183333333333333
0.1
0.0166666666666667
0.0111111111111111
0.133333333333333
0.05
0.133333333333333
0
0
0
0
0
0
0
0
0.0222222222222222
0
0
0.00555555555555556
0
0
0
0
0
0
0
0
0
0
0
0.1
0

# Simulated data from SIR age-structured hybrid model
# random seed = 9283815
# Flag=0 if no issues, =1 if negative pop #'s, =2 if NaN, or=3 if NA. Flag:
0

# Number of years (nyr)
50

# Starting age
0

# Ending age
8

# Sample size for comp data
200

# Sample size for fishery age comp data
200

# Sample size for antibody prevalence data
200

# Survey data
106859.185668941
152200.275004175
81214.9749126413
93658.1624827426
74809.3167521516
47289.6044166952
39762.5718552751
27292.3241305276
37856.420448367
44644.1778254325
28114.0539009993
25816.3018543837
13771.4360812142
27988.3637936539
10441.1830166013
12883.520341897
13133.9790731697
13963.6500614961
26999.0905934252
40766.0528532306
31341.2651664611
27168.0600540466
26866.2392394176
20846.7825376402
19120.2535669634
12990.4490933294
11481.9976569894
16619.1580460485
8366.90948079805
11009.6208376961
12947.8708976599
18702.4989094486
18337.2708083748
30683.216737316
13589.7671723874
17490.4525616924
14507.2303446154
13390.6201029989
38788.5022240801
56480.074134515
43053.1405512183
49599.1573486497
48038.0057396629
92318.6941866375
50648.0715656179
38138.721944915
33832.5612864421
34663.5294663336
21592.5830108674
17689.1050635909

# Catches
0
0
0
0
0
0
0
0
0
0
0
0
0
0
0
0
0
0
0
0
0
0
0
0
0
0
0
0
0
0
0
0
0
0
0
0
0
0
0
0
0
0
0
0
0
0
0
0
0
0

# Catch compositions
-999 -999 -999 -999 -999 -999 -999 -999
-999 -999 -999 -999 -999 -999 -999 -999
-999 -999 -999 -999 -999 -999 -999 -999
-999 -999 -999 -999 -999 -999 -999 -999
-999 -999 -999 -999 -999 -999 -999 -999
-999 -999 -999 -999 -999 -999 -999 -999
-999 -999 -999 -999 -999 -999 -999 -999
-999 -999 -999 -999 -999 -999 -999 -999
-999 -999 -999 -999 -999 -999 -999 -999
-999 -999 -999 -999 -999 -999 -999 -999
-999 -999 -999 -999 -999 -999 -999 -999
-999 -999 -999 -999 -999 -999 -999 -999
-999 -999 -999 -999 -999 -999 -999 -999
-999 -999 -999 -999 -999 -999 -999 -999
-999 -999 -999 -999 -999 -999 -999 -999
-999 -999 -999 -999 -999 -999 -999 -999
-999 -999 -999 -999 -999 -999 -999 -999
-999 -999 -999 -999 -999 -999 -999 -999
-999 -999 -999 -999 -999 -999 -999 -999
-999 -999 -999 -999 -999 -999 -999 -999
-999 -999 -999 -999 -999 -999 -999 -999
-999 -999 -999 -999 -999 -999 -999 -999
-999 -999 -999 -999 -999 -999 -999 -999
-999 -999 -999 -999 -999 -999 -999 -999
-999 -999 -999 -999 -999 -999 -999 -999
-999 -999 -999 -999 -999 -999 -999 -999
-999 -999 -999 -999 -999 -999 -999 -999
-999 -999 -999 -999 -999 -999 -999 -999
-999 -999 -999 -999 -999 -999 -999 -999
-999 -999 -999 -999 -999 -999 -999 -999
-999 -999 -999 -999 -999 -999 -999 -999
-999 -999 -999 -999 -999 -999 -999 -999
-999 -999 -999 -999 -999 -999 -999 -999
-999 -999 -999 -999 -999 -999 -999 -999
-999 -999 -999 -999 -999 -999 -999 -999
-999 -999 -999 -999 -999 -999 -999 -999
-999 -999 -999 -999 -999 -999 -999 -999
-999 -999 -999 -999 -999 -999 -999 -999
-999 -999 -999 -999 -999 -999 -999 -999
-999 -999 -999 -999 -999 -999 -999 -999
-999 -999 -999 -999 -999 -999 -999 -999
-999 -999 -999 -999 -999 -999 -999 -999
-999 -999 -999 -999 -999 -999 -999 -999
-999 -999 -999 -999 -999 -999 -999 -999
-999 -999 -999 -999 -999 -999 -999 -999
-999 -999 -999 -999 -999 -999 -999 -999
-999 -999 -999 -999 -999 -999 -999 -999
-999 -999 -999 -999 -999 -999 -999 -999
-999 -999 -999 -999 -999 -999 -999 -999
-999 -999 -999 -999 -999 -999 -999 -999

# Age composition from fishery-independent survey
0 0 3 56 48 29 32 32
0 0 1 16 70 26 28 59
0 0 4 7 29 58 30 72
0 0 1 10 22 31 45 91
0 0 0 1 19 14 24 142
0 0 0 4 1 16 15 164
0 0 0 3 11 6 14 166
0 0 0 5 6 12 3 174
0 0 2 6 20 4 8 160
0 0 0 7 9 13 5 166
0 0 1 4 19 8 25 143
0 0 0 14 9 17 7 153
0 0 3 16 21 8 12 140
0 0 1 24 24 11 7 133
0 0 7 9 21 16 18 129
0 0 5 44 11 25 14 101
0 0 9 29 60 10 20 72
0 0 11 62 30 32 3 62
0 0 7 67 53 29 20 24
0 0 3 38 86 27 12 34
0 0 2 24 60 53 25 36
0 0 2 12 33 56 43 54
0 0 0 21 23 37 40 79
0 0 1 3 34 21 39 102
0 0 2 14 20 33 15 116
0 0 2 6 11 12 26 143
0 0 4 10 20 19 11 136
0 0 2 26 20 20 12 120
0 0 0 15 28 11 17 129
0 0 3 3 30 36 6 122
0 0 9 24 7 31 29 100
0 0 8 72 26 3 15 76
0 0 2 84 57 15 3 39
0 0 2 49 82 32 7 28
0 0 0 14 48 70 40 28
0 0 1 13 18 49 62 57
0 0 7 16 11 23 44 99
0 0 34 24 13 6 14 109
0 0 5 133 13 7 5 37
0 0 1 43 124 8 3 21
0 0 1 27 57 82 8 25
0 0 0 23 31 44 80 22
0 0 3 16 48 28 37 68
0 0 7 9 30 32 29 93
0 0 0 17 20 28 25 110
0 0 2 3 41 8 19 127
0 0 0 9 6 32 15 138
0 0 5 12 16 9 29 129
0 0 1 34 19 13 2 131
0 0 2 5 58 6 10 119

# Antibody prevalence values
0 0 0 0 0 2 0 61 13 27 28 6 30 1 32 0
0 0 0 0 0 1 0 20 26 39 26 4 31 1 52 0
0 0 0 0 0 0 0 13 11 14 52 14 29 0 66 1
0 0 0 0 0 0 0 11 0 22 6 20 52 11 78 0
0 0 0 0 0 0 1 3 1 7 4 11 15 15 138 5
0 0 0 0 0 1 0 1 0 4 3 14 5 15 138 19
0 0 0 0 0 2 0 3 0 11 0 3 3 14 141 23
0 0 0 0 0 0 0 8 0 5 1 7 0 3 152 24
0 0 0 0 0 3 0 3 0 13 0 8 0 7 129 37
0 0 0 0 0 1 0 16 0 12 0 14 0 5 122 30
0 0 0 0 0 2 0 1 0 23 0 6 2 10 123 33
0 0 0 0 0 0 0 17 0 3 0 18 0 5 110 47
0 0 0 0 0 2 0 25 0 23 0 3 0 10 94 43
0 0 0 0 0 1 0 24 0 23 0 22 0 3 66 61
0 0 0 0 0 8 0 3 0 38 0 21 0 14 61 55
0 0 0 0 0 5 1 43 2 10 5 24 2 15 49 44
0 0 0 0 0 4 0 29 1 52 1 7 3 11 54 38
0 0 0 0 0 15 1 70 3 24 15 13 2 3 42 12
0 0 0 0 0 12 0 68 7 55 4 13 7 8 19 7
0 0 0 0 0 1 1 35 22 65 18 14 7 1 30 6
0 0 0 0 0 0 0 30 15 42 38 23 17 5 29 1
0 0 0 0 0 1 0 6 4 29 23 34 32 13 49 9
0 0 0 0 0 3 0 26 1 13 15 17 23 22 76 4
0 0 0 0 0 0 0 16 0 35 2 10 11 18 78 30
0 0 0 0 0 0 0 11 0 24 0 24 1 6 90 44
0 0 0 0 0 0 0 10 1 12 2 16 0 25 83 51
0 0 0 0 0 5 0 13 1 21 1 14 0 15 75 55
0 0 0 0 0 0 0 18 1 16 2 12 1 14 77 59
0 0 0 0 0 0 0 26 0 35 0 21 0 11 55 52
0 0 0 0 0 5 0 6 0 32 1 24 2 8 56 66
0 0 0 0 0 7 0 26 0 6 2 18 3 28 47 63
0 0 0 0 0 19 0 51 0 30 0 3 1 16 38 42
0 0 0 0 0 5 0 69 13 55 13 8 0 1 29 7
0 0 0 0 0 4 0 29 18 53 29 24 8 2 27 6
0 0 0 0 0 0 0 17 14 41 48 12 32 2 33 1
0 0 0 0 0 0 0 5 1 20 20 35 41 19 55 4
0 0 0 0 0 3 0 11 0 10 0 24 12 45 73 22
0 0 0 0 0 35 0 31 0 10 0 5 1 18 67 33
0 0 0 0 0 9 0 119 0 10 0 10 0 3 28 21
0 0 0 0 0 5 0 59 34 68 9 1 5 0 18 1
0 0 0 0 0 5 0 15 24 38 80 10 8 0 20 0
0 0 0 0 0 3 0 32 13 27 19 17 67 6 16 0
0 0 0 0 0 1 0 25 6 34 14 18 30 9 61 2
0 0 0 0 0 4 0 6 3 41 10 21 15 18 74 8
0 0 0 0 0 1 0 18 0 17 1 27 9 20 82 25
0 0 0 0 0 1 0 3 7 27 4 3 15 13 106 21
0 0 0 0 0 0 0 10 0 10 2 36 8 7 111 16
0 0 0 0 0 3 0 13 0 18 0 3 6 18 108 31
0 0 0 0 0 2 0 36 0 11 1 18 1 4 82 45
0 0 0 0 0 4 0 10 7 39 3 9 6 4 87 31

# Average weight-at-age
70
94
115
134
150
160
165
168

# Maturity logistic function parameter age-at-50%
3

# Maturity logistic function parameter age-at-95%
4

# Infection prevalence index (avg of 3 different samples)
0
0.0111111111111111
0
0.00555555555555556
0
0
0
0
0
0
0
0
0
0
0.00555555555555556
0
0.00555555555555556
0
0.0166666666666667
0.0277777777777778
0.00555555555555556
0.0111111111111111
0
0
0
0.00555555555555556
0
0
0.00555555555555556
0
0
0.0611111111111111
0.00555555555555556
0.116666666666667
0
0
0
0
0
0
0.0277777777777778
0.0111111111111111
0
0
0.0722222222222222
0
0
0
0.0277777777777778
0

