# Simulated data from SIR age-structured hybrid model
# random seed = 385484
# Flag=0 if no issues, =1 if negative pop #'s, =2 if NaN, or=3 if NA. Flag:
0

# Number of years (nyr)
50

# Starting age
0

# Ending age
8

# Sample size for comp data
200

# Sample size for fishery age comp data
200

# Sample size for antibody prevalence data
200

# Survey data
4222.58624621525
6894.87121126221
7772.85427819735
10434.7800727434
8188.16594252333
5821.5815405834
4801.71754184463
6183.12537364669
8911.70264028872
5346.6382734503
3633.78054192919
5480.55835622457
5101.05921147234
7923.07540533963
6999.90212663356
14605.8006407077
28935.734727554
34412.5665277007
32336.5206866774
22347.0478102644
15074.5594159674
15688.0811877858
19361.137630669
20333.5898598537
16435.9432658183
9158.76802849807
9085.44628987296
7655.03485791063
11836.8450496347
20475.1001785282
10260.2497373798
17269.7382116754
13168.6743465332
19782.6379325314
55421.3965509646
84738.5374121783
36221.8482409205
29666.8608239796
20891.8006891608
26988.4075685837
35557.3261083674
33346.7691277592
31292.3804055786
21240.9533632355
20481.9148825352
12358.0732053143
9414.24247105295
10796.7162552219
7412.02897490536
8497.97038864136

# Catches
0
0
0
0
0
0
0
0
0
0
0
0
0
0
0
0
0
0
0
0
0
0
0
0
0
0
0
0
0
0
0
0
0
0
0
0
0
0
0
0
0
0
0
0
0
0
0
0
0
0

# Catch compositions
-999 -999 -999 -999 -999 -999 -999 -999
-999 -999 -999 -999 -999 -999 -999 -999
-999 -999 -999 -999 -999 -999 -999 -999
-999 -999 -999 -999 -999 -999 -999 -999
-999 -999 -999 -999 -999 -999 -999 -999
-999 -999 -999 -999 -999 -999 -999 -999
-999 -999 -999 -999 -999 -999 -999 -999
-999 -999 -999 -999 -999 -999 -999 -999
-999 -999 -999 -999 -999 -999 -999 -999
-999 -999 -999 -999 -999 -999 -999 -999
-999 -999 -999 -999 -999 -999 -999 -999
-999 -999 -999 -999 -999 -999 -999 -999
-999 -999 -999 -999 -999 -999 -999 -999
-999 -999 -999 -999 -999 -999 -999 -999
-999 -999 -999 -999 -999 -999 -999 -999
-999 -999 -999 -999 -999 -999 -999 -999
-999 -999 -999 -999 -999 -999 -999 -999
-999 -999 -999 -999 -999 -999 -999 -999
-999 -999 -999 -999 -999 -999 -999 -999
-999 -999 -999 -999 -999 -999 -999 -999
-999 -999 -999 -999 -999 -999 -999 -999
-999 -999 -999 -999 -999 -999 -999 -999
-999 -999 -999 -999 -999 -999 -999 -999
-999 -999 -999 -999 -999 -999 -999 -999
-999 -999 -999 -999 -999 -999 -999 -999
-999 -999 -999 -999 -999 -999 -999 -999
-999 -999 -999 -999 -999 -999 -999 -999
-999 -999 -999 -999 -999 -999 -999 -999
-999 -999 -999 -999 -999 -999 -999 -999
-999 -999 -999 -999 -999 -999 -999 -999
-999 -999 -999 -999 -999 -999 -999 -999
-999 -999 -999 -999 -999 -999 -999 -999
-999 -999 -999 -999 -999 -999 -999 -999
-999 -999 -999 -999 -999 -999 -999 -999
-999 -999 -999 -999 -999 -999 -999 -999
-999 -999 -999 -999 -999 -999 -999 -999
-999 -999 -999 -999 -999 -999 -999 -999
-999 -999 -999 -999 -999 -999 -999 -999
-999 -999 -999 -999 -999 -999 -999 -999
-999 -999 -999 -999 -999 -999 -999 -999
-999 -999 -999 -999 -999 -999 -999 -999
-999 -999 -999 -999 -999 -999 -999 -999
-999 -999 -999 -999 -999 -999 -999 -999
-999 -999 -999 -999 -999 -999 -999 -999
-999 -999 -999 -999 -999 -999 -999 -999
-999 -999 -999 -999 -999 -999 -999 -999
-999 -999 -999 -999 -999 -999 -999 -999
-999 -999 -999 -999 -999 -999 -999 -999
-999 -999 -999 -999 -999 -999 -999 -999
-999 -999 -999 -999 -999 -999 -999 -999

# Age composition from fishery-independent survey
0 0 2 19 21 32 55 71
0 0 2 12 36 18 41 91
0 0 6 23 28 28 16 99
0 0 5 55 24 18 20 78
0 0 3 37 52 23 7 78
0 0 2 35 51 41 15 56
0 0 2 27 35 37 28 71
0 0 0 18 64 29 33 56
0 0 1 37 15 41 21 85
0 0 0 9 57 18 27 89
0 0 4 14 6 61 10 105
0 0 22 13 16 4 44 101
0 0 7 85 18 15 3 72
0 0 10 54 82 7 5 42
0 0 24 60 55 41 2 18
0 0 25 111 37 15 10 2
0 0 6 135 54 2 0 3
0 0 9 40 125 19 3 4
0 0 8 63 58 45 15 11
0 0 10 77 47 12 37 17
0 0 2 63 74 7 14 40
0 0 5 39 78 28 13 37
0 0 4 35 64 35 20 42
0 0 20 52 36 21 30 41
0 0 0 93 51 14 8 34
0 0 7 15 114 14 9 41
0 0 0 74 18 40 12 56
0 0 11 12 85 12 40 40
0 0 9 77 4 39 7 64
0 0 17 48 67 3 30 35
0 0 15 101 33 24 0 27
0 0 1 75 82 9 6 27
0 0 8 36 93 25 9 29
0 0 75 49 23 29 8 16
0 0 8 171 11 1 4 5
0 0 4 49 137 1 2 7
0 0 6 53 76 57 2 6
0 0 10 54 54 20 47 15
0 0 24 50 56 20 10 40
0 0 3 125 37 10 4 21
0 0 3 25 119 11 6 36
0 0 6 54 30 57 14 39
0 0 2 63 51 14 24 46
0 0 0 20 71 13 9 87
0 0 4 20 24 34 17 101
0 0 1 9 38 32 33 87
0 0 0 4 21 31 38 106
0 0 3 3 6 18 29 141
0 0 2 22 2 5 21 148
0 0 8 26 28 3 4 131

# Antibody prevalence values
0 0 0 0 0 1 0 29 0 27 1 32 3 48 14 45
0 0 0 0 0 6 0 21 0 37 0 18 0 28 9 81
0 0 0 0 0 6 0 18 0 29 0 45 0 9 12 81
0 0 0 0 0 4 0 39 0 38 0 22 0 25 5 67
0 0 0 0 0 7 0 33 0 63 0 18 0 14 3 62
0 0 0 0 0 3 0 25 0 61 0 37 0 10 7 57
0 0 0 0 0 2 0 39 0 34 0 42 0 28 2 53
0 0 0 0 0 4 0 12 0 43 0 27 1 38 4 71
0 0 0 0 0 0 0 41 1 15 0 37 0 29 0 77
0 0 0 0 0 2 0 6 0 57 1 16 1 33 6 78
0 0 0 0 0 0 0 8 0 7 2 55 0 13 9 106
0 0 0 0 0 16 0 12 0 24 0 10 1 46 6 85
0 0 0 0 0 7 0 97 0 10 0 10 0 7 2 67
0 0 0 0 0 8 1 50 4 102 0 7 0 4 4 20
0 0 0 0 0 21 0 62 1 54 10 31 1 2 9 9
0 0 0 0 0 15 0 113 1 44 0 11 5 5 4 2
0 0 0 0 0 2 0 124 11 47 1 3 4 0 8 0
0 0 0 0 0 4 0 40 21 108 11 5 4 1 6 0
0 0 0 0 0 11 0 54 6 60 28 17 16 0 8 0
0 0 0 0 0 8 1 72 1 45 5 12 33 3 20 0
0 0 0 0 0 2 1 75 7 73 6 3 3 5 24 1
0 0 0 0 0 6 0 47 11 68 17 9 6 0 35 1
0 0 0 0 0 11 0 33 3 55 14 16 11 6 51 0
0 0 0 0 0 22 0 42 2 37 6 34 6 11 40 0
0 0 0 0 0 2 0 99 0 33 5 5 7 6 39 4
0 0 0 0 0 10 0 11 15 100 9 8 6 3 37 1
0 0 0 0 0 1 1 64 4 12 22 27 14 3 49 3
0 0 0 0 0 12 0 6 2 90 1 8 18 21 41 1
0 0 0 0 0 18 0 65 1 14 10 24 2 0 59 7
0 0 0 0 0 8 0 36 1 80 0 5 10 20 36 4
0 0 0 0 0 6 1 89 4 37 8 11 1 1 37 5
0 0 0 0 0 3 0 69 6 81 9 4 6 3 19 0
0 0 0 0 0 7 0 28 5 87 12 13 12 2 34 0
0 0 0 0 0 78 0 42 2 20 17 12 10 1 18 0
0 0 0 0 0 6 1 168 2 7 1 0 5 0 10 0
0 0 0 0 0 2 1 44 17 125 2 0 2 0 7 0
0 0 0 0 0 4 1 53 13 65 39 13 3 0 9 0
0 0 0 0 0 9 0 69 7 32 19 9 43 2 10 0
0 0 0 0 0 22 1 62 7 44 11 2 13 1 37 0
0 0 0 0 0 4 1 111 2 41 7 5 6 0 23 0
0 0 0 0 0 6 1 22 18 115 6 3 9 0 20 0
0 0 0 0 0 4 0 52 7 27 33 11 15 0 51 0
0 0 0 0 0 4 0 51 6 39 7 9 31 2 51 0
0 0 0 0 0 0 0 19 3 65 9 14 5 3 81 1
0 0 0 0 0 1 0 14 3 44 9 22 10 1 94 2
0 0 0 0 0 0 0 9 0 35 2 28 10 19 90 7
0 0 0 0 0 1 0 1 0 17 0 29 2 18 97 35
0 0 0 0 0 4 0 2 0 5 0 18 0 23 108 40
0 0 0 0 0 6 0 13 0 8 0 4 0 14 77 78
0 0 0 0 0 10 0 30 0 36 0 5 1 1 53 64

# Average weight-at-age
70
94
115
134
150
160
165
168

# Maturity logistic function parameter age-at-50%
3

# Maturity logistic function parameter age-at-95%
4

# Infection prevalence index (avg of 3 different samples)
0
0
0
0
0
0
0
0.00555555555555556
0
0
0
0
0
0
0
0.0888888888888889
0.411111111111111
0.416666666666667
0.1
0.227777777777778
0.0944444444444444
0.172222222222222
0
0
0.05
0.194444444444444
0
0.138888888888889
0.00555555555555556
0.0666666666666667
0.177777777777778
0.0666666666666667
0
0.261111111111111
0.00555555555555556
0.416666666666667
0.233333333333333
0.177777777777778
0.0611111111111111
0.00555555555555556
0.0277777777777778
0.0166666666666667
0.133333333333333
0
0
0
0
0
0.00555555555555556
0

