# Simulated data from SIR age-structured hybrid model
# random seed = 3021858
# Flag=0 if no issues, =1 if negative pop #'s, =2 if NaN, or=3 if NA. Flag:
0

# Number of years (nyr)
50

# Starting age
0

# Ending age
8

# Sample size for comp data
200

# Sample size for fishery age comp data
200

# Sample size for antibody prevalence data
200

# Survey data
21130.3108225143
47340.1255477274
16771.592913639
9259.62271448437
17764.4109500432
19722.0156775316
16027.1204553481
17210.4708225182
12803.6175838607
9537.2778980506
11545.5015241138
7223.98181528793
7774.58794744258
7832.12618228684
13939.0031848067
11767.0749397271
13498.9246580404
6216.24692209197
24328.9921908473
14145.7718705379
18481.100150566
34803.9165100825
25228.276190957
33194.5105620191
24782.3514663498
26134.3565642684
20730.1965409396
19452.5606566277
9312.17934038263
11570.0978954235
13547.2052703739
9397.84330722603
6956.42634198635
19660.7359988455
23709.3565320649
32859.5906154087
48634.8808080479
58248.3110626495
59759.7779119249
39705.0820941112
41678.6921450411
26408.2161855337
12866.1856170301
15641.5000958588
16016.9801273839
10193.3723820065
25810.5451202094
16733.4126570829
25716.3791579179
48022.0154236238

# Catches
0
0
0
0
0
0
0
0
0
0
0
0
0
0
0
0
0
0
0
0
0
0
0
0
0
0
0
0
0
0
0
0
0
0
0
0
0
0
0
0
0
0
0
0
0
0
0
0
0
0

# Catch compositions
-999 -999 -999 -999 -999 -999 -999 -999
-999 -999 -999 -999 -999 -999 -999 -999
-999 -999 -999 -999 -999 -999 -999 -999
-999 -999 -999 -999 -999 -999 -999 -999
-999 -999 -999 -999 -999 -999 -999 -999
-999 -999 -999 -999 -999 -999 -999 -999
-999 -999 -999 -999 -999 -999 -999 -999
-999 -999 -999 -999 -999 -999 -999 -999
-999 -999 -999 -999 -999 -999 -999 -999
-999 -999 -999 -999 -999 -999 -999 -999
-999 -999 -999 -999 -999 -999 -999 -999
-999 -999 -999 -999 -999 -999 -999 -999
-999 -999 -999 -999 -999 -999 -999 -999
-999 -999 -999 -999 -999 -999 -999 -999
-999 -999 -999 -999 -999 -999 -999 -999
-999 -999 -999 -999 -999 -999 -999 -999
-999 -999 -999 -999 -999 -999 -999 -999
-999 -999 -999 -999 -999 -999 -999 -999
-999 -999 -999 -999 -999 -999 -999 -999
-999 -999 -999 -999 -999 -999 -999 -999
-999 -999 -999 -999 -999 -999 -999 -999
-999 -999 -999 -999 -999 -999 -999 -999
-999 -999 -999 -999 -999 -999 -999 -999
-999 -999 -999 -999 -999 -999 -999 -999
-999 -999 -999 -999 -999 -999 -999 -999
-999 -999 -999 -999 -999 -999 -999 -999
-999 -999 -999 -999 -999 -999 -999 -999
-999 -999 -999 -999 -999 -999 -999 -999
-999 -999 -999 -999 -999 -999 -999 -999
-999 -999 -999 -999 -999 -999 -999 -999
-999 -999 -999 -999 -999 -999 -999 -999
-999 -999 -999 -999 -999 -999 -999 -999
-999 -999 -999 -999 -999 -999 -999 -999
-999 -999 -999 -999 -999 -999 -999 -999
-999 -999 -999 -999 -999 -999 -999 -999
-999 -999 -999 -999 -999 -999 -999 -999
-999 -999 -999 -999 -999 -999 -999 -999
-999 -999 -999 -999 -999 -999 -999 -999
-999 -999 -999 -999 -999 -999 -999 -999
-999 -999 -999 -999 -999 -999 -999 -999
-999 -999 -999 -999 -999 -999 -999 -999
-999 -999 -999 -999 -999 -999 -999 -999
-999 -999 -999 -999 -999 -999 -999 -999
-999 -999 -999 -999 -999 -999 -999 -999
-999 -999 -999 -999 -999 -999 -999 -999
-999 -999 -999 -999 -999 -999 -999 -999
-999 -999 -999 -999 -999 -999 -999 -999
-999 -999 -999 -999 -999 -999 -999 -999
-999 -999 -999 -999 -999 -999 -999 -999
-999 -999 -999 -999 -999 -999 -999 -999

# Age composition from fishery-independent survey
0 0 3 7 41 44 14 91
0 0 4 16 13 28 31 108
0 0 3 17 38 9 18 115
0 0 3 20 35 19 8 115
0 0 1 12 33 37 18 99
0 0 1 10 27 23 21 118
0 0 3 13 14 19 24 127
0 0 8 34 10 12 15 121
0 0 1 51 47 14 8 79
0 0 0 16 59 31 7 87
0 0 2 4 24 71 31 68
0 0 3 15 9 14 54 105
0 0 3 26 24 5 21 121
0 0 4 24 29 17 5 121
0 0 5 47 27 27 12 82
0 0 4 35 51 27 19 64
0 0 15 23 42 41 18 61
0 0 5 72 33 23 25 42
0 0 7 31 77 19 24 42
0 0 10 34 46 59 15 36
0 0 19 63 41 13 33 31
0 0 5 90 42 19 11 33
0 0 3 29 105 28 6 29
0 0 0 14 37 88 29 32
0 0 1 6 27 30 83 53
0 0 6 12 11 22 25 124
0 0 0 35 14 11 22 118
0 0 0 6 51 13 8 122
0 0 2 9 11 62 12 104
0 0 6 22 20 8 44 100
0 0 1 23 42 10 10 114
0 0 10 7 34 27 8 114
0 0 3 63 11 16 18 89
0 0 11 33 85 5 10 56
0 0 16 66 21 49 6 42
0 0 13 90 58 7 20 12
0 0 1 58 90 28 8 15
0 0 3 8 68 79 23 19
0 0 4 23 11 71 54 37
0 0 0 28 35 8 48 81
0 0 0 3 57 23 10 107
0 0 0 5 2 37 22 134
0 0 9 9 10 7 41 124
0 0 2 43 9 16 4 126
0 0 0 15 60 7 7 111
0 0 9 7 23 66 9 86
0 0 4 60 11 20 35 70
0 0 7 17 78 10 9 79
0 0 23 53 20 47 8 49
0 0 3 99 41 16 22 19

# Antibody prevalence values
0 0 0 0 0 3 0 5 5 30 17 21 10 8 96 5
0 0 0 0 0 2 0 22 0 15 4 28 12 22 77 18
0 0 0 0 0 3 0 17 0 38 0 10 3 21 71 37
0 0 0 0 0 2 0 16 1 35 0 28 0 8 72 38
0 0 0 0 0 4 0 7 2 28 6 23 7 17 75 31
0 0 0 0 0 0 0 4 0 22 5 26 2 25 79 37
0 0 0 0 0 6 0 11 1 16 0 20 3 15 78 50
0 0 0 0 0 10 0 30 1 9 2 4 2 9 66 67
0 0 0 0 0 3 0 46 1 32 5 12 0 3 60 38
0 0 0 0 0 1 0 13 6 60 13 22 4 2 61 18
0 0 0 0 0 0 0 3 4 16 8 53 9 25 65 17
0 0 0 0 0 4 0 9 0 5 1 20 14 48 54 45
0 0 0 0 0 1 0 27 0 21 0 4 0 19 65 63
0 0 0 0 0 3 0 29 1 27 0 14 0 6 62 58
0 0 0 0 0 3 0 51 0 32 0 23 1 10 32 48
0 0 0 0 0 2 0 40 0 48 0 25 1 9 22 53
0 0 0 0 0 10 0 32 2 39 1 35 1 18 28 34
0 0 0 0 0 5 2 65 1 36 4 31 1 12 10 33
0 0 0 0 0 6 1 29 22 60 19 9 10 3 30 11
0 0 0 0 0 14 0 37 3 36 26 31 14 4 25 10
0 0 0 0 0 12 0 60 1 48 5 16 17 13 16 12
0 0 0 0 0 7 2 93 14 33 10 8 7 2 22 2
0 0 0 0 0 0 0 27 33 67 31 5 10 0 25 2
0 0 0 0 0 1 0 9 12 32 71 12 23 0 40 0
0 0 0 0 0 2 0 7 1 28 8 24 79 13 37 1
0 0 0 0 0 9 0 5 0 11 0 22 11 19 108 15
0 0 0 0 0 1 0 44 0 15 0 7 1 15 82 35
0 0 0 0 0 0 0 12 4 52 3 12 1 2 77 37
0 0 0 0 0 1 0 7 1 13 17 32 8 5 98 18
0 0 0 0 0 2 0 22 1 15 0 9 17 30 83 21
0 0 0 0 0 1 0 20 0 34 0 10 1 10 92 32
0 0 0 0 0 12 0 6 0 27 1 36 0 12 68 38
0 0 0 0 0 2 0 71 1 10 0 22 1 25 36 32
0 0 0 0 0 12 0 20 22 63 4 3 8 2 54 12
0 0 0 0 0 28 1 69 4 10 28 21 1 0 32 6
0 0 0 0 0 10 1 90 14 39 8 0 18 4 15 1
0 0 0 0 0 3 1 52 36 55 19 4 6 0 24 0
0 0 0 0 0 2 0 6 30 43 59 11 24 1 24 0
0 0 0 0 0 8 0 16 6 12 35 20 69 3 31 0
0 0 0 0 0 0 0 25 1 25 4 13 31 10 86 5
0 0 0 0 0 0 0 2 0 43 3 31 4 7 97 13
0 0 0 0 0 2 0 6 0 7 7 29 7 23 102 17
0 0 0 0 0 7 0 5 0 10 0 4 8 27 99 40
0 0 0 0 0 5 0 46 0 6 0 13 1 3 92 34
0 0 0 0 0 1 1 15 12 45 4 4 5 5 89 19
0 0 0 0 0 10 0 8 3 26 21 36 2 0 83 11
0 0 0 0 0 1 0 67 0 17 1 13 16 27 48 10
0 0 0 0 0 8 1 12 25 62 10 4 6 5 54 13
0 0 0 0 0 19 2 65 3 17 26 15 2 2 44 5
0 0 0 0 0 1 1 95 10 35 7 1 22 3 24 1

# Average weight-at-age
70
94
115
134
150
160
165
168

# Maturity logistic function parameter age-at-50%
3

# Maturity logistic function parameter age-at-95%
4

# Infection prevalence index (avg of 3 different samples)
0
0
0
0.00555555555555556
0
0
0.00555555555555556
0.0111111111111111
0.00555555555555556
0
0
0
0.00555555555555556
0
0
0
0
0
0
0
0.116666666666667
0.0333333333333333
0.0166666666666667
0
0
0
0
0.0833333333333333
0
0
0.00555555555555556
0
0
0.0166666666666667
0.0722222222222222
0.127777777777778
0.0666666666666667
0.0277777777777778
0
0
0
0
0
0
0.0166666666666667
0
0.0333333333333333
0.0111111111111111
0.0111111111111111
0

