# Simulated data from SIR age-structured hybrid model
# random seed = 9023987
# Flag=0 if no issues, =1 if negative pop #'s, =2 if NaN, or=3 if NA. Flag:
0

# True SSB
49085.4217806149
38651.8558041463
28563.0022916625
32001.2665031031
36370.5492437583
32778.705768502
28855.9065725645
26713.8840137544
23525.6642963466
19617.2485744312
17286.6914356505
12497.0599334852
16569.5985214775
31047.332179627
24858.517531828
19714.5129060953
20219.4906885251
20067.7216527488
19710.0919072427
18731.0241522728
17249.2157429167
19211.5924863525
19784.7153729381
16037.5754754936
15927.8762665011
16903.4082159324
22603.2185575643
22124.3690042766
25837.0140587205
38834.7715172903
42098.852542114
34728.9305902639
28311.3048557221
26943.989634574
24939.9788447658
22920.8348640303
21475.2122099965
23476.6813345541
39600.9396638727
42796.2855759197
42505.2991235546
47351.5283838551
39134.9007083736
34892.8178072312
30002.6517948127
24512.2729036483
19703.723645899
15842.5934367485
13126.774012533
12454.2555954257

# True R (numbers)
209.173460344559
164.427691386487
178.486201760082
46.3383095878334
69.072985713941
23.1319026420302
21.628092511497
45.8188869141304
24.9478449917335
149.904494052627
467.166619128771
99.2135124303515
89.8598562082531
54.8345153730366
69.0907380637896
55.5821579693589
46.5706360319544
16.3840527529248
165.13612063757
96.8125886284214
37.5464526150288
59.1001534997093
58.8588174311559
242.299496970331
134.355642846517
244.219607160198
441.540807120369
497.22664416952
119.353782974338
55.1398159704129
86.4930689616586
28.403488100597
71.696631589608
34.1114683887548
119.612595010005
668.558408511691
295.213315889038
541.534957713422
315.423963234673
48.2423691311623
65.1344858552392
12.5346983928278
15.0121141172692
1.68238617929288
12.3091927140123
8.58472700988623
61.8721583227436
44.620667558789
104.762500643332
62.0494349637867

# True infection rate given (selected) susceptible
-999 -999 0.844689748906188 0.844689748906188 0.844689748906188 0.844689748906188 0.844689748906188 0.844689748906188
-999 -999 0.738771570836831 0.738771570836832 0.738771570836832 0.738771570836831 0.738771570836831 0.738771570836832
-999 -999 0.0031919434929769 0.00319194349297833 0.00319194349297746 0.00319194349297779 0.00319194349297677 0.00319194349297754
-999 -999 0.0293410019634046 0.0293410019634038 0.0293410019634041 0.0293410019634045 0.0293410019634041 0.029341001963404
-999 -999 0.491421067909069 0.491421067909069 0.491421067909068 0.491421067909068 0.491421067909068 0.491421067909069
-999 -999 0.266542068128638 0.266542068128638 0.266542068128638 0.266542068128639 0.266542068128638 0.266542068128638
-999 -999 0.00604119788934722 0.00604119788934764 0.00604119788934639 0.00604119788934687 0.00604119788934643 0.00604119788934734
-999 -999 0.0289272875169239 0.0289272875169228 0.0289272875169226 0.028927287516923 0.0289272875169221 0.0289272875169226
-999 -999 0.0550013446419132 0.055001344641913 0.0550013446419131 0.0550013446419128 0.0550013446419137 0.0550013446419129
-999 -999 0.0244181151436728 0.024418115143672 0.0244181151436729 0.0244181151436727 0.0244181151436718 0.0244181151436731
-999 -999 0.374362719196464 0.374362719196464 0.374362719196464 0.374362719196464 0.374362719196464 0.374362719196464
-999 -999 0.00211960191915523 0.00211960191915617 0.00211960191915642 0.00211960191915588 0.0021196019191561 0.00211960191915633
-999 -999 0.00205705038527869 0.00205705038527784 0.00205705038527893 0.00205705038527815 0.00205705038527829 0.00205705038527877
-999 -999 0.869317836611649 0.869317836611649 0.869317836611649 0.869317836611649 0.869317836611649 0.869317836611649
-999 -999 0.732732771863141 0.732732771863142 0.732732771863142 0.732732771863142 0.732732771863142 0.732732771863141
-999 -999 0.00181106242311853 0.00181106242311902 0.00181106242311887 0.00181106242311935 0.00181106242311863 0.00181106242311921
-999 -999 0.00160510658632383 0.0016051065863241 0.00160510658632433 0.00160510658632378 0.00160510658632538 0.00160510658632472
-999 -999 0.00167832454839481 0.00167832454839396 0.00167832454839476 0.00167832454839482 0.00167832454839527 0.00167832454839427
-999 -999 0.00151705089773512 0.00151705089773529 0.00151705089773458 0.00151705089773446 0.00151705089773539 0.00151705089773605
-999 -999 0.00629520857569016 0.00629520857569048 0.00629520857569044 0.00629520857569082 0.00629520857568981 0.00629520857569066
-999 -999 0.0115204061605179 0.0115204061605178 0.0115204061605178 0.0115204061605178 0.0115204061605181 0.0115204061605188
-999 -999 0.308023006161618 0.308023006161618 0.308023006161617 0.308023006161617 0.308023006161618 0.308023006161617
-999 -999 0.471959252444465 0.471959252444464 0.471959252444465 0.471959252444465 0.471959252444464 0.471959252444464
-999 -999 0.00393121754186474 0.00393121754186438 0.00393121754186554 0.00393121754186561 0.00393121754186524 0.0039312175418646
-999 -999 0.00131770285462134 0.00131770285462152 0.0013177028546215 0.00131770285462098 0.00131770285462135 0.00131770285462207
-999 -999 0.00393055684353791 0.00393055684353779 0.00393055684353785 0.00393055684353738 0.003930556843538 0.00393055684353861
-999 -999 0.613095776020253 0.613095776020253 0.613095776020252 0.613095776020253 0.613095776020253 0.613095776020253
-999 -999 0.528524030874387 0.528524030874387 0.528524030874388 0.528524030874387 0.528524030874387 0.528524030874387
-999 -999 0.356057643507873 0.356057643507873 0.356057643507873 0.356057643507873 0.356057643507873 0.356057643507873
-999 -999 0.818600845207169 0.818600845207169 0.818600845207169 0.818600845207169 0.818600845207169 0.818600845207169
-999 -999 0.86183338619403 0.861833386194029 0.861833386194029 0.861833386194029 0.861833386194029 0.861833386194029
-999 -999 0.605471709708585 0.605471709708585 0.605471709708584 0.605471709708585 0.605471709708585 0.605471709708585
-999 -999 0.00187500230537856 0.00187500230537806 0.00187500230537895 0.00187500230537871 0.00187500230537848 0.00187500230537925
-999 -999 0.00127077221581378 0.00127077221581464 0.00127077221581277 0.00127077221581367 0.00127077221581396 0.0012707722158134
-999 -999 0.00292449355008208 0.0029244935500831 0.00292449355008261 0.00292449355008187 0.00292449355008251 0.0029244935500825
-999 -999 0.0032499346872884 0.00324993468728775 0.00324993468728962 0.00324993468728841 0.00324993468728923 0.00324993468728876
-999 -999 0.0384903026173294 0.0384903026173293 0.0384903026173295 0.0384903026173292 0.0384903026173288 0.0384903026173296
-999 -999 0.198288823508185 0.198288823508184 0.198288823508184 0.198288823508186 0.198288823508185 0.198288823508185
-999 -999 0.888146585739264 0.888146585739264 0.888146585739264 0.888146585739264 0.888146585739264 0.888146585739264
-999 -999 0.829694558429163 0.829694558429163 0.829694558429163 0.829694558429163 0.829694558429163 0.829694558429163
-999 -999 0.786427533788561 0.786427533788561 0.786427533788562 0.786427533788562 0.786427533788562 0.786427533788562
-999 -999 0.751414103728015 0.751414103728015 0.751414103728015 0.751414103728015 0.751414103728015 0.751414103728014
-999 -999 0.0425573434361557 0.0425573434361553 0.0425573434361562 0.0425573434361556 0.042557343436156 0.0425573434361545
-999 -999 0.00311781476561574 0.0031178147656152 0.00311781476561478 0.00311781476561522 0.00311781476561509 0.00311781476561505
-999 -999 0.012969020373146 0.0129690203731459 0.0129690203731474 0.0129690203731475 0.0129690203731471 0.0129690203731469
-999 -999 0.00806457295580774 0.00806457295580777 0.00806457295580773 0.0080645729558076 0.00806457295580793 0.00806457295580803
-999 -999 0.00934358647655965 0.0093435864765585 0.00934358647655973 0.0093435864765593 0.0093435864765595 0.00934358647655986
-999 -999 0.0101902497901495 0.0101902497901486 0.0101902497901493 0.0101902497901487 0.0101902497901493 0.0101902497901506
-999 -999 0.00518855047492979 0.00518855047492876 0.00518855047492909 0.00518855047492793 0.00518855047492857 0.00518855047492807
-999 -999 0.00301897186136276 0.00301897186136234 0.00301897186136242 0.00301897186136106 0.00301897186136327 0.00301897186136159

# Duration of outbreak (days) based on incidence
0
0
0
0
0
0
0
0
0
0
0
0
0
0
0
0
0
0
0
0
0
0
0
0
0
0
0
0
0
0
0
0
0
0
0
0
0
0
1
0
0
0
0
0
0
0
0
0
0
0

# Duration of outbreak (days) based on prevalence
19
22
0
0
0
0
0
0
0
0
0
0
0
31
19
0
0
0
0
0
0
0
0
0
0
0
22
0
0
28
27
0
0
0
0
0
0
0
26
22
19
17
0
0
0
0
0
0
0
0

# Peak (point) prevalence
0.30980581537717
0.161587182773909
0.000136392635780683
0.00307886940298298
0.0665073287384259
0.0307614029523731
0.000222181741645879
0.00288417232795723
0.00657888288753227
0.0012912971992881
0.0583553344641947
8.3518995240655e-05
8.34485725065514e-05
0.435486949978601
0.189321605911279
5.58764144758793e-05
6.02240846116511e-05
7.56322195129158e-05
5.28862468462079e-05
0.000387845292696456
0.00109315215403689
0.0405446487381367
0.0729649321473558
0.000277985173396972
7.12228760919679e-05
0.000380292243994101
0.138241228580987
0.0853360930775185
0.0387259509373378
0.295466326524936
0.334601054424786
0.0873735223245306
4.25302659730646e-05
3.21626884046065e-05
0.000105160042912401
0.000105870972030878
0.00511920847464405
0.0320009833987338
0.452182999872721
0.279754923450214
0.226884543180898
0.167350834436893
0.00223016100408312
7.31779950143244e-05
0.000933845171286418
0.000228899630855878
0.000291477099309711
0.00027373734708629
0.000148321316675184
9.89636812534262e-05

# Day of peak prevalence
24
48
119
119
71
110
103
119
119
119
104
60
76
35
38
60
72
79
53
119
119
102
84
119
85
119
70
74
92
37
31
48
51
46
70
57
119
119
26
29
33
36
119
64
119
68
78
71
60
56

# Total immunity
0.0929454966149822
0.144986879616325
0.1476697007196
0.135137969222751
0.118698044510133
0.205339892783279
0.226299860528307
0.187508851672984
0.170500214317701
0.0967015772957651
0.0345258747992581
0.0350788664677133
0.0297591817751448
0.0266782793357096
0.115050084269522
0.21446215504815
0.178130849641333
0.165624608315501
0.086145898463841
0.0633797786106987
0.0564160365297585
0.0462446778204743
0.0748818140912031
0.0742448775301582
0.053299883928089
0.0320654112192467
0.0167284181927803
0.0271529275553762
0.0447556882886475
0.0640520310930563
0.115726948244738
0.240468410967803
0.302695493984558
0.268205250110918
0.176856422245102
0.0513911114950483
0.03672600292753
0.0223292981204235
0.0193122636798756
0.0789108325637892
0.116869460209152
0.251474712491069
0.445849917198607
0.452023310244988
0.426331474589623
0.407970014365959
0.280097151999758
0.217601732149799
0.12978585296268
0.0994461258816726

# Observed immunity (based on survey selectivity)
0.225261974215156
0.383109016288076
0.506176815483586
0.350466902764977
0.244795591453645
0.345110553475977
0.340975509574667
0.292130363475815
0.264185855058583
0.258582113835174
0.231696427506572
0.282413963662599
0.155366828238234
0.0633749957974839
0.241806947602821
0.483351459158383
0.377375036617499
0.298704053442384
0.238205798834539
0.196925840022092
0.167689823753461
0.114209042827504
0.160906958396704
0.3128457702605
0.249038687926388
0.180399851106792
0.101956325165875
0.208875808099041
0.248425526301831
0.189311905020235
0.237152537697572
0.404437739670384
0.566888009673291
0.470608870673613
0.400378735494102
0.339162317072452
0.281659981201603
0.19389296824653
0.0932749426491061
0.253739459604875
0.277522610381417
0.378497115956131
0.580274770962631
0.528458159378977
0.487722917699321
0.471016263880977
0.460514338330312
0.447440459399158
0.418648757169796
0.334001914306051

# True total proportion of susceptible
1 1 1 0.99048142931005 0.842802818844757 0.299069284469046 0.0719803027618068 0.0180445878089004
1 1 1 0.990211019276528 0.845812279407322 0.337256979930781 0.0536374705165543 0.00845399535164502
1 1 1 0.993050449425975 0.889192535801062 0.471847670331079 0.102211757739885 0.00533795236804069
1 1 1 0.999975741912338 0.992797046725049 0.888509717074772 0.470903425358127 0.0603767689453507
1 1 1 0.999513043878247 0.995059865319186 0.983287644187572 0.877529894738651 0.20770516569688
1 1 1 0.989431270726343 0.876645207979577 0.716314834915829 0.68346217097341 0.227795818934637
1 1 1 0.997682561315848 0.962346636715028 0.798643313727209 0.618550285008582 0.231487103732506
1 1 1 0.999901057022199 0.996687938779892 0.960379658517797 0.796354342271684 0.355523858712289
1 1 1 0.999788455878167 0.997759594645876 0.992501700516663 0.955185606017855 0.468375282390249
1 1 1 0.999266000703836 0.992299606900618 0.983185661071783 0.97697201870316 0.607531373021955
1 1 1 0.999622708602256 0.995458882921486 0.984938389816111 0.975336863826947 0.638607971213701
1 1 1 0.997612484386319 0.971121412705872 0.926885787973242 0.906475665501621 0.556576128829604
1 1 1 0.999958834191747 0.997199209236175 0.970323410949857 0.926028057438886 0.577930965584154
1 1 1 0.99996351891311 0.999593873806941 0.996503679683529 0.969573973830329 0.602919316676063
1 1 1 0.989871611012296 0.850510347522099 0.458125506435149 0.362234252467423 0.143628438295326
1 1 1 0.984121191525741 0.790635289343859 0.379277136316516 0.143468579557616 0.0439397588548175
1 1 1 0.999955564962581 0.983670663512101 0.789804621215527 0.378704573557758 0.0835399397731642
1 1 1 0.999974842696181 0.999703906426944 0.983181806165187 0.789212174701627 0.293011743360897
1 1 1 0.99995771069768 0.99955189761519 0.998900219888843 0.982335042430326 0.420225738518421
1 1 1 0.999973049914486 0.99968814120191 0.999039450870985 0.998360481152797 0.576687764482883
1 1 1 0.99992026200971 0.999174053123128 0.99816614549141 0.997434785207932 0.651650229931421
1 1 1 0.999887111928297 0.998786332012394 0.997005112134244 0.995874265873846 0.726956858689539
1 1 1 0.994175763117637 0.935437848486498 0.861653777812672 0.850574221650325 0.627003650499321
1 1 1 0.990365523920026 0.881797682067603 0.679147539061298 0.589336862674041 0.418909642285434
1 1 1 0.999951818806672 0.989869411117956 0.880670778343616 0.67780032094454 0.428746585365875
1 1 1 0.999992884744598 0.999880605744832 0.989723400514037 0.880415453021279 0.548397701857782
1 1 1 0.999950299016634 0.999495312996846 0.998933939112768 0.988705209274328 0.652879962242514
1 1 1 0.990448448670964 0.879191406363473 0.687574651959687 0.656849582783691 0.37303736670893
1 1 1 0.988883584873323 0.858752054752382 0.578671702625702 0.398678240080709 0.225128514019312
1 1 1 0.991601117395429 0.895862403090257 0.665714649809499 0.410616973277009 0.171076195374495
1 1 1 0.990895257750878 0.85766613734863 0.419559185962041 0.193829480842565 0.061956618621084
1 1 1 0.988234800814404 0.820253165602945 0.303599268202286 0.0707985109162618 0.0129005959508377
1 1 1 0.985740274919852 0.819014603459075 0.456256474559025 0.127459997798187 0.0123491326502713
1 1 1 0.999962730873635 0.985359494308949 0.818258998321878 0.455616329739701 0.0631788855808653
1 1 1 0.999983534776008 0.999798030460215 0.985037012646687 0.81784145574124 0.268027203316308
1 1 1 0.999934617617158 0.999329388906123 0.998554485067848 0.983721877220349 0.383779056031443
1 1 1 0.999953172433815 0.999465896539793 0.99843725545876 0.997614164972583 0.462761672668474
1 1 1 0.999664809781768 0.996549186252563 0.992884551858954 0.991468591655572 0.565113608565601
1 1 1 0.998649015753962 0.984894741100923 0.965129891822305 0.958769340065436 0.532226458509714
1 1 1 0.984944965600758 0.788539150037247 0.329390397297309 0.231251886852403 0.0973276823843915
1 1 1 0.993194486143934 0.877220362112813 0.335639278357497 0.0672662676173291 0.0181782121816958
1 1 1 0.981783954863065 0.764033933896035 0.332046710333661 0.0780089774777275 0.00606739675490068
1 1 1 0.982992127325494 0.769133672531482 0.302154001941676 0.090108022049004 0.0120642736205594
1 1 1 0.999265105860876 0.975407860271963 0.752918517623974 0.291206976342523 0.0345563135188435
1 1 1 0.999943150473642 0.998695631442449 0.97430378618327 0.751667068181579 0.168216195854753
1 1 1 0.999897179476848 0.998909553456268 0.996710566584445 0.971985079480816 0.378132853336913
1 1 1 0.999831912931156 0.998212865879615 0.99570146938256 0.993329256188958 0.425205500141963
1 1 1 0.999852105263307 0.998348488629427 0.995380660528484 0.992709745133204 0.496227404045802
1 1 1 0.999813059886285 0.997977158441623 0.994771562078967 0.991605063904526 0.508168829997093
1 1 1 0.999893944579137 0.998751084213042 0.995955050248899 0.992639143579589 0.528592484763411

# True vulnerable proportion of susceptible
0 0 0.05 0.495240714655025 0.800662677902519 0.299069284469046 0.0719803027618068 0.0180445878089004
0 0 0.05 0.495105509638264 0.803521665436956 0.337256979930781 0.0536374705165543 0.00845399535164502
0 0 0.05 0.496525224712988 0.844732909011008 0.471847670331079 0.102211757739885 0.00533795236804069
0 0 0.05 0.499987870956169 0.943157194388797 0.888509717074772 0.470903425358127 0.0603767689453507
0 0 0.05 0.499756521939124 0.945306872053227 0.983287644187572 0.877529894738651 0.20770516569688
0 0 0.05 0.494715635363172 0.832812947580598 0.716314834915829 0.68346217097341 0.227795818934637
0 0 0.05 0.498841280657924 0.914229304879276 0.798643313727209 0.618550285008582 0.231487103732506
0 0 0.05 0.4999505285111 0.946853541840897 0.960379658517797 0.796354342271684 0.355523858712289
0 0 0.05 0.499894227939084 0.947871614913583 0.992501700516663 0.955185606017855 0.468375282390249
0 0 0.05 0.499633000351918 0.942684626555587 0.983185661071783 0.97697201870316 0.607531373021955
0 0 0.05 0.499811354301128 0.945685938775411 0.984938389816111 0.975336863826947 0.638607971213701
0 0 0.05 0.498806242193159 0.922565342070578 0.926885787973242 0.906475665501621 0.556576128829604
0 0 0.05 0.499979417095874 0.947339248774366 0.970323410949857 0.926028057438886 0.577930965584154
0 0 0.05 0.499981759456555 0.949614180116594 0.996503679683529 0.969573973830329 0.602919316676063
0 0 0.05 0.494935805506148 0.807984830145994 0.458125506435149 0.362234252467423 0.143628438295326
0 0 0.05 0.492060595762871 0.751103524876666 0.379277136316516 0.143468579557616 0.0439397588548175
0 0 0.05 0.49997778248129 0.934487130336496 0.789804621215527 0.378704573557758 0.0835399397731642
0 0 0.05 0.49998742134809 0.949718711105596 0.983181806165187 0.789212174701627 0.293011743360897
0 0 0.05 0.49997885534884 0.949574302734431 0.998900219888843 0.982335042430326 0.420225738518421
0 0 0.05 0.499986524957243 0.949703734141814 0.999039450870985 0.998360481152797 0.576687764482883
0 0 0.05 0.499960131004855 0.949215350466972 0.99816614549141 0.997434785207932 0.651650229931421
0 0 0.05 0.499943555964148 0.948847015411775 0.997005112134244 0.995874265873846 0.726956858689539
0 0 0.05 0.497087881558819 0.888665956062173 0.861653777812672 0.850574221650325 0.627003650499321
0 0 0.05 0.495182761960013 0.837707797964223 0.679147539061298 0.589336862674041 0.418909642285434
0 0 0.05 0.499975909403336 0.940375940562058 0.880670778343616 0.67780032094454 0.428746585365875
0 0 0.05 0.499996442372299 0.949886575457591 0.989723400514037 0.880415453021279 0.548397701857782
0 0 0.05 0.499975149508317 0.949520547347003 0.998933939112768 0.988705209274328 0.652879962242514
0 0 0.05 0.495224224335482 0.835231836045299 0.687574651959687 0.656849582783691 0.37303736670893
0 0 0.05 0.494441792436662 0.815814452014763 0.578671702625702 0.398678240080709 0.225128514019312
0 0 0.05 0.495800558697714 0.851069282935744 0.665714649809499 0.410616973277009 0.171076195374495
0 0 0.05 0.495447628875439 0.814782830481199 0.419559185962041 0.193829480842565 0.061956618621084
0 0 0.05 0.494117400407202 0.779240507322797 0.303599268202286 0.0707985109162618 0.0129005959508377
0 0 0.05 0.492870137459926 0.778063873286121 0.456256474559025 0.127459997798187 0.0123491326502713
0 0 0.05 0.499981365436817 0.936091519593502 0.818258998321878 0.455616329739701 0.0631788855808653
0 0 0.05 0.499991767388004 0.949808128937204 0.985037012646687 0.81784145574124 0.268027203316308
0 0 0.05 0.499967308808579 0.949362919460817 0.998554485067848 0.983721877220349 0.383779056031443
0 0 0.05 0.499976586216908 0.949492601712804 0.99843725545876 0.997614164972583 0.462761672668474
0 0 0.05 0.499832404890884 0.946721726939934 0.992884551858954 0.991468591655572 0.565113608565601
0 0 0.05 0.499324507876981 0.935650004045877 0.965129891822305 0.958769340065436 0.532226458509714
0 0 0.05 0.492472482800379 0.749112192535385 0.329390397297309 0.231251886852403 0.0973276823843915
0 0 0.05 0.496597243071967 0.833359344007172 0.335639278357497 0.0672662676173291 0.0181782121816958
0 0 0.05 0.490891977431533 0.725832237201233 0.332046710333661 0.0780089774777275 0.00606739675490068
0 0 0.05 0.491496063662747 0.730676988904908 0.302154001941676 0.090108022049004 0.0120642736205594
0 0 0.05 0.499632552930438 0.926637467258365 0.752918517623974 0.291206976342523 0.0345563135188435
0 0 0.05 0.499971575236821 0.948760849870327 0.97430378618327 0.751667068181579 0.168216195854753
0 0 0.05 0.499948589738424 0.948964075783455 0.996710566584445 0.971985079480816 0.378132853336913
0 0 0.05 0.499915956465578 0.948302222585634 0.99570146938256 0.993329256188958 0.425205500141963
0 0 0.05 0.499926052631653 0.948431064197956 0.995380660528484 0.992709745133204 0.496227404045802
0 0 0.05 0.499906529943143 0.948078300519542 0.994771562078967 0.991605063904526 0.508168829997093
0 0 0.05 0.499946972289568 0.94881353000239 0.995955050248899 0.992639143579589 0.528592484763411

# True survival by age
0.778267540515681 0.778267540515681 0.752308507152475 0.52115321153169 0.36266278137541 0.623370315932973 0.741391618493046 0.76942275979015
0.778267540515681 0.778267540515681 0.7539017179643 0.536999700575643 0.386780433645336 0.614270068753329 0.752633759515314 0.774676504029545
0.778267540515681 0.778267540515681 0.77818260068129 0.777427750904627 0.776891598303162 0.777747600554248 0.778572642416973 0.778788868552235
0.778267540515681 0.778267540515681 0.777456306660716 0.770155411691295 0.762968960504052 0.763911208619956 0.770909421303975 0.777788994028385
0.778267540515681 0.778267540515681 0.766371195877954 0.659362283782617 0.553356248038588 0.544325878389527 0.569544885633225 0.729271381154683
0.778267540515681 0.778267540515681 0.769033606739039 0.686909747907636 0.624530526414461 0.646130738541356 0.652215443444451 0.736610282513965
0.778267540515681 0.778267540515681 0.778124225358523 0.776838945941921 0.775667160561209 0.776085758629283 0.776697993110461 0.778013832083562
0.778267540515681 0.778267540515681 0.777263839896898 0.768231580179739 0.759262156930821 0.759009994617414 0.7623901061245 0.77147441228073
0.778267540515681 0.778267540515681 0.776588464386118 0.761480444011236 0.74643776314533 0.744941820650304 0.746214850450332 0.76282227031201
0.778267540515681 0.778267540515681 0.777585326367522 0.771450797880795 0.765409390903209 0.764861643271736 0.764949737344983 0.770187491526847
0.778267540515681 0.778267540515681 0.764645777293129 0.642101503218857 0.520631763214662 0.50994362130967 0.512564535523918 0.60448091860659
0.778267540515681 0.778267540515681 0.77824015749089 0.777995637166697 0.777777687214723 0.777798909394764 0.777820970758426 0.778199178235342
0.778267540515681 0.778267540515681 0.778238833760769 0.777980506735295 0.777725133303855 0.777726268609012 0.777775320293665 0.778160795234588
0.778267540515681 0.778267540515681 0.751364214438129 0.50924411381919 0.26731215836857 0.242084136262332 0.256588469482329 0.454068581334263
0.778267540515681 0.778267540515681 0.761180091472039 0.609129134274507 0.502219262496916 0.621992566119444 0.65481443773487 0.729639321864105
0.778267540515681 0.778267540515681 0.778255247427622 0.778155028887416 0.778194515053619 0.778505286617198 0.778689006081729 0.778766549415594
0.778267540515681 0.778267540515681 0.778248512231021 0.778077289818958 0.777920614270256 0.778079053093496 0.778454719708178 0.778724443585321
0.778267540515681 0.778267540515681 0.778258820561563 0.778180356583156 0.778102068333667 0.778105042687566 0.77824230367531 0.778593435761355
0.778267540515681 0.778267540515681 0.778253589046419 0.778128054273495 0.778002820329009 0.777989404450966 0.778002859879812 0.778459445495132
0.778267540515681 0.778267540515681 0.778098583634284 0.776578031606672 0.77505852718864 0.774892160921128 0.7748948173088 0.776544561289484
0.778267540515681 0.778267540515681 0.777908014158195 0.774672606139609 0.771442622197252 0.771091177635871 0.771096826494272 0.773767586766921
0.778267540515681 0.778267540515681 0.770033963807143 0.695941128353008 0.622020093973906 0.614090776126114 0.614277597330075 0.658704037541819
0.778267540515681 0.778267540515681 0.766304669185399 0.659338678908032 0.565682038042884 0.572184247104291 0.57484102129047 0.628451158151556
0.778267540515681 0.778267540515681 0.778170826469953 0.777314855462654 0.776710208816213 0.777124970578988 0.777346580530856 0.777767113697137
0.778267540515681 0.778267540515681 0.778246101682258 0.778053188203201 0.777869731313898 0.777953560852466 0.7781487261325 0.778388320613979
0.778267540515681 0.778267540515681 0.778171651286925 0.777308658845045 0.776445926359259 0.776374944164721 0.776642860909642 0.777456645425661
0.778267540515681 0.778267540515681 0.760605062413231 0.601651564419172 0.442850092129428 0.425395132477262 0.429013881207049 0.547823078959032
0.778267540515681 0.778267540515681 0.765231814692339 0.649160489619038 0.560574896526654 0.599173446086225 0.607200301554267 0.681345606987021
0.778267540515681 0.778267540515681 0.770080629976025 0.697314453826375 0.644762861218935 0.683741541469234 0.713309329154788 0.741818594883186
0.778267540515681 0.778267540515681 0.752554684475936 0.523303051352924 0.3406546320745 0.436097296608148 0.567419122200204 0.690732406293926
0.778267540515681 0.778267540515681 0.752992918459686 0.527827364184401 0.366476877025854 0.566493059152578 0.680718087511553 0.747449142775438
0.778267540515681 0.778267540515681 0.764902782494451 0.64619862441014 0.570076172762854 0.697488275922793 0.759838930959314 0.775345637060393
0.778267540515681 0.778267540515681 0.778247122365998 0.778073874483109 0.778046317138529 0.778371169443017 0.77868076603015 0.778789155059567
0.778267540515681 0.778267540515681 0.778255465848202 0.778146818214497 0.778049287579773 0.778166848445566 0.77844780074171 0.778751836120284
0.778267540515681 0.778267540515681 0.778226193701422 0.777854087960901 0.77748221740867 0.777460956569309 0.777688372428103 0.778436218140668
0.778267540515681 0.778267540515681 0.778198656226232 0.77757877752405 0.776959974311327 0.776892617002157 0.776920961052918 0.778067408795127
0.778267540515681 0.778267540515681 0.776963324461425 0.765226015676209 0.753500955431354 0.752224815882844 0.752246724546242 0.766483194798607
0.778267540515681 0.778267540515681 0.771109973763685 0.706716043197026 0.642744901513673 0.63613858563631 0.636342037280026 0.697602672931105
0.778267540515681 0.778267540515681 0.754554450554049 0.541457721411282 0.334532540911714 0.320561895752431 0.323581854189631 0.526102299462409
0.778267540515681 0.778267540515681 0.750547743139481 0.505250819769092 0.363075536657321 0.59601243667917 0.650472360795992 0.724790811113495
0.778267540515681 0.778267540515681 0.760909136068058 0.605868453648929 0.489017240973936 0.662098559080055 0.755412212255271 0.772480194491387
0.778267540515681 0.778267540515681 0.761342738768183 0.612112266136834 0.532702033332369 0.666227226768847 0.752353455798171 0.776743757933246
0.778267540515681 0.778267540515681 0.777109508978777 0.766893250997464 0.761467708337335 0.771641584434182 0.776665775014217 0.778514933700853
0.778267540515681 0.778267540515681 0.778211722682722 0.777710164264905 0.777246196183905 0.777558769275848 0.778320408271853 0.77874377900375
0.778267540515681 0.778267540515681 0.777841093481072 0.774003342917298 0.770176311040899 0.769971463621886 0.771989038358128 0.7772763770793
0.778267540515681 0.778267540515681 0.77809709679521 0.776563333390382 0.775033222634799 0.774871633437548 0.77496910419973 0.77731013913519
0.778267540515681 0.778267540515681 0.778028859719821 0.775881223379816 0.773741662907602 0.773516736292114 0.7735293252918 0.776544277660242
0.778267540515681 0.778267540515681 0.778024981099603 0.775842383951277 0.773667403469381 0.773441224708204 0.773455606067528 0.776128880914903
0.778267540515681 0.778267540515681 0.778165932622189 0.777251751211105 0.776341974401273 0.776248795682727 0.77625691901849 0.777497126538679
0.778267540515681 0.778267540515681 0.778206019673483 0.777652453893156 0.777100770341641 0.777044257585378 0.777050105715342 0.777868525967052

# True Numbers-at-age
209.173460344559 65.3056212360892 121.422097088214 206.336099905864 178.875650484992 18.8443788603538 26.1531416109096 10.3724812565284
164.427691386487 162.792914523514 50.8252452212597 91.3468765957568 107.532721120865 64.871540925223 11.7470264037394 27.3705431418598
178.486201760082 127.968734968033 126.696441199595 38.3172396882645 49.0532453804417 41.591552506191 39.8486459042711 30.0445253198978
46.3383095878334 138.910017259805 99.593912626474 98.5929661097646 29.788885471721 38.1090542055685 32.3477301650161 54.4234074184989
69.072985713941 36.0636022345773 108.109157485779 77.4299154764684 75.9319064041317 22.7279949829332 29.1119336575393 67.2670972496409
23.1319026420302 53.7572627076636 28.0671310132403 82.8517443077344 51.0543659016592 42.0173948342075 12.3714358331179 65.6365218430572
21.628092511497 18.002808976661 41.8375326323487 21.5845669939293 56.9116707961338 31.8850100123198 27.1487303558103 56.41737840599
45.8188869141304 16.8324423649684 14.0110018646396 32.5547976704583 16.7677322721768 44.1445140892314 24.7455021843135 64.9798651526075
24.9478449917335 35.6593524278264 13.1001435202559 10.8902451101123 25.0096236568078 12.7311045718115 33.5061274012559 68.9960293150917
149.904494052627 19.4160979628829 27.7525165103863 10.1734203396333 8.29270868183954 18.6681275394942 9.48393221861468 77.6344775725502
467.166619128771 116.665801898586 15.1109188079844 21.5799496082488 7.84829323818681 6.34731710110455 14.2785347066638 67.0478349972267
99.2135124303515 363.580615680375 90.797206705902 11.5545002575446 13.8565180828437 4.08607074682291 3.23677386813805 47.84780739959
89.8598562082531 77.2146563050916 282.962991544742 70.6620324465341 8.98935079001118 10.7772905873232 3.17814137058871 39.7527549909645
54.8345153730366 69.9350092822898 60.0936606543272 220.212788537238 54.9736838097005 6.99124404147656 8.38178199419388 33.4059153589828
69.0907380637896 42.6759234147425 54.428147670069 45.15222613025 112.142066350299 14.6951340726423 1.69246927518003 17.3192452086505
55.5821579693589 53.7710787853186 33.2132859552272 41.4296224221568 27.503536413286 56.3199058573273 9.14026415131208 13.7450556460485
46.5706360319544 43.257789379367 41.8482852371248 25.8484140789697 32.2386690327081 21.4031011813966 43.8453444517122 17.8216127643082
16.3840527529248 36.2444143648401 33.6661333484253 32.5683657252118 20.1120639726829 25.0791252171798 16.6533047004854 48.009740809345
165.13612063757 12.7511764396979 28.2078512251553 26.2009652326138 25.344062453376 15.6492385756036 19.5141937976805 50.3403752606727
96.8125886284214 128.520082458903 9.92382672640519 21.9528614552645 20.3877060965412 19.717752067321 12.1749417995449 54.3700391942845
37.5464526150288 75.3460952427979 100.023008482163 7.72171552004794 17.0481099370633 15.8016654599401 15.2791315079535 51.6550575349213
59.1001534997093 29.221185331787 58.6394202320725 77.8086998984875 5.9818014857842 13.1516386333551 12.1845248281133 51.7506990304741
58.8588174311559 45.995731108318 22.7419000391228 45.1543451966556 54.1502744030339 3.72080072232074 8.07629997568725 41.5730750330069
242.299496970331 45.8079070798072 35.7969845238912 17.4272241861274 29.7720063089201 30.6318375848897 2.12898355992619 30.769235678687
134.355642846517 188.573833575286 35.6508071791724 27.8561690320885 13.5464402493549 23.124221237079 23.8047658819377 25.5862577147944
244.219607160198 104.564635712562 146.760893662251 27.7451017090168 21.6735811265438 10.5373658370254 17.9895702533258 38.4396924203275
441.540807120369 190.068193010273 81.3792618609337 114.205166965499 21.5665077989552 16.8283637753218 8.18094681336387 43.8566656283799
497.22664416952 343.636877994878 147.923905104365 61.8974785468782 68.7117173695451 9.55072996567733 7.1587040375786 27.5354333417655
119.353782974338 386.975357436678 267.441427867561 113.196078339391 40.1813974796754 38.5180638546015 5.72254378617386 23.1079137942514
55.1398159704129 92.8891751266807 301.17035967242 205.951463253939 78.9332615425197 25.9074728067708 26.3364003543556 21.2238240107079
86.4930689616586 42.9135289597805 72.2926298663721 226.647164996782 107.775029151386 26.8889811692074 11.2981788529818 29.6037602006567
28.403488100597 67.3147480524432 33.3982066383768 54.4358383462054 119.630575700119 39.4970561047703 15.2324212000403 29.8181798860757
71.696631589608 22.105512826118 52.3888834072077 25.5463811880191 35.1763638579307 68.1985407405405 27.548733566542 34.6935823203114
34.1114683887548 55.7991611305031 17.2040030990207 40.7714977556271 19.8769717899844 27.3688403499878 53.0837779105217 48.4706546179804
119.612595010005 26.5478486062946 43.4266758958748 13.3891094462822 31.7262112523808 15.4652637404406 21.2975242407599 79.0695614512113
668.558408511691 93.0906001331345 20.6613288408035 33.795776687552 10.4147735169466 24.6665650744769 12.0236387412396 78.1134473496667
295.213315889038 520.317308283472 72.4493924107433 16.0786183397616 26.2788787221824 8.09186216418509 19.1632722931644 70.1189445376068
541.534957713422 229.75494128444 404.946071805517 56.2905207826614 12.3037770497142 19.8011602248291 6.08689952660348 68.1605014392119
315.423963234673 421.459079642888 178.810813074766 312.257954805659 39.7814141170224 7.90818996806472 12.5962820593808 51.4222980377963
48.2423691311623 245.484232086357 328.007921341673 134.922494812753 169.074480701619 13.3081775456286 2.53506436813319 31.129317545996
65.1344858552392 37.5454699723593 191.05240954123 246.185605094865 68.1697011094344 61.3868078157983 7.93183932672914 24.2112326178814
12.5346983928278 50.6920561093104 29.2204205728934 145.373523887738 149.156091869452 33.3361591545535 40.6441170013643 24.694505974595
15.0121141172692 9.75534888929193 39.4519818318759 22.2467550269248 88.9849171432205 79.4557534227666 22.2094568646631 49.7600452548536
1.68238617929288 11.6834411319878 7.59227138694161 30.6585102296087 17.0608862867426 67.7591409336357 61.3113634635553 55.9882633609722
12.3091927140123 1.30934655395584 9.09284299455191 5.90839459510657 23.8434350267862 13.2605089698968 52.6867142315465 91.320397232239
8.58472700988623 9.57984513926788 1.01902192222989 7.07278693773396 4.57311716788698 18.3636488314736 10.2102134999226 111.654753367978
61.8721583227436 6.68121437598269 7.45568251505911 0.792897999257756 5.49246700072663 3.54431773611397 14.2294705659175 94.7029718852916
44.620667558789 48.1530924842385 5.19977228005406 5.80073616562445 0.615194669679516 4.24975055060735 2.74158908762113 84.5479636610557
104.762500643332 34.7268171971466 37.4759888559324 4.04555272991129 4.50045697541046 0.475956062719155 3.28693227056611 67.7406138692431
62.0494349637867 81.5332537139588 27.0267546099609 29.1625378190154 3.14441294394042 3.49389365399814 0.369460320483636 55.2196365506748

