# Simulated data from SIR age-structured hybrid model
# random seed = 7504744
# Flag=0 if no issues, =1 if negative pop #'s, =2 if NaN, or=3 if NA. Flag:
0

# Number of years (nyr)
50

# Starting age
0

# Ending age
8

# Sample size for comp data
200

# Sample size for fishery age comp data
200

# Sample size for antibody prevalence data
200

# Survey data
54508.6844595345
23631.2787685079
17624.6520413848
16183.2834180414
8909.94153215172
30360.5820613131
47461.2140139654
25645.7921847292
26891.1759005529
39838.1110271752
49994.4069670992
14502.539275082
24177.054942825
20766.2578600163
19472.4219049379
15096.7710214553
13902.992825479
9235.07952454687
9483.32952327515
14393.5138716487
16198.7954978574
25205.0646299109
130766.911310592
130292.435381602
158160.915180149
104264.112363377
85894.4647242368
76279.1009634094
54191.2135250261
40132.6375544303
46373.9773054424
21568.9901568253
48415.0049243365
54928.3666897925
48274.6086845506
41296.3722423742
22371.9129193394
25108.413286464
29884.1562378266
22812.9310194454
24767.3347287847
25953.7522031159
17637.1675094087
11192.6320378476
19946.612974824
17188.7927218714
7874.1670977905
11182.6303195596
6932.63892199625
4987.646111166

# Catches
0
0
0
0
0
0
0
0
0
0
0
0
0
0
0
0
0
0
0
0
0
0
0
0
0
0
0
0
0
0
0
0
0
0
0
0
0
0
0
0
0
0
0
0
0
0
0
0
0
0

# Catch compositions
-999 -999 -999 -999 -999 -999 -999 -999
-999 -999 -999 -999 -999 -999 -999 -999
-999 -999 -999 -999 -999 -999 -999 -999
-999 -999 -999 -999 -999 -999 -999 -999
-999 -999 -999 -999 -999 -999 -999 -999
-999 -999 -999 -999 -999 -999 -999 -999
-999 -999 -999 -999 -999 -999 -999 -999
-999 -999 -999 -999 -999 -999 -999 -999
-999 -999 -999 -999 -999 -999 -999 -999
-999 -999 -999 -999 -999 -999 -999 -999
-999 -999 -999 -999 -999 -999 -999 -999
-999 -999 -999 -999 -999 -999 -999 -999
-999 -999 -999 -999 -999 -999 -999 -999
-999 -999 -999 -999 -999 -999 -999 -999
-999 -999 -999 -999 -999 -999 -999 -999
-999 -999 -999 -999 -999 -999 -999 -999
-999 -999 -999 -999 -999 -999 -999 -999
-999 -999 -999 -999 -999 -999 -999 -999
-999 -999 -999 -999 -999 -999 -999 -999
-999 -999 -999 -999 -999 -999 -999 -999
-999 -999 -999 -999 -999 -999 -999 -999
-999 -999 -999 -999 -999 -999 -999 -999
-999 -999 -999 -999 -999 -999 -999 -999
-999 -999 -999 -999 -999 -999 -999 -999
-999 -999 -999 -999 -999 -999 -999 -999
-999 -999 -999 -999 -999 -999 -999 -999
-999 -999 -999 -999 -999 -999 -999 -999
-999 -999 -999 -999 -999 -999 -999 -999
-999 -999 -999 -999 -999 -999 -999 -999
-999 -999 -999 -999 -999 -999 -999 -999
-999 -999 -999 -999 -999 -999 -999 -999
-999 -999 -999 -999 -999 -999 -999 -999
-999 -999 -999 -999 -999 -999 -999 -999
-999 -999 -999 -999 -999 -999 -999 -999
-999 -999 -999 -999 -999 -999 -999 -999
-999 -999 -999 -999 -999 -999 -999 -999
-999 -999 -999 -999 -999 -999 -999 -999
-999 -999 -999 -999 -999 -999 -999 -999
-999 -999 -999 -999 -999 -999 -999 -999
-999 -999 -999 -999 -999 -999 -999 -999
-999 -999 -999 -999 -999 -999 -999 -999
-999 -999 -999 -999 -999 -999 -999 -999
-999 -999 -999 -999 -999 -999 -999 -999
-999 -999 -999 -999 -999 -999 -999 -999
-999 -999 -999 -999 -999 -999 -999 -999
-999 -999 -999 -999 -999 -999 -999 -999
-999 -999 -999 -999 -999 -999 -999 -999
-999 -999 -999 -999 -999 -999 -999 -999
-999 -999 -999 -999 -999 -999 -999 -999
-999 -999 -999 -999 -999 -999 -999 -999

# Age composition from fishery-independent survey
0 0 1 4 11 53 28 103
0 0 1 3 20 8 46 122
0 0 0 2 13 12 4 169
0 0 5 8 4 8 11 164
0 0 20 29 16 3 5 127
0 0 1 96 26 6 2 69
0 0 2 9 127 19 5 38
0 0 7 9 14 111 10 49
0 0 7 45 5 8 78 57
0 0 2 48 64 6 8 72
0 0 1 27 74 38 2 58
0 0 0 11 52 55 29 53
0 0 2 3 18 51 41 85
0 0 2 11 4 18 44 121
0 0 1 10 20 6 18 145
0 0 1 5 7 25 3 159
0 0 2 5 7 4 20 162
0 0 7 15 17 3 9 149
0 0 14 45 21 3 3 114
0 0 7 75 35 12 2 69
0 0 3 52 81 26 7 31
0 0 57 31 44 36 11 21
0 0 1 172 10 5 9 3
0 0 1 3 164 10 5 17
0 0 0 21 9 144 9 17
0 0 2 5 25 10 135 23
0 0 1 12 7 23 11 146
0 0 1 4 23 7 20 145
0 0 0 7 14 26 2 151
0 0 2 7 8 12 20 151
0 0 5 5 11 11 9 159
0 0 18 28 11 25 5 113
0 0 1 85 25 8 4 77
0 0 1 9 109 20 3 58
0 0 0 11 17 104 15 53
0 0 1 8 16 22 94 59
0 0 0 6 18 27 13 136
0 0 0 1 1 14 19 165
0 0 1 12 3 3 8 173
0 0 2 7 15 4 2 170
0 0 10 27 15 20 5 123
0 0 0 44 30 15 9 102
0 0 3 19 47 20 20 91
0 0 5 10 33 52 15 85
0 0 5 19 9 42 40 85
0 0 0 34 34 7 25 100
0 0 1 8 54 27 5 105
0 0 0 11 15 46 22 106
0 0 0 15 20 16 37 112
0 0 10 8 18 17 6 141

# Antibody prevalence values
0 0 0 0 0 1 0 11 0 9 21 26 6 9 108 9
0 0 0 0 0 1 0 2 1 13 0 6 10 33 111 23
0 0 0 0 0 1 0 0 0 7 0 14 1 5 116 56
0 0 0 0 0 5 0 12 0 2 0 7 0 21 103 50
0 0 0 0 0 20 0 28 0 18 0 1 1 5 79 48
0 0 0 0 0 0 2 109 0 24 1 10 0 1 35 18
0 0 0 0 0 0 0 5 47 77 15 1 9 1 44 1
0 0 0 0 0 9 0 4 5 8 80 21 15 0 58 0
0 0 0 0 0 8 0 55 1 3 6 10 59 12 46 0
0 0 0 0 0 1 2 57 14 35 1 2 9 1 74 4
0 0 0 0 0 3 0 27 16 44 33 16 2 1 55 3
0 0 0 0 0 0 0 14 19 41 33 13 31 1 48 0
0 0 0 0 0 2 0 2 1 16 11 34 33 12 87 2
0 0 0 0 0 2 0 17 0 1 1 17 11 36 97 18
0 0 0 0 0 1 0 5 0 35 0 1 1 18 95 44
0 0 0 0 0 0 0 1 0 6 0 27 0 3 109 54
0 0 0 0 0 1 0 5 0 2 1 9 6 20 109 47
0 0 0 0 0 5 0 13 0 12 0 5 0 10 96 59
0 0 0 0 0 15 0 30 1 23 0 10 0 2 70 49
0 0 0 0 0 8 1 61 0 43 2 14 0 3 51 17
0 0 0 0 0 5 2 50 34 47 16 6 2 1 30 7
0 0 0 0 0 63 2 28 12 32 27 5 13 0 17 1
0 0 0 0 0 2 2 160 4 9 6 2 7 1 7 0
0 0 0 0 0 1 1 5 72 93 7 1 7 0 13 0
0 0 0 0 0 0 1 16 4 7 140 12 6 0 14 0
0 0 0 0 0 1 0 3 1 31 2 5 137 6 14 0
0 0 0 0 0 0 0 15 2 4 11 21 8 1 132 6
0 0 0 0 0 0 0 5 2 17 1 8 13 13 135 6
0 0 0 0 0 1 0 4 0 11 0 16 2 3 148 15
0 0 0 0 0 0 0 12 0 14 0 10 1 20 123 20
0 0 0 0 0 3 0 10 0 20 0 12 0 10 109 36
0 0 0 0 0 12 0 33 1 9 0 7 3 5 102 28
0 0 0 0 0 0 2 93 3 24 5 1 4 0 56 12
0 0 0 0 0 0 0 10 34 90 15 4 2 0 44 1
0 0 0 0 0 0 1 18 5 13 94 11 13 0 45 0
0 0 0 0 0 0 0 5 0 21 7 10 78 13 65 1
0 0 0 0 0 1 0 2 0 11 0 19 3 9 144 11
0 0 0 0 0 3 0 2 0 4 0 7 1 21 141 21
0 0 0 0 0 2 0 15 0 8 0 4 0 7 133 31
0 0 0 0 0 2 0 16 0 18 0 9 0 4 116 35
0 0 0 0 0 8 0 19 0 22 2 19 0 3 96 31
0 0 0 0 0 4 0 44 0 28 0 20 0 6 70 28
0 0 0 0 0 2 0 17 8 53 3 23 2 9 66 17
0 0 0 0 0 1 0 3 5 20 23 36 9 7 73 23
0 0 0 0 0 2 0 26 0 4 6 31 15 27 63 26
0 0 0 0 0 0 0 36 0 41 0 4 2 21 60 36
0 0 0 0 0 2 0 9 1 41 0 28 0 6 63 50
0 0 0 0 0 1 0 8 1 18 8 32 8 19 62 43
0 0 0 0 0 1 0 17 0 13 0 17 6 37 68 41
0 0 0 0 0 8 0 12 0 23 1 22 1 8 58 67

# Average weight-at-age
70
94
115
134
150
160
165
168

# Maturity logistic function parameter age-at-50%
3

# Maturity logistic function parameter age-at-95%
4

# Infection prevalence index (avg of 3 different samples)
0
0
0
0
0
0
0.00555555555555556
0
0.0388888888888889
0.0388888888888889
0.05
0
0
0
0.0111111111111111
0.00555555555555556
0
0
0
0.172222222222222
0.0388888888888889
0.0722222222222222
0.366666666666667
0.0111111111111111
0
0.00555555555555556
0
0
0
0
0.00555555555555556
0.0388888888888889
0.261111111111111
0.0222222222222222
0
0
0
0
0
0
0
0.00555555555555556
0.0111111111111111
0
0
0
0
0
0
0.00555555555555556

