# Simulated data from SIR age-structured hybrid model
# random seed = 1099083
# Flag=0 if no issues, =1 if negative pop #'s, =2 if NaN, or=3 if NA. Flag:
0

# True SSB
13035.0972508123
14051.3469668506
21557.259328403
29138.409921506
31714.6659490321
32570.1216260173
30279.2594211104
25080.8944852344
24437.4474663306
31223.4450888187
36834.877086046
34961.966316435
33443.191676104
32503.3239278484
30222.4400280243
25894.0043994158
22317.2460658221
22225.1534620094
22010.481329475
22100.9497024245
24639.5253755001
30409.2759682801
35670.5818987899
34631.1486025204
28268.2832378978
24428.8070060077
27254.0048776147
31188.7179650836
32335.9983175367
33704.0943794762
32289.5895383482
28284.9434004771
24073.3252286199
21517.8742685914
18797.3909520125
16927.3947196451
18469.7998141147
24030.8125800931
31126.4224785809
32925.6840061105
30554.8847829974
27928.594027009
25483.1242177982
22954.9556380712
19609.3711887678
16042.7408934177
12936.7985623077
10658.2508312693
9466.22835948094
7852.59398501239

# True R (numbers)
160.397395925873
151.79302159196
122.347802577598
30.8908722016551
90.872106858164
97.3028556559888
433.218171544271
99.4071966624468
80.34601101868
125.310582754009
91.6415968594782
62.0769442378989
42.6131275138092
47.2057922718061
172.487584027634
34.1702235987547
170.675413044484
142.730369258561
320.563510415702
160.680060499208
51.0798059850604
32.8327297520285
50.5963481597266
297.824183439901
134.041376837585
152.320783888845
152.907352836337
43.3344596423977
37.6703754899647
13.0931464326391
73.3715796618268
55.3490863255651
57.0209462169227
161.829963235066
250.673883380395
260.083582234642
52.0485095435413
76.334784843855
46.507982731613
64.0967291386839
37.021689759436
11.4766402688398
8.53001932739564
2.48513385596403
16.5148073336092
22.6772309149652
25.7494336886721
38.7148397009498
185.543727725134
399.484143442932

# True infection rate given (selected) susceptible
0.784602662716344 0.784602662716344 0.784602662716344 0.784602662716344 0.784602662716343 0.784602662716343 0.784602662716343 0.784602662716343
0.619714545065317 0.619714545065316 0.619714545065317 0.619714545065316 0.619714545065316 0.619714545065317 0.619714545065317 0.619714545065316
0.255727674131703 0.255727674131703 0.255727674131703 0.255727674131702 0.255727674131703 0.255727674131702 0.255727674131703 0.255727674131703
0.200299805636797 0.200299805636798 0.200299805636797 0.200299805636797 0.200299805636797 0.200299805636797 0.200299805636797 0.200299805636797
0.0782360146663791 0.078236014666379 0.0782360146663797 0.0782360146663788 0.0782360146663791 0.078236014666379 0.0782360146663793 0.0782360146663797
0.095628232857904 0.0956282328579041 0.0956282328579036 0.0956282328579041 0.0956282328579039 0.0956282328579041 0.0956282328579038 0.0956282328579032
0.784140921200918 0.784140921200918 0.784140921200918 0.784140921200918 0.784140921200918 0.784140921200918 0.784140921200918 0.784140921200917
0.774322189275705 0.774322189275705 0.774322189275705 0.774322189275705 0.774322189275705 0.774322189275705 0.774322189275705 0.774322189275705
0.540809683596298 0.540809683596298 0.540809683596298 0.540809683596298 0.540809683596298 0.540809683596298 0.540809683596298 0.540809683596298
0.0356967493025714 0.0356967493025709 0.0356967493025712 0.0356967493025707 0.035696749302571 0.0356967493025717 0.0356967493025707 0.0356967493025703
0.172332207016586 0.172332207016586 0.172332207016586 0.172332207016586 0.172332207016586 0.172332207016585 0.172332207016585 0.172332207016586
0.13101176447832 0.131011764478319 0.13101176447832 0.13101176447832 0.13101176447832 0.131011764478319 0.13101176447832 0.13101176447832
0.0494201865259287 0.0494201865259291 0.0494201865259293 0.0494201865259293 0.0494201865259298 0.0494201865259298 0.049420186525929 0.0494201865259296
0.0292131438631455 0.0292131438631467 0.0292131438631459 0.0292131438631457 0.0292131438631457 0.0292131438631451 0.0292131438631458 0.0292131438631457
0.290574458571175 0.290574458571175 0.290574458571176 0.290574458571175 0.290574458571176 0.290574458571175 0.290574458571176 0.290574458571176
0.38086492595978 0.38086492595978 0.38086492595978 0.380864925959779 0.38086492595978 0.38086492595978 0.380864925959779 0.38086492595978
0.454362301962021 0.454362301962021 0.454362301962021 0.454362301962021 0.454362301962021 0.454362301962021 0.454362301962021 0.454362301962021
0.454687933003643 0.454687933003642 0.454687933003642 0.454687933003642 0.454687933003642 0.454687933003643 0.454687933003642 0.454687933003643
0.705643463788338 0.705643463788338 0.705643463788338 0.705643463788339 0.705643463788338 0.705643463788338 0.705643463788339 0.705643463788339
0.690971160472157 0.690971160472157 0.690971160472157 0.690971160472157 0.690971160472156 0.690971160472157 0.690971160472157 0.690971160472157
0.46762906879043 0.467629068790429 0.46762906879043 0.467629068790429 0.467629068790429 0.467629068790429 0.46762906879043 0.46762906879043
0.0217768160445197 0.0217768160445189 0.0217768160445195 0.02177681604452 0.0217768160445204 0.0217768160445205 0.0217768160445197 0.0217768160445204
0.0153196142985063 0.0153196142985067 0.0153196142985058 0.0153196142985053 0.0153196142985057 0.0153196142985053 0.0153196142985049 0.0153196142985055
0.61184689901856 0.611846899018559 0.611846899018559 0.611846899018559 0.61184689901856 0.611846899018559 0.611846899018559 0.61184689901856
0.657238143501326 0.657238143501326 0.657238143501326 0.657238143501326 0.657238143501326 0.657238143501326 0.657238143501326 0.657238143501326
0.525229855402422 0.525229855402422 0.525229855402422 0.525229855402422 0.525229855402423 0.525229855402422 0.525229855402422 0.525229855402422
0.322364336338222 0.322364336338223 0.322364336338223 0.322364336338223 0.322364336338223 0.322364336338223 0.322364336338222 0.322364336338223
0.273044282665158 0.273044282665158 0.273044282665159 0.273044282665158 0.273044282665158 0.273044282665157 0.273044282665158 0.273044282665159
0.0615389028106894 0.0615389028106883 0.0615389028106895 0.06153890281069 0.0615389028106896 0.0615389028106894 0.0615389028106894 0.0615389028106896
0.0237575754400252 0.0237575754400255 0.0237575754400258 0.0237575754400252 0.0237575754400259 0.0237575754400257 0.0237575754400253 0.0237575754400257
0.0111965846841386 0.0111965846841376 0.0111965846841377 0.0111965846841381 0.0111965846841387 0.0111965846841394 0.0111965846841379 0.0111965846841383
0.0138411516070694 0.0138411516070692 0.0138411516070701 0.0138411516070697 0.0138411516070695 0.0138411516070694 0.0138411516070685 0.0138411516070696
0.0548934993827756 0.0548934993827753 0.0548934993827754 0.054893499382775 0.0548934993827755 0.0548934993827761 0.0548934993827754 0.0548934993827749
0.496075883853802 0.496075883853802 0.496075883853802 0.496075883853802 0.496075883853802 0.496075883853802 0.496075883853802 0.496075883853802
0.650520690410836 0.650520690410836 0.650520690410836 0.650520690410836 0.650520690410836 0.650520690410835 0.650520690410835 0.650520690410836
0.72002801789216 0.72002801789216 0.72002801789216 0.72002801789216 0.72002801789216 0.72002801789216 0.72002801789216 0.72002801789216
0.61822617436048 0.61822617436048 0.61822617436048 0.61822617436048 0.618226174360479 0.618226174360479 0.61822617436048 0.61822617436048
0.137824951754598 0.137824951754598 0.137824951754599 0.137824951754599 0.137824951754599 0.1378249517546 0.137824951754599 0.137824951754599
0.058503542396408 0.0585035423964074 0.0585035423964075 0.0585035423964067 0.0585035423964075 0.0585035423964067 0.0585035423964067 0.0585035423964072
0.0280594416902632 0.0280594416902642 0.0280594416902643 0.0280594416902637 0.0280594416902654 0.028059441690264 0.0280594416902637 0.0280594416902644
0.0158207942372356 0.0158207942372366 0.0158207942372356 0.0158207942372354 0.0158207942372357 0.0158207942372358 0.0158207942372352 0.0158207942372355
0.0120654181988344 0.012065418198834 0.0120654181988333 0.0120654181988338 0.012065418198834 0.0120654181988333 0.0120654181988339 0.0120654181988337
0.0238468204566961 0.0238468204566965 0.0238468204566957 0.023846820456697 0.023846820456697 0.0238468204566965 0.023846820456697 0.0238468204566963
0.0136742868369654 0.013674286836966 0.0136742868369653 0.0136742868369667 0.0136742868369657 0.0136742868369657 0.0136742868369664 0.0136742868369651
0.0239284996107901 0.0239284996107906 0.0239284996107906 0.0239284996107902 0.0239284996107903 0.0239284996107909 0.0239284996107917 0.0239284996107904
0.019492645119102 0.0194926451191018 0.0194926451191012 0.0194926451191017 0.0194926451191016 0.0194926451191017 0.0194926451191015 0.0194926451191016
0.0520453436838854 0.0520453436838851 0.0520453436838853 0.0520453436838854 0.0520453436838855 0.0520453436838859 0.0520453436838861 0.0520453436838847
0.0262012794280474 0.0262012794280458 0.0262012794280464 0.0262012794280465 0.0262012794280457 0.0262012794280472 0.0262012794280475 0.0262012794280465
0.591921551027595 0.591921551027596 0.591921551027596 0.591921551027596 0.591921551027596 0.591921551027595 0.591921551027595 0.591921551027596
0.837666344937903 0.837666344937903 0.837666344937903 0.837666344937903 0.837666344937903 0.837666344937903 0.837666344937903 0.837666344937903

# Duration of outbreak (days) based on incidence
0
0
0
0
0
0
0
0
0
0
0
0
0
0
0
0
0
0
0
0
0
0
0
0
0
0
0
0
0
0
0
0
0
0
0
0
0
0
0
0
0
0
0
0
0
0
0
0
0
0

# Duration of outbreak (days) based on prevalence
23
0
0
0
0
0
27
18
0
0
0
0
0
0
0
0
0
0
19
11
0
0
0
0
0
0
0
0
0
0
0
0
0
0
19
20
0
0
0
0
0
0
0
0
0
0
0
0
25
29

# Peak (point) prevalence
0.190343571400835
0.0815333756242408
0.0230958553507386
0.0212716881675327
0.0100650605348356
0.015184240591977
0.224200982887716
0.152891510341721
0.0478154777230399
0.00261818536652559
0.0197533954812519
0.0178042404184515
0.00703201790589148
0.00402726589508178
0.0456647863336688
0.0500146128591102
0.0573341352912603
0.0542070208310874
0.139987375502369
0.112516746541221
0.039907110026096
0.00141904769013853
0.00117134532640725
0.0977026361313644
0.0980584693865513
0.0544854438189397
0.0300885031028588
0.0273468991926478
0.00712569512936737
0.00263733176769354
0.00117329458099076
0.00173040728534841
0.00960492072356236
0.0834363361703701
0.126081051590882
0.147052309797948
0.0781612344686271
0.012550266480657
0.00609471150524204
0.00319924241696125
0.0019001686887622
0.00143660665242077
0.00308431457115834
0.00153488787324066
0.00315014049727219
0.00257541434809576
0.00913007464573065
0.00449791774478987
0.134108039278746
0.307076533330253

# Day of peak prevalence
37
60
111
119
119
119
42
38
70
119
119
119
119
119
112
100
90
90
52
51
83
119
119
68
58
76
104
111
119
119
119
119
119
85
62
49
61
119
119
119
119
119
119
119
119
119
119
119
77
34

# Total immunity
0.229052201686559
0.338215850387479
0.396328686029863
0.433020278474143
0.39052362400662
0.319960775364188
0.151082357275171
0.326907092766162
0.473295212810304
0.47235423062308
0.392407153380299
0.382440025945407
0.379351390526724
0.3428018788922
0.214708514104445
0.289906364015127
0.267594110630093
0.286160459838354
0.219214260841639
0.310652140957116
0.457822685010633
0.546719830855901
0.477829309683731
0.238194946481028
0.318423307359086
0.368792287334024
0.374989068925308
0.420343129166792
0.458516265908816
0.459095936394835
0.36051848129457
0.298169543590532
0.24444900493676
0.155621461359861
0.18190257725584
0.224465336527368
0.384797229039723
0.477721521675662
0.454633348382237
0.390715434169402
0.354417869218055
0.344741718808719
0.335997779988684
0.34228620766551
0.309828968460029
0.268017349840638
0.222725708957473
0.178069691972365
0.0697929846640932
0.0911757299153717

# Observed immunity (based on survey selectivity)
0.770592454402494
0.845255868151075
0.803668374816406
0.758084755306281
0.699119902204331
0.613449751344047
0.577133014106173
0.840317120125177
0.88361770425737
0.823125537973763
0.745899003224116
0.711512794989076
0.639306633447192
0.55270427681396
0.489515141940042
0.573651784438701
0.668713274055999
0.714568876869815
0.770749621695251
0.840071712485506
0.858418129618986
0.804287551769045
0.700782561331725
0.631438654551244
0.811525568384335
0.876767407211486
0.819207242391514
0.779188490261519
0.734591088645336
0.631513193598429
0.560529818243159
0.516800035596644
0.483461030709158
0.439271925626441
0.629286164765621
0.797017756588127
0.838639170394542
0.821717309642998
0.720558996321355
0.653425436397781
0.586925655767435
0.516637363720482
0.448932431051341
0.401591989521591
0.377868558677929
0.374698202789654
0.373321182492213
0.375507629658787
0.340569300588195
0.647407020757504

# True total proportion of susceptible
1 0.834372777139897 0.648123292278212 0.446632608597892 0.300395458974945 0.22833135498282 0.195659062749525 0.094377523190281
1 0.837955456681955 0.555461033861852 0.30294981408832 0.144891039443587 0.0766030356992139 0.0514990713004596 0.0235417075418155
1 0.871880277879753 0.618535285824696 0.319622128851297 0.138549429537825 0.0578603798302046 0.0287143508901167 0.010974981284901
1 0.947579036578731 0.781278702962154 0.514848717213723 0.248920011551291 0.103904722141354 0.0426518177993305 0.0114105684271113
1 0.9590623741954 0.873119257273229 0.68474222259514 0.430774807784545 0.201558983694391 0.0827345266350429 0.014252671695953
1 0.9841679012239 0.930285650291776 0.833320317074878 0.644258531769709 0.400780787386074 0.186017414004629 0.0319213364639738
1 0.980589282566814 0.948302650379112 0.879351781864821 0.775995419193369 0.592971167944071 0.365117109991959 0.117612693496713
1 0.837488593966418 0.66499023433727 0.470001177922064 0.315779442207141 0.222425058815601 0.145808881779035 0.0385748617090957
1 0.840128882896905 0.561669327333345 0.316896240627247 0.157724747794133 0.0840086626914336 0.0523736990548407 0.0139003455449495
1 0.888229961970633 0.649104439097276 0.354669947094102 0.167223443228105 0.0749546928470307 0.0380141300386798 0.00946565205562243
1 0.992842940898983 0.875833003125024 0.634570205153231 0.34407238811608 0.161503492961988 0.0722363563444759 0.0107726208196296
1 0.964848093993806 0.927185474177602 0.786281697978129 0.549029157488828 0.289308191703796 0.133624427360347 0.0182626235630264
1 0.973340676945489 0.91604605725286 0.857047909252071 0.710310274583935 0.486856191083802 0.252717589670316 0.0365063480086385
1 0.990023693000432 0.955082577678195 0.890272204163719 0.827233013099135 0.682082463392494 0.465256807719043 0.148429408114069
1 0.994127162813829 0.979185640100305 0.939558048996442 0.872337182451079 0.808778579386769 0.665490278567642 0.190070630398162
1 0.940108301554987 0.881147747170487 0.812135619349771 0.740851652664274 0.667510241646781 0.608520446298571 0.182949456119119
1 0.921149945222457 0.795647494532534 0.673959164052188 0.573188064202907 0.49920752602559 0.438042338349477 0.171992428886503
1 0.905719753146558 0.749935404504914 0.564141069234632 0.425710742156784 0.338394985911078 0.284446291750362 0.116878888627051
1 0.90565735998411 0.736372032510578 0.528781162535393 0.350820814716006 0.245789444881621 0.188093096729549 0.0733526625664405
1 0.853735743147973 0.638976686425431 0.390470554205809 0.211030278807538 0.116311351726947 0.07406772794858 0.0235195291915687
1 0.857052290518397 0.604536772019173 0.340179912240906 0.156833275187705 0.0710234463878037 0.035847841296101 0.00861794723585693
1 0.903260224367745 0.689930030503926 0.414408780797214 0.201783366050398 0.0853849372806772 0.0371486362254202 0.00947730684743706
1 0.995647165610787 0.895636918890725 0.680672068643001 0.407021590963534 0.197626601461108 0.0835054826404413 0.0115491252330781
1 0.996940777178384 0.989989104872816 0.887865773236746 0.672922527457706 0.401509949873768 0.194672323431855 0.0365145591804092
1 0.872839328243577 0.750456626948938 0.613632278113887 0.45751030307872 0.301621342137095 0.16242325322468 0.0301779552748415
1 0.863823747875386 0.631922582158442 0.424763813919362 0.276142146932713 0.177030453432378 0.106596035507317 0.0296263838457861
1 0.891165894441039 0.67414089224587 0.409047056266595 0.233281750101781 0.137595987330874 0.0838600057216112 0.0213803582999536
1 0.93357525147071 0.774200909956627 0.532710924749192 0.29685488266204 0.161111186247516 0.0927342635397662 0.0175951260465857
1 0.943872542494618 0.831958692476602 0.641766386930675 0.413505273895195 0.220380083929348 0.116866478688807 0.0160152773300676
1 0.987570587511848 0.921516498486497 0.801753739491402 0.611564195588472 0.390789126705911 0.207109489202705 0.0258645279678542
1 0.995229336617469 0.978781215654404 0.90918032570501 0.78816796612309 0.599546044202195 0.382235927021002 0.108921602189225
1 0.997762054722098 0.991091929618394 0.972793144710893 0.902271709537367 0.781379933256273 0.593826924813509 0.168457324162685
1 0.997229522247513 0.992632921592296 0.9836252809619 0.963884355316106 0.893082631268151 0.772763764796109 0.275863440184655
1 0.988919584874089 0.976661608897079 0.962566866182395 0.947483999965668 0.925295120532068 0.85511678488529 0.386699452074493
1 0.89694529760605 0.792035286252509 0.680248221119076 0.599677054652613 0.55563371492376 0.52635912690975 0.220165842634599
1 0.864924263614744 0.653219613231191 0.454424813054409 0.313546791128778 0.242452954252278 0.21067218040998 0.0845010452112906
1 0.850954151229683 0.602109552019226 0.334965757411164 0.173078528471027 0.0990582285562458 0.069809230073393 0.0234701704272679
1 0.872064243831631 0.629326177832279 0.349347520493909 0.1543412497309 0.069633346286698 0.037378868112913 0.0118800212700604
1 0.972003064857796 0.823967020372509 0.57356983023619 0.3084460870103 0.133705677044984 0.0598075590215973 0.013690209625597
1 0.988205185989942 0.950422011146087 0.795498750329019 0.547336162201812 0.291816813409947 0.12586342012505 0.0205491747906755
1 0.99436512713893 0.977817501163053 0.935571715462875 0.779530631964975 0.534331923854695 0.284023313926064 0.0606904558984186
1 0.996830118609318 0.988506118417549 0.969336540525643 0.925608307595602 0.769984502640237 0.526938778271644 0.159689511751737
1 0.997587085764499 0.992365517103624 0.982013936836471 0.961595840836888 0.917479920789005 0.762558566698689 0.302069530057397
1 0.995222243403689 0.988736648119722 0.979462127750548 0.966538099463613 0.945088053032683 0.900930040812492 0.340430641046049
1 0.99727097639001 0.990176427011756 0.98139159156295 0.970652237724837 0.957099794913995 0.935481130359863 0.428582442025782
1 0.995207889116712 0.988395410676701 0.977250285528182 0.965874767361223 0.95400215204797 0.940064571460407 0.477432431688414
1 0.996100081355812 0.987994829436958 0.977892963739617 0.964663737933971 0.952376472113116 0.940178610329273 0.547707360982667
1 0.989508765626825 0.97664237109514 0.959616901322278 0.943810952010014 0.928130958005694 0.914966244722535 0.565229747499799
1 0.994738353418661 0.979803172870108 0.962556377694579 0.942796013247129 0.925825849812031 0.909764837274863 0.567001617854951
1 0.876552641316676 0.75614692527688 0.61826506113332 0.518635723093365 0.464309422827028 0.436376423425175 0.247032023484991

# True vulnerable proportion of susceptible
0.27 0.417186388569949 0.473130003363095 0.393036695566145 0.285375686026197 0.223764727883164 0.19370247212203 0.094377523190281
0.27 0.418977728340977 0.405486554719152 0.266595836397721 0.137646487471408 0.0750709749852296 0.050984080587455 0.0235417075418155
0.27 0.435940138939876 0.451530758652028 0.281267473389142 0.131621958060933 0.0567031722336005 0.0284272073812155 0.010974981284901
0.27 0.473789518289365 0.570333453162372 0.453066871148076 0.236474010973726 0.101826627698527 0.0422252996213372 0.0114105684271113
0.27 0.4795311870977 0.637377057809457 0.602573155883723 0.409236067395318 0.197527804020504 0.0819071813686924 0.014252671695953
0.27 0.49208395061195 0.679108524712997 0.733321879025892 0.612045605181224 0.392765171638353 0.184157239864583 0.0319213364639738
0.27 0.490294641283407 0.692260934776752 0.773829568041042 0.737195648233701 0.581111744585189 0.361465938892039 0.117612693496713
0.27 0.418744296983209 0.485442871066207 0.413601036571416 0.299990470096784 0.217976557639289 0.144350792961245 0.0385748617090957
0.27 0.420064441448452 0.410018608953342 0.278868691751977 0.149838510404426 0.082328489437605 0.0518499620642923 0.0139003455449495
0.27 0.444114980985317 0.473846240541012 0.31210955344281 0.158862271066699 0.0734555989900901 0.037633988738293 0.00946565205562243
0.27 0.496421470449492 0.639358092281267 0.558421780534843 0.326868768710276 0.158273423102748 0.0715139927810311 0.0107726208196296
0.27 0.482424046996903 0.676845396149649 0.691927894220754 0.521577699614386 0.28352202786972 0.132288183086743 0.0182626235630264
0.27 0.486670338472745 0.668713621794588 0.754202160141823 0.674794760854739 0.477119067262126 0.250190413773613 0.0365063480086385
0.27 0.495011846500216 0.697210281705083 0.783439539664072 0.785871362444178 0.668440814124644 0.460604239641852 0.148429408114069
0.27 0.497063581406915 0.714805517273223 0.826811083116869 0.828720323328525 0.792603007799034 0.658835375781965 0.190070630398162
0.27 0.470054150777494 0.643237855434455 0.714679345027798 0.70380907003106 0.654160036813845 0.602435241835585 0.182949456119119
0.27 0.460574972611229 0.58082267100875 0.593084064365926 0.544528660992761 0.489223375505079 0.433661914965982 0.171992428886503
0.27 0.452859876573279 0.547452845288587 0.496444140926476 0.404425205048945 0.331627086192857 0.281601828832858 0.116878888627051
0.27 0.452828679992055 0.537551583732722 0.465327423031146 0.333279773980205 0.240873655983988 0.186212165762254 0.0733526625664405
0.27 0.426867871573986 0.466452981090565 0.343614087701112 0.200478764867161 0.113985124692408 0.0733270506690942 0.0235195291915687
0.27 0.428526145259198 0.441311843573996 0.299358322771998 0.14899161142832 0.0696029774600477 0.03548936288314 0.00861794723585693
0.27 0.451630112183873 0.503648922267866 0.364679727101549 0.191694197747878 0.0836772385350637 0.036777149863166 0.00947730684743706
0.27 0.497823582805393 0.653814950790229 0.598991420405841 0.386670511415357 0.193674069431886 0.0826704278140369 0.0115491252330781
0.27 0.498470388589192 0.722692046557155 0.781321880448336 0.639276401084821 0.393479750876293 0.192725600197536 0.0365145591804092
0.27 0.436419664121788 0.547833337672725 0.53999640474022 0.434634787924784 0.295588915294354 0.160799020692433 0.0301779552748415
0.27 0.431911873937693 0.461303484975663 0.373792156249039 0.262335039586078 0.173489844363731 0.105530075152244 0.0296263838457861
0.27 0.44558294722052 0.492122851339485 0.359961409514604 0.221617662596692 0.134844067584256 0.0830214056643951 0.0213803582999536
0.27 0.466787625735355 0.565166664268338 0.468785613779289 0.282012138528938 0.157888962522566 0.0918069209043685 0.0175951260465857
0.27 0.471936271247309 0.607329845507919 0.564754420498994 0.392830010200435 0.215972482250761 0.115697813901919 0.0160152773300676
0.27 0.493785293755924 0.672707043895143 0.705543290752434 0.580985985809048 0.382973344171793 0.205038394310678 0.0258645279678542
0.27 0.497614668308734 0.714510287427715 0.800078686620409 0.748759567816935 0.587555123318151 0.378413567750792 0.108921602189225
0.27 0.498881027361049 0.723497108621427 0.856057967345586 0.857158124060499 0.765752334591147 0.587888655565374 0.168457324162685
0.27 0.498614761123757 0.724622032762376 0.865590247246472 0.9156901375503 0.875220978642788 0.765036127148148 0.275863440184655
0.27 0.494459792437044 0.712962974494867 0.847058842240508 0.900109799967384 0.906789218121427 0.846565617036438 0.386699452074493
0.27 0.448472648803025 0.578185758964331 0.598618434584787 0.569693201919982 0.544521040625285 0.521095535640652 0.220165842634599
0.27 0.432462131807372 0.47685031765877 0.399893835487879 0.297869451572339 0.237603895167232 0.20856545860588 0.0845010452112906
0.27 0.425477075614841 0.439539972974035 0.294769866521825 0.164424602047475 0.0970770639851209 0.0691111377726591 0.0234701704272679
0.27 0.436032121915816 0.459408109817564 0.30742581803464 0.146624187244355 0.0682406793609641 0.0370050794317838 0.0118800212700604
0.27 0.486001532428898 0.601495924871931 0.504741450607847 0.293023782659785 0.131031563504084 0.0592094834313813 0.013690209625597
0.27 0.494102592994971 0.693808068136643 0.700038900289537 0.519969354091721 0.285980477141748 0.1246047859238 0.0205491747906755
0.27 0.497182563569465 0.713806775849029 0.82330310960733 0.740554100366726 0.523645285377602 0.281183080786804 0.0606904558984186
0.27 0.498415059304659 0.721609466444811 0.853016155662566 0.879327892215822 0.754584812587433 0.521669390488928 0.159689511751737
0.27 0.498793542882249 0.724426827485646 0.864172264416094 0.913516048795043 0.899130322373225 0.754932981031702 0.302069530057397
0.27 0.497611121701845 0.721777753127397 0.861926672420482 0.918211194490432 0.926186291972029 0.891920740404367 0.340430641046049
0.27 0.498635488195005 0.722828791718581 0.863624600575396 0.922119625838595 0.937957799015715 0.926126319056265 0.428582442025782
0.27 0.497603944558356 0.721528649793992 0.8599802512648 0.917581028993162 0.934922109007011 0.930663925745803 0.477432431688414
0.27 0.498050040677906 0.721236225488979 0.860545808090863 0.916430551037272 0.933328942670853 0.930776824225981 0.547707360982667
0.27 0.494754382813412 0.712948930899452 0.844462873163605 0.896620404409514 0.90956833884558 0.90581658227531 0.565229747499799
0.27 0.49736917670933 0.715256316195179 0.84704961237123 0.895656212584773 0.90730933281579 0.900667188902114 0.567001617854951
0.27 0.438276320658338 0.551987255452122 0.544073253797322 0.492703936938696 0.455023234370487 0.432012659190923 0.247032023484991

# True survival by age
0.727508852296659 0.699926845826549 0.689509034195894 0.704673630339663 0.724991356939156 0.736612345383393 0.74228132566719 0.761007941128254
0.737606946344074 0.715258085195381 0.717440423745366 0.738491292480475 0.757994676683886 0.76745463711753 0.771095384501008 0.775242971051607
0.761182455971456 0.75075039966297 0.749898949342608 0.76083227820094 0.770398116392289 0.775181860967411 0.776986651944715 0.77810045488091
0.76489109935489 0.754822835774571 0.75012849839593 0.756080235144826 0.766952564276989 0.773700643711033 0.776686097692694 0.778229391814521
0.773126372371549 0.769158442558318 0.766198670484943 0.766961834884028 0.770778662896689 0.774932104526731 0.777197041087532 0.778521792637756
0.771941670815595 0.766746875630885 0.762393781693868 0.761175315086384 0.764117530528018 0.769384916742585 0.774386943619367 0.778035871570719
0.727371813825333 0.685856031652911 0.647802058354361 0.632462918983837 0.63942362547671 0.668943457725305 0.710468784743424 0.756567757705822
0.728147499639138 0.700622786359028 0.688333528123519 0.701773488591946 0.722945230761171 0.738219235901584 0.751927225482563 0.771619570181456
0.742574389362203 0.722821592069785 0.724298106027859 0.741766236189129 0.75890849752202 0.767872418604316 0.771918453211214 0.776955788835538
0.776013392004812 0.774619359119219 0.774498653711381 0.776005949498965 0.777385319260498 0.778147555413207 0.778466317505943 0.778716709710738
0.766773372259568 0.757138201751969 0.751115642425437 0.754689833221031 0.764702180790238 0.771976805663413 0.775717841847345 0.778336437480209
0.76955311101488 0.762715728166968 0.756460733179939 0.756049071417312 0.761673750351113 0.769495649691885 0.774459839783587 0.778201606346524
0.775072795114428 0.772523282972492 0.770399827708513 0.769419754273422 0.770437580371782 0.772895711572592 0.775705672654155 0.778349358972284
0.776442609303426 0.774927073014106 0.773579044972353 0.773030780679864 0.773047959158129 0.773919073211554 0.775439462218411 0.777718399158607
0.758788965663825 0.742411078915851 0.726710518237683 0.718651246399678 0.718549353358304 0.721188852302793 0.73091564058549 0.764987188576939
0.752782077822228 0.733930782786388 0.717615308825505 0.710908703777825 0.711972767229428 0.716698278153188 0.721612068588143 0.761434517233217
0.747962830848207 0.726614805886749 0.713185167696827 0.711873842404996 0.717377420073492 0.723624316384673 0.729893132007664 0.759404696713467
0.747943469109568 0.72745649907335 0.716915703481119 0.722743634680666 0.733152224889715 0.741374842234962 0.747022015442269 0.765611629516364
0.732171412976138 0.701008038446613 0.686633872378576 0.699075139491056 0.721714055047482 0.737546225949442 0.74690915144856 0.766238432424856
0.733158955214969 0.707029217075043 0.700530297634919 0.721185362423321 0.745194499168448 0.759695398982281 0.766510622118125 0.774858861128765
0.747200352427713 0.729035979816213 0.727699462598206 0.7441741205202 0.761573632836499 0.770754137042763 0.774698131507214 0.777804575068122
0.776951244111552 0.776117351863605 0.775977507961911 0.776801926327933 0.777758641433631 0.778347311269999 0.778601678911312 0.778749525868357
0.777384647377774 0.776641991168709 0.776185233079503 0.776479133036648 0.777319339092968 0.778062090872576 0.778485924196552 0.778756859240356
0.737896494246441 0.703736686187994 0.670214234121462 0.661502217528642 0.682855814487397 0.71975264669945 0.749880182456565 0.773321567665012
0.735183533742701 0.708695689608814 0.690982625325557 0.692306128378213 0.709201974120252 0.731472705630283 0.753055408759998 0.773969182644161
0.743473493677639 0.722681037074709 0.719017092603876 0.730404866884424 0.744847244717533 0.756349294860282 0.765144614204296 0.774967126551754
0.756708196055733 0.742746033845591 0.739145576278958 0.749839950588473 0.76098034462466 0.767960189919055 0.772126853931821 0.777082172860921
0.759993076931026 0.746709281506245 0.740135658697932 0.746787809203021 0.759555003874434 0.768028441745367 0.772537547167981 0.77760050619325
0.77425620902378 0.771286015149663 0.769334179383613 0.770068131878105 0.772744094125751 0.775474610663934 0.777019567541816 0.77855430753915
0.77681136061774 0.775611056486376 0.774681308019634 0.77456807623933 0.775341263188904 0.776526923288987 0.777584518336949 0.778647496909233
0.777660053926083 0.777150476148325 0.776671242616173 0.77651583212445 0.77669582653273 0.777159109761833 0.777745546876454 0.778497633242886
0.777481452678198 0.776816273483491 0.776165874835151 0.775789690012022 0.775824092006003 0.776154678791595 0.776772528832751 0.778220501666003
0.774705048189892 0.771690087259621 0.768710504396831 0.76685531438644 0.766204802292786 0.76677652370373 0.76829450761347 0.775013823950625
0.745249763311822 0.717806918461033 0.691093123885399 0.674702315782828 0.668222859710152 0.66741787865211 0.674819928293974 0.731305851232282
0.735513630546011 0.707307829776773 0.686823984727043 0.683648124814328 0.688271336171284 0.692280778686677 0.696005766665426 0.743820601221474
0.731345209213454 0.703183526334223 0.695582352698517 0.709062349480185 0.726867923277347 0.737379168365336 0.742442600933181 0.764070590041096
0.737662470082812 0.714359882464585 0.712377669817755 0.734291975476299 0.753980814134412 0.764148623895358 0.768369992571164 0.775258608802663
0.769113955805972 0.763553328104859 0.762890269758833 0.76819209511662 0.773747604273261 0.776450144796091 0.777526298737615 0.778391689690168
0.774467288187789 0.771441993913773 0.769895348463065 0.771390690960146 0.774511994224326 0.776885215128408 0.777935517145986 0.778600793050516
0.776522194748829 0.775079830497359 0.773809033258314 0.773851367317105 0.775147711577961 0.776796526464381 0.77792819165202 0.778656990505683
0.777347554134357 0.776576466797407 0.775847174676655 0.775496608831603 0.775861771990984 0.7767316081389 0.777691238624034 0.778561626289802
0.77760136362024 0.777039480472637 0.776493226749595 0.776179226190734 0.776137624423305 0.776528390982918 0.777232670612781 0.778321624408872
0.77680898634054 0.775574318278663 0.774358219791989 0.773608827508099 0.773353157592003 0.773454394527347 0.774315966794499 0.77700791128301
0.777495352663428 0.776846942799099 0.776209294714255 0.775813420679552 0.775659341120641 0.775647970778236 0.775769515645347 0.77764563464947
0.776804181643771 0.775566467356468 0.77435515691754 0.773596749528542 0.773285442082432 0.773206828335622 0.773282481146693 0.776249393123259
0.777102931088356 0.776123746817925 0.775161509807531 0.774570260120693 0.774327872665281 0.774259405185073 0.774285204408645 0.776486853889288
0.774901244058786 0.772060049424599 0.769281738663339 0.767550246317931 0.76686054288124 0.76665640980433 0.766694733435464 0.771680035721812
0.776647050441973 0.775303710568783 0.774001008147105 0.773220764489181 0.772916153036014 0.772846803167835 0.772876340502381 0.775106974089653
0.739019731790782 0.70597164138604 0.674307039629678 0.655158465689848 0.648103437764684 0.646418563148838 0.64739264457846 0.696077800182268
0.724209640344646 0.690584117569325 0.667881751312042 0.669539773239326 0.679877779111049 0.687450969161085 0.692072913765575 0.729209675585332

# True Numbers-at-age
160.397395925873 273.111787378944 44.5325920749536 20.9079164718874 19.3338679824297 12.9992603502139 7.74844499315418 31.3378165200236
151.79302159196 116.690525421405 191.158271898195 30.705624551841 14.7332574030833 14.0168871834642 9.57541565482038 29.5998532507359
122.347802577598 111.963587132786 83.463841773357 137.144671593073 22.6758363617093 11.1677306817506 10.7573250669029 30.3306369929028
30.8908722016551 93.1290008487267 84.0567077876388 62.5894472539381 104.344092931278 17.4694216206806 8.65702225266229 31.9585804286192
90.872106858164 23.6281531983554 70.2958965134883 63.053331992847 47.3226439973422 80.0269696407999 13.51610275318 31.5948954412789
97.3028556559888 70.2556223250121 18.1737935145764 53.8606224491819 48.3594992007857 36.4752842650075 62.0154680026419 35.1019897039535
433.218171544271 75.1121289702127 53.8682789132065 13.8555871653014 40.9973762635048 36.9523411068761 28.0635335473949 75.3345758768723
99.4071966624468 315.110687218251 51.5161067045117 34.895981959982 8.7631451028015 26.214690965443 24.7190268310786 76.9339757239083
80.34601101868 72.3831016958967 220.773727690359 35.4602634831042 24.4890749978982 6.33527395853846 19.3521891339055 77.9506705421547
125.310582754009 59.6628900698852 52.3200688067772 159.905992826838 26.303226178137 18.584967112359 4.86468213706387 75.5025366238342
91.6415968594782 97.2426903770382 46.2160296691348 40.5218228529358 124.088001794165 20.4477418800722 14.461846725917 62.5820780836037
62.0769442378989 70.268336263194 73.6261557255943 34.7135828152853 30.5814077306942 94.8903655819008 15.7851824596081 59.9282242370558
42.6131275138092 47.7715055605723 53.5947652600634 55.6952957414034 26.2451720530644 23.2930555172544 73.0177235129453 58.8612302453943
47.2057922718061 33.0282758506956 36.904600308192 41.289397922431 42.8530607635361 20.220266853004 18.0031027187082 102.454863163107
172.487584027634 36.6525885257567 25.594505131682 28.5486254614976 31.9179755097784 33.1274711669309 15.6488501829672 93.6413484556837
34.1702235987547 130.88167547418 27.2112877924657 18.5997960882817 20.5165052709028 22.9346406630574 23.8911629105728 83.0724212455767
170.675413044484 25.7227319203207 96.0580905331591 19.52723669273 13.2227569276522 14.6071930316018 16.4372174732753 80.4943604553949
142.730369258561 127.65886509694 18.6905178611607 68.5072054055281 13.9009290160055 9.48570725101803 10.5701200717918 73.1252075318337
320.563510415702 106.754247530538 92.8662710790967 13.3995257608604 49.5131466366064 10.1914970361185 7.03246471671053 63.8816216966662
160.680060499208 234.707438369655 74.8355856572266 63.7651273243988 9.36727534038751 35.7343338372658 7.51670017576409 54.2011659237614
51.0798059850604 117.804025279477 165.945016392186 52.4245950941404 45.9864764594157 6.98044205585303 27.1472090018677 47.7598842275373
32.8327297520285 38.1668490339764 85.8833729959176 120.758099249445 39.0130269478095 35.0220879385474 5.38020459293601 58.1787485462851
50.5963481597266 25.509430228417 29.6219538012277 66.6435657527354 93.8051241166683 30.342718837142 27.2593479820298 49.4957091749802
297.824183439901 39.3328242727522 19.811694686177 22.9921231154762 51.7473381581548 72.9165370819024 23.6085192611854 59.7661417297675
134.041376837585 219.763420862111 27.6799514121213 13.2780797807443 15.2093404265791 35.3359707455415 52.4818705528579 63.9220071468601
152.320783888845 98.5450130911925 155.745389098666 19.1263654956314 9.19249600530414 10.7864942555968 25.8472981273138 88.9954201061012
152.907352836337 113.246465357557 71.2166122592837 111.983596856182 13.9699904438195 6.84700532162772 8.15835732423516 88.7454459497384
43.3344596423977 115.706247128442 84.1133629913572 52.6394439090234 83.9697747333592 10.630888142341 5.258227507174 75.2617907441474
37.6703754899647 32.9338893207692 86.398928659063 62.2552993229064 39.3104949944849 63.779662572932 8.16482445433145 62.5857847605029
13.0931464326391 29.1665221193624 25.4014482575961 66.4696488795435 47.9408220491028 30.3769528441481 49.4595090020215 55.0706606825671
73.3715796618268 10.1709048951057 22.6218770350319 19.6780271617876 51.4852680609318 37.1704975258658 23.5885217309609 81.3395805781374
55.3490863255651 57.0581465964581 7.90432358209071 17.5697613471085 15.280299636103 39.9883928308445 28.8873907666063 81.6685387027023
57.0209462169227 43.0328880408113 44.3236968109353 6.13506622807355 13.6304397090585 11.8548245907593 31.0371781930163 85.995062736703
161.829963235066 44.1744148868144 33.2080531272472 34.0720913322663 4.70470814111097 10.4437083624429 9.09000118881991 90.4930559499611
250.673883380395 120.603741797694 31.7087006247234 22.9498571738615 22.9885189254441 3.14379352815481 6.97031768052295 72.3122152625284
260.083582234642 184.374058048182 85.3039708738851 21.7782961135894 15.6896268216671 15.8223386374142 2.17638783170115 58.6386967333644
52.0485095435413 190.210881862379 129.648800302871 59.3359367549828 15.4421698099769 11.4042864648617 11.6670629060512 46.4199466547102
76.334784843855 38.3942321140175 135.879023210694 92.358910254427 43.5699022165531 11.6430997653282 8.71456980863254 44.9520843026743
46.507982731613 58.7101483368551 29.3160437106885 103.660784671773 70.9493847710362 33.7121074584782 9.04028649866442 41.7661360638502
64.0967291386839 36.0189112652368 45.2914738959569 22.570285688199 79.9629643134298 54.9511494880043 26.1904378553118 39.5519066144559
37.021689759436 49.7725327869921 27.9175316381592 35.0469516302746 17.4660464405504 61.9831087985453 42.6858620475067 51.1716485325313
11.4766402688398 28.7787199844185 38.6521776552804 21.6597380454119 27.1787921391631 13.5512377410423 48.1442397745425 73.0367028288778
8.53001932739564 8.92425112282882 22.3622016253601 30.0131541484473 16.8118387155818 21.0944831655849 10.5229208388786 94.26532124183
2.48513385596403 6.62619566717942 6.92141998073556 17.3163546412434 23.2184409906001 13.0014885556227 16.3156207047048 81.3929659873945
16.5148073336092 1.93218002375857 5.14753984643697 5.3724705216679 13.4342603279232 18.0096006406174 10.0845782152652 75.9520458628122
22.6772309149652 12.8287713957889 1.49853403532317 3.98602402552699 4.1561257325002 10.3885179367286 13.9251461909229 66.7559571710961
25.7494336886721 17.6225426129869 9.95671412277027 1.16160590531908 3.08745566629977 3.21820399697631 8.04340771844594 62.6171578270115
38.7148397009498 19.9532681991612 13.6056611207698 7.65951835173853 0.891590898752026 2.3676479283804 2.46725672233981 54.4872489253532
185.543727725134 30.0677660620764 15.4698428727838 10.5307954239837 5.92249863555018 0.689125007545339 1.82982913247574 44.1403309876421
399.484143442932 137.120475898891 21.2269901596556 10.4314239510831 6.89933977247082 3.83839172585673 0.44546319720739 31.9097224143953

