# Simulated data from SIR age-structured hybrid model
# random seed = 7289851
# Flag=0 if no issues, =1 if negative pop #'s, =2 if NaN, or=3 if NA. Flag:
0

# True SSB
48131.141931333
50494.2163646719
52038.6598347951
53336.3276538922
51795.1345674593
44298.832349886
39668.164402564
40537.4910210603
41157.3835675531
37443.009229473
36650.9982816606
37268.5607034442
33519.4728296223
28307.1249853093
23796.5238317652
23757.0721105463
26962.7358488567
28954.2514099704
28960.5868861197
30680.3842230899
30476.5899773966
31352.1284415367
32792.486998253
26480.5707372986
23432.2468575815
20143.0837091504
20613.3135402305
24051.0296858353
24356.7367679036
24877.5333201548
22282.6048538007
19561.9306783542
16885.8679757673
15528.3556894267
16717.270002922
23327.1919982818
27424.2889467123
28773.3649435451
26991.5516379921
23695.5757143132
22805.2451003209
29325.2990611832
31526.2413139394
29840.4584650738
27579.117072838
23650.5090461615
21388.0618014457
22240.3028557056
20739.1766233109
19111.0872985857

# True R (numbers)
339.360303687779
41.5675455560268
74.4977323446262
55.3254056475587
253.52324015689
65.4348062645876
145.546703042875
79.3023773876518
201.551270532675
20.3906094489092
18.238573534669
16.4902677755785
151.036370720815
139.83256175087
120.548068234675
139.698454749512
107.907339790929
118.373645325148
136.72346560812
127.872542715845
56.3204059427894
17.3408751117248
17.4583087026072
131.204553686765
133.105508101681
115.801627223843
64.0650578300866
38.765192088611
20.6477284711469
21.3895934152012
42.7803292360873
114.253987343003
220.505483096367
172.530764095801
122.596604152821
28.4694565827169
27.4702029120356
72.4622720897605
331.542780227107
78.5484076743474
103.943669173897
26.5140701799262
16.8161649564409
62.4873961468207
120.709455422568
58.9124305574051
22.1083944962001
29.157848417857
42.8685413048073
252.54268191971

# True infection rate given (selected) susceptible
-999 -999 0.021194798092298 0.0211947980922988 0.0211947980922978 0.021194798092299 0.0211947980922989 0.0211947980922989
-999 -999 0.483338663995651 0.483338663995651 0.483338663995651 0.48333866399565 0.483338663995651 0.483338663995651
-999 -999 0.615632075888807 0.615632075888806 0.615632075888807 0.615632075888807 0.615632075888806 0.615632075888806
-999 -999 0.480304643618815 0.480304643618815 0.480304643618815 0.480304643618815 0.480304643618815 0.480304643618815
-999 -999 0.42151431729267 0.421514317292669 0.421514317292669 0.421514317292669 0.421514317292669 0.42151431729267
-999 -999 0.00186127168989324 0.00186127168989452 0.00186127168989353 0.00186127168989381 0.00186127168989301 0.00186127168989318
-999 -999 0.00290854695936581 0.00290854695936475 0.00290854695936536 0.00290854695936628 0.002908546959366 0.00290854695936468
-999 -999 0.0428450062836868 0.0428450062836866 0.0428450062836868 0.0428450062836868 0.0428450062836871 0.0428450062836869
-999 -999 0.405583024819851 0.405583024819851 0.405583024819852 0.405583024819851 0.405583024819852 0.405583024819851
-999 -999 0.0217096385783801 0.02170963857838 0.0217096385783804 0.02170963857838 0.0217096385783807 0.0217096385783807
-999 -999 0.0795864672259224 0.0795864672259234 0.0795864672259223 0.0795864672259227 0.0795864672259227 0.0795864672259231
-999 -999 0.389747291581992 0.389747291581993 0.389747291581992 0.389747291581992 0.389747291581992 0.389747291581992
-999 -999 0.0110870464181685 0.0110870464181689 0.0110870464181683 0.0110870464181682 0.0110870464181679 0.0110870464181675
-999 -999 0.0260649501513659 0.0260649501513671 0.026064950151367 0.0260649501513665 0.0260649501513667 0.0260649501513661
-999 -999 0.0797665150712666 0.0797665150712655 0.0797665150712659 0.0797665150712664 0.079766515071266 0.0797665150712661
-999 -999 0.0842263858316366 0.0842263858316374 0.0842263858316372 0.0842263858316379 0.0842263858316371 0.0842263858316369
-999 -999 0.232896876302317 0.232896876302318 0.232896876302317 0.232896876302317 0.232896876302317 0.232896876302317
-999 -999 0.368926874378009 0.368926874378009 0.36892687437801 0.368926874378009 0.36892687437801 0.36892687437801
-999 -999 0.00333997780595859 0.00333997780595857 0.00333997780595815 0.00333997780595972 0.00333997780595785 0.003339977805959
-999 -999 0.304093909343436 0.304093909343437 0.304093909343436 0.304093909343437 0.304093909343437 0.304093909343436
-999 -999 0.10731102233021 0.10731102233021 0.10731102233021 0.10731102233021 0.10731102233021 0.107311022330211
-999 -999 0.0122456381819846 0.0122456381819844 0.0122456381819854 0.0122456381819853 0.0122456381819849 0.0122456381819849
-999 -999 0.627559406164363 0.627559406164363 0.627559406164363 0.627559406164363 0.627559406164363 0.627559406164363
-999 -999 0.00269596285866248 0.0026959628586627 0.00269596285866191 0.00269596285866215 0.00269596285866131 0.00269596285866206
-999 -999 0.00173855699612455 0.00173855699612533 0.00173855699612494 0.00173855699612427 0.00173855699612592 0.00173855699612499
-999 -999 0.00446784025495924 0.00446784025495985 0.00446784025495995 0.00446784025495973 0.00446784025496034 0.00446784025495935
-999 -999 0.00916274412982777 0.00916274412982858 0.00916274412982831 0.00916274412982849 0.00916274412982825 0.00916274412982839
-999 -999 0.536596328183048 0.536596328183048 0.536596328183048 0.536596328183047 0.536596328183048 0.536596328183048
-999 -999 0.00186464052190763 0.00186464052190869 0.00186464052190744 0.00186464052190737 0.00186464052190698 0.00186464052190802
-999 -999 0.120102140154474 0.120102140154475 0.120102140154475 0.120102140154476 0.120102140154475 0.120102140154476
-999 -999 0.00569059812549968 0.00569059812550135 0.00569059812550066 0.00569059812550001 0.00569059812550024 0.00569059812550036
-999 -999 0.00250980093588688 0.00250980093588653 0.0025098009358867 0.00250980093588595 0.00250980093588613 0.00250980093588608
-999 -999 0.00957007202581384 0.00957007202581358 0.00957007202581379 0.00957007202581345 0.00957007202581288 0.00957007202581232
-999 -999 0.190517711018076 0.190517711018076 0.190517711018076 0.190517711018076 0.190517711018075 0.190517711018076
-999 -999 0.0232828059027882 0.0232828059027879 0.0232828059027883 0.0232828059027889 0.0232828059027882 0.0232828059027886
-999 -999 0.507373257185351 0.50737325718535 0.507373257185349 0.50737325718535 0.50737325718535 0.50737325718535
-999 -999 0.440362340851144 0.440362340851143 0.440362340851144 0.440362340851144 0.440362340851144 0.440362340851144
-999 -999 0.138517577453394 0.138517577453393 0.138517577453393 0.138517577453393 0.138517577453394 0.138517577453393
-999 -999 0.00515666521520918 0.00515666521520886 0.00515666521520982 0.00515666521520952 0.00515666521520848 0.005156665215209
-999 -999 0.00339362533068771 0.00339362533068892 0.00339362533068853 0.00339362533068931 0.00339362533068841 0.0033936253306887
-999 -999 0.139269532934306 0.139269532934305 0.139269532934306 0.139269532934305 0.139269532934306 0.139269532934306
-999 -999 0.660706098472099 0.660706098472099 0.660706098472099 0.660706098472099 0.660706098472099 0.660706098472099
-999 -999 0.470138271228371 0.470138271228371 0.470138271228371 0.470138271228372 0.470138271228371 0.470138271228371
-999 -999 0.0116609962123435 0.0116609962123427 0.0116609962123424 0.011660996212343 0.0116609962123427 0.0116609962123423
-999 -999 0.00227979385329815 0.00227979385329905 0.00227979385329944 0.00227979385329849 0.00227979385329889 0.00227979385329906
-999 -999 0.00250268445565131 0.00250268445565152 0.00250268445565143 0.00250268445565179 0.00250268445565163 0.0025026844556522
-999 -999 0.00309890657234933 0.00309890657234987 0.00309890657234956 0.0030989065723494 0.00309890657234997 0.00309890657234902
-999 -999 0.45357696060441 0.45357696060441 0.453576960604409 0.453576960604409 0.453576960604409 0.453576960604409
-999 -999 0.0064121509106918 0.00641215091069321 0.00641215091069261 0.00641215091069273 0.00641215091069327 0.00641215091069314
-999 -999 0.00173747067803145 0.00173747067803131 0.00173747067803176 0.0017374706780321 0.00173747067803145 0.00173747067803152

# Duration of outbreak (days) based on incidence
0
0
0
0
0
0
0
0
0
0
0
0
0
0
0
0
0
0
0
0
0
0
0
0
0
0
0
0
0
0
0
0
0
0
0
0
0
0
0
0
0
0
0
0
0
0
0
0
0
0

# Duration of outbreak (days) based on prevalence
0
0
0
0
0
0
0
0
0
0
0
0
0
0
0
0
0
0
0
0
0
0
25
0
0
0
0
0
0
0
0
0
0
0
0
0
0
0
0
0
0
18
0
0
0
0
0
0
0
0

# Peak (point) prevalence
0.000935724221239379
0.0570091256454261
0.0934948741682783
0.0455317938367556
0.0301335038099043
2.7259992716925e-05
8.90792489993643e-05
0.00202191642738417
0.0374645707808324
0.00144076101621158
0.00810037668599782
0.0415746474708554
0.00036537186906693
0.00151855599826299
0.0105684807716848
0.00544465512046404
0.0179674092824816
0.0468051660509103
0.00012180547516382
0.0369352355686375
0.0187286093739313
0.000722208523781693
0.136741534949762
0.000112946232146278
4.91809248333711e-05
0.000289596089817378
0.000465220572619985
0.0935449523905424
4.68407333109873e-05
0.0218702146136533
0.000407657384983523
8.69157922148261e-05
0.000485572913718785
0.0296933806074379
0.00296426587766675
0.0866888018499199
0.0532575257208808
0.0169633061095804
0.000203778843716528
0.000128879081287368
0.0256545932370502
0.150652291712674
0.0471752094968384
0.000911040285781996
6.31787558236599e-05
6.68186516674635e-05
0.000102191541056897
0.0712407992959316
0.000404964087893994
6.1420451205382e-05

# Day of peak prevalence
119
72
60
67
78
38
73
118
63
119
119
83
101
119
119
114
91
96
84
101
119
119
70
93
50
119
113
72
46
119
119
57
109
119
119
71
77
119
102
78
119
46
64
119
60
47
57
90
119
60

# Total immunity
0.145404507371547
0.141046824149236
0.203199695914718
0.302276457295549
0.278678317520904
0.317551603759322
0.241102763057626
0.206678017937089
0.146648440706484
0.227955831412663
0.222018760923031
0.235333877480841
0.246361699310361
0.170882520084775
0.130072633099314
0.101886836482664
0.0903958499589211
0.111094050713698
0.135379892042417
0.103070655728606
0.153584720182962
0.165278544209877
0.159733170847395
0.259992299742872
0.172748574002651
0.125752571706973
0.105756736352979
0.0955503550911462
0.23540102499356
0.214521882299327
0.203202334746923
0.123106227449315
0.0621700657230899
0.0423082112688021
0.0460960104332691
0.0461707419279582
0.152894639743756
0.226877952849776
0.113574813334944
0.0975426250650675
0.078394111238178
0.0943370989514415
0.276902302826159
0.342134100065345
0.228708490170731
0.189324975711522
0.175180114600552
0.155630268547552
0.24660390255213
0.101828101841487

# Observed immunity (based on survey selectivity)
0.496769941714523
0.369513408610423
0.419851191392159
0.487713838944008
0.576832851109661
0.678202921629828
0.591097035810112
0.440441441560107
0.353330858320385
0.47408013218211
0.386435814399534
0.325206088404805
0.458447298942696
0.43883998642681
0.41639834749756
0.337401798842891
0.256162808323994
0.294851823349519
0.368097831139048
0.276521774821532
0.359181659505395
0.303602802920165
0.232968679811205
0.521178956383379
0.471974174749977
0.429714958990647
0.316710876991686
0.211326900044713
0.403892836305604
0.318798271508883
0.321986515199455
0.29229490615468
0.266101992127501
0.225992783465111
0.218276833878453
0.127726972441206
0.283300506058554
0.394236287558033
0.389065163179259
0.35433013789212
0.281316183120732
0.204474020978158
0.43132484055911
0.548450363443495
0.477981797605945
0.441902926052302
0.376208334437
0.276532595596805
0.418903283789439
0.366066244307596

# True total proportion of susceptible
1 1 1 0.998715693089603 0.961892902669492 0.684278389853407 0.312195279445956 0.113616292649089
1 1 1 0.999059366375066 0.989306550423399 0.944533854440082 0.670613380593108 0.154795793101295
1 1 1 0.984110083725515 0.825156280593725 0.626478490755361 0.569630133687486 0.188782595011287
1 1 1 0.980126102981097 0.762077552462567 0.40179157558112 0.267343498684832 0.0895420931619539
1 1 1 0.979293626386586 0.767957476497046 0.42660993762489 0.207747244486491 0.0569677169043639
1 1 1 0.982065395687244 0.795874481201188 0.474620598488237 0.246737035010789 0.058525171053313
1 1 1 0.999927828247146 0.981346292152513 0.794701388807869 0.473812280244761 0.113253279703148
1 1 1 0.999878884577139 0.998716752737705 0.979076869710605 0.792676409030679 0.240904519422604
1 1 1 0.998346528180078 0.983259025191052 0.966996937460936 0.946095302368694 0.26082826288601
1 1 1 0.984221782938175 0.832639142324428 0.655242106637454 0.624169929185297 0.205521578417594
1 1 1 0.999174484736313 0.976020719169925 0.818663294560796 0.64292784372619 0.240484538509273
1 1 1 0.996538892254672 0.964353180535292 0.910641490508624 0.759018166748438 0.355911858418891
1 1 1 0.985276132895734 0.841393880429247 0.659531976916226 0.601416373521554 0.248194312685787
1 1 1 0.999541551221525 0.980732659209437 0.833736957387506 0.652923048156343 0.329372118776001
1 1 1 0.999043725584259 0.989947737421339 0.962638598360735 0.816521905366425 0.367235721720004
1 1 1 0.997122125501205 0.969929061821189 0.934231621909644 0.904835576678871 0.480396376617298
1 1 1 0.996725560667767 0.964093502860635 0.90766747990202 0.87027641875464 0.459785098091953
1 1 1 0.989734194517624 0.892417288097845 0.767707663194202 0.710908840532925 0.368563314977055
1 1 1 0.987188289659875 0.853963722267484 0.634486103383112 0.522404192943996 0.248497978087468
1 1 1 0.999851757212941 0.985717271865182 0.851491703853398 0.632482308580136 0.349309841487524
1 1 1 0.987194100871855 0.8677998772226 0.729664365743968 0.611866866311642 0.305095786442277
1 1 1 0.996789029141035 0.954447345207875 0.80699874076376 0.670848389560778 0.348750333256493
1 1 1 0.999477440644908 0.991571004306133 0.944853153924785 0.798169313820873 0.437137394762624
1 1 1 0.979891626904031 0.771576114788152 0.494477250692208 0.430636979550547 0.206834724667687
1 1 1 0.999901773598486 0.978913870327757 0.769986812414614 0.493292167441184 0.257276256574653
1 1 1 0.999922306138927 0.999125014036125 0.977463598267537 0.768745100014925 0.317690704018237
1 1 1 0.999856051961731 0.998482112629866 0.996388098568184 0.974606739303807 0.434995170352025
1 1 1 0.999604449740726 0.995899104762024 0.990968562859277 0.98849176958701 0.508547778363873
1 1 1 0.979505952112347 0.779261105899389 0.544424203954651 0.513313424595084 0.255631682366058
1 1 1 0.999925630867626 0.978766123906449 0.778079809545927 0.54350150772018 0.270948227252981
1 1 1 0.996668314318905 0.965662640036318 0.9119762478899 0.712600221351363 0.332782423470842
1 1 1 0.999803918575055 0.994708241529865 0.961994295730458 0.90822925197534 0.45937924520815
1 1 1 0.999895053957508 0.998754623667941 0.992722335624354 0.959956477811954 0.587080846998363
1 1 1 0.999633390959478 0.996225800890791 0.991781681001565 0.985409794091857 0.646810730205397
1 1 1 0.994023145861156 0.937535977655768 0.873603647508721 0.862349809329806 0.582298682918835
1 1 1 0.999003815231428 0.984086307030349 0.919459943985475 0.855608777986247 0.590295233175197
1 1 1 0.982230688709465 0.805742684432301 0.585613403267599 0.516127647767934 0.323858267588952
1 1 1 0.983465584823593 0.808325308024579 0.50347057249002 0.341655945603595 0.203285000376638
1 1 1 0.995336649062519 0.936018711900289 0.725426186255694 0.441313064075005 0.222710668207221
1 1 1 0.999773240763187 0.993075819393026 0.931933529095914 0.721961796401915 0.331821774667842
1 1 1 0.999863957682038 0.998412866888547 0.990502946902693 0.929345111465069 0.471728708314455
1 1 1 0.994665514029914 0.945510274984372 0.893240214528599 0.880130402056039 0.517824790284695
1 1 1 0.975299434173888 0.725257363881898 0.40386027829736 0.344474657554355 0.194425458686875
1 1 1 0.980815054631236 0.777459133182426 0.418979719342019 0.215406523368892 0.107587413859132
1 1 1 0.9996440091941 0.977261055543418 0.771321819346534 0.414725485085603 0.128714530469171
1 1 1 0.999910183165334 0.998745976284957 0.975580442703212 0.769833732555782 0.291200218711167
1 1 1 0.999902341665878 0.998933640107881 0.996892021068736 0.973659423159554 0.36824342563573
1 1 1 0.999863186287822 0.998534396146763 0.996336852271654 0.994163201575363 0.504122695742115
1 1 1 0.984074748098099 0.827916578734385 0.643825746009502 0.619896909868474 0.307405876457346
1 1 1 0.999765505678924 0.981744276871068 0.823941100335605 0.640332672456187 0.320926507586629

# True vulnerable proportion of susceptible
0 0 0.05 0.499357846544802 0.913798257536017 0.684278389853407 0.312195279445956 0.113616292649089
0 0 0.05 0.499529683187533 0.939841222902229 0.944533854440082 0.670613380593108 0.154795793101295
0 0 0.05 0.492055041862758 0.783898466564038 0.626478490755361 0.569630133687486 0.188782595011287
0 0 0.05 0.490063051490549 0.723973674839439 0.40179157558112 0.267343498684832 0.0895420931619539
0 0 0.05 0.489646813193293 0.729559602672194 0.42660993762489 0.207747244486491 0.0569677169043639
0 0 0.05 0.491032697843622 0.756080757141129 0.474620598488237 0.246737035010789 0.058525171053313
0 0 0.05 0.499963914123573 0.932278977544887 0.794701388807869 0.473812280244761 0.113253279703148
0 0 0.05 0.499939442288569 0.94878091510082 0.979076869710605 0.792676409030679 0.240904519422604
0 0 0.05 0.499173264090039 0.934096073931499 0.966996937460936 0.946095302368694 0.26082826288601
0 0 0.05 0.492110891469088 0.791007185208206 0.655242106637454 0.624169929185297 0.205521578417594
0 0 0.05 0.499587242368156 0.927219683211429 0.818663294560796 0.64292784372619 0.240484538509273
0 0 0.05 0.498269446127336 0.916135521508528 0.910641490508624 0.759018166748438 0.355911858418891
0 0 0.05 0.492638066447867 0.799324186407785 0.659531976916226 0.601416373521554 0.248194312685787
0 0 0.05 0.499770775610762 0.931696026248965 0.833736957387506 0.652923048156343 0.329372118776001
0 0 0.05 0.499521862792129 0.940450350550272 0.962638598360735 0.816521905366425 0.367235721720004
0 0 0.05 0.498561062750603 0.921432608730129 0.934231621909644 0.904835576678871 0.480396376617298
0 0 0.05 0.498362780333884 0.915888827717604 0.90766747990202 0.87027641875464 0.459785098091953
0 0 0.05 0.494867097258812 0.847796423692952 0.767707663194202 0.710908840532925 0.368563314977055
0 0 0.05 0.493594144829938 0.81126553615411 0.634486103383112 0.522404192943996 0.248497978087468
0 0 0.05 0.499925878606471 0.936431408271923 0.851491703853398 0.632482308580136 0.349309841487524
0 0 0.05 0.493597050435928 0.82440988336147 0.729664365743968 0.611866866311642 0.305095786442277
0 0 0.05 0.498394514570517 0.906724977947481 0.80699874076376 0.670848389560778 0.348750333256493
0 0 0.05 0.499738720322454 0.941992454090826 0.944853153924785 0.798169313820873 0.437137394762624
0 0 0.05 0.489945813452015 0.732997309048744 0.494477250692208 0.430636979550547 0.206834724667687
0 0 0.05 0.499950886799243 0.929968176811369 0.769986812414614 0.493292167441184 0.257276256574653
0 0 0.05 0.499961153069464 0.949168763334319 0.977463598267537 0.768745100014925 0.317690704018237
0 0 0.05 0.499928025980865 0.948558006998373 0.996388098568184 0.974606739303807 0.434995170352025
0 0 0.05 0.499802224870363 0.946104149523923 0.990968562859277 0.98849176958701 0.508547778363873
0 0 0.05 0.489752976056173 0.74029805060442 0.544424203954651 0.513313424595084 0.255631682366058
0 0 0.05 0.499962815433813 0.929827817711127 0.778079809545927 0.54350150772018 0.270948227252981
0 0 0.05 0.498334157159452 0.917379508034502 0.9119762478899 0.712600221351363 0.332782423470842
0 0 0.05 0.499901959287527 0.944972829453372 0.961994295730458 0.90822925197534 0.45937924520815
0 0 0.05 0.499947526978754 0.948816892484544 0.992722335624354 0.959956477811954 0.587080846998363
0 0 0.05 0.499816695479739 0.946414510846252 0.991781681001565 0.985409794091857 0.646810730205397
0 0 0.05 0.497011572930578 0.89065917877298 0.873603647508721 0.862349809329806 0.582298682918835
0 0 0.05 0.499501907615714 0.934881991678831 0.919459943985475 0.855608777986247 0.590295233175197
0 0 0.05 0.491115344354733 0.765455550210686 0.585613403267599 0.516127647767934 0.323858267588952
0 0 0.05 0.491732792411796 0.76790904262335 0.50347057249002 0.341655945603595 0.203285000376638
0 0 0.05 0.497668324531259 0.889217776305274 0.725426186255694 0.441313064075005 0.222710668207221
0 0 0.05 0.499886620381593 0.943422028423375 0.931933529095914 0.721961796401915 0.331821774667842
0 0 0.05 0.499931978841019 0.94849222354412 0.990502946902693 0.929345111465069 0.471728708314455
0 0 0.05 0.497332757014957 0.898234761235153 0.893240214528599 0.880130402056039 0.517824790284695
0 0 0.05 0.487649717086944 0.688994495687803 0.40386027829736 0.344474657554355 0.194425458686875
0 0 0.05 0.490407527315618 0.738586176523304 0.418979719342019 0.215406523368892 0.107587413859132
0 0 0.05 0.49982200459705 0.928398002766247 0.771321819346534 0.414725485085603 0.128714530469171
0 0 0.05 0.499955091582667 0.948808677470709 0.975580442703212 0.769833732555782 0.291200218711167
0 0 0.05 0.499951170832939 0.948986958102487 0.996892021068736 0.973659423159554 0.36824342563573
0 0 0.05 0.499931593143911 0.948607676339425 0.996336852271654 0.994163201575363 0.504122695742115
0 0 0.05 0.492037374049049 0.786520749797666 0.643825746009502 0.619896909868474 0.307405876457346
0 0 0.05 0.499882752839462 0.932657063027514 0.823941100335605 0.640332672456187 0.320926507586629

# True survival by age
0.778267540515681 0.778267540515681 0.77815554615492 0.777149720106488 0.776241055807314 0.776903190296892 0.777935025047624 0.778485710347793
0.778267540515681 0.778267540515681 0.770841433099597 0.704076820404104 0.638686005211358 0.638012920200907 0.678842243499487 0.755727635624511
0.778267540515681 0.778267540515681 0.768676931161204 0.683893859947112 0.62799949529968 0.658300508603544 0.669235030268392 0.742489313724407
0.778267540515681 0.778267540515681 0.7748072403487 0.744362832945242 0.728291086330937 0.750780141583275 0.7601564490781 0.772556185018397
0.778267540515681 0.778267540515681 0.774948739687394 0.745777777051391 0.729966015191291 0.750256628211071 0.764900568858287 0.774989115339489
0.778267540515681 0.778267540515681 0.778274915512534 0.778349531301949 0.778487910793107 0.778617701678873 0.778705606081398 0.778778207418661
0.778267540515681 0.778267540515681 0.778270265962497 0.778294831501893 0.778328305001956 0.778420332799202 0.778573953203567 0.778746564918901
0.778267540515681 0.778267540515681 0.777818388042755 0.773776624363239 0.769745278912086 0.769483601674854 0.771257442890271 0.776508265317026
0.778267540515681 0.778267540515681 0.774058090790518 0.736243527030573 0.699635858282145 0.696874639300536 0.69864547258374 0.756702829151492
0.778267540515681 0.778267540515681 0.778043465902773 0.776070562982203 0.774811891870505 0.775514917667734 0.775670736397745 0.777770146857109
0.778267540515681 0.778267540515681 0.777690955527318 0.772506890629007 0.767587908283588 0.768923657640585 0.771043895719006 0.775899350984718
0.778267540515681 0.778267540515681 0.773700576500791 0.732757813521967 0.694607389726958 0.695137851923286 0.709067869200569 0.746102262724972
0.778267540515681 0.778267540515681 0.778197855028473 0.777588797434661 0.777238090140907 0.777529896411649 0.777641882407268 0.778322524469757
0.778267540515681 0.778267540515681 0.777966715816866 0.775260917119086 0.772672271152057 0.773340025663506 0.774524309130294 0.776643482472425
0.778267540515681 0.778267540515681 0.777228199832983 0.767884582563958 0.758723934622185 0.758277274044748 0.761392490152558 0.77097129684213
0.778267540515681 0.778267540515681 0.777366854891101 0.769288139476935 0.761685153525554 0.761473631176052 0.762018838305518 0.769890893069382
0.778267540515681 0.778267540515681 0.77667538245331 0.762399840212201 0.749121891762274 0.749413774223128 0.750624362317463 0.763914595072916
0.778267540515681 0.778267540515681 0.77297749470119 0.725915622348372 0.688627269741989 0.697167234466379 0.703206889497482 0.739609912991996
0.778267540515681 0.778267540515681 0.778273510875027 0.778333310953163 0.778442284209169 0.778538210280811 0.778584593739554 0.778697945818994
0.778267540515681 0.778267540515681 0.775652083593854 0.752116927573005 0.729291236502508 0.733805934044624 0.74537891195054 0.760342419343168
0.778267540515681 0.778267540515681 0.776331405067793 0.759160954239621 0.74641465127171 0.750157114108642 0.754781367034766 0.766823957671856
0.778267540515681 0.778267540515681 0.778198127814126 0.777577354548065 0.777033066524019 0.777250137745467 0.777511750180595 0.7781306604964
0.778267540515681 0.778267540515681 0.768204064123161 0.677685642878704 0.588677658741387 0.588126798982419 0.617728004289197 0.690585245760189
0.778267540515681 0.778267540515681 0.77826089067957 0.778213101968695 0.778291859612531 0.778471342904949 0.778513875801097 0.778662981653788
0.778267540515681 0.778267540515681 0.778284134060377 0.778433512041899 0.778587413907519 0.778645729547426 0.778701448007893 0.778748974924074
0.778267540515681 0.778267540515681 0.77822381780721 0.777830388830503 0.777438002512849 0.777424810765174 0.77771862311164 0.778353570907746
0.778267540515681 0.778267540515681 0.778227296051731 0.777865230566521 0.777504865747487 0.777467484436979 0.777496630767215 0.778218702186008
0.778267540515681 0.778267540515681 0.772247288892414 0.718089048328146 0.664354026448517 0.658954754479101 0.659254293585033 0.71729789199028
0.778267540515681 0.778267540515681 0.778276423237843 0.778365475606443 0.778516765125736 0.778607192296333 0.778618254919642 0.778709883483979
0.778267540515681 0.778267540515681 0.775886394567012 0.754457891523363 0.73399774849999 0.74133144608038 0.752627836674321 0.765752956473784
0.778267540515681 0.778267540515681 0.778213589121177 0.777731600658119 0.777295972582318 0.777330430719667 0.777651878794854 0.778264247805161
0.778267540515681 0.778267540515681 0.778273951127694 0.778331738624753 0.778391519389943 0.778411146218334 0.778432922690966 0.7786147205508
0.778267540515681 0.778267540515681 0.778188148273037 0.777473757369954 0.776761630584282 0.776695132225074 0.776764631473511 0.777555533279004
0.778267540515681 0.778267540515681 0.77502782031933 0.745882411150845 0.716947188981105 0.714010020026883 0.714426280402349 0.736546160347307
0.778267540515681 0.778267540515681 0.778107452070275 0.776679411427471 0.775449164124268 0.775537863433101 0.775579896647712 0.776625890815319
0.778267540515681 0.778267540515681 0.771317697643472 0.708838876277839 0.648330367449484 0.650508445141211 0.659417604718193 0.696436830157005
0.778267540515681 0.778267540515681 0.77306963689546 0.727221611341297 0.698795843271935 0.717609268505688 0.724869926468847 0.744960406830319
0.778267540515681 0.778267540515681 0.776167933361602 0.757627443592626 0.746123603226819 0.75739050281923 0.764271732229332 0.770156010036106
0.778267540515681 0.778267540515681 0.778260082222492 0.778195792087347 0.778169017123571 0.778305746134171 0.778499627320839 0.778648803436303
0.778267540515681 0.778267540515681 0.778261958043118 0.7782118493665 0.778165900231668 0.778199786587454 0.77833519567956 0.778586793861178
0.778267540515681 0.778267540515681 0.776658716689039 0.762181563474049 0.747749249070165 0.746401709921842 0.748402165539068 0.763370669536434
0.778267540515681 0.778267540515681 0.770845770649436 0.70444859970041 0.644966763080932 0.645736003226402 0.64768895415953 0.701661128366222
0.778267540515681 0.778267540515681 0.774062344289694 0.73726745691058 0.720466903921291 0.744619193222008 0.749645423926713 0.762345163040798
0.778267540515681 0.778267540515681 0.778091911902593 0.776555178867577 0.775791871459686 0.777105668714666 0.777929288167374 0.778365504318235
0.778267540515681 0.778267540515681 0.778271506430048 0.77830737537051 0.778353304828091 0.778450661378873 0.778612529109007 0.778742356422329
0.778267540515681 0.778267540515681 0.778268668927823 0.77827887151776 0.778289622159144 0.778302579199174 0.778407648759004 0.778652074599803
0.778267540515681 0.778267540515681 0.778274851117601 0.77834069147105 0.778406862461716 0.778414955436778 0.778423947161164 0.778658261627878
0.778267540515681 0.778267540515681 0.77192932095674 0.714894089434634 0.658018647479313 0.651969459374709 0.652246159964914 0.714627156791558
0.778267540515681 0.778267540515681 0.778214178155549 0.777750907026657 0.777519890648994 0.777770346558744 0.777808644415917 0.778308783114471
0.778267540515681 0.778267540515681 0.778282433796768 0.778416563445003 0.778555081720086 0.778606846341421 0.778650063530229 0.778725244374012

# True Numbers-at-age
339.360303687779 202.217475320139 172.404458679087 51.5831050837055 35.9139794996254 91.6038482448789 32.1146011450382 110.776674205425
41.5675455560268 264.113108899742 157.379297166695 134.157485702968 40.0877956780253 27.8779053650315 71.1673219449188 111.221130954936
74.4977323446262 32.3506714451625 205.550659681353 121.314482968182 94.4571759671549 25.6035140793271 17.7864638110283 132.364266820997
55.3254056475587 57.9791669258477 25.1774774996575 158.002050282023 82.9662300245985 59.3190588348064 16.854806340459 110.182378280498
253.52324015689 43.0579673813579 45.1233036445276 19.5076918604511 117.610853759083 60.4235657933972 44.5355713905825 97.9343675582975
65.4348062645876 197.308908580469 33.5106183734938 34.9682472898583 14.5484030710907 85.8519262617638 45.333180736644 109.963352766423
145.546703042875 50.9257857356606 153.559119002755 26.0804736834036 27.2175188885118 11.3257559121894 66.8458295106386 120.938264730307
79.3023773876518 113.274274607344 39.6338860133211 119.510496387241 20.2982978709142 21.1841653428541 8.81619868636903 146.224679963248
201.551270532675 61.7184662065341 88.1576911023557 30.8279653307517 92.4744284704943 15.6245189560875 16.300867846495 120.344231439661
20.3906094489092 156.860811605276 48.0334788989594 68.2391740631897 22.6968899262889 64.6984261321051 10.8883310117678 102.453347922593
18.238573534669 15.8693494654183 122.079678051331 37.3721344019141 52.9584142326601 17.5858202233645 50.1745946150715 88.130915193798
16.4902677755785 14.1944897673413 12.350599578035 94.9402614742073 28.870231342992 40.6502384068634 13.5221532087592 107.067534798684
151.036370720815 12.8338401441445 11.0471106401037 9.55566601365608 69.568218413044 20.0534760339691 28.2575194063165 89.4714543404212
139.83256175087 117.546704769304 9.98816120435475 8.59683780439091 7.43037884424609 54.0710692138598 15.5921771433855 91.6118787935051
120.548068234675 108.827143917857 91.4827848165287 7.7704569692013 6.66479236055613 5.74124769710382 41.8153220534995 83.2262888118473
139.698454749512 93.8186485789171 84.6966336382963 71.1030001586587 5.96681410612634 5.05673748324103 4.35345765337557 96.0029520014728
107.907339790929 108.722772791744 73.0160088840188 65.8403557112662 54.6986947032828 4.54483371848328 3.8505722532676 77.2292151973484
118.373645325148 83.9807799426764 84.6154049786755 56.7097366252096 50.1966766737838 40.9759896530503 3.40596099018509 61.8868579974478
136.72346560812 92.1263658090785 65.3595150565754 65.4058037535432 41.1664837555013 34.5668004079891 28.56711738594 48.1672288924982
127.872542715845 106.407435309612 71.6989601348794 50.8675792521701 50.9075157910481 32.0457316474921 26.9115749247699 59.7496396786239
56.3204059427894 99.5190493189469 82.8134529709931 55.6134478201319 38.2583674202185 37.1264051385244 23.5153480437313 65.4895060244279
17.3408751117248 43.8323438139394 77.4524457479155 64.2906843034866 42.2195581156867 28.5566059761874 27.8506369359437 67.9678687383724
17.4583087026072 13.4958402235916 34.1132904151124 60.273348275653 49.9909802227899 32.8059927099211 22.1956259285346 74.5420800616323
131.204553686765 13.5872349755416 10.5033743780073 26.205968337503 40.846382774638 29.428573195739 19.2940834799265 65.1885203876213
133.105508101681 102.112245302256 10.5745039468234 8.17436549856891 20.3938279100216 31.7904072081182 22.9093008954635 65.7805993646114
115.801627223843 103.591696419385 79.4706460079205 8.22996864737149 6.36320004376512 15.8783777321387 24.753464813175 69.0660801052283
64.0650578300866 90.1246476072139 80.622054790162 61.8459495398892 6.40151971304782 4.94699353161443 12.3442448036659 73.0090606502498
38.765192088611 49.8597549904163 70.1410878331088 62.7422837014823 48.1078137984513 4.97721272507314 3.84612661655028 66.4146251712728
20.6477284711469 30.1696907044212 38.8042288871058 54.1662649190829 45.054546793132 31.9606198006367 3.27975798924082 50.174646118311
21.3895934152012 16.0694568544751 23.4800909826487 30.2004164647593 42.1611505555666 35.0757200235952 24.8847684470243 41.6251722747813
42.7803292360873 16.646826259879 12.5063366635552 18.2178831366327 22.7849425291297 30.946189581955 26.0027342474023 50.6035681755697
114.253987343003 33.2945416170207 12.9556845306679 9.73260114170306 14.1686234124559 17.7106440634121 24.0554148768735 59.6040230637126
220.505483096367 88.9201697235489 25.9120610168757 10.0830717892469 7.575192367963 11.0287363056855 13.7861627456655 65.1340966706044
172.530764095801 171.612259999632 69.2036817929833 20.1644587806604 7.83932370981674 5.88411877572855 8.56596580321985 61.3539808959288
122.596604152821 134.27509343613 133.560251512251 53.6347786580883 15.0403151348708 5.62038109726604 4.2013197648985 51.3097901377664
28.4694565827169 95.4129575895904 104.50194672105 103.924227002063 41.6570283202067 11.6629997995012 4.35881834785349 43.1069706223339
27.4702029120356 22.1568539544491 74.2568078365775 80.6042009441413 73.665532286185 27.0075164776932 7.58687986525576 32.8955635322326
72.4622720897605 21.3791672578167 17.2439602326942 57.4056834712389 58.6171168914762 51.4771677540006 19.3808441437127 30.0053934419405
331.542780227107 56.3950342794759 16.6387119200143 13.3842089767799 43.4921212160022 43.7356144658358 38.9883179689124 37.9210654185905
78.5484076743474 258.028984143082 43.8904246259852 12.9492453069467 10.4155351061478 33.8442212192756 34.0396800494688 59.87958322188
103.943669173897 61.1316760521374 200.815582870796 34.1582478087632 10.0772561382195 8.10501425227006 26.3375657300589 73.11573375064
26.5140701799262 80.8959837601443 47.5767991686983 155.965172883594 26.0347867204171 7.53526071004132 6.04959649683527 75.5254978542773
16.8161649564409 20.6350401879913 62.9587183186039 36.6743744202287 109.86944763988 16.7915721185699 4.86578913417102 56.9115628729753
62.4873961468207 13.0874753415552 16.0595819755502 48.7339730951731 27.0388227625884 79.1573007766466 12.5033268838587 47.0338712355286
120.709455422568 48.6319121124151 10.1855572456318 12.4958308437123 37.8446191938498 20.9764989130552 61.5135871536839 46.3362470867653
58.9124305574051 93.9442509887094 37.8486386303041 7.92712898138734 9.72559730704359 29.4564844194936 16.3291694522811 83.9792479124121
22.1083944962001 45.8496324357125 73.1137611625707 29.4564096075369 6.16951699800987 7.56933145337094 22.9260577978322 78.1013660098683
29.157848417857 17.2062458093081 35.6832806692899 56.9026015834475 22.9271222221848 4.80239436932509 5.89208080596195 78.6604662918402
42.8685413048073 22.6926069748946 13.3910626075184 27.5449706165538 40.6793335454605 15.0864739552349 3.13101446067303 60.0559924579276
252.54268191971 33.3631942067872 17.6609194182402 10.4211147817394 21.4231258810473 31.6289909699404 11.7338120765125 49.1774365219641

