# Simulated data from SIR age-structured hybrid model
# random seed = 5358618
# Flag=0 if no issues, =1 if negative pop #'s, =2 if NaN, or=3 if NA. Flag:
0

# True SSB
77041.611800612
63246.2456064859
51426.9074998329
43529.3646348202
38816.562233404
33531.4574001953
28415.1021191147
24839.8704086685
27992.6050131776
44434.7862636977
50358.2149435563
44321.3480744397
45539.4294725955
67822.4100738214
74357.3374774851
67074.2783598699
81747.0801420944
85599.4640195778
75832.584703132
72188.0513185706
66311.333881466
54903.5107796471
44877.1070747012
36890.7854904049
36101.0366727783
42719.8364931513
41817.6333215613
36362.6943567983
32832.4208411409
30239.2655580811
37596.3358976185
50877.2711979494
65879.4507919759
65642.9096200233
54554.493641718
45931.6703073049
37481.9264423163
30258.1041179313
25531.9675046185
23886.5618165118
27381.1508307301
28550.076601234
26185.1629649765
25787.107103123
26075.6189025617
24232.8024819565
20258.2313458632
17273.1075268209
14811.1592109669
11858.1693778914

# True R (numbers)
106.337503207697
63.5394556975889
45.0514472694822
20.8620375764843
41.9135536163048
176.451413976286
667.395745525915
113.958786825763
115.309964391736
118.625317934381
959.667860458096
146.350370748836
184.739791702527
765.608252409948
265.104014868727
144.112360102265
240.139796264483
124.966511840734
33.6968766054538
9.18022781683377
23.144407606719
184.196249351902
383.695180425013
44.110421412627
108.19235281788
24.3666294094791
70.6594687865956
353.442321088389
471.466382713662
606.712749052551
90.9018600450395
61.9773548059212
21.1624849759525
16.1219554274758
8.47361398056472
47.8746296017274
63.7159405365877
223.270181123868
93.7778738019671
60.0160351341025
95.5921109597519
95.102658335561
36.5499411595993
10.69423773261
29.8135308649272
16.367804017377
3.53115267245813
7.80699870803251
36.3980634951601
204.445905811366

# True infection rate given (selected) susceptible
-999 -999 0.0401344118009428 0.0401344118009436 0.040134411800943 0.0401344118009425 0.0401344118009435 0.040134411800943
-999 -999 0.105917469308342 0.105917469308342 0.105917469308342 0.105917469308342 0.105917469308342 0.105917469308342
-999 -999 0.152114936059997 0.152114936059997 0.152114936059997 0.152114936059997 0.152114936059997 0.152114936059998
-999 -999 0.0461870646752262 0.0461870646752265 0.0461870646752264 0.0461870646752254 0.0461870646752262 0.0461870646752266
-999 -999 0.0937180633395095 0.0937180633395097 0.0937180633395094 0.0937180633395083 0.0937180633395084 0.0937180633395087
-999 -999 0.0329381875456166 0.0329381875456162 0.0329381875456168 0.0329381875456163 0.0329381875456158 0.032938187545616
-999 -999 0.0106497685452264 0.0106497685452267 0.0106497685452273 0.0106497685452271 0.0106497685452272 0.0106497685452272
-999 -999 0.035236842082585 0.0352368420825839 0.0352368420825845 0.0352368420825849 0.0352368420825854 0.035236842082584
-999 -999 0.474692207759398 0.474692207759398 0.474692207759398 0.474692207759398 0.474692207759397 0.474692207759398
-999 -999 0.884003467581202 0.884003467581202 0.884003467581201 0.884003467581201 0.884003467581201 0.884003467581201
-999 -999 0.792669682753136 0.792669682753136 0.792669682753136 0.792669682753136 0.792669682753136 0.792669682753137
-999 -999 0.00268227639659381 0.0026822763965946 0.00268227639659438 0.00268227639659403 0.00268227639659403 0.00268227639659434
-999 -999 0.0179359992189484 0.0179359992189482 0.0179359992189472 0.017935999218948 0.0179359992189483 0.0179359992189475
-999 -999 0.91620786554817 0.91620786554817 0.91620786554817 0.91620786554817 0.91620786554817 0.91620786554817
-999 -999 0.851572550971621 0.851572550971621 0.851572550971621 0.851572550971621 0.851572550971621 0.851572550971621
-999 -999 0.00502123599907222 0.00502123599907091 0.00502123599907236 0.00502123599907168 0.00502123599907167 0.00502123599907115
-999 -999 0.853830711671831 0.853830711671831 0.853830711671831 0.853830711671832 0.853830711671832 0.853830711671832
-999 -999 0.784034385985701 0.784034385985701 0.784034385985701 0.784034385985701 0.784034385985701 0.784034385985701
-999 -999 0.00773105418511806 0.0077310541851187 0.00773105418511768 0.00773105418511844 0.00773105418511823 0.00773105418511838
-999 -999 0.227308489436466 0.227308489436466 0.227308489436466 0.227308489436466 0.227308489436466 0.227308489436467
-999 -999 0.379245791875384 0.379245791875384 0.379245791875383 0.379245791875384 0.379245791875384 0.379245791875384
-999 -999 0.00737115344459967 0.00737115344460008 0.00737115344460175 0.00737115344460054 0.00737115344459987 0.00737115344460045
-999 -999 0.0072563424471716 0.0072563424471707 0.0072563424471709 0.00725634244717048 0.00725634244717075 0.00725634244717036
-999 -999 0.0200686041628572 0.0200686041628579 0.0200686041628572 0.0200686041628574 0.0200686041628574 0.0200686041628571
-999 -999 0.420316386630372 0.420316386630372 0.420316386630372 0.420316386630373 0.420316386630372 0.420316386630372
-999 -999 0.736922717986139 0.736922717986139 0.736922717986139 0.736922717986139 0.736922717986139 0.736922717986139
-999 -999 0.579790303994178 0.579790303994178 0.579790303994177 0.579790303994178 0.579790303994178 0.579790303994177
-999 -999 0.0021941327618322 0.00219413276183259 0.00219413276183362 0.00219413276183242 0.00219413276183269 0.00219413276183223
-999 -999 0.00375250039747974 0.00375250039747986 0.00375250039748034 0.00375250039747961 0.00375250039747923 0.00375250039747928
-999 -999 0.00570324250700594 0.00570324250700567 0.00570324250700614 0.00570324250700593 0.00570324250700614 0.00570324250700592
-999 -999 0.710179684122389 0.710179684122389 0.71017968412239 0.710179684122389 0.710179684122389 0.71017968412239
-999 -999 0.805827586363927 0.805827586363927 0.805827586363927 0.805827586363927 0.805827586363928 0.805827586363927
-999 -999 0.837336547830341 0.837336547830342 0.837336547830342 0.837336547830342 0.837336547830342 0.837336547830342
-999 -999 0.686734355394146 0.686734355394146 0.686734355394145 0.686734355394146 0.686734355394146 0.686734355394146
-999 -999 0.00194301054739806 0.00194301054739766 0.00194301054739721 0.00194301054739725 0.00194301054739731 0.00194301054739747
-999 -999 0.00158209860425123 0.00158209860425205 0.00158209860425185 0.00158209860425127 0.00158209860425161 0.00158209860425093
-999 -999 0.00264906859152245 0.00264906859152135 0.00264906859152136 0.00264906859152139 0.00264906859152176 0.00264906859152225
-999 -999 0.00362949632050361 0.00362949632050348 0.00362949632050398 0.00362949632050261 0.00362949632050313 0.00362949632050374
-999 -999 0.00565641086206522 0.005656410862065 0.00565641086206474 0.00565641086206461 0.00565641086206395 0.00565641086206427
-999 -999 0.00616390825352205 0.00616390825352159 0.00616390825352183 0.00616390825352199 0.00616390825352154 0.00616390825352128
-999 -999 0.511970310814697 0.511970310814697 0.511970310814697 0.511970310814697 0.511970310814697 0.511970310814696
-999 -999 0.44968641983089 0.44968641983089 0.44968641983089 0.44968641983089 0.44968641983089 0.44968641983089
-999 -999 0.00321956134127323 0.00321956134127371 0.00321956134127304 0.00321956134127209 0.00321956134127387 0.00321956134127288
-999 -999 0.00486049596547481 0.00486049596547497 0.00486049596547537 0.00486049596547579 0.0048604959654748 0.00486049596547455
-999 -999 0.089371776798095 0.0893717767980945 0.0893717767980942 0.0893717767980944 0.0893717767980942 0.0893717767980944
-999 -999 0.153466088592593 0.153466088592594 0.153466088592593 0.153466088592594 0.153466088592593 0.153466088592593
-999 -999 0.0130289275812701 0.01302892758127 0.0130289275812698 0.0130289275812705 0.0130289275812699 0.0130289275812696
-999 -999 0.0324744610485924 0.0324744610485926 0.0324744610485922 0.0324744610485929 0.032474461048592 0.0324744610485934
-999 -999 0.17654151112544 0.176541511125439 0.17654151112544 0.17654151112544 0.17654151112544 0.176541511125439
-999 -999 0.0127013078141329 0.0127013078141336 0.0127013078141326 0.0127013078141332 0.0127013078141338 0.0127013078141331

# Duration of outbreak (days) based on incidence
0
0
0
0
0
0
0
0
0
0
0
0
0
1
0
0
0
0
0
0
0
0
0
0
0
0
0
0
0
0
0
0
0
0
0
0
0
0
0
0
0
0
0
0
0
0
0
0
0
0

# Duration of outbreak (days) based on prevalence
0
0
0
0
0
0
0
0
0
27
18
0
0
25
19
0
21
13
0
0
0
0
0
0
0
21
0
0
0
0
25
24
21
0
0
0
0
0
0
0
0
0
0
0
0
0
0
0
0
0

# Peak (point) prevalence
0.00224117923566006
0.00697868441486283
0.00984768769348837
0.00303195673329795
0.00897825474419272
0.00291260593430121
0.000749613364106571
0.00387505691269353
0.0729691418557141
0.356128843403101
0.156751384937394
7.17406272718705e-05
0.00177126658768279
0.400738164410891
0.187951962038828
0.00015576305917503
0.228489676808191
0.128272372395847
0.000266812354360591
0.0210322021409417
0.0329843075900013
0.000302434656858273
0.000292645209437814
0.00109875914516955
0.0439232646592688
0.157627298965288
0.0600617607457495
6.63167550719322e-05
0.000184639928534629
0.000348813699667784
0.166145304033669
0.217424576600015
0.216574275576254
0.0786468626620508
3.74017656077566e-05
3.70867374944169e-05
6.81581946419207e-05
0.000103201208569289
0.000206190709313097
0.000335592192572206
0.0775082753247078
0.0546100877925147
0.000172046684764666
0.000428343060516347
0.0166396206771921
0.0278967272576479
0.0014683626736817
0.00467471985204323
0.0287471471183158
0.00124680949815062

# Day of peak prevalence
119
119
117
119
119
119
119
119
86
26
34
84
119
21
26
116
30
36
119
118
97
119
118
119
87
46
67
90
119
119
53
36
30
49
71
72
68
74
93
118
83
91
119
119
119
119
119
119
119
119

# Total immunity
0.492286968608535
0.44370469641866
0.42254915840719
0.429757223628137
0.386223445229421
0.246377808902396
0.0853194862777179
0.0751536532937617
0.066747140735755
0.105138129990801
0.116118275220478
0.161677593009362
0.136423163242758
0.0751281925363488
0.176891431300747
0.246828604155755
0.198862759114479
0.322316467418962
0.453027603503311
0.447494922100908
0.482453474278349
0.404915909472527
0.214928672027
0.201680787471637
0.169135110805655
0.22285464647418
0.361989922486453
0.235529243390332
0.124403542967417
0.0700106034543778
0.0648633926678306
0.136015813048117
0.278734832182785
0.519191405439071
0.696600333740173
0.60154898014558
0.487756698202315
0.263417148437785
0.211339434672031
0.182156505105146
0.142135824987261
0.197447995999767
0.260146241155329
0.250872336088941
0.221949330031385
0.234558212022127
0.291954030172437
0.279749966203545
0.216998592937412
0.0956951426110931

# Observed immunity (based on survey selectivity)
0.664807736487504
0.641477883510457
0.641439540674856
0.619300433708304
0.549177963714395
0.5248090493553
0.495735002005283
0.440730621726581
0.29578127727392
0.24406461343625
0.508662974372951
0.725864476343483
0.545727602181897
0.275544052194821
0.534555689299593
0.722016411391226
0.453644469233065
0.585502011419052
0.73930604260287
0.611760720289803
0.57838477914606
0.665607804206316
0.644945586064422
0.611268666666976
0.47039868153011
0.396840562304946
0.582273319011239
0.695893951636067
0.611335434996657
0.511702682332586
0.304609552709872
0.359495562859587
0.434524123944293
0.631520228617921
0.795344318694405
0.751654438087665
0.725347697091294
0.701278419422424
0.640352838423787
0.520486223814189
0.342183923956302
0.438146380555368
0.541617248656457
0.431458939773337
0.334126624560769
0.320996108557233
0.377476088672671
0.351721040529762
0.334310124680211
0.412875112829737

# True total proportion of susceptible
1 1 1 0.998951335854054 0.981298383210269 0.892304822687359 0.761082608824399 0.131297715558954
1 1 1 0.998518387321604 0.984062660271509 0.953150157905158 0.864351229463242 0.199318336066208
1 1 1 0.996075193243844 0.958709030780234 0.90793829613577 0.874460589900933 0.241612084580663
1 1 1 0.994356971101353 0.93853125758277 0.849574367952035 0.796821418334421 0.233706362644478
1 1 1 0.998293570206248 0.977238207056854 0.906919960334651 0.818348748079354 0.246745766644852
1 1 1 0.996519452964578 0.963056508063249 0.910249989960786 0.839560074104861 0.255139129251747
1 1 1 0.998781833353368 0.984306945967237 0.940215925799889 0.887018753307295 0.26272150246945
1 1 1 0.999608462003819 0.994864005864529 0.976916766888395 0.93264540426049 0.364232968422528
1 1 1 0.998695429915578 0.98650316450008 0.969913406354468 0.950919037839353 0.416425806950688
1 1 1 0.9823743678411 0.809702015257425 0.602609047956317 0.567480302750757 0.251654609171006
1 1 1 0.968216427622795 0.624540901458319 0.150918116654734 0.0739885679385469 0.0296533012814654
1 1 1 0.971371461163235 0.653545624944425 0.168822190711241 0.0298866583676191 0.00661451096848042
1 1 1 0.99990215923625 0.970399740161353 0.65214140329328 0.168373523070029 0.0150618990046438
1 1 1 0.999334991626173 0.99323724536442 0.957926142044915 0.642136956707356 0.112467431503534
1 1 1 0.967132499666273 0.622850791401249 0.160476922273169 0.0949826461265969 0.0144456128018064
1 1 1 0.969387432523864 0.628107063426396 0.131525393416483 0.0226751708591224 0.00351123289858026
1 1 1 0.999816181606775 0.967571125717388 0.625552497760523 0.130860880988757 0.00643815048280354
1 1 1 0.969224013656138 0.650419076488733 0.222131121259491 0.0978930845822496 0.0112476842428604
1 1 1 0.971658902491561 0.657855128829213 0.182579050508417 0.0466561995251418 0.00415183495022704
1 1 1 0.999716038849441 0.968854464348896 0.653770575226106 0.18117662364171 0.0104420568471975
1 1 1 0.991507766466981 0.911938618954556 0.799733449055791 0.520308805544995 0.0671263365557702
1 1 1 0.985871332931859 0.842866783309739 0.629907152686293 0.529682574023919 0.0921581789492883
1 1 1 0.99972966370479 0.983183195877527 0.838233983071665 0.625954400469316 0.14226450504097
1 1 1 0.999734275133685 0.997070806034325 0.97817565006496 0.833462507170493 0.240142968831865
1 1 1 0.999261857669719 0.992334939743452 0.982997591051193 0.963521753053652 0.311083672525003
1 1 1 0.984409090907944 0.833430412573885 0.657349874830526 0.630136546265843 0.198746350125371
1 1 1 0.973199169348889 0.688618894736329 0.284637176767791 0.187072654411758 0.0519929029731846
1 1 1 0.978664359632774 0.744853458407739 0.332512908358641 0.118593158942273 0.0229208944471832
1 1 1 0.999919921292652 0.977866294227223 0.743589019330698 0.331827191543742 0.0504287034209376
1 1 1 0.999862313797926 0.998542782364525 0.975281864044859 0.741314281812495 0.177179630140745
1 1 1 0.999790769618554 0.997769070340231 0.994566646876818 0.971152918814323 0.216529664088148
1 1 1 0.974062789596202 0.711486863413067 0.38216601405766 0.33920776738436 0.106200365469204
1 1 1 0.970861390422998 0.651699869751933 0.186089201013384 0.0745250281346511 0.021299646206583
1 1 1 0.969818651398344 0.6362825740517 0.147272531117841 0.0288096350056856 0.00428719618019583
1 1 1 0.974988236338272 0.698697411248315 0.239095176394197 0.0443822799157816 0.00467220316373843
1 1 1 0.999929224312597 0.974282409997705 0.697628667844195 0.238645780023833 0.0225357068953853
1 1 1 0.999942367914379 0.999352951028585 0.973203052393459 0.696719865598694 0.117878264017814
1 1 1 0.999903529507024 0.998977610659099 0.99752042076303 0.971303394224399 0.170015319066183
1 1 1 0.999867747916775 0.998580776275616 0.996465216728102 0.994877973303125 0.234574894038465
1 1 1 0.999793451441191 0.997801351132969 0.994655602312448 0.992338284260939 0.259678844604974
1 1 1 0.999774289687035 0.997535258702437 0.993513286454195 0.99014979685717 0.282166152677928
1 1 1 0.98100902046637 0.794831464099051 0.575318057446862 0.546174382523296 0.144141525652412
1 1 1 0.983268493404418 0.804329859470088 0.488778142188357 0.328959156828521 0.104304601330712
1 1 1 0.999882047625357 0.982094530539694 0.802369388592606 0.487370856180311 0.141181658092937
1 1 1 0.999820987408758 0.998091307948325 0.978725245122482 0.799249968892924 0.292568605983198
1 1 1 0.99666481377465 0.966045214750437 0.93315169384511 0.911075454725183 0.365652133942873
1 1 1 0.99426830988301 0.938175872950185 0.854578760381868 0.818140867433725 0.385160575891923
1 1 1 0.999518658734021 0.989461246677305 0.929339338327225 0.845811694837974 0.482493053444752
1 1 1 0.998795053742738 0.987419438026891 0.966506695711639 0.906062121309067 0.551756442225953
1 1 1 0.993412862467494 0.931262937831818 0.856641116623943 0.830323999187814 0.495395540453704

# True vulnerable proportion of susceptible
0 0 0.05 0.499475667927027 0.932233464049755 0.892304822687359 0.761082608824399 0.131297715558954
0 0 0.05 0.499259193660802 0.934859527257934 0.953150157905158 0.864351229463242 0.199318336066208
0 0 0.05 0.498037596621922 0.910773579241222 0.90793829613577 0.874460589900933 0.241612084580663
0 0 0.05 0.497178485550676 0.891604694703631 0.849574367952035 0.796821418334421 0.233706362644478
0 0 0.05 0.499146785103124 0.928376296704011 0.906919960334651 0.818348748079354 0.246745766644852
0 0 0.05 0.498259726482289 0.914903682660087 0.910249989960786 0.839560074104861 0.255139129251747
0 0 0.05 0.499390916676684 0.935091598668875 0.940215925799889 0.887018753307295 0.26272150246945
0 0 0.05 0.49980423100191 0.945120805571302 0.976916766888395 0.93264540426049 0.364232968422528
0 0 0.05 0.499347714957789 0.937178006275076 0.969913406354468 0.950919037839353 0.416425806950688
0 0 0.05 0.49118718392055 0.769216914494554 0.602609047956317 0.567480302750757 0.251654609171006
0 0 0.05 0.484108213811398 0.593313856385403 0.150918116654734 0.0739885679385469 0.0296533012814654
0 0 0.05 0.485685730581618 0.620868343697203 0.168822190711241 0.0298866583676191 0.00661451096848042
0 0 0.05 0.499951079618125 0.921879753153286 0.65214140329328 0.168373523070029 0.0150618990046438
0 0 0.05 0.499667495813086 0.943575383096199 0.957926142044915 0.642136956707356 0.112467431503534
0 0 0.05 0.483566249833137 0.591708251831187 0.160476922273169 0.0949826461265969 0.0144456128018064
0 0 0.05 0.484693716261932 0.596701710255076 0.131525393416483 0.0226751708591224 0.00351123289858026
0 0 0.05 0.499908090803388 0.919192569431519 0.625552497760523 0.130860880988757 0.00643815048280354
0 0 0.05 0.484612006828069 0.617898122664296 0.222131121259491 0.0978930845822496 0.0112476842428604
0 0 0.05 0.48582945124578 0.624962372387752 0.182579050508417 0.0466561995251418 0.00415183495022704
0 0 0.05 0.49985801942472 0.920411741131451 0.653770575226106 0.18117662364171 0.0104420568471975
0 0 0.05 0.495753883233491 0.866341688006828 0.799733449055791 0.520308805544995 0.0671263365557702
0 0 0.05 0.49293566646593 0.800723444144252 0.629907152686293 0.529682574023919 0.0921581789492883
0 0 0.05 0.499864831852395 0.93402403608365 0.838233983071665 0.625954400469316 0.14226450504097
0 0 0.05 0.499867137566843 0.947217265732609 0.97817565006496 0.833462507170493 0.240142968831865
0 0 0.05 0.49963092883486 0.94271819275628 0.982997591051193 0.963521753053652 0.311083672525003
0 0 0.05 0.492204545453972 0.79175889194519 0.657349874830526 0.630136546265843 0.198746350125371
0 0 0.05 0.486599584674445 0.654187949999513 0.284637176767791 0.187072654411758 0.0519929029731846
0 0 0.05 0.489332179816387 0.707610785487352 0.332512908358641 0.118593158942273 0.0229208944471832
0 0 0.05 0.499959960646326 0.928972979515862 0.743589019330698 0.331827191543742 0.0504287034209376
0 0 0.05 0.499931156898963 0.948615643246299 0.975281864044859 0.741314281812495 0.177179630140745
0 0 0.05 0.499895384809277 0.94788061682322 0.994566646876818 0.971152918814323 0.216529664088148
0 0 0.05 0.487031394798101 0.675912520242413 0.38216601405766 0.33920776738436 0.106200365469204
0 0 0.05 0.485430695211499 0.619114876264337 0.186089201013384 0.0745250281346511 0.021299646206583
0 0 0.05 0.484909325699172 0.604468445349114 0.147272531117841 0.0288096350056856 0.00428719618019583
0 0 0.05 0.487494118169136 0.6637625406859 0.239095176394197 0.0443822799157816 0.00467220316373843
0 0 0.05 0.499964612156299 0.92556828949782 0.697628667844195 0.238645780023833 0.0225357068953853
0 0 0.05 0.499971183957189 0.949385303477156 0.973203052393459 0.696719865598694 0.117878264017814
0 0 0.05 0.499951764753512 0.949028730126144 0.99752042076303 0.971303394224399 0.170015319066183
0 0 0.05 0.499933873958388 0.948651737461835 0.996465216728102 0.994877973303125 0.234574894038465
0 0 0.05 0.499896725720595 0.94791128357632 0.994655602312448 0.992338284260939 0.259678844604974
0 0 0.05 0.499887144843518 0.947658495767315 0.993513286454195 0.99014979685717 0.282166152677928
0 0 0.05 0.490504510233185 0.755089890894099 0.575318057446862 0.546174382523296 0.144141525652412
0 0 0.05 0.491634246702209 0.764113366496583 0.488778142188357 0.328959156828521 0.104304601330712
0 0 0.05 0.499941023812678 0.932989804012709 0.802369388592606 0.487370856180311 0.141181658092937
0 0 0.05 0.499910493704379 0.948186742550909 0.978725245122482 0.799249968892924 0.292568605983198
0 0 0.05 0.498332406887325 0.917742954012915 0.93315169384511 0.911075454725183 0.365652133942873
0 0 0.05 0.497134154941505 0.891267079302675 0.854578760381868 0.818140867433725 0.385160575891923
0 0 0.05 0.49975932936701 0.93998818434344 0.929339338327225 0.845811694837974 0.482493053444752
0 0 0.05 0.499397526871369 0.938048466125547 0.966506695711639 0.906062121309067 0.551756442225953
0 0 0.05 0.496706431233747 0.884699790940227 0.856641116623943 0.830323999187814 0.495395540453704

# True survival by age
0.778267540515681 0.778267540515681 0.777796616186958 0.77356379483539 0.769497284648199 0.769920807174464 0.771226695102689 0.777494143770746
0.778267540515681 0.778267540515681 0.776977479329142 0.76538683241932 0.754155519163814 0.753700082372074 0.756038554759405 0.773551841069983
0.778267540515681 0.778267540515681 0.776402438537075 0.759691815252076 0.744315846523546 0.744448681482442 0.745715319942829 0.769659321685798
0.778267540515681 0.778267540515681 0.777721168946246 0.772837665830042 0.768557369137772 0.76906408824877 0.769668672603943 0.776122350650397
0.778267540515681 0.778267540515681 0.777126299225297 0.766875512034228 0.757089650816084 0.757616884637782 0.75968573706867 0.773037278585733
0.778267540515681 0.778267540515681 0.777885045683756 0.774457761084767 0.771288321751217 0.771352080702026 0.771930546123103 0.776712944062845
0.778267540515681 0.778267540515681 0.77816264620442 0.777220524768883 0.776314192935756 0.776326953888733 0.776466922500343 0.778109528964883
0.778267540515681 0.778267540515681 0.777856040895841 0.774154364279369 0.77049194220241 0.770239831914101 0.770627792266478 0.77560892399166
0.778267540515681 0.778267540515681 0.772415741737361 0.71982658920103 0.66859119535896 0.664768822240145 0.66700197529519 0.729841926542336
0.778267540515681 0.778267540515681 0.7677577424739 0.6750313771785 0.616682727066224 0.651813458439156 0.659216110932461 0.725769807751037
0.778267540515681 0.778267540515681 0.76879088545983 0.686529957829153 0.666015136148536 0.750116328444859 0.764738046489739 0.773164688519007
0.778267540515681 0.778267540515681 0.778261324059963 0.778222421594161 0.778375092720777 0.77868977038151 0.778781130451545 0.778796433556376
0.778267540515681 0.778267540515681 0.778070786762987 0.776300247666977 0.774655658614583 0.77588680815512 0.778048436693277 0.778733481722844
0.778267540515681 0.778267540515681 0.767403441467915 0.669699151817196 0.573249218284432 0.570149886334823 0.638933578321492 0.754303664340746
0.778267540515681 0.778267540515681 0.768140873932683 0.680346783208548 0.658628008909509 0.746213284224715 0.759512982512533 0.775867361967292
0.778267540515681 0.778267540515681 0.778232434278092 0.777943548984186 0.778046890615441 0.77863830090027 0.77877277090663 0.778796445409069
0.778267540515681 0.778267540515681 0.768087383301303 0.67648477939311 0.591134335629465 0.651102756397779 0.752087315647227 0.777486522293888
0.778267540515681 0.778267540515681 0.768885148822852 0.687347558239122 0.662506707678768 0.736999909568121 0.760379157041394 0.776684181743434
0.778267540515681 0.778267540515681 0.778198787503226 0.777614608428706 0.777590625805768 0.778452366957217 0.778711748914986 0.77879286011312
0.778267540515681 0.778267540515681 0.775450763273416 0.750107918066271 0.726432251722068 0.74162164321983 0.768497488179487 0.778206955960528
0.778267540515681 0.778267540515681 0.77357496968361 0.731744864689052 0.697007103876621 0.703318214033728 0.729691613782771 0.772465086672432
0.778267540515681 0.778267540515681 0.778203365121508 0.777642387708276 0.777323595780717 0.777656398975123 0.777838482022424 0.778633354659322
0.778267540515681 0.778267540515681 0.77820491446107 0.777641593425349 0.777106623145465 0.777303895295973 0.777682976457781 0.778546732289909
0.778267540515681 0.778267540515681 0.778046224544021 0.776055110586459 0.774076416295785 0.773949460298854 0.77466717410165 0.777609779131277
0.778267540515681 0.778267540515681 0.773089820119901 0.726528949112767 0.680649003569858 0.676482873399913 0.678510067618037 0.746420814498283
0.778267540515681 0.778267540515681 0.769390657217333 0.690891008073669 0.637789336823656 0.661745893643064 0.666591795784503 0.74340983993901
0.778267540515681 0.778267540515681 0.771189683165378 0.70940018291827 0.685828602364389 0.738356575740704 0.75221955672968 0.771413091233494
0.778267540515681 0.778267540515681 0.778267292646474 0.778276491779495 0.778400087611122 0.778621824644123 0.778736956240391 0.778788447047388
0.778267540515681 0.778267540515681 0.778247935124296 0.77807154500295 0.777915085572527 0.778112702687258 0.778493726652478 0.778754118851355
0.778267540515681 0.778267540515681 0.778223895876947 0.77783122764113 0.777440277825202 0.777429404785272 0.777758394868816 0.778551644533633
0.778267540515681 0.778267540515681 0.769674384290097 0.692354069323933 0.615363005671018 0.607341106343432 0.61137754800091 0.741471855620279
0.778267540515681 0.778267540515681 0.768623670005876 0.684344017227195 0.648053131574519 0.704885804832948 0.713194387363105 0.75826050106352
0.778267540515681 0.778267540515681 0.768282057238912 0.681337876681031 0.654810044100568 0.741537740296134 0.763877674712147 0.774535679973682
0.778267540515681 0.778267540515681 0.769978655716702 0.69789648372173 0.678254103963127 0.754307750200726 0.774009425634746 0.778087775450986
0.778267540515681 0.778267540515681 0.778270418778211 0.778308940573541 0.778466417535151 0.778687050922228 0.778779671428095 0.778798560610391
0.778267540515681 0.778267540515681 0.778274835519133 0.778340523127726 0.77841629470645 0.778530561848427 0.778708345421532 0.778792054034653
0.778267540515681 0.778267540515681 0.778261784509001 0.778210014498068 0.778158592186754 0.778169794523096 0.778349055905639 0.778724355203129
0.778267540515681 0.778267540515681 0.77824976107953 0.778089814748262 0.777930621782948 0.777914155720263 0.777937458233485 0.778649668137952
0.778267540515681 0.778267540515681 0.778224796957671 0.777840231987272 0.77745732229475 0.777417576036638 0.777419779311006 0.778475166443579
0.778267540515681 0.778267540515681 0.778218358737549 0.7777759344591 0.777336313680075 0.777292011752955 0.777295526842002 0.77840688191422
0.778267540515681 0.778267540515681 0.771964077829567 0.715247261578244 0.658798255475671 0.653019520920945 0.653445347100133 0.743077843777217
0.778267540515681 0.778267540515681 0.772711809551921 0.723775445406812 0.694475419364865 0.714567752084738 0.717821581075849 0.762707689931261
0.778267540515681 0.778267540515681 0.778254566062811 0.77814888875976 0.778173601104283 0.778413313186291 0.77854000674836 0.778718097516533
0.778267540515681 0.778267540515681 0.778234049043539 0.777932728195476 0.777652144433385 0.777835474927486 0.778214440841418 0.77863093137184
0.778267540515681 0.778267540515681 0.777175005149236 0.767344238084236 0.757550007306893 0.756893046233774 0.760910411822423 0.772251942057262
0.778267540515681 0.778267540515681 0.776372789205175 0.759384999358567 0.743507753355687 0.742941378981036 0.743789730631275 0.764749404593446
0.778267540515681 0.778267540515681 0.778132478650828 0.776927719575796 0.775892983894938 0.77603666528833 0.776154522918949 0.777554988948592
0.778267540515681 0.778267540515681 0.777889483829805 0.774489050071405 0.771165783872726 0.771278360781454 0.771954464957075 0.774895302747593
0.778267540515681 0.778267540515681 0.776086834030187 0.75648739453054 0.737362081530943 0.736132052178621 0.738800521306207 0.754442186016507
0.778267540515681 0.778267540515681 0.778136778194463 0.776972043339494 0.775990486077499 0.776103657955829 0.776186517110064 0.777241035671503

# True Numbers-at-age
106.337503207697 14.9473935771513 31.687233687881 22.1098521307126 24.667647230718 45.9130893222598 46.6194218271395 338.241735063881
63.5394556975889 82.7590270860329 11.6330712364094 24.6462231387592 17.1033811174834 18.9816875626971 35.3494427908675 298.935110814367
45.0514472694822 49.4506959114675 64.4086644657174 9.03863436612175 18.8638946592747 12.8986092661123 14.3064994795658 257.967346970071
20.8620375764843 35.0620790630918 38.4858714838067 50.0070441540993 6.86657654899883 14.040695722049 9.60235266111448 209.215549122736
41.9135536163048 16.2362466747961 27.2876780377988 29.9312769583011 38.6473272791139 5.27735800748166 10.798194853856 169.767493804306
176.451413976286 32.6199582872337 12.6361437667995 21.205972247966 22.9535633432355 29.2594915147193 3.99821553274651 139.439836019364
667.395745525915 137.326407975838 25.3870547079294 9.82946727130334 16.4231297887855 17.7038153492143 22.569369660162 111.391070253951
113.958786825763 519.412445421083 106.876685783209 19.7552576708587 7.63966371080094 12.7495087474602 13.7439490422642 104.198822208995
115.309964391736 88.6904247430375 404.241846411102 83.1346756673955 15.2936189433588 5.88629933030829 9.82017947463107 91.4090054821798
118.625317934381 89.7420023841072 69.0248787320548 312.242765636911 59.8425500299952 10.2251789707047 3.91302827316199 73.2642037717652
959.667860458096 92.3222344316811 69.8432874764314 52.9943850698571 210.773664101908 36.9038669470943 6.66490926805434 55.7524783666694
146.350370748836 746.878345470668 71.8513983260565 53.6948828224312 36.3822329471909 140.378450593358 27.682193179772 48.2027572642119
184.739791702527 113.899743096255 581.271172993878 55.9191643967966 41.7865617372871 28.3190239436586 109.311263459054 59.0985051428728
765.608252409948 143.776983323705 88.6444729248899 452.270118893991 43.4100611705636 32.3701965038371 21.9723570977137 131.071442321809
265.104014868727 595.848051601599 111.896959194104 68.0260735896699 302.884915015568 24.884783631705 18.4558638572986 112.906545978367
144.112360102265 206.321849632717 463.729197641036 85.9526280257685 46.2813203410399 199.488488505429 18.569356121036 101.617972180176
240.139796264483 112.1579720547 160.573598468301 360.88910232601 66.866292490884 36.0090373849232 155.32937773903 93.6010244439303
124.966511840734 186.893008618696 87.2889090602377 123.334555074791 244.135984772389 39.5269613876042 23.4455834965542 189.594789722958
33.6968766054538 97.2573798171114 145.452762157248 67.1151458333653 84.7737052771661 161.741727497469 29.1313669681669 165.082807134248
9.18022781683377 26.2251852787869 75.6922617872627 113.191163149766 52.1897178468478 65.9192385383453 125.908230606154 151.250249243649
23.144407606719 7.14467332438086 20.4102104464895 58.6956221768241 84.9055877337705 37.9122942522251 48.8871340046076 214.464155014124
184.196249351902 18.0125411847736 5.56046733595388 15.7888279273792 42.9502201076198 59.1797978092578 26.6644070833961 201.338603796152
383.695180425013 143.353961955318 14.0185761263111 4.32717439248754 12.2780618485623 33.3862195336283 46.0215484564233 177.509554425999
44.110421412627 298.617504377095 111.567735394144 10.909324835242 3.36499078960338 9.54136318190741 25.9512384926958 173.989658333386
108.19235281788 34.3297091839154 232.404310686492 86.80485530434 8.46623729143731 2.60476001128451 7.3845328851526 155.399632375326
24.3666294094791 84.2025963301762 26.7176983331844 179.66940674371 63.0662403021479 5.76253597640278 1.76207553695093 121.004000077557
70.6594687865956 18.9637567411724 65.5321475509209 20.5563474799032 124.13197754516 40.2229755782683 3.81333451935497 91.1301494261204
353.442321088389 54.9919709866883 14.7588763178899 50.5377161069415 14.5826766623749 85.1332606685246 29.6988985140721 73.167455075185
471.466382713662 275.072685947614 42.7984660079196 11.4863507144283 39.3323163942585 11.3511567915973 66.2866147596303 80.1095985449537
606.712749052551 366.926982110386 214.080142755492 33.3078177971508 8.93720264682098 30.5972022736053 8.83247928973658 113.989393577813
90.9018600450395 472.184839004636 285.567359915892 166.602282725072 25.9078608072049 6.94814130872463 23.7871647516636 95.6161647444954
61.9773548059212 70.7459670455535 367.486133320931 219.793881916612 115.34776840336 15.9427390968279 4.21989182947132 85.4396335601611
21.1624849759525 48.234963492472 55.0592897739463 282.458540469402 150.414628112774 74.7514825339297 11.2378104795093 67.7951025220696
16.1219554274758 16.4700751334346 37.5397064041498 42.3010644176409 192.449702213846 98.4930092678962 55.4310454419961 61.0940383687601
8.47361398056472 12.547194598845 12.8181248662066 28.904772673067 29.521764114758 130.529800333022 74.294040231366 90.4406760525586
47.8746296017274 6.59473871193339 9.76507428081474 9.97596740757402 22.4968429966938 22.9817019497334 101.641865278789 128.293756570812
63.7159405365877 37.2592702332356 5.13247107767995 7.59991157973321 7.7646996907163 17.5119091680791 17.891957331159 179.063526936408
223.270181123868 49.5880483330534 28.9976806058294 3.99440609985603 5.91432730064822 6.04216778008073 13.6272387590313 153.367317650964
93.7778738019671 173.763934733764 38.5927684151382 22.5674380033472 3.1080067022663 4.60093631442113 4.70028784736168 130.020550475073
60.0160351341025 72.9842751986469 135.234830115574 30.0338493639054 17.553861211882 2.4163425684181 3.57684875705622 104.871866413162
95.5921109597519 46.7085320553206 56.8012923551705 105.242227536693 23.3596052544153 13.645253765296 1.87820377609001 84.4132510742443
95.102658335561 74.3962370893482 36.3517343637922 43.8485572724868 75.2742150480141 15.3892671902091 8.91061707665832 63.9529201128662
36.5499411595993 74.0153119993202 57.9001764631485 28.0894144405966 31.7365090703402 52.2760920628306 10.9966740623392 55.173617201971
10.69423773261 28.4456328122742 57.6037148302117 45.0610767082878 21.8577466328626 24.6965135497454 40.6924060230595 51.5260449193274
29.8135308649272 8.32297809784841 22.1383126872208 44.829172232265 35.0544863391039 16.9977235415272 19.2098243460193 71.7871903451704
16.367804017377 23.2029033403352 6.47750369397836 17.2053432766862 34.3994070105143 26.5555263823276 12.8654587503861 70.0547525130581
3.53115267245813 12.7385305762467 18.0580665155057 5.0289576099808 13.0654795931303 25.5762258231554 19.7291993900537 63.1435263716998
7.80699870803251 2.74818150557936 9.91398486135929 14.051568057352 3.90713656776573 10.1374139475323 19.8480889984628 64.4104712902821
36.3980634951601 6.07593368330956 2.13882046123793 7.71198456649928 10.8827855967522 3.01305003397885 7.81876801201574 65.2331925738271
204.445905811366 28.3274313559118 4.72870196404571 1.65991040032113 5.83401911137077 8.0245534404762 2.21800270482972 54.9911822894834

