# Simulated data from SIR age-structured hybrid model
# random seed = 6986448
# Flag=0 if no issues, =1 if negative pop #'s, =2 if NaN, or=3 if NA. Flag:
0

# Number of years (nyr)
50

# Starting age
0

# Ending age
8

# Sample size for comp data
200

# Sample size for fishery age comp data
200

# Sample size for antibody prevalence data
200

# Survey data
37791.0056973306
18847.3887730941
24474.974443865
29687.1866103058
21538.2070091476
16067.2682233458
15603.7435423067
13231.0924432286
7237.45189648504
9162.70523473337
11454.0741933223
23136.437076125
12436.4622842385
15562.7890298112
24196.2859781554
18881.8946942026
17096.9490704829
10725.014460953
8207.8000794645
12996.3456037531
12041.1669266765
12402.51350649
9057.88388105054
7770.23410859535
8721.75324972353
7406.95151612043
7216.29036202291
3382.98629539266
6268.48107269877
4596.59773595404
3949.11622925262
3381.13012311036
6043.67419301194
15608.1251148432
16864.1389954344
21179.0935770757
30824.9190026737
25963.7600908318
26078.4016118727
17588.7900438133
25631.2671776953
56193.4331639149
68981.5876969338
35070.5222342158
18055.1758335744
19948.1315524809
16732.6936465709
12219.5939572961
16586.0975520576
10856.3268755612

# Catches
0
0
0
0
0
0
0
0
0
0
0
0
0
0
0
0
0
0
0
0
0
0
0
0
0
0
0
0
0
0
0
0
0
0
0
0
0
0
0
0
0
0
0
0
0
0
0
0
0
0

# Catch compositions
-999 -999 -999 -999 -999 -999 -999 -999
-999 -999 -999 -999 -999 -999 -999 -999
-999 -999 -999 -999 -999 -999 -999 -999
-999 -999 -999 -999 -999 -999 -999 -999
-999 -999 -999 -999 -999 -999 -999 -999
-999 -999 -999 -999 -999 -999 -999 -999
-999 -999 -999 -999 -999 -999 -999 -999
-999 -999 -999 -999 -999 -999 -999 -999
-999 -999 -999 -999 -999 -999 -999 -999
-999 -999 -999 -999 -999 -999 -999 -999
-999 -999 -999 -999 -999 -999 -999 -999
-999 -999 -999 -999 -999 -999 -999 -999
-999 -999 -999 -999 -999 -999 -999 -999
-999 -999 -999 -999 -999 -999 -999 -999
-999 -999 -999 -999 -999 -999 -999 -999
-999 -999 -999 -999 -999 -999 -999 -999
-999 -999 -999 -999 -999 -999 -999 -999
-999 -999 -999 -999 -999 -999 -999 -999
-999 -999 -999 -999 -999 -999 -999 -999
-999 -999 -999 -999 -999 -999 -999 -999
-999 -999 -999 -999 -999 -999 -999 -999
-999 -999 -999 -999 -999 -999 -999 -999
-999 -999 -999 -999 -999 -999 -999 -999
-999 -999 -999 -999 -999 -999 -999 -999
-999 -999 -999 -999 -999 -999 -999 -999
-999 -999 -999 -999 -999 -999 -999 -999
-999 -999 -999 -999 -999 -999 -999 -999
-999 -999 -999 -999 -999 -999 -999 -999
-999 -999 -999 -999 -999 -999 -999 -999
-999 -999 -999 -999 -999 -999 -999 -999
-999 -999 -999 -999 -999 -999 -999 -999
-999 -999 -999 -999 -999 -999 -999 -999
-999 -999 -999 -999 -999 -999 -999 -999
-999 -999 -999 -999 -999 -999 -999 -999
-999 -999 -999 -999 -999 -999 -999 -999
-999 -999 -999 -999 -999 -999 -999 -999
-999 -999 -999 -999 -999 -999 -999 -999
-999 -999 -999 -999 -999 -999 -999 -999
-999 -999 -999 -999 -999 -999 -999 -999
-999 -999 -999 -999 -999 -999 -999 -999
-999 -999 -999 -999 -999 -999 -999 -999
-999 -999 -999 -999 -999 -999 -999 -999
-999 -999 -999 -999 -999 -999 -999 -999
-999 -999 -999 -999 -999 -999 -999 -999
-999 -999 -999 -999 -999 -999 -999 -999
-999 -999 -999 -999 -999 -999 -999 -999
-999 -999 -999 -999 -999 -999 -999 -999
-999 -999 -999 -999 -999 -999 -999 -999
-999 -999 -999 -999 -999 -999 -999 -999
-999 -999 -999 -999 -999 -999 -999 -999

# Age composition from fishery-independent survey
0 0 1 17 21 38 27 96
0 0 0 6 35 11 42 106
0 0 1 8 18 38 17 118
0 0 3 27 16 14 19 121
0 0 0 7 31 13 14 135
0 0 3 4 24 31 12 126
0 0 0 8 11 17 31 133
0 0 2 10 20 15 26 127
0 0 3 37 10 9 6 135
0 0 1 35 40 6 8 110
0 0 6 15 38 32 1 108
0 0 14 32 23 23 35 73
0 0 3 87 24 18 14 54
0 0 5 8 117 16 8 46
0 0 4 33 18 92 11 42
0 0 2 38 64 8 62 26
0 0 2 7 55 56 9 71
0 0 7 13 11 47 39 83
0 0 4 45 16 13 34 88
0 0 3 16 66 16 8 91
0 0 0 22 33 54 14 77
0 0 0 17 43 19 46 75
0 0 3 22 19 42 21 93
0 0 2 12 40 20 29 97
0 0 0 18 20 43 15 104
0 0 1 15 30 18 27 109
0 0 8 14 29 24 18 107
0 0 0 49 22 22 17 90
0 0 1 7 77 11 16 88
0 0 3 8 14 69 16 90
0 0 4 12 28 19 54 83
0 0 24 22 15 15 10 114
0 0 19 102 16 9 7 47
0 0 3 107 64 5 2 19
0 0 5 26 111 41 3 14
0 0 8 52 42 60 23 15
0 0 1 50 64 19 41 25
0 0 2 17 77 38 16 50
0 0 8 38 20 47 38 49
0 0 5 43 41 11 38 62
0 0 9 43 50 22 14 62
0 0 2 61 47 32 8 50
0 0 0 3 98 29 21 49
0 0 1 7 20 76 39 57
0 0 1 4 16 14 68 97
0 0 0 7 9 17 14 153
0 0 0 2 11 12 19 156
0 0 1 3 4 13 12 167
0 0 1 7 9 2 12 169
0 0 6 12 9 1 2 170

# Antibody prevalence values
0 0 0 0 0 2 0 18 0 23 16 31 13 12 81 4
0 0 0 0 0 0 0 11 0 35 2 17 18 19 90 8
0 0 0 0 0 2 0 9 1 15 4 21 3 12 101 32
0 0 0 0 0 1 1 14 0 20 0 16 3 19 88 38
0 0 0 0 0 1 0 12 1 29 0 11 4 8 84 50
0 0 0 0 0 1 0 7 3 19 12 10 4 12 91 41
0 0 0 0 0 1 0 9 0 6 4 16 8 20 98 38
0 0 0 0 0 1 0 4 0 14 1 11 4 17 94 54
0 0 0 0 0 2 0 21 0 7 0 7 0 10 88 65
0 0 0 0 0 1 0 25 3 46 0 9 0 8 65 43
0 0 0 0 0 5 1 27 0 36 0 34 0 3 54 40
0 0 0 0 0 23 0 23 0 23 1 26 2 23 46 33
0 0 0 0 0 1 0 98 0 27 0 14 1 8 17 34
0 0 0 0 0 4 0 8 46 79 8 11 8 2 28 6
0 0 0 0 0 6 2 35 5 6 69 23 9 1 39 5
0 0 0 0 0 0 0 27 1 63 7 11 40 27 23 1
0 0 0 0 0 0 0 6 8 45 17 22 7 1 79 15
0 0 0 0 0 3 0 19 0 17 9 43 19 11 67 12
0 0 0 0 0 1 0 33 0 25 0 3 10 20 74 34
0 0 0 0 0 2 0 18 0 63 0 21 1 6 52 37
0 0 0 0 0 4 0 27 5 28 11 31 6 6 66 16
0 0 0 0 0 1 0 12 1 45 2 10 5 26 61 37
0 0 0 0 0 0 0 32 0 20 2 31 1 19 51 44
0 0 0 0 0 0 0 15 0 45 0 14 2 34 47 43
0 0 0 0 0 3 0 16 3 23 2 36 1 17 34 65
0 0 0 0 0 2 0 16 0 15 3 22 2 25 57 58
0 0 0 0 0 7 0 15 0 25 0 28 1 14 39 71
0 0 0 0 0 2 0 29 0 31 0 22 1 10 27 78
0 0 0 0 0 0 0 5 0 74 0 12 0 16 29 64
0 0 0 0 0 0 0 11 0 17 2 68 2 11 27 62
0 0 0 0 0 4 0 5 0 23 0 17 1 48 28 74
0 0 0 0 0 19 0 18 0 17 0 16 0 9 20 101
0 0 0 0 0 21 0 93 0 17 0 7 1 6 6 49
0 0 0 0 0 4 4 105 12 45 2 6 1 2 15 4
0 0 0 0 0 8 0 29 40 79 20 6 2 1 15 0
0 0 0 0 0 9 2 53 5 26 64 8 22 1 9 1
0 0 0 0 0 1 0 61 12 44 11 6 36 6 23 0
0 0 0 0 0 5 1 13 29 59 23 4 13 4 47 2
0 0 0 0 0 5 1 21 5 13 39 38 31 2 45 0
0 0 0 0 0 5 0 49 1 34 2 11 32 10 55 1
0 0 0 0 0 10 0 48 5 39 16 15 5 5 52 5
0 0 0 0 0 3 0 72 5 32 20 2 12 0 50 4
0 0 0 0 0 3 1 11 32 69 19 4 24 1 36 0
0 0 0 0 0 0 0 9 6 9 53 17 34 2 70 0
0 0 0 0 0 0 0 6 1 21 7 8 51 21 82 3
0 0 0 0 0 1 0 7 0 10 1 22 1 12 131 15
0 0 0 0 0 3 0 3 0 16 0 17 1 18 127 15
0 0 0 0 0 2 0 1 0 2 1 15 0 12 124 43
0 0 0 0 0 0 0 6 0 5 0 3 0 5 131 50
0 0 0 0 0 1 0 11 0 12 0 4 0 2 121 49

# Average weight-at-age
70
94
115
134
150
160
165
168

# Maturity logistic function parameter age-at-50%
3

# Maturity logistic function parameter age-at-95%
4

# Infection prevalence index (avg of 3 different samples)
0
0
0
0
0
0
0
0
0
0
0
0
0.05
0.0555555555555556
0
0
0
0
0
0
0
0
0
0.00555555555555556
0
0
0
0
0.00555555555555556
0
0
0
0.00555555555555556
0.0777777777777778
0.0333333333333333
0
0.116666666666667
0.0111111111111111
0
0.0888888888888889
0.116666666666667
0.105555555555556
0.1
0
0
0
0
0
0
0

