# Simulated data from SIR age-structured hybrid model
# random seed = 9018095
# Flag=0 if no issues, =1 if negative pop #'s, =2 if NaN, or=3 if NA. Flag:
0

# True SSB
39936.7528919139
26691.6986543457
24923.5752871018
21557.5258073569
22513.4224029337
32211.9837966935
37431.9700084226
43366.1641574663
55427.5737045108
54473.3057366056
50893.6084825834
42166.5498911208
39322.0790089507
34831.9128603332
28777.6034199025
31779.9002882205
28665.785201316
25581.4236459253
27975.6539351829
29730.9284457056
24523.4405830639
21284.0313374232
16610.9923956161
13418.5711107296
11841.577033386
10831.7657801413
10908.9055010473
11308.9492131962
11053.1072161675
10987.9998619865
11450.0126471548
17821.013781495
19463.8847115843
17529.8777569061
17595.6012852956
18491.0252590305
20142.2846178954
18455.069372454
16932.453048761
17283.3210914624
21154.7894058321
24296.7789901404
33457.4318077862
40900.7333596337
52007.0046507349
58403.5716281879
55437.4265240746
46220.4253551844
37540.6530235246
28741.16165865

# True R (numbers)
19.064198976722
92.3925516672916
441.034260298758
148.352643053264
307.099691632065
330.17923427823
279.680460510894
290.151828842334
140.079361802725
86.7262374224042
37.5944760382827
168.255873400647
272.337048553629
115.903079018452
20.9453819365511
232.091556421366
42.7575544823047
21.9597880279892
25.9525751124536
2.3367603477132
9.88493368684667
12.7291300908867
21.5463030242079
33.5446375200382
34.5777598941377
56.0126814143944
23.0086891590115
53.9769881416614
182.551592516146
90.3586035272158
32.092085317119
47.1911014554083
81.3779390745851
92.8924973269725
34.5191103904484
81.2163909396116
48.2958866648261
246.072914429523
101.287757352335
371.002341804014
153.541753987214
766.051330874847
414.607913817989
45.9842616465441
8.65869609816604
20.2605059356545
48.6672280980606
50.9534233850182
136.658036034815
401.119173170636

# True infection rate given (selected) susceptible
-999 -999 0.0014015168816816 0.00140151688168163 0.00140151688168194 0.00140151688168138 0.00140151688168276 0.00140151688168179
-999 -999 0.000961442870419006 0.00096144287041846 0.000961442870418051 0.000961442870418739 0.000961442870418553 0.000961442870418599
-999 -999 0.00186304318741175 0.00186304318741193 0.00186304318741178 0.00186304318741234 0.00186304318741159 0.00186304318741181
-999 -999 0.00175069558949761 0.00175069558949736 0.0017506955894971 0.00175069558949749 0.00175069558949764 0.00175069558949704
-999 -999 0.0059000919041888 0.00590009190418904 0.00590009190418941 0.00590009190418911 0.00590009190418979 0.00590009190418887
-999 -999 0.813866480936768 0.813866480936768 0.813866480936769 0.813866480936768 0.813866480936768 0.813866480936768
-999 -999 0.707973781007402 0.707973781007403 0.707973781007402 0.707973781007402 0.707973781007402 0.707973781007402
-999 -999 0.521012350436032 0.521012350436032 0.521012350436032 0.521012350436032 0.521012350436032 0.521012350436032
-999 -999 0.718850022024883 0.718850022024883 0.718850022024883 0.718850022024883 0.718850022024882 0.718850022024883
-999 -999 0.586355970092254 0.586355970092255 0.586355970092255 0.586355970092254 0.586355970092255 0.586355970092254
-999 -999 0.445611306445705 0.445611306445705 0.445611306445705 0.445611306445706 0.445611306445706 0.445611306445705
-999 -999 0.0830334321109563 0.0830334321109568 0.0830334321109567 0.0830334321109566 0.0830334321109563 0.0830334321109565
-999 -999 0.0332640291951401 0.0332640291951399 0.0332640291951397 0.0332640291951408 0.0332640291951401 0.0332640291951404
-999 -999 0.0125859666475614 0.0125859666475611 0.0125859666475608 0.0125859666475615 0.0125859666475607 0.0125859666475606
-999 -999 0.109174942321995 0.109174942321996 0.109174942321996 0.109174942321995 0.109174942321996 0.109174942321996
-999 -999 0.623543199236208 0.623543199236209 0.623543199236208 0.623543199236208 0.623543199236208 0.623543199236208
-999 -999 0.117556074279696 0.117556074279696 0.117556074279696 0.117556074279696 0.117556074279696 0.117556074279696
-999 -999 0.0125449643517482 0.0125449643517484 0.0125449643517489 0.0125449643517474 0.0125449643517477 0.0125449643517484
-999 -999 0.4978218014252 0.497821801425199 0.497821801425199 0.497821801425199 0.4978218014252 0.4978218014252
-999 -999 0.496183307857211 0.496183307857212 0.496183307857212 0.496183307857212 0.496183307857211 0.496183307857211
-999 -999 0.0020843119622227 0.0020843119622222 0.00208431196222128 0.00208431196222239 0.00208431196222065 0.00208431196222239
-999 -999 0.00137356377539908 0.00137356377539834 0.00137356377539764 0.00137356377539702 0.00137356377539862 0.00137356377539863
-999 -999 0.00257353950306768 0.00257353950306696 0.0025735395030673 0.00257353950306698 0.00257353950306708 0.00257353950306855
-999 -999 0.00312652087380347 0.00312652087380395 0.00312652087380382 0.0031265208738031 0.0031265208738038 0.00312652087380312
-999 -999 0.00342030922655084 0.00342030922655195 0.00342030922655128 0.0034203092265508 0.00342030922655079 0.00342030922655103
-999 -999 0.00430175611897091 0.00430175611897017 0.00430175611896941 0.00430175611897014 0.00430175611897027 0.00430175611897052
-999 -999 0.00234648984563688 0.00234648984563655 0.00234648984563666 0.00234648984563606 0.00234648984563672 0.00234648984563653
-999 -999 0.00193625056978371 0.00193625056978455 0.0019362505697843 0.001936250569785 0.00193625056978454 0.00193625056978392
-999 -999 0.00163560713624855 0.00163560713624781 0.00163560713624811 0.00163560713624778 0.0016356071362474 0.00163560713624754
-999 -999 0.00269217027557833 0.00269217027557864 0.00269217027557886 0.00269217027557903 0.00269217027557815 0.00269217027557825
-999 -999 0.0027557547407765 0.00275575474077582 0.00275575474077571 0.00275575474077595 0.00275575474077602 0.00275575474077493
-999 -999 0.611964442804619 0.611964442804619 0.611964442804619 0.611964442804619 0.611964442804619 0.611964442804618
-999 -999 0.423241438049096 0.423241438049096 0.423241438049096 0.423241438049096 0.423241438049096 0.423241438049096
-999 -999 0.00358994495772271 0.00358994495772196 0.00358994495772235 0.00358994495772168 0.00358994495772193 0.00358994495772189
-999 -999 0.00222369628075051 0.0022236962807503 0.00222369628074939 0.00222369628074859 0.00222369628075035 0.00222369628074976
-999 -999 0.00635979720240148 0.00635979720240055 0.00635979720240135 0.00635979720240186 0.00635979720240104 0.00635979720240125
-999 -999 0.258512186192729 0.258512186192728 0.25851218619273 0.258512186192728 0.258512186192729 0.258512186192729
-999 -999 0.0204173107320579 0.0204173107320577 0.0204173107320573 0.0204173107320584 0.0204173107320581 0.0204173107320584
-999 -999 0.00983626633654469 0.00983626633654558 0.00983626633654416 0.00983626633654411 0.00983626633654452 0.00983626633654495
-999 -999 0.0361912272529717 0.0361912272529723 0.0361912272529722 0.036191227252971 0.0361912272529716 0.0361912272529724
-999 -999 0.649272691717513 0.649272691717513 0.649272691717513 0.649272691717513 0.649272691717514 0.649272691717513
-999 -999 0.45285546933242 0.45285546933242 0.452855469332421 0.45285546933242 0.45285546933242 0.452855469332421
-999 -999 0.745080551310883 0.745080551310883 0.745080551310882 0.745080551310883 0.745080551310883 0.745080551310883
-999 -999 0.642320239660197 0.642320239660196 0.642320239660196 0.642320239660196 0.642320239660196 0.642320239660196
-999 -999 0.860758858931852 0.860758858931852 0.860758858931853 0.860758858931852 0.860758858931853 0.860758858931853
-999 -999 0.804410738284229 0.804410738284229 0.804410738284229 0.804410738284229 0.804410738284229 0.804410738284229
-999 -999 0.11210128738153 0.112101287381529 0.11210128738153 0.11210128738153 0.11210128738153 0.11210128738153
-999 -999 0.00794731544963214 0.00794731544963257 0.00794731544963341 0.00794731544963231 0.00794731544963234 0.00794731544963211
-999 -999 0.00366526280505912 0.00366526280505927 0.00366526280506068 0.00366526280506012 0.00366526280506062 0.00366526280505981
-999 -999 0.00956328941936668 0.00956328941936699 0.00956328941936757 0.00956328941936703 0.0095632894193664 0.00956328941936706

# Duration of outbreak (days) based on incidence
0
0
0
0
0
0
0
0
0
0
0
0
0
0
0
0
0
0
0
0
0
0
0
0
0
0
0
0
0
0
0
0
0
0
0
0
0
0
0
0
0
0
0
0
0
0
0
0
0
0

# Duration of outbreak (days) based on prevalence
0
0
0
0
0
29
16
0
18
0
0
0
0
0
0
21
0
0
0
0
0
0
0
0
0
0
0
0
0
0
0
31
0
0
0
0
0
0
0
0
29
0
25
10
24
20
0
0
0
0

# Peak (point) prevalence
2.82718610636101e-05
2.2820143489479e-05
5.59279501913948e-05
6.50135251505204e-05
0.000432683204825224
0.280985271791218
0.125689581912541
0.0560278334334619
0.137683700228357
0.0726095756520825
0.0442904844018986
0.00948757301625239
0.00386796062943542
0.00114715175275221
0.0172887029340525
0.127310458372612
0.0157465579416672
0.0013316014202335
0.0744513361648193
0.0585094997319688
7.19974640897752e-05
5.41020697736749e-05
0.000110427443648176
0.000143170975538782
0.000174943149739623
0.000273780137078945
0.000161244109328436
0.000160260597966131
0.000167110422186216
0.00038414383704387
0.000434522662070623
0.164215920857632
0.0618137279311088
0.000245290993908948
0.000160840032394557
0.000772380768719987
0.0513874516809723
0.00338664198588458
0.00155693977723568
0.00829769405968275
0.166938456914347
0.0621056739903638
0.181167634197771
0.107284689171699
0.277628129629061
0.171319808216272
0.00753862253459656
0.000308477220494398
0.000118054865035873
0.000386280933901717

# Day of peak prevalence
57
71
67
75
119
38
49
82
47
66
87
119
119
119
119
64
119
119
90
83
82
71
81
96
103
119
110
112
119
119
119
78
94
119
119
119
116
119
119
119
68
92
47
57
28
34
119
119
92
119

# Total immunity
0.59769233623154
0.410020159972258
0.148903276891171
0.116828545054122
0.0749291129335166
0.0494319639346517
0.114715568349666
0.139500100800806
0.165406524284527
0.248332418256889
0.332151779108806
0.298436369798464
0.189240807428144
0.159346836346619
0.153636282917112
0.103467215612466
0.213527581293696
0.219605292819157
0.20290634785269
0.366051783305159
0.52461756337161
0.483316340182674
0.408141327212661
0.311121721467288
0.240114708957987
0.164925013606996
0.14308542724035
0.102548237188363
0.0439662264513838
0.0322363988044773
0.0290040066091415
0.0248357428326565
0.149878148055587
0.174763655612893
0.153751321027934
0.113148451139682
0.0952387059188885
0.0775094327506585
0.0614415998495837
0.0295858392066382
0.0256723974663291
0.0463539242556387
0.0525949134290449
0.106762811248484
0.172957667485811
0.368288037835388
0.577825599124885
0.522994439092477
0.360170335240153
0.15684932809878

# Observed immunity (based on survey selectivity)
0.793135616528275
0.739494340735203
0.678887490356341
0.606320377422386
0.44271690938501
0.217735327829043
0.44568469734817
0.518218118920839
0.455257533836507
0.531801095944888
0.553157590002166
0.582932545131047
0.531315769159024
0.482768784590629
0.374053695109885
0.280256289940554
0.492221731867259
0.463689429518867
0.336818276236924
0.465373968024073
0.643175496461575
0.591320445290327
0.559181199581738
0.538888689338628
0.502457227862585
0.440087609887518
0.353315954374316
0.270165766106827
0.198258083737055
0.154572533884112
0.113952540569436
0.0625483941552142
0.330123866984633
0.463704833589892
0.388161539998173
0.293332920412073
0.211601202739845
0.298785216152462
0.245358896922718
0.187498127057154
0.124530491334869
0.360893337724898
0.329758824207566
0.438309851224074
0.36302785042246
0.480176965176377
0.710945252862063
0.714522272002731
0.692084692499692
0.637500030173834

# True total proportion of susceptible
1 1 1 0.975358092469801 0.704503960841685 0.265237997771811 0.0985434757576662 0.0161847740492286
1 1 1 0.999947002799451 0.974819810640048 0.703690875171674 0.264868101047816 0.0306711730603686
1 1 1 0.999965534830194 0.999602370302636 0.974174076687683 0.7031438753396 0.137323170831789
1 1 1 0.999932127505467 0.999286843958007 0.998313195158712 0.972837094139281 0.15736955438206
1 1 1 0.999936479484037 0.999296945537317 0.998080496454338 0.997044087937448 0.248399952606049
1 1 1 0.999780933688667 0.997744831066347 0.995132380710494 0.993699591887243 0.26504326864208
1 1 1 0.970507873320172 0.66685574022727 0.272802540670592 0.221139338123055 0.0663010688499834
1 1 1 0.974390309615909 0.692056818028132 0.240937942074058 0.0797887933526449 0.0206211608148798
1 1 1 0.980955108652905 0.772274495963416 0.376999922806049 0.115197876066133 0.0169200611966736
1 1 1 0.973511935897317 0.689764043436756 0.266781402762835 0.103337872672493 0.0194965534631147
1 1 1 0.978014101274836 0.737559309275343 0.320977521667369 0.105864124398047 0.0140840811360368
1 1 1 0.982896251331612 0.79752581340011 0.442657863743868 0.173228833159679 0.0241358481072777
1 1 1 0.996919531078227 0.952036026622381 0.745817650655549 0.408486351698111 0.0693832611356782
1 1 1 0.998764147694043 0.984526117709097 0.929020727843726 0.725220289887087 0.16255149340164
1 1 1 0.999516724704761 0.993927564583026 0.975400657019938 0.919742436812626 0.32271346526297
1 1 1 0.995890202537003 0.957778577091036 0.913620730127715 0.891689071515786 0.371763049208083
1 1 1 0.976824818243561 0.742022209372538 0.439588746862221 0.383114333125688 0.163152026619604
1 1 1 0.995569825122006 0.932378550590697 0.670867562393309 0.390520507600489 0.155734755483342
1 1 1 0.99953882822621 0.99096146384291 0.923944897851136 0.663787062107002 0.223233445423065
1 1 1 0.981857240282588 0.804448927370957 0.592541380931012 0.522931946619911 0.206896196276278
1 1 1 0.981619024285137 0.786339193355954 0.461059041599253 0.312447247955463 0.131809907500524
1 1 1 0.999924136844785 0.980862527738804 0.785095871286254 0.460197008368631 0.139945062472408
1 1 1 0.999949396602144 0.999418189783261 0.97991123311878 0.784228007080267 0.274385572893754
1 1 1 0.999906070594116 0.999010064581165 0.997633922078354 0.978054248711094 0.32844184800484
1 1 1 0.999887027269277 0.99877615033421 0.99686389847768 0.995376551549384 0.375443375355226
1 1 1 0.999875915537779 0.998645953533872 0.996419104805414 0.994385485528334 0.435499054698589
1 1 1 0.999844010017969 0.99831552734238 0.995682249262082 0.993303304081541 0.439553364014718
1 1 1 0.999914610372395 0.998990094046316 0.996694448797128 0.993978465105776 0.467836343675713
1 1 1 0.999928080353727 0.999195500283374 0.997624702031431 0.995259145627969 0.508833643610271
1 1 1 0.999939764924602 0.999325786326906 0.99805175062923 0.996421877777206 0.583986965442101
1 1 1 0.999900572708073 0.998945434511545 0.997437101673803 0.996065115561068 0.681038921887372
1 1 1 0.99990077680954 0.998908162353779 0.997060485857456 0.995454626753143 0.75182431722991
1 1 1 0.977157524671551 0.749338807466144 0.472132493005347 0.436714184312632 0.348674492092989
1 1 1 0.984040953431424 0.809602059233711 0.472480040056307 0.275824827538444 0.207083613530968
1 1 1 0.999869635638613 0.982744725588582 0.807427035393799 0.470967607929518 0.225400517333686
1 1 1 0.999918928517654 0.999058908980824 0.98121904675624 0.806009063002222 0.367664694947087
1 1 1 0.999765551639779 0.997573098470963 0.994601325512464 0.976575043310788 0.496104753647055
1 1 1 0.990227088158241 0.898230941101467 0.797100885289784 0.783040697632122 0.422316654629803
1 1 1 0.999228100216837 0.982527239375216 0.884411577794844 0.783661581814692 0.475724773132672
1 1 1 0.999634618770936 0.995571609951208 0.975639477056334 0.877612807531376 0.558743579741199
1 1 1 0.998640425925807 0.98597414750458 0.969549083948249 0.948556810718991 0.638398386980309
1 1 1 0.97614712312663 0.736070400381955 0.436355864838489 0.391871541457837 0.255277708293588
1 1 1 0.983300184179153 0.800389728468823 0.449185207128876 0.244563794470158 0.15961520344324
1 1 1 0.972889993676717 0.683940100491052 0.26364521869927 0.116870999489395 0.0421829706202196
1 1 1 0.976041882492248 0.71379240063848 0.280430396907666 0.0896335802272428 0.0267469360867886
1 1 1 0.968800295001781 0.627366160964669 0.142127895112417 0.0361351459327059 0.00499453338058716
1 1 1 0.971076723140676 0.650335893982436 0.164191550492888 0.0268653815230259 0.00391292771281104
1 1 1 0.995827433495352 0.929401470484762 0.589785238819357 0.145479809053958 0.00797276139057954
1 1 1 0.999707645396607 0.992907007709978 0.924071383421244 0.585723058970626 0.0889235073596671
1 1 1 0.999863817429552 0.99834576772796 0.990329180290369 0.921471687536444 0.244572030616011

# True vulnerable proportion of susceptible
0 0 0.05 0.487679046234901 0.669278762799601 0.265237997771811 0.0985434757576662 0.0161847740492286
0 0 0.05 0.499973501399725 0.926078820108045 0.703690875171674 0.264868101047816 0.0306711730603686
0 0 0.05 0.499982767415097 0.949622251787505 0.974174076687683 0.7031438753396 0.137323170831789
0 0 0.05 0.499966063752733 0.949322501760107 0.998313195158712 0.972837094139281 0.15736955438206
0 0 0.05 0.499968239742018 0.949332098260451 0.998080496454338 0.997044087937448 0.248399952606049
0 0 0.05 0.499890466844333 0.947857589513029 0.995132380710494 0.993699591887243 0.26504326864208
0 0 0.05 0.485253936660086 0.633512953215906 0.272802540670592 0.221139338123055 0.0663010688499834
0 0 0.05 0.487195154807954 0.657453977126726 0.240937942074058 0.0797887933526449 0.0206211608148798
0 0 0.05 0.490477554326453 0.733660771165245 0.376999922806049 0.115197876066133 0.0169200611966736
0 0 0.05 0.486755967948658 0.655275841264918 0.266781402762835 0.103337872672493 0.0194965534631147
0 0 0.05 0.489007050637418 0.700681343811575 0.320977521667369 0.105864124398047 0.0140840811360368
0 0 0.05 0.491448125665806 0.757649522730105 0.442657863743868 0.173228833159679 0.0241358481072777
0 0 0.05 0.498459765539113 0.904434225291262 0.745817650655549 0.408486351698111 0.0693832611356782
0 0 0.05 0.499382073847021 0.935299811823643 0.929020727843726 0.725220289887087 0.16255149340164
0 0 0.05 0.499758362352381 0.944231186353874 0.975400657019938 0.919742436812626 0.32271346526297
0 0 0.05 0.497945101268501 0.909889648236484 0.913620730127715 0.891689071515786 0.371763049208083
0 0 0.05 0.488412409121781 0.704921098903911 0.439588746862221 0.383114333125688 0.163152026619604
0 0 0.05 0.497784912561003 0.885759623061162 0.670867562393309 0.390520507600489 0.155734755483342
0 0 0.05 0.499769414113105 0.941413390650764 0.923944897851136 0.663787062107002 0.223233445423065
0 0 0.05 0.490928620141294 0.764226481002409 0.592541380931012 0.522931946619911 0.206896196276278
0 0 0.05 0.490809512142569 0.747022233688157 0.461059041599253 0.312447247955463 0.131809907500524
0 0 0.05 0.499962068422393 0.931819401351863 0.785095871286254 0.460197008368631 0.139945062472408
0 0 0.05 0.499974698301072 0.949447280294098 0.97991123311878 0.784228007080267 0.274385572893754
0 0 0.05 0.499953035297058 0.949059561352106 0.997633922078354 0.978054248711094 0.32844184800484
0 0 0.05 0.499943513634639 0.948837342817499 0.99686389847768 0.995376551549384 0.375443375355226
0 0 0.05 0.49993795776889 0.948713655857178 0.996419104805414 0.994385485528334 0.435499054698589
0 0 0.05 0.499922005008984 0.948399750975261 0.995682249262082 0.993303304081541 0.439553364014718
0 0 0.05 0.499957305186198 0.949040589344 0.996694448797128 0.993978465105776 0.467836343675713
0 0 0.05 0.499964040176863 0.949235725269205 0.997624702031431 0.995259145627969 0.508833643610271
0 0 0.05 0.499969882462301 0.94935949701056 0.99805175062923 0.996421877777206 0.583986965442101
0 0 0.05 0.499950286354036 0.948998162785968 0.997437101673803 0.996065115561068 0.681038921887372
0 0 0.05 0.49995038840477 0.948962754236089 0.997060485857456 0.995454626753143 0.75182431722991
0 0 0.05 0.488578762335775 0.711871867092837 0.472132493005347 0.436714184312632 0.348674492092989
0 0 0.05 0.492020476715712 0.769121956272026 0.472480040056307 0.275824827538444 0.207083613530968
0 0 0.05 0.499934817819307 0.933607489309153 0.807427035393799 0.470967607929518 0.225400517333686
0 0 0.05 0.499959464258827 0.949105963531782 0.98121904675624 0.806009063002222 0.367664694947087
0 0 0.05 0.49988277581989 0.947694443547415 0.994601325512464 0.976575043310788 0.496104753647055
0 0 0.05 0.49511354407912 0.853319394046394 0.797100885289784 0.783040697632122 0.422316654629803
0 0 0.05 0.499614050108419 0.933400877406456 0.884411577794844 0.783661581814692 0.475724773132672
0 0 0.05 0.499817309385468 0.945793029453648 0.975639477056334 0.877612807531376 0.558743579741199
0 0 0.05 0.499320212962904 0.936675440129351 0.969549083948249 0.948556810718991 0.638398386980309
0 0 0.05 0.488073561563315 0.699266880362857 0.436355864838489 0.391871541457837 0.255277708293588
0 0 0.05 0.491650092089577 0.760370242045382 0.449185207128876 0.244563794470158 0.15961520344324
0 0 0.05 0.486444996838358 0.649743095466499 0.26364521869927 0.116870999489395 0.0421829706202196
0 0 0.05 0.488020941246124 0.678102780606556 0.280430396907666 0.0896335802272428 0.0267469360867886
0 0 0.05 0.48440014750089 0.595997852916435 0.142127895112417 0.0361351459327059 0.00499453338058716
0 0 0.05 0.485538361570338 0.617819099283314 0.164191550492888 0.0268653815230259 0.00391292771281104
0 0 0.05 0.497913716747676 0.882931396960524 0.589785238819357 0.145479809053958 0.00797276139057954
0 0 0.05 0.499853822698304 0.943261657324479 0.924071383421244 0.585723058970626 0.0889235073596671
0 0 0.05 0.499931908714776 0.948428479341562 0.990329180290369 0.921471687536444 0.244572030616011

# True survival by age
0.612700796431859 0.612700796431859 0.612727806543066 0.612984463582976 0.613304834708211 0.613447045050748 0.613493790534564 0.613516886058709
0.855183562257275 0.855183562257275 0.855189116149639 0.85523911761375 0.855295635194842 0.855370059913003 0.855481753839345 0.855541364178567
0.775973295623635 0.775973295623635 0.775977451267893 0.776014869173947 0.776052435367352 0.776068154686874 0.77619142497528 0.776448772241687
0.797870866700205 0.797870866700205 0.797873603683829 0.797898268099795 0.79792318346734 0.7979263446351 0.797937494738336 0.798294399715573
0.735593909472011 0.735593909472011 0.735555205017248 0.735206928729016 0.734859475932766 0.73482249139956 0.734823933580173 0.735865685014432
0.774171626081122 0.774171626081122 0.764463820949641 0.677114959944428 0.590140512065097 0.580963237770852 0.581242198470865 0.723109914566026
0.823732762599595 0.823732762599595 0.814745228725754 0.736520913066419 0.71000380902017 0.775013767851093 0.78432281627816 0.812222692320492
0.833491214128417 0.833491214128417 0.826713640635126 0.767461819536359 0.7445001182861 0.801146635829988 0.823057496140554 0.831102302717121
0.703602029307123 0.703602029307123 0.695679244112208 0.625895940073749 0.587503268168213 0.644285472218428 0.685946512877854 0.701585642106142
0.694879273238566 0.694879273238566 0.68837893614646 0.631616031170166 0.609903511393963 0.66070288250546 0.682064657744212 0.693022567278357
0.669291958416219 0.669291958416219 0.664421839530611 0.621677661486571 0.601236738486508 0.638526846388565 0.659637441491881 0.66864446456187
0.795394730051015 0.795394730051015 0.79436302891196 0.785262689735442 0.779862131741681 0.786538273205339 0.792231756554608 0.79538233919987
0.781044200493039 0.781044200493039 0.780654002699777 0.777155867552247 0.774011338622631 0.77535796377941 0.778168438047536 0.780993673989806
0.649452383728673 0.649452383728673 0.649355199755187 0.648482692145119 0.647646319165166 0.647701060495099 0.648253366597715 0.649778218129766
0.74757009760723 0.74757009760723 0.746275517754495 0.73463084275572 0.723126054066413 0.722330040327523 0.723804207515642 0.739617155125853
0.725241553195883 0.725241553195883 0.718087705959722 0.653999706784191 0.59508421093404 0.594578500988083 0.597730382835378 0.672450923613675
0.748313003992104 0.748313003992104 0.746913895452267 0.734659908011895 0.728740768782923 0.736344694696147 0.737958462147907 0.744243928208871
0.801282160774359 0.801282160774359 0.801146889058095 0.799937585764498 0.798918604051108 0.799626857177416 0.800521333148781 0.801270441120838
0.855326349796857 0.855326349796857 0.848696118244506 0.78905477948635 0.730493876057915 0.732834758871304 0.767427922991248 0.826008297947055
0.781322974559144 0.781322974559144 0.775196868683761 0.721182921088262 0.687791376579323 0.708938266614967 0.717503643696725 0.75639155306992
0.786934679689758 0.786934679689758 0.786934670038999 0.786944057646137 0.787044646230196 0.787212335511311 0.787288951721946 0.787382078574031
0.728107367272213 0.728107367272213 0.728123033552272 0.728264066096403 0.728411415698831 0.728489072546453 0.728592451100197 0.728694351065939
0.774282241673447 0.774282241673447 0.774277908043764 0.774238934965265 0.774200265595736 0.774208185888944 0.774331085314951 0.774651293356201
0.824943686888877 0.824943686888877 0.824925140247105 0.824758278644449 0.824592079031613 0.82457465826423 0.824590415913139 0.825113221577205
0.809738185135747 0.809738185135747 0.809718154631951 0.809537955490588 0.809358642933509 0.80934029612663 0.809341586636624 0.809879477255113
0.819937136788161 0.819937136788161 0.819904156578103 0.819607430812996 0.819311963656714 0.81928148761187 0.819283733702406 0.819901012234668
0.798965569709474 0.798965569709474 0.798960616521674 0.798916122007014 0.798872443210376 0.798869049770516 0.798870451333882 0.799196694929845
0.719840455027209 0.719840455027209 0.719850441934596 0.719940370805067 0.720030667864637 0.720041671028907 0.720042885297573 0.720278114210476
0.763868468338355 0.763868468338355 0.763876719961698 0.763951019083422 0.764025575486303 0.764034444624062 0.764035384572114 0.76422866455581
0.773729175559099 0.773729175559099 0.7737230839317 0.773668295632247 0.773613878437094 0.773608637306849 0.773609720093026 0.773883716203315
0.872371479844696 0.872371479844696 0.872350381018227 0.872160544922333 0.871971368162615 0.871951419041042 0.871952444578835 0.872187921647005
0.750760885087051 0.750760885087051 0.743457543500046 0.67773477419465 0.612149544421792 0.605125148065781 0.605360655481464 0.641090281090416
0.73782782253756 0.73782782253756 0.73280878359891 0.688797912557825 0.666523271949935 0.690758475925961 0.694335511329966 0.70322698886379
0.82135050958829 0.82135050958829 0.821326366358405 0.821119980625515 0.821063240862346 0.821355410800243 0.821537245984197 0.821600806828246
0.799311021156932 0.799311021156932 0.799307508860385 0.799275966564935 0.799253883015438 0.7993485395812 0.799536823192685 0.799674243205044
0.781926336035681 0.781926336035681 0.781873472054283 0.781397781700417 0.78092336038836 0.780898786696048 0.781176144467321 0.781870044520095
0.746483269737223 0.746483269737223 0.743376199983115 0.715419996535675 0.687593662726249 0.684680576519957 0.685811508828029 0.715955238276537
0.722463006238412 0.722463006238412 0.722254382111215 0.720403427752005 0.718967880908053 0.719267376365162 0.719335068784044 0.721071765591662
0.768921412783231 0.768921412783231 0.768827729662517 0.767985730988782 0.767182183775304 0.767328156443965 0.76757256596519 0.76831959019328
0.754804633688118 0.754804633688118 0.754390790192623 0.750667922885901 0.746978997804943 0.746743530106298 0.747611773147985 0.7504360656551
0.791040263348778 0.791040263348778 0.783001222022299 0.7107598358211 0.640447920024404 0.635170792420409 0.638556586086894 0.68858129828613
0.811094818512369 0.811094818512369 0.80531113977474 0.754648675490931 0.730330613645385 0.760881574032442 0.766047880783098 0.78191157362464
0.782195161315357 0.782195161315357 0.773170912032023 0.693468471701993 0.645064578024307 0.70141324600005 0.738451799368178 0.753828356891731
0.681876484756528 0.681876484756528 0.674930180020233 0.61431593075686 0.591835801017311 0.645774855807163 0.666270384678946 0.676699809276163
0.702374919684372 0.702374919684372 0.693072064242104 0.61159140526082 0.576403213465332 0.650686939958759 0.686315462878564 0.6980586265282
0.820115146941241 0.820115146941241 0.810021302930204 0.722339824188287 0.699962589953406 0.791804122224274 0.813248719948994 0.819549131196458
0.778808425412694 0.778808425412694 0.777434365358198 0.76548063911471 0.762016082597282 0.774741006321991 0.778587970282385 0.779230945057499
0.773866133808909 0.773866133808909 0.773795565522798 0.77316565793386 0.772658275115069 0.77325616057756 0.774124152343735 0.774392785084113
0.707157265820209 0.707157265820209 0.707149174403616 0.707076571129639 0.70700937026089 0.707058582037193 0.707339962803252 0.707753116433132
0.822905857568497 0.822905857568497 0.822804675833449 0.821894237706297 0.82098730992833 0.820906032332044 0.821075558812661 0.822742079215578

# True Numbers-at-age
19.064198976722 41.1693267908855 6.52769301159513 29.3849093014072 8.35322860307189 102.110063292543 21.4969066475061 100.330326989999
92.3925516672916 11.680649896373 25.224479313339 3.99969902078118 18.0124928655575 5.12307548768691 62.6391165967554 74.7425685361021
441.034260298758 79.0125914608737 9.98909978786033 21.5717001693093 3.42069906125348 15.4060065268896 4.38212538684159 117.531980372726
148.352643053264 342.23080844696 61.3116609916581 7.75131619384451 16.7399600847461 2.65464183714458 11.9561110564171 94.6589300079703
307.099691632065 118.366251890174 273.055991747088 48.9189559032555 6.18476176656243 13.3572022419368 2.11820865742818 85.1059230116019
330.17923427823 225.90066276528 87.0694939774417 200.847755990717 35.9655553262626 4.54493079054508 9.81517262954781 64.1830387535129
279.680460510894 255.615394699397 174.8858834258 66.5614780541468 135.997020252583 21.2247312369462 2.64043770751951 52.1163841872101
290.151828842334 230.381958381765 210.55877523872 142.487439092659 49.0239205914906 96.5584023947269 16.4494589275725 44.4010654175136
140.079361802725 241.839000103377 192.0213382049 174.071811645276 109.353669267128 36.4983146792131 77.3574392396537 50.4406781893838
86.7262374224042 98.5601232284441 170.158411238342 133.5852594158 108.95084019006 64.2456380806236 23.5153339082736 88.451521287369
37.5944760382827 60.2642648307956 68.4873867992847 117.133466104622 84.3745913750444 66.4495000012404 42.4472782682706 77.3378785361362
168.255873400647 25.1616804932938 40.3343878311168 45.5045155218253 72.8192592897378 50.7291041294636 42.429789679889 79.7113584193217
272.337048553629 133.829835003006 20.0134680635933 32.0401464868357 35.7329982537767 56.7889827815451 39.9003819632421 97.0152335287004
115.903079018452 212.707272352203 104.527016482038 15.6235939517483 24.9001878394779 27.6577458114058 44.0317900546028 106.817501576395
20.9453819365511 75.2735309500262 138.143245065562 67.8751616675074 10.1316302668119 16.1265150007591 17.9139512929514 97.9514419796034
232.091556421366 15.6581412187282 56.2722408795519 103.092921735589 49.8631872179817 7.32644581609955 11.6486662308407 85.4127601764978
42.7575544823047 168.322440862681 11.3559346576309 40.4084043624103 67.4227405866004 29.672795420269 4.35614717090688 64.3986511947612
21.9597880279892 31.9960340380094 125.957871361236 8.48190539163251 29.6864346317958 49.1336998085308 21.8494054845192 51.1429608036744
25.9525751124536 17.5959864012141 25.6378512901861 100.910756793434 6.78499492166539 23.7170449152888 39.2886259593941 58.4702579703615
2.3367603477132 22.1979213387637 15.0503108196256 21.7587448701109 79.6241149494438 4.95639723936062 17.3806748916355 78.4481068838213
9.88493368684667 1.82576454570714 17.3437459294327 11.6669538200911 15.6920351846408 54.7647796299882 3.51377966752753 71.8081829659054
12.7291300908867 7.77879712461318 1.43675743796496 13.6483949802184 9.18123997955258 12.3503322805274 43.1115100762853 59.3068362733486
21.5463030242079 9.26817339814104 5.66379949494676 1.04613618420984 9.93963562398358 6.6877200113766 8.99708210868193 74.6272773690932
33.5446375200382 16.6829198053591 7.17618207493085 4.38535482452671 0.809959365091251 7.69526854001292 5.17768757774106 64.7768372875034
34.5777598941377 27.6724369511313 13.7624693723044 5.91981300460109 3.61685769632178 0.66788607679172 6.34532342663263 57.7176964510721
56.0126814143944 27.9989325427387 22.4074288750924 11.143721303321 4.79231331663136 2.92733503677861 0.540547115169464 51.8799119599969
23.0086891590115 45.926877622746 22.957364582218 18.3719440729165 9.133476787111 3.92639963390746 2.39831140367033 42.9792537894051
53.9769881416614 18.3831504421978 36.6939939448346 18.3420301603218 14.6776423124642 7.29648291592462 3.13667914455896 36.2648176925329
182.551592516146 38.8548197048918 13.2329353791453 26.4141877575345 13.2051679949398 10.5683525969218 5.25377175141623 28.3792980012652
90.3586035272158 139.445405368036 29.6799716155386 10.1083312728866 20.1791456556294 10.0890860767272 8.07458540698044 25.7023405330857
32.092085317119 69.9130878117842 107.892978530915 22.9640791693798 7.82049542758034 15.6108671341985 7.8050041314884 26.1372005634288
47.1911014554083 27.9962199593973 60.9901838748784 94.1204809306351 20.0283638020059 6.8192480976967 13.6119177501255 29.6021430694872
81.3779390745851 35.4292330968952 21.0184668758089 45.3436122812332 63.7887228906158 12.2603537769118 4.12649851481601 27.217765672872
92.8924973269725 60.0429075899954 26.1406739100578 15.4025171443755 31.2325854871448 42.5166682945609 8.46894328925272 22.0054418540211
34.5191103904484 76.2973000164378 49.3162727462053 21.4700247167078 12.6473145791738 25.6439278605854 34.9212955529368 25.0372411281248
81.2163909396116 27.5915053756182 60.9852727876557 39.4188671150487 17.1604747576196 10.1084152871224 20.4984362844846 47.9424985592433
48.2958866648261 63.505234993452 21.5745247040659 47.6827669786619 30.8018153208425 13.4010156135799 7.89364923313367 53.4976929072429
246.072914429523 36.0520713924177 47.4055954633427 16.0379881909504 34.1132049866857 21.1791330150756 9.17541509625887 43.7155089633847
101.287757352335 177.778577512601 26.046287879288 34.2388990599908 11.5538216670068 24.5262987002595 15.2334594374422 38.1222170813554
371.002341804014 77.8823254810025 136.697754983582 20.0251083763693 26.2949859228382 8.86388613744472 18.8197195660641 40.9828317541304
153.541753987214 280.034286702813 58.7859401554669 103.123527399622 15.0322065104542 19.6418022319368 6.61904962473575 44.8248389359075
766.051330874847 121.457709509079 221.51839590008 46.0294629794603 73.2960614038481 9.62734539299769 12.4758990882242 35.0921835214649
414.607913817989 621.340265187093 98.5137188511947 178.391231883366 34.7360732710086 53.5303575028622 7.32526971637806 36.9961204965912
45.9842616465441 324.304304031486 486.009348959745 76.1679418518445 123.708694939194 22.4070104467845 37.5469018156257 33.2980833282304
8.65869609816604 31.35558668567 221.135478824402 328.022377384917 46.7911800925502 73.2152345621437 14.4698839403419 47.5491953536748
20.2605059356545 6.08165097652076 22.0233776800038 153.262822785994 200.615666741836 26.970586567181 47.6401969356041 43.1230310954222
48.6672280980606 16.6159478025232 4.98765408425466 17.8394050832807 110.707840465836 140.423461677845 21.3554216227005 74.0847718448091
50.9534233850182 37.902447284251 12.9406401448226 3.87757368761875 13.6557192045759 84.361154904581 108.791814011511 74.3562211547427
136.658036034815 39.4311287592924 29.3314203417593 10.01340995909 2.99800681137478 10.5512044460633 65.2327827434051 141.79929199195
401.119173170636 96.6387231147397 27.8840092016259 20.7416896787605 7.08024757918874 2.11961890774794 7.46031965441806 146.500644934587

# Simulated data from SIR age-structured hybrid model
# random seed = 9018095
# Flag=0 if no issues, =1 if negative pop #'s, =2 if NaN, or=3 if NA. Flag:
0

# True SSB
29060.2662453112
29238.9795645972
37048.7090909855
85307.9705594337
100404.437861046
79081.2019631144
68218.1102781274
60880.9590682161
56096.805192089
49477.3859544903
40502.7003531347
37356.4459940847
50231.0772247492
88723.3688449773
111426.474195887
96156.2976005328
116911.483899751
126789.945784294
135868.701416463
144637.742980344
131672.424457336
110063.786951108
88566.1086611926
72216.391439338
62070.6487232188
54695.5780098072
47824.6127868118
39986.8493851669
32909.8459257585
27138.0267851425
25279.5054403692
27077.6620019595
27907.7538235593
26318.3461996419
20034.2165187076
20450.529126978
20736.6480629782
18982.6395767861
17909.1545523738
19716.5054516382
27344.540523494
33103.0980692514
37053.602112209
38043.9003088697
35503.1617970345
30299.3352619018
38682.5243821834
60016.2912837039
66277.3763986137
53005.6305437902

# True R (numbers)
1792.41117432518
87.8925909391228
92.0772216527224
60.5978798489569
153.499766737787
133.247729895167
42.1479432439654
16.6093796421057
118.677859369813
441.502392699256
1415.33958237953
329.065018753395
183.976566196042
1104.77307697782
712.031139240256
800.539863538572
579.243851965769
169.774503870333
21.2829801037354
35.3836765346456
42.8730387507264
141.447239997442
126.596221751015
39.6964063247554
28.2129710259125
18.1762730198768
22.3620732150882
109.635629636802
132.449823975317
123.011743054953
10.4464429544253
41.0507398317949
116.970441305013
41.2620205310549
36.3014762960919
48.1629453480023
110.785260428189
274.398393106601
208.824323082503
230.283037865069
121.239262529088
53.4691494359805
60.4349908803043
357.646179136479
762.939561934176
130.889588526109
110.603923389026
110.110070872423
349.277458459162
76.6475659911752

# True infection rate given (selected) susceptible
-999 -999 0.00901784720766986 0.00901784720766981 0.00901784720767013 0.00901784720766917 0.00901784720766972 0.00901784720766986
-999 -999 0.132023189696769 0.132023189696769 0.132023189696769 0.132023189696771 0.132023189696771 0.13202318969677
-999 -999 0.375964653758774 0.375964653758774 0.375964653758775 0.375964653758775 0.375964653758774 0.375964653758774
-999 -999 0.959484155654233 0.959484155654233 0.959484155654232 0.959484155654232 0.959484155654233 0.959484155654232
-999 -999 0.930012728906515 0.930012728906515 0.930012728906515 0.930012728906516 0.930012728906515 0.930012728906515
-999 -999 0.00252369693482015 0.00252369693482003 0.00252369693482047 0.00252369693482028 0.00252369693481992 0.00252369693482081
-999 -999 0.00262411581699055 0.0026241158169904 0.00262411581699037 0.00262411581699146 0.00262411581699026 0.00262411581699069
-999 -999 0.0019383450642615 0.00193834506426056 0.00193834506426029 0.00193834506426137 0.00193834506426075 0.00193834506426071
-999 -999 0.00857674176784099 0.00857674176784167 0.00857674176784192 0.00857674176784063 0.00857674176784133 0.00857674176784219
-999 -999 0.175640230052924 0.175640230052924 0.175640230052925 0.175640230052923 0.175640230052924 0.175640230052924
-999 -999 0.00663889117344829 0.00663889117344842 0.00663889117344819 0.00663889117344833 0.00663889117344803 0.00663889117344795
-999 -999 0.00699403758347781 0.00699403758347711 0.006994037583477 0.00699403758347739 0.00699403758347746 0.00699403758347706
-999 -999 0.691390678146332 0.691390678146332 0.691390678146332 0.691390678146332 0.691390678146332 0.691390678146332
-999 -999 0.896425498764598 0.896425498764598 0.896425498764598 0.896425498764598 0.896425498764598 0.896425498764598
-999 -999 0.909530164193653 0.909530164193653 0.909530164193653 0.909530164193653 0.909530164193653 0.909530164193652
-999 -999 0.00382833952771686 0.00382833952771774 0.00382833952771712 0.00382833952771615 0.00382833952771708 0.00382833952771675
-999 -999 0.888445504315464 0.888445504315463 0.888445504315464 0.888445504315464 0.888445504315463 0.888445504315463
-999 -999 0.798055237840735 0.798055237840735 0.798055237840735 0.798055237840735 0.798055237840735 0.798055237840735
-999 -999 0.661696097356309 0.661696097356308 0.661696097356309 0.661696097356308 0.661696097356309 0.661696097356308
-999 -999 0.640549893395625 0.640549893395625 0.640549893395625 0.640549893395625 0.640549893395625 0.640549893395625
-999 -999 0.239280576803447 0.239280576803447 0.239280576803447 0.239280576803447 0.239280576803447 0.239280576803447
-999 -999 0.0814513007675415 0.0814513007675417 0.0814513007675416 0.0814513007675422 0.0814513007675415 0.0814513007675419
-999 -999 0.0051315093496941 0.00513150934969307 0.00513150934969335 0.00513150934969325 0.0051315093496931 0.00513150934969301
-999 -999 0.0271222924342287 0.0271222924342283 0.0271222924342283 0.0271222924342275 0.0271222924342279 0.0271222924342275
-999 -999 0.206311965516398 0.206311965516398 0.206311965516398 0.206311965516398 0.206311965516398 0.206311965516398
-999 -999 0.0364103141335068 0.0364103141335073 0.0364103141335076 0.0364103141335064 0.0364103141335069 0.0364103141335075
-999 -999 0.0112507734577315 0.0112507734577314 0.0112507734577324 0.0112507734577321 0.0112507734577316 0.0112507734577324
-999 -999 0.00539529869954152 0.00539529869954154 0.00539529869954085 0.00539529869954122 0.00539529869954231 0.0053952986995428
-999 -999 0.0852242144158644 0.0852242144158643 0.0852242144158636 0.0852242144158639 0.0852242144158641 0.0852242144158643
-999 -999 0.0648416064088335 0.0648416064088337 0.0648416064088337 0.0648416064088335 0.0648416064088334 0.0648416064088326
-999 -999 0.0143251518681184 0.0143251518681177 0.0143251518681187 0.0143251518681186 0.014325151868118 0.0143251518681188
-999 -999 0.277650889060774 0.277650889060774 0.277650889060774 0.277650889060774 0.277650889060775 0.277650889060774
-999 -999 0.00765477187853411 0.00765477187853453 0.00765477187853343 0.00765477187853408 0.00765477187853434 0.00765477187853388
-999 -999 0.440905399235845 0.440905399235845 0.440905399235845 0.440905399235845 0.440905399235845 0.440905399235845
-999 -999 0.00207107335615577 0.00207107335615653 0.00207107335615634 0.00207107335615547 0.00207107335615585 0.0020710733561558
-999 -999 0.00330227213862684 0.00330227213862719 0.00330227213862773 0.00330227213862829 0.00330227213862742 0.00330227213862648
-999 -999 0.0499956038269469 0.0499956038269475 0.0499956038269468 0.049995603826946 0.0499956038269468 0.0499956038269471
-999 -999 0.00319926676033488 0.00319926676033496 0.00319926676033476 0.00319926676033433 0.00319926676033593 0.00319926676033423
-999 -999 0.00191511845871495 0.00191511845871501 0.00191511845871451 0.00191511845871444 0.00191511845871521 0.00191511845871394
-999 -999 0.0134669029857234 0.0134669029857243 0.0134669029857235 0.0134669029857239 0.0134669029857233 0.013466902985724
-999 -999 0.547559691917706 0.547559691917706 0.547559691917706 0.547559691917705 0.547559691917705 0.547559691917705
-999 -999 0.554200857744169 0.554200857744169 0.554200857744169 0.554200857744169 0.554200857744169 0.554200857744169
-999 -999 0.321335446332268 0.321335446332267 0.321335446332267 0.321335446332268 0.321335446332268 0.321335446332268
-999 -999 0.122762078905236 0.122762078905236 0.122762078905236 0.122762078905236 0.122762078905236 0.122762078905235
-999 -999 0.417095021807323 0.417095021807324 0.417095021807323 0.417095021807324 0.417095021807323 0.417095021807324
-999 -999 0.00229687786759296 0.00229687786759313 0.0022968778675931 0.00229687786759315 0.00229687786759274 0.00229687786759295
-999 -999 0.516125020295714 0.516125020295713 0.516125020295713 0.516125020295714 0.516125020295713 0.516125020295713
-999 -999 0.796197845166922 0.796197845166922 0.796197845166922 0.796197845166922 0.796197845166922 0.796197845166922
-999 -999 0.829657033527495 0.829657033527495 0.829657033527495 0.829657033527495 0.829657033527495 0.829657033527495
-999 -999 0.00155575626420169 0.00155575626420172 0.00155575626420071 0.00155575626420117 0.00155575626420161 0.00155575626420146

# Duration of outbreak (days) based on incidence
0
0
0
3
0
0
0
0
0
0
0
0
0
3
0
0
0
0
0
0
0
0
0
0
0
0
0
0
0
0
0
0
0
0
0
0
0
0
0
0
0
0
0
0
0
0
0
0
0
0

# Duration of outbreak (days) based on prevalence
0
0
0
21
18
0
0
0
0
0
0
0
16
12
22
0
20
11
0
0
0
0
0
0
0
0
0
0
0
0
0
0
0
0
0
0
0
0
0
0
7
0
0
0
0
0
0
12
19
0

# Peak (point) prevalence
0.000393044110625319
0.0109994903177053
0.0410325546086454
0.59905039275181
0.298020689167931
1.8328407681156e-05
5.60149460305043e-05
2.54331191202152e-05
0.000278350055799702
0.0155802918643978
0.000229196702225594
0.000185546133896623
0.158994365095693
0.357756119738961
0.25103986794609
5.1428359297809e-05
0.260489967497376
0.15795199147667
0.0796100561243892
0.0669744898820019
0.00696662464840699
0.0041624869971585
6.25412772632478e-05
0.000644036868106665
0.00990870074171707
0.00157250204607446
0.000295205934327401
0.000122599973876265
0.00636215593872833
0.00340028401610257
0.000522792975211911
0.0273866650539141
0.000304920694135448
0.0674939459367832
9.93115606065921e-05
0.000137287438658035
0.00490260559874258
0.00013721518553811
7.8053246843523e-05
0.0010651995910995
0.105985701488361
0.0861769548630595
0.0267090093934521
0.00837685123026497
0.0561101497128415
0.000100152881966059
0.071224606678229
0.232050738509495
0.180214597578973
1.6027036699242e-05

# Day of peak prevalence
100
110
70
12
15
36
79
34
108
117
91
60
37
15
20
51
23
23
31
34
83
119
42
93
98
119
78
52
119
117
94
97
101
95
87
82
119
83
64
119
58
58
91
114
98
86
59
23
30
31

# Total immunity
0.0270574701664767
0.02611643457895
0.0320979947268103
0.0745338006815907
0.340957778745987
0.533963326167199
0.500688580196523
0.485631370513389
0.378813853826545
0.18523757823764
0.0669498596402615
0.0558731385182151
0.0501993459173745
0.0703305629266501
0.156285935935819
0.172517140689331
0.134968914680172
0.205689992838301
0.326465603214503
0.464503596286574
0.614827857540705
0.564857235284664
0.488782422454941
0.46056447059309
0.441057048523904
0.46387793520517
0.444146096035862
0.321641590572071
0.224634260641108
0.177302916086769
0.181094001920798
0.16101524383237
0.170137677983925
0.150508529056535
0.224789646767381
0.183207301380831
0.118644955884503
0.0613826330906955
0.0406824237006275
0.0275555081441413
0.0240721807759442
0.117368768571216
0.215407833981066
0.145531920236111
0.0694705878941518
0.087387601339468
0.0778289794372729
0.133346539711048
0.233834926571672
0.328306128050626

# Observed immunity (based on survey selectivity)
0.327322929465182
0.253710010219384
0.188667727065184
0.137059719576206
0.479169509109662
0.86552681032241
0.798866395186027
0.697321040998113
0.585956749420887
0.523905762505166
0.563488249501087
0.464976963396265
0.251944273424955
0.256110254183793
0.517650999621243
0.737559820158348
0.463621938152113
0.507609387569231
0.568644233971939
0.605135120062285
0.70879518904098
0.734944003982914
0.735788938984225
0.704178312727026
0.63391490411571
0.593569369592377
0.541411278267974
0.513176703630564
0.490316067637805
0.494161714698563
0.419556872741314
0.303291005156234
0.344408210233703
0.297478342530054
0.486477185743175
0.364542352177004
0.282944014419806
0.2671874013594
0.221066899179209
0.152171367980623
0.0879783745202653
0.286310337299063
0.410262146328026
0.42112257170323
0.409354621890402
0.51922181481203
0.300109500559495
0.270699075000573
0.515466135576898
0.756734925361384

# True total proportion of susceptible
1 1 1 0.999577191545841 0.99553814213369 0.971071660494988 0.792600266067221 0.407918135283034
1 1 1 0.99965860635675 0.996160998433318 0.989058014885924 0.96435528726148 0.5034038484673
1 1 1 0.994790129595875 0.946725235929435 0.894173342821151 0.882038144627072 0.508597861663155
1 1 1 0.983282508706961 0.823740449207919 0.626831414482364 0.573252454268015 0.338039454996703
1 1 1 0.967583696437144 0.606303029298664 0.0916716001020917 0.0271900121730571 0.0154718569543007
1 1 1 0.966851096432186 0.595922260134016 0.0794172681081301 0.00590291806928583 0.00113205112349151
1 1 1 0.999890621257892 0.96577566712437 0.594575349029461 0.0792114653260089 0.00266527389209181
1 1 1 0.999914286266338 0.999033353676623 0.964169128712306 0.593309412325906 0.0638667489091843
1 1 1 0.999919872874201 0.999113133388147 0.997512363215428 0.96261004043832 0.0942152403554708
1 1 1 0.999714883138336 0.99706541292584 0.993685142514986 0.991801872993831 0.16458220978482
1 1 1 0.993262054122133 0.930740514887459 0.863048771326928 0.85255276173544 0.180363974554213
1 1 1 0.99976857198223 0.990951629675428 0.926497980253168 0.858774459669878 0.293394210765015
1 1 1 0.999701940543595 0.996787554294441 0.985324762441461 0.920880709828014 0.381480642972691
1 1 1 0.973959054127621 0.714519490834002 0.399324176734177 0.355340844754475 0.131926235813555
1 1 1 0.962900166453729 0.58143454010769 0.114143056264064 0.0412420718790939 0.0136247962017032
1 1 1 0.971851674162399 0.631802048672736 0.0922645239338042 0.00959760379685244 0.0015491923278856
1 1 1 0.999847008600761 0.970342561295911 0.629751642342344 0.0919043131632555 0.00546654347104019
1 1 1 0.975811106182492 0.698888299322114 0.231400730158593 0.0857615673286887 0.00635325930539483
1 1 1 0.971791835200451 0.662545751796605 0.194277199010948 0.046934644576602 0.00338105745691087
1 1 1 0.971003933111246 0.676074135159233 0.253602724113056 0.0644646875488061 0.00234544463135163
1 1 1 0.974721522019216 0.705647155300574 0.283735738114012 0.0912326042997975 0.0102423730772663
1 1 1 0.990065704121957 0.874879857561516 0.556849915800871 0.215531787079404 0.0261582552297439
1 1 1 0.997109847649337 0.960941569601686 0.822693084543697 0.51699162534477 0.0798254825384409
1 1 1 0.999771990966571 0.994834124471732 0.956748971015925 0.818826703228041 0.183303296349969
1 1 1 0.999093018608163 0.990663580091135 0.977490763539838 0.93881161242794 0.233270307371226
1 1 1 0.993803228917572 0.934392360395951 0.862398850107053 0.842429191670306 0.19495091703836
1 1 1 0.998788024659185 0.981639579965694 0.911793969405115 0.839565121591302 0.205785248200421
1 1 1 0.999497627988534 0.993766590976086 0.972231083986006 0.902486225415777 0.229994651404722
1 1 1 0.999792390919779 0.997421299868029 0.989834945799861 0.968151459138267 0.334839120963344
1 1 1 0.996527441351237 0.964752200969236 0.930341133793119 0.91954011055043 0.400766769452213
1 1 1 0.997725368813803 0.973588427331339 0.921469898480318 0.885639562257694 0.406719762602624
1 1 1 0.999429220733364 0.992018187368932 0.962913728617661 0.910662265083 0.425839683005335
1 1 1 0.98872567954802 0.883112448356451 0.764978122833119 0.728500638655477 0.324927211400476
1 1 1 0.999667820628925 0.985428732919505 0.877395755203982 0.759643395967371 0.346773686672363
1 1 1 0.987293399337827 0.858829311178308 0.687041067684334 0.576905703365544 0.273568492215191
1 1 1 0.999937620725876 0.986667425636525 0.857701582518021 0.685986873557541 0.360175115215821
1 1 1 0.999887934018821 0.998816705267318 0.984549973538071 0.855630429801104 0.443133080054836
1 1 1 0.998028564892463 0.980058698965865 0.960944648602427 0.945040926985731 0.434301613773644
1 1 1 0.999878255147251 0.99681181999331 0.977773606695403 0.958570116186941 0.50717109886968
1 1 1 0.99992941581953 0.999172452534771 0.995473229874808 0.976380657883124 0.664168143853342
1 1 1 0.999411143218131 0.994036448745926 0.987973613398374 0.983718644198277 0.698308534469156
1 1 1 0.979627335474653 0.779405612036565 0.541440931173297 0.509248221354381 0.361997638524863
1 1 1 0.978913656159964 0.755953467855065 0.39998018066897 0.25135542102596 0.175762977447872
1 1 1 0.989022985264371 0.864029091597678 0.560925284846092 0.277556313998867 0.136538876185753
1 1 1 0.99518768298504 0.940508093371822 0.778962783237445 0.4973610075688 0.184869633706417
1 1 1 0.986080056206194 0.845028877554424 0.6406047036246 0.49919950449795 0.173714969221054
1 1 1 0.999924936129773 0.985328927504613 0.843707240906676 0.639436060193387 0.283113303381097
1 1 1 0.980312664623452 0.789217070231988 0.559676264398461 0.446120264535973 0.172215569665763
1 1 1 0.969938781171558 0.652617678896775 0.218984086233893 0.122548062044776 0.0402440056752679
1 1 1 0.975956025144976 0.683948897186839 0.16774115424438 0.0370533064900067 0.00800666536932742

# True vulnerable proportion of susceptible
0 0 0.05 0.499788595772921 0.945761235027005 0.971071660494988 0.792600266067221 0.407918135283034
0 0 0.05 0.499829303178375 0.946352948511652 0.989058014885924 0.96435528726148 0.5034038484673
0 0 0.05 0.497395064797937 0.899388974132963 0.894173342821151 0.882038144627072 0.508597861663155
0 0 0.05 0.49164125435348 0.782553426747523 0.626831414482364 0.573252454268015 0.338039454996703
0 0 0.05 0.483791848218572 0.575987877833731 0.0916716001020917 0.0271900121730571 0.0154718569543007
0 0 0.05 0.483425548216093 0.566126147127315 0.0794172681081301 0.00590291806928583 0.00113205112349151
0 0 0.05 0.499945310628946 0.917486883768151 0.594575349029461 0.0792114653260089 0.00266527389209181
0 0 0.05 0.499957143133169 0.949081685992792 0.964169128712306 0.593309412325906 0.0638667489091843
0 0 0.05 0.499959936437101 0.949157476718739 0.997512363215428 0.96261004043832 0.0942152403554708
0 0 0.05 0.499857441569168 0.947212142279548 0.993685142514986 0.991801872993831 0.16458220978482
0 0 0.05 0.496631027061066 0.884203489143086 0.863048771326928 0.85255276173544 0.180363974554213
0 0 0.05 0.499884285991115 0.941404048191657 0.926497980253168 0.858774459669878 0.293394210765015
0 0 0.05 0.499850970271798 0.946948176579719 0.985324762441461 0.920880709828014 0.381480642972691
0 0 0.05 0.48697952706381 0.678793516292302 0.399324176734177 0.355340844754475 0.131926235813555
0 0 0.05 0.481450083226865 0.552362813102305 0.114143056264064 0.0412420718790939 0.0136247962017032
0 0 0.05 0.4859258370812 0.600211946239099 0.0922645239338042 0.00959760379685244 0.0015491923278856
0 0 0.05 0.499923504300381 0.921825433231116 0.629751642342344 0.0919043131632555 0.00546654347104019
0 0 0.05 0.487905553091246 0.663943884356009 0.231400730158593 0.0857615673286887 0.00635325930539483
0 0 0.05 0.485895917600226 0.629418464206775 0.194277199010948 0.046934644576602 0.00338105745691087
0 0 0.05 0.485501966555623 0.642270428401271 0.253602724113056 0.0644646875488061 0.00234544463135163
0 0 0.05 0.487360761009608 0.670364797535545 0.283735738114012 0.0912326042997975 0.0102423730772663
0 0 0.05 0.495032852060979 0.831135864683441 0.556849915800871 0.215531787079404 0.0261582552297439
0 0 0.05 0.498554923824668 0.912894491121601 0.822693084543697 0.51699162534477 0.0798254825384409
0 0 0.05 0.499885995483285 0.945092418248145 0.956748971015925 0.818826703228041 0.183303296349969
0 0 0.05 0.499546509304082 0.941130401086578 0.977490763539838 0.93881161242794 0.233270307371226
0 0 0.05 0.496901614458786 0.887672742376153 0.862398850107053 0.842429191670306 0.19495091703836
0 0 0.05 0.499394012329593 0.93255760096741 0.911793969405115 0.839565121591302 0.205785248200421
0 0 0.05 0.499748813994267 0.944078261427281 0.972231083986006 0.902486225415777 0.229994651404722
0 0 0.05 0.49989619545989 0.947550234874627 0.989834945799861 0.968151459138267 0.334839120963344
0 0 0.05 0.498263720675619 0.916514590920774 0.930341133793119 0.91954011055043 0.400766769452213
0 0 0.05 0.498862684406901 0.924909005964772 0.921469898480318 0.885639562257694 0.406719762602624
0 0 0.05 0.499714610366682 0.942417278000485 0.962913728617661 0.910662265083 0.425839683005335
0 0 0.05 0.49436283977401 0.838956825938629 0.764978122833119 0.728500638655477 0.324927211400476
0 0 0.05 0.499833910314462 0.93615729627353 0.877395755203982 0.759643395967371 0.346773686672363
0 0 0.05 0.493646699668914 0.815887845619392 0.687041067684334 0.576905703365544 0.273568492215191
0 0 0.05 0.499968810362938 0.937334054354698 0.857701582518021 0.685986873557541 0.360175115215821
0 0 0.05 0.499943967009411 0.948875870003952 0.984549973538071 0.855630429801104 0.443133080054836
0 0 0.05 0.499014282446231 0.931055764017571 0.960944648602427 0.945040926985731 0.434301613773644
0 0 0.05 0.499939127573626 0.946971228993644 0.977773606695403 0.958570116186941 0.50717109886968
0 0 0.05 0.499964707909765 0.949213829908032 0.995473229874808 0.976380657883124 0.664168143853342
0 0 0.05 0.499705571609065 0.94433462630863 0.987973613398374 0.983718644198277 0.698308534469156
0 0 0.05 0.489813667737327 0.740435331434737 0.541440931173297 0.509248221354381 0.361997638524863
0 0 0.05 0.489456828079982 0.718155794462312 0.39998018066897 0.25135542102596 0.175762977447872
0 0 0.05 0.494511492632186 0.820827637017794 0.560925284846092 0.277556313998867 0.136538876185753
0 0 0.05 0.49759384149252 0.893482688703231 0.778962783237445 0.4973610075688 0.184869633706417
0 0 0.05 0.493040028103097 0.802777433676703 0.6406047036246 0.49919950449795 0.173714969221054
0 0 0.05 0.499962468064886 0.936062481129382 0.843707240906676 0.639436060193387 0.283113303381097
0 0 0.05 0.490156332311726 0.749756216720389 0.559676264398461 0.446120264535973 0.172215569665763
0 0 0.05 0.484969390585779 0.619986794951936 0.218984086233893 0.122548062044776 0.0402440056752679
0 0 0.05 0.487978012572488 0.649751452327497 0.16774115424438 0.0370533064900067 0.00800666536932742

# True survival by age
0.778267540515681 0.778267540515681 0.778191596800953 0.777508649924313 0.776833427339509 0.77680803055408 0.777174274709876 0.777963687392456
0.778267540515681 0.778267540515681 0.77688713526565 0.764468382676772 0.752142576064547 0.750967357721129 0.751662525764798 0.764634320410493
0.778267540515681 0.778267540515681 0.775941828995298 0.755134369992648 0.736461562918103 0.73673218690045 0.737303117309392 0.754872538925573
0.778267540515681 0.778267540515681 0.765510706217844 0.652840734678109 0.578703441724574 0.618538840141339 0.632237369069114 0.692374259778008
0.778267540515681 0.778267540515681 0.767229076809432 0.671478451109446 0.651317050800379 0.758513627260662 0.772783564948925 0.77537682218969
0.778267540515681 0.778267540515681 0.778277062247918 0.778377277894276 0.778590821994108 0.778773558203625 0.778798759504388 0.77880039499532
0.778267540515681 0.778267540515681 0.778254364312255 0.77813585121879 0.778044010509994 0.778327045277702 0.778737670019573 0.778798659470119
0.778267540515681 0.778267540515681 0.778277996515608 0.77837213725894 0.77846652793344 0.778488274107861 0.778608478107487 0.778780082417427
0.778267540515681 0.778267540515681 0.778165748437864 0.777249744027773 0.77633567919609 0.776238089907487 0.776327756910407 0.77855873619429
0.778267540515681 0.778267540515681 0.776257938185123 0.758177398961648 0.740198710789247 0.738332668301658 0.738409364997485 0.772098124986192
0.778267540515681 0.778267540515681 0.778203884797081 0.777638865377028 0.777178780450728 0.777241808944353 0.777260768483992 0.778474981356454
0.778267540515681 0.778267540515681 0.778242035720637 0.778012674997755 0.777792159145753 0.777834132098649 0.777904790652089 0.778494673608368
0.778267540515681 0.778267540515681 0.770810669089249 0.703721211099791 0.637043837523465 0.63132656464076 0.64097194924281 0.721704319231989
0.778267540515681 0.778267540515681 0.771736739343519 0.714674097332868 0.689758461034845 0.726429710397075 0.732198092102402 0.761498754078448
0.778267540515681 0.778267540515681 0.763996392081462 0.640870411697783 0.620833703524734 0.746160867162763 0.767007356453163 0.774904687970643
0.778267540515681 0.778267540515681 0.778257907573761 0.778188932493569 0.778348243195901 0.778733808124849 0.778793816157423 0.778799658510532
0.778267540515681 0.778267540515681 0.761653571778626 0.612153352669894 0.471979776549611 0.569211490736473 0.748213868066671 0.776981448431237
0.778267540515681 0.778267540515681 0.768468208443158 0.68265746836786 0.648303974082004 0.73332593842169 0.761946929807778 0.777552241289644
0.778267540515681 0.778267540515681 0.774486800694557 0.741541661417717 0.730854136445888 0.76400695534854 0.775226801926753 0.778543322176384
0.778267540515681 0.778267540515681 0.772343457914569 0.720759927394939 0.702343010169699 0.748618281596402 0.771128525078778 0.778521640225862
0.778267540515681 0.778267540515681 0.776191595489014 0.758046337115678 0.750591692628948 0.766869087212753 0.774964256540999 0.778370069333183
0.778267540515681 0.778267540515681 0.777173921481671 0.767445290915519 0.76015533987088 0.76632421365901 0.773971659054735 0.778214691060215
0.778267540515681 0.778267540515681 0.778263546952568 0.778229261456843 0.778215454097628 0.778296378573325 0.778483808362131 0.778751840965031
0.778267540515681 0.778267540515681 0.777893435443662 0.774527464372972 0.771199017836489 0.771132110950799 0.772237605371841 0.777331544095537
0.778267540515681 0.778267540515681 0.774611266909458 0.74173844981577 0.709451914181957 0.70680006981731 0.709649126373133 0.761618392057386
0.778267540515681 0.778267540515681 0.777743140140225 0.773059337034 0.768992606913429 0.769296069688755 0.769516160288094 0.776652180264354
0.778267540515681 0.778267540515681 0.778227064651746 0.777863918710656 0.777522409581631 0.77757646275203 0.77767344874776 0.778524462905604
0.778267540515681 0.778267540515681 0.778236770801541 0.77796026583885 0.777689884070046 0.777684042632786 0.777764154146635 0.778536602742135
0.778267540515681 0.778267540515681 0.777479500384666 0.770388885954398 0.763334763363657 0.762672367747739 0.763025679458977 0.773344899307727
0.778267540515681 0.778267540515681 0.777395950028279 0.769583753848559 0.762309828161882 0.762087155942463 0.762281196889953 0.771600987096581
0.778267540515681 0.778267540515681 0.778153594069768 0.777131880848096 0.776173822409745 0.776209451708771 0.776310212758199 0.777657017357109
0.778267540515681 0.778267540515681 0.775585468846539 0.751462436897059 0.727719183121146 0.726635243866748 0.729465949971053 0.755731056242807
0.778267540515681 0.778267540515681 0.778239946424005 0.778000722592696 0.777866864901111 0.777970686653083 0.778010269260821 0.778448196629583
0.778267540515681 0.778267540515681 0.769895580558917 0.694575928004156 0.621525882582706 0.631422475740483 0.651201627036331 0.72055236020686
0.778267540515681 0.778267540515681 0.778258528025327 0.778185336493517 0.778195755107819 0.778310584516687 0.778389165258002 0.778605594041506
0.778267540515681 0.778267540515681 0.778246988703519 0.778062068477416 0.777889371743347 0.777990873651194 0.778153020210336 0.77846067734619
0.778267540515681 0.778267540515681 0.777760683401213 0.773199597143751 0.768649281789621 0.768295255954541 0.769670877100265 0.774072382569632
0.778267540515681 0.778267540515681 0.778258638921618 0.7781797513173 0.77811241645679 0.778117287707505 0.778128599618143 0.778491875435588
0.778267540515681 0.778267540515681 0.778271304602814 0.778305241723962 0.7783405302333 0.778353001075486 0.778361795521613 0.7785685185826
0.778267540515681 0.778267540515681 0.778198511027984 0.777577332001104 0.77695750691135 0.776895614240678 0.77693215422183 0.777529676618655
0.778267540515681 0.778267540515681 0.77188962669985 0.714526273138918 0.657813023336975 0.652249742325421 0.652794767793016 0.689353382249737
0.778267540515681 0.778267540515681 0.77217598397895 0.71860385109767 0.688177097166341 0.712547702854644 0.716486943616153 0.734505168900724
0.778267540515681 0.778267540515681 0.773550172945494 0.732099829295742 0.710641579409434 0.74085042595752 0.754952031429529 0.762124287375065
0.778267540515681 0.778267540515681 0.776953771553632 0.765279916919137 0.756772488536258 0.763763149253754 0.771359880822117 0.77514036397919
0.778267540515681 0.778267540515681 0.771821478964892 0.714119696056822 0.663110376013114 0.677960566035613 0.714415175661594 0.754868581960582
0.778267540515681 0.778267540515681 0.778259206208781 0.778192780283927 0.778216365842994 0.77835240545801 0.778451379014318 0.778679194979916
0.778267540515681 0.778267540515681 0.77262678746582 0.721864284211873 0.672673417850059 0.683167998619303 0.706321790417909 0.746710370419886
0.778267540515681 0.778267540515681 0.770013297564736 0.697360649623807 0.654606539608019 0.68610826266535 0.704915191784983 0.750278767361764
0.778267540515681 0.778267540515681 0.763768858543127 0.63765523122631 0.598672952208579 0.715184398970487 0.743199727670797 0.767109622463215
0.778267540515681 0.778267540515681 0.778279129514091 0.77839346531452 0.778586671784444 0.77875021538901 0.77878961288575 0.778798369361341

# True Numbers-at-age
1792.41117432518 142.654927820343 60.6094173692906 47.2958343350587 12.9629585843498 23.4505898181144 30.8829925179109 88.3805444069366
87.8925909391228 1394.97543623488 111.02369981718 47.1657392837837 36.7729203008955 10.0700595455406 18.216606491941 92.758321531551
92.0772216527224 68.4039505797419 1085.66410183831 86.2528840975628 36.0567164280284 27.6584790045318 7.56228600900903 84.6189365932913
60.5978798489569 71.6607128331815 53.2365743792519 842.412188854953 65.1325172930619 26.5543857342806 20.3768917233489 69.4522085557874
153.499766737787 47.1613629105124 55.7712067282806 40.7531676496799 549.960992273862 37.6924119256803 16.4249189527477 60.9699539017374
133.247729895167 119.463885928748 36.704157919732 42.7892914506867 27.3648738912106 358.198971543062 28.5902080899508 59.9675965276826
42.1479432439654 103.702383024809 92.9748646822127 28.5660041980526 33.3062122024103 21.3060396567228 278.955887613469 68.9688064571052
16.6093796421057 32.8023761262755 80.7081985823334 72.3580942102734 22.2282319925712 25.9136989168602 16.5830668925866 270.946271972402
118.677859369813 12.9265410435528 25.5290245908667 62.8134150950423 56.3215244384342 17.3039345813559 20.1735107455373 223.919276492953
441.502392699256 92.3631257254103 10.0603073053409 19.8658125276404 48.8217108041319 43.724408928271 13.4319731273158 189.995565261985
1415.33958237953 343.606981297838 71.8832226926557 7.80939340635264 15.0618100704661 36.1377673957439 32.2831595139232 156.613514442074
329.065018753395 1101.51285577301 267.418160238686 55.9398031511583 6.07288782779891 11.7057191819453 28.0877837018782 147.012136108346
183.976566196042 256.100622814951 857.271701108863 208.116053412822 43.5218758884805 4.72344453583367 9.10510792047897 136.297786416626
1104.77307697782 143.182989685914 199.314801842726 660.794173523001 146.45568115698 27.7253428322176 2.98203601207904 104.202819930494
712.031139240256 859.809025447472 111.434673226538 153.818555277005 472.25247948537 101.019045244648 20.1405127642675 81.533758627157
800.539863538572 554.150723507092 669.161455548188 85.135688297852 98.5777608471322 293.19025583764 75.3764583997012 78.6288132409828
579.243851965769 623.034190680923 431.27752065885 520.780194223945 66.2516503936107 76.7278269735511 228.317164433545 119.9388125867
169.774503870333 450.806688028228 484.88728723842 328.484064037643 318.797341898267 31.2694391488194 43.6743607725852 264.020301073574
21.2829801037354 132.129985569434 350.848212339749 372.620464920971 224.242099555123 206.677583679426 22.9306908077279 238.567121947712
35.3836765346456 16.5638525801783 102.832478897496 271.727309504416 276.313598635739 163.888266025172 157.903111445711 203.511325784076
42.8730387507264 27.537966911021 12.8911088090397 79.4219923376189 195.850155869625 194.066924616647 122.689752085579 280.20156458844
141.447239997442 33.3666944229613 21.4319057786425 10.005970314111 60.2055503779615 147.003499995825 148.823925338954 313.18068376617
126.596221751015 110.083795585541 25.9682152036964 16.6563182588133 7.67903479860498 45.7655706096727 112.652341539423 358.907309464746
39.6964063247554 98.5257301407405 85.6746448409897 20.2101152724564 12.9624342571464 5.97594355282787 35.61917786885 367.197751843998
28.2129710259125 30.8944245176785 76.6793776741458 66.6457438057731 15.6532893366611 9.99661656788137 4.60824196681497 312.940864052059
18.1762730198768 21.9572395709771 24.044127785021 59.3967098859989 49.4337106973131 11.1052560831382 7.06560928811543 241.611752574245
22.3620732150882 14.146003298921 17.0886068374179 18.7001554454551 45.9171811664711 38.014158058531 8.54322985764538 193.085394943765
109.635629636802 17.4036757219383 11.009375195578 13.2988163380715 14.5461761953001 35.7016373417509 29.5589145576491 156.965546420351
132.449823975317 85.325851830322 13.5447159000454 8.56790060074917 10.3459506937082 11.3124140789854 27.7645936565425 145.193287436086
123.011743054953 103.081398747005 66.4063408463901 10.5307389508195 6.60061539877917 7.89742382455379 8.62766563056266 133.469586192103
10.4464429544253 95.7360467219249 80.2249066757477 51.6240204301811 8.10428561257093 5.03171399040602 6.01852526172645 109.561971736431
41.0507398317949 8.13012746527794 74.5082576209668 62.4272994636448 40.1186720938472 6.29033434180948 3.90566395764841 89.8738787827381
116.970441305013 31.9484583252401 6.32741430648085 57.7875219198962 46.911770583853 29.1951272840396 4.57077862846411 70.7695302102504
41.2620205310549 91.034297667486 24.8644480840523 4.92424657087814 44.9587338105205 36.4911119110219 22.7129532200884 58.6465258799552
36.3014762960919 32.1128912354116 70.8490389482467 19.1430286929485 3.42026313168897 27.9430167113847 23.0413082253805 57.048604732456
48.1629453480023 28.2522606740477 24.9924208806314 55.1388687638715 14.8968242249272 2.66163425043213 21.7483456697974 62.3534674529592
110.785260428189 37.4836570199809 21.987817428799 19.4502762907623 42.9014622839227 11.5880812372997 2.07072715583364 65.4632633758455
274.398393106601 86.2205721588358 29.1723135584738 17.1012599099238 15.0389457923521 32.9761781722617 8.90306784023319 52.2670826383898
208.824323082503 213.555362524529 67.1026726359119 22.7036050442125 13.307854183917 11.7019904514498 25.6593343183597 47.6172308975329
230.283037865069 162.521192325272 166.2032067559 52.2240845746867 17.6703348119412 10.3580422817774 9.1082793864426 57.0455224508256
121.239262529088 179.221813501727 126.484968632665 129.339088025517 40.6082643497849 13.7290992817747 8.04711762083237 51.4311017486958
53.4691494359805 94.3565826624481 139.482520000749 97.6324352210101 92.4161765380594 26.7126451443991 8.95480146889764 40.7073202219882
60.4349908803043 41.613303425006 73.434665520168 107.705052129442 70.1590439418617 63.5986961011738 19.0340339348128 36.3157354502872
357.646179136479 47.034591713502 32.3862833093121 56.8053982133205 78.8508502782534 49.8579337967005 47.1171210968975 42.046886585937
762.939561934176 278.344412211378 36.6054960120264 25.1626449637745 43.4720304252484 59.6721541882738 38.0796525318531 68.936495886399
130.889588526109 593.771096428622 216.626421108032 28.2529080702457 17.9691403735164 28.82675444134 40.4553674300465 79.2426765477739
110.603923389026 101.867118141324 462.112770846803 168.591506535386 21.9862090822907 13.9838791188005 22.4373736609643 93.1971601467251
110.110070872423 86.079443427362 79.2798714952688 357.040705586294 121.700187189368 14.7895384089505 9.55333871052521 85.4392919117305
349.277458459162 85.695094043888 66.9928367251717 61.0465552805804 248.9861383898 79.6657384056802 10.1472245033875 70.8375802091119
76.6475659911752 271.83130855258 66.6937100757967 51.1670424361505 38.9266553230082 149.061266528835 56.9756932402064 61.8816038979516

