# Simulated data from SIR age-structured hybrid model
# random seed = 2946421
# Flag=0 if no issues, =1 if negative pop #'s, =2 if NaN, or=3 if NA. Flag:
0

# True SSB
10015.3487250499
9389.2664462889
8681.47541918755
8191.27309827216
8041.55666379246
8834.40130786638
10699.9471630748
14429.6671938976
40247.6229730317
112565.076607118
121799.299292312
56090.597958613
45280.8750189396
37041.8831606692
30171.4742983394
25951.8754367904
23131.6380872513
20929.4160339193
20190.8492527961
20081.0679637988
21413.3087428725
31380.9456097178
31709.0436264157
29228.3033919061
28122.7201684873
31183.5963257848
27348.2289301043
24347.0692856519
28051.7485624156
29036.0966359982
19959.7067643829
24665.5029232793
33923.9844717469
29553.607087069
26167.3396779747
28736.6961045896
28971.6098310536
16796.4626235015
16193.4415975457
14795.0144034757
13481.5282744333
17117.1017237293
28180.5814747232
33610.8278289605
47002.7298084498
34767.0288611711
23009.3155877669
19559.6347932982
16995.3513624102
15019.6570213059

# True R (numbers)
26.2581005857933
21.9874026637181
54.3560737213013
67.2485089527711
65.5619210831982
583.452004017209
2855.77573305293
539.727370281115
69.1202596264844
18.7370172688103
10.0955067950552
19.8385649882727
59.5325574183854
35.6358185392942
48.1332401418655
73.1210220993282
60.7544285364904
80.6069165382464
395.541781225155
211.526541251821
190.85239771474
89.8605119148345
230.649591098923
125.575615216831
71.942435277762
215.037673813375
75.2826346998406
89.6356343070337
180.859439955092
309.646867268726
102.082924959729
112.139005289454
155.0197219833
55.3899804229072
47.4428862347317
51.3614725850646
12.6035261521656
26.0484669301498
157.13272945326
351.948291982327
325.632706737625
676.173756762254
49.3523778903693
21.6639612912433
15.023512337398
34.3384283477358
23.1867963485921
14.4330571770979
21.709657917463
5.37775887716501

# True infection rate given (selected) susceptible
-999 -999 0.000742966155163504 0.00074296615516355 0.000742966155162081 0.000742966155163184 0.000742966155161985 0.000742966155162658
-999 -999 0.000881986811379144 0.000881986811378592 0.000881986811379589 0.00088198681137813 0.000881986811379147 0.000881986811379214
-999 -999 0.000759004155546294 0.000759004155546905 0.000759004155546307 0.000759004155545831 0.000759004155547075 0.000759004155546071
-999 -999 0.000764649883892728 0.000764649883892745 0.000764649883892725 0.000764649883892297 0.00076464988389202 0.000764649883892184
-999 -999 0.000445768731278816 0.000445768731278117 0.000445768731278679 0.000445768731277854 0.000445768731278219 0.000445768731277294
-999 -999 0.00056717505393181 0.000567175053932013 0.000567175053932656 0.0005671750539323 0.000567175053932017 0.000567175053932268
-999 -999 0.000176105435205679 0.000176105435205486 0.000176105435206491 0.000176105435205699 0.000176105435205849 0.00017610543520682
-999 -999 0.000624228696957911 0.000624228696958214 0.000624228696958696 0.000624228696957362 0.000624228696957767 0.000624228696958693
-999 -999 0.884848857099061 0.884848857099061 0.884848857099061 0.884848857099061 0.884848857099061 0.884848857099061
-999 -999 0.972832324512933 0.972832324512933 0.972832324512933 0.972832324512933 0.972832324512933 0.972832324512933
-999 -999 0.971366909727011 0.971366909727011 0.971366909727011 0.971366909727011 0.971366909727011 0.971366909727011
-999 -999 0.281359560680277 0.281359560680277 0.281359560680277 0.281359560680276 0.281359560680277 0.281359560680277
-999 -999 0.00263706241355334 0.00263706241355262 0.00263706241355308 0.00263706241355348 0.00263706241355308 0.00263706241355346
-999 -999 0.00330974548118172 0.0033097454811803 0.00330974548118074 0.00330974548118033 0.00330974548118095 0.00330974548118098
-999 -999 0.00743065879135839 0.00743065879135855 0.00743065879135823 0.00743065879135913 0.00743065879135826 0.00743065879135838
-999 -999 0.009095952604866 0.00909595260486543 0.00909595260486547 0.00909595260486561 0.00909595260486528 0.00909595260486532
-999 -999 0.00603683133391254 0.00603683133391225 0.0060368313339129 0.00603683133391316 0.00603683133391205 0.00603683133391275
-999 -999 0.0036242282626589 0.00362422826265962 0.00362422826266037 0.0036242282626605 0.00362422826266006 0.00362422826265931
-999 -999 0.00198520089217288 0.00198520089217146 0.00198520089217251 0.0019852008921722 0.00198520089217171 0.00198520089217287
-999 -999 0.00547542907142906 0.00547542907142974 0.00547542907142915 0.00547542907142871 0.00547542907142867 0.00547542907142949
-999 -999 0.00822964976345647 0.00822964976345694 0.00822964976345643 0.00822964976345637 0.00822964976345704 0.00822964976345658
-999 -999 0.7309812412805 0.730981241280499 0.7309812412805 0.7309812412805 0.7309812412805 0.7309812412805
-999 -999 0.716076437671017 0.716076437671017 0.716076437671018 0.716076437671018 0.716076437671018 0.716076437671018
-999 -999 0.377635398264746 0.377635398264745 0.377635398264745 0.377635398264746 0.377635398264746 0.377635398264746
-999 -999 0.099076294813398 0.0990762948133986 0.0990762948133988 0.0990762948133978 0.0990762948133992 0.099076294813399
-999 -999 0.547591195403612 0.547591195403612 0.547591195403612 0.547591195403612 0.547591195403612 0.547591195403612
-999 -999 0.384551956284071 0.384551956284071 0.384551956284071 0.384551956284071 0.384551956284071 0.384551956284071
-999 -999 0.00530133197320203 0.00530133197320223 0.00530133197320193 0.00530133197320254 0.00530133197320241 0.00530133197320163
-999 -999 0.179973349504532 0.179973349504533 0.179973349504533 0.179973349504532 0.179973349504533 0.179973349504532
-999 -999 0.624882074004286 0.624882074004285 0.624882074004285 0.624882074004287 0.624882074004286 0.624882074004286
-999 -999 0.00212066385189501 0.00212066385189494 0.00212066385189448 0.00212066385189445 0.00212066385189519 0.00212066385189514
-999 -999 0.0171443824407582 0.017144382440758 0.0171443824407575 0.0171443824407577 0.0171443824407573 0.0171443824407592
-999 -999 0.656101541470852 0.656101541470852 0.656101541470852 0.656101541470852 0.656101541470852 0.656101541470852
-999 -999 0.380196931774638 0.380196931774638 0.380196931774638 0.380196931774638 0.380196931774638 0.380196931774638
-999 -999 0.00633189392941062 0.00633189392941105 0.00633189392941031 0.00633189392941007 0.00633189392941112 0.00633189392941012
-999 -999 0.0160239237138256 0.0160239237138255 0.0160239237138249 0.0160239237138259 0.0160239237138249 0.0160239237138252
-999 -999 0.607563842482589 0.607563842482589 0.607563842482589 0.607563842482589 0.60756384248259 0.607563842482589
-999 -999 0.00119018578744016 0.00119018578744015 0.00119018578743959 0.00119018578743794 0.00119018578744053 0.00119018578743988
-999 -999 0.0015191374155957 0.0015191374155967 0.0015191374155962 0.00151913741559792 0.00151913741559667 0.00151913741559467
-999 -999 0.00244553375574513 0.00244553375574599 0.0024455337557455 0.0024455337557461 0.00244553375574597 0.00244553375574621
-999 -999 0.00220942689122707 0.00220942689122605 0.00220942689122729 0.00220942689122646 0.00220942689122672 0.00220942689122675
-999 -999 0.141283680850488 0.141283680850487 0.141283680850487 0.141283680850488 0.141283680850488 0.141283680850488
-999 -999 0.747060373942034 0.747060373942034 0.747060373942033 0.747060373942033 0.747060373942033 0.747060373942034
-999 -999 0.648141954186634 0.648141954186634 0.648141954186634 0.648141954186635 0.648141954186634 0.648141954186634
-999 -999 0.901834866772362 0.901834866772362 0.901834866772362 0.901834866772362 0.901834866772362 0.901834866772362
-999 -999 0.753335987008587 0.753335987008587 0.753335987008587 0.753335987008587 0.753335987008587 0.753335987008587
-999 -999 0.00143265937763639 0.0014326593776362 0.00143265937763525 0.00143265937763581 0.00143265937763669 0.00143265937763611
-999 -999 0.000948885632807955 0.000948885632807785 0.00094888563280759 0.000948885632807503 0.000948885632807532 0.000948885632807539
-999 -999 0.00139191645812226 0.00139191645812273 0.00139191645812183 0.00139191645812236 0.00139191645812273 0.00139191645812261
-999 -999 0.00145590680231845 0.00145590680231829 0.00145590680231772 0.00145590680231822 0.00145590680231857 0.00145590680231909

# Duration of outbreak (days) based on incidence
0
0
0
0
0
0
0
0
3
2
3
0
0
0
0
0
0
0
0
0
0
0
0
0
0
0
0
0
0
0
0
0
0
0
0
0
0
0
0
0
0
0
0
0
0
0
0
0
0
0

# Duration of outbreak (days) based on prevalence
0
0
0
0
0
0
0
0
28
16
25
0
0
0
0
0
0
0
0
0
0
22
20
0
0
0
0
0
0
19
0
0
17
0
0
0
20
0
0
0
0
0
25
14
30
14
0
0
0
0

# Peak (point) prevalence
3.30458341423027e-05
7.90708543606551e-05
4.91878955481807e-05
3.96100770317305e-05
2.24044717878706e-05
4.37290472789059e-05
7.67600098650725e-06
6.81240258461897e-05
0.501451855145943
0.73738406767508
0.575353785189746
0.0121479962484933
3.86243353749949e-05
9.09557218872378e-05
0.000174942820455995
0.000258256936972548
0.000188582343856626
0.000131890777627006
5.95545451021356e-05
0.000272562321543847
0.000679565564718677
0.225657702935815
0.174817839439326
0.0418800918180831
0.0134057265697573
0.0916104755047959
0.0449241937923797
0.000325571815464228
0.0219912091940025
0.124178396010961
0.000118126949931028
0.0018721691062903
0.15639090405061
0.0334560634916653
0.000335715854575845
0.00123839496453092
0.122506977431462
4.9875660519269e-05
7.25820192490032e-05
0.000115590481305569
0.000113613302075812
0.026729181357615
0.244151231261948
0.137633093105064
0.419312980918277
0.173078234088296
2.27004693368459e-05
1.44201221655864e-05
2.6685285462196e-05
3.33179401188658e-05

# Day of peak prevalence
62
119
86
70
60
109
53
119
33
9
11
85
44
83
63
74
69
66
44
101
119
43
43
98
119
83
96
119
117
66
105
119
50
79
119
119
74
62
72
78
80
119
43
44
26
30
39
31
32
35

# Total immunity
0.0781668103216586
0.0634633774068431
0.0396976116543939
0.0248965362491105
0.0170107063571602
0.00367230834253227
0.000620292382838784
0.000517371037360593
0.000506444060574559
0.0286162483765603
0.20610933364648
0.53232828608461
0.506631289427774
0.45066873821331
0.378110872435557
0.28814438685958
0.23042103380923
0.171439439486242
0.065398263052221
0.0459623951917059
0.034311375825759
0.0299468415390827
0.0812768005786646
0.130021564620777
0.135391059009816
0.0905781462233857
0.118624581033277
0.126612095011261
0.0837055125653
0.0613964473905795
0.0823084621899493
0.0664195076798532
0.0507926260533102
0.136786996862212
0.157567666449137
0.134928601840005
0.131326871786818
0.221395834298557
0.105202312194348
0.0419620860085048
0.0245056761655896
0.0116466970039873
0.016016499146912
0.0623255759865743
0.129999312224031
0.271618964751727
0.476031950132572
0.437257712168262
0.377645174585225
0.362213695661968

# Observed immunity (based on survey selectivity)
0.146398697530719
0.125075873187075
0.106409506839774
0.0874782565023406
0.0689391402991537
0.0478426117323675
0.0304496894183842
0.0169714125002693
0.00436050719077065
0.0541184525483555
0.249838695357996
0.618677561768883
0.663016980039548
0.64429302076749
0.617027432160264
0.552425763331263
0.480996201837648
0.41178628262424
0.32918480130091
0.256831314846498
0.18369587374906
0.0942139206685441
0.251498247524111
0.396478213816068
0.37624023138149
0.268053845439149
0.327715213190237
0.360462563171705
0.242234033610996
0.232754344132542
0.380900796860782
0.235187520774146
0.135474158634597
0.322153405828269
0.349916073953452
0.250594149035747
0.199942085980208
0.382114856679826
0.309893863655066
0.267812986250051
0.226824697932009
0.13102568855852
0.0843255288136871
0.196400964892982
0.210642413496324
0.359565652315885
0.687933916831478
0.642276740754708
0.576070661914021
0.506257865452928

# True total proportion of susceptible
1 1 1 0.994804946006258 0.936503858694607 0.843202306131155 0.826538026014065 0.688952106031156
1 1 1 0.99999143559541 0.994716418112661 0.936315307639033 0.842978004377727 0.714647788105362
1 1 1 0.999991815894033 0.999909586208054 0.994557746444253 0.93611660420481 0.798196550018061
1 1 1 0.99999425657633 0.99993437670185 0.999800410205347 0.994439828501284 0.84229469764374
1 1 1 0.99998756810904 0.999869942378254 0.999698178401697 0.999551744089832 0.861407471681684
1 1 1 0.999990589673087 0.99989347730882 0.999691196398253 0.999510018038637 0.884171296585569
1 1 1 0.999995199764598 0.999942586224488 0.999802243727349 0.999595084360156 0.899057476945236
1 1 1 0.999997136266764 0.999966567820298 0.999888196902527 0.999744985779446 0.920821919571824
1 1 1 0.999995459714603 0.999951734119792 0.999880295083369 0.999797347763831 0.935643718286816
1 1 1 0.988295169126515 0.829142019863606 0.39916264479325 0.301465903978994 0.266963986080071
1 1 1 0.98517437708124 0.76740929686077 0.130208874481349 0.0125146060467335 0.00785453133340086
1 1 1 0.993977069386892 0.875630012427624 0.149291671557277 0.00346221722878865 0.000220836401044607
1 1 1 0.994424283692237 0.932871451152896 0.744143959878668 0.108007445104634 0.00194511708099535
1 1 1 0.999953409053604 0.993953798 0.931934547104366 0.743103922967034 0.0875488700349365
1 1 1 0.999961876664898 0.999571768986672 0.993216900669307 0.93105130069065 0.274209434196466
1 1 1 0.999839446747675 0.998353511023795 0.996510065382688 0.989985229714002 0.324585773356944
1 1 1 0.999776377966809 0.99759873815291 0.994087084630479 0.992017212739395 0.342298558559706
1 1 1 0.999905391491463 0.998828343300269 0.995789305241171 0.992173415306289 0.354213783112457
1 1 1 0.99990881091421 0.998992938167682 0.99709357328864 0.993962783875796 0.385077100337246
1 1 1 0.999964761037598 0.99955625219275 0.998322324126731 0.996386433810524 0.483386587739318
1 1 1 0.999930832100795 0.999271871286847 0.998236427792459 0.996929126358984 0.538732494824905
1 1 1 0.999919527963504 0.99912357701291 0.997730236943915 0.996607493393828 0.610357357656638
1 1 1 0.986453304757233 0.825287962846512 0.532448937172752 0.483371572278281 0.266421063440543
1 1 1 0.985657332954868 0.804301754300338 0.386980735942706 0.186148159174218 0.093008909084554
1 1 1 0.99525758297764 0.928871957380789 0.651107957171833 0.26330994528859 0.0698176173280451
1 1 1 0.999451414515204 0.989319730875031 0.911867533749559 0.620585186631695 0.167359688222156
1 1 1 0.992924186403969 0.910748656079949 0.760753619156782 0.643087514324785 0.159197020891769
1 1 1 0.993973628217744 0.922901035708354 0.7440190621612 0.577558279579945 0.190731045947895
1 1 1 0.999889890501603 0.992865657778571 0.920734514817218 0.74173267572507 0.24701909731244
1 1 1 0.995747362790553 0.955204427878087 0.903332614605253 0.825661516585786 0.376806140034141
1 1 1 0.992968536687157 0.902602768602818 0.682973386004819 0.588405917425022 0.234760397619259
1 1 1 0.999971186898829 0.992674169345199 0.901967729411962 0.682223175196684 0.285910950933499
1 1 1 0.999590809700459 0.995861935646948 0.984821227797725 0.893631838530456 0.428026232639249
1 1 1 0.986812854136309 0.83629212241595 0.588749136620578 0.54159625270325 0.214636268859573
1 1 1 0.994951415879243 0.926914400508994 0.681229721583207 0.429279062510071 0.190411100826351
1 1 1 0.999857365632615 0.993518976096875 0.92414765826534 0.678453521879448 0.275408651106895
1 1 1 0.999765452609794 0.997498977100283 0.988968785941835 0.918897329776401 0.468315585698585
1 1 1 0.994648885308825 0.92875256197118 0.795985401595968 0.759444942750421 0.296732241912883
1 1 1 0.999992137187918 0.99456595393822 0.928543312851395 0.795684068755325 0.389717207626644
1 1 1 0.99997432382996 0.999735325758554 0.994074893970275 0.927995119339832 0.501580121852932
1 1 1 0.999980121859221 0.999775379017515 0.999356686888165 0.99366639975424 0.568603057813718
1 1 1 0.999948753235354 0.999467506334982 0.998801101100656 0.99833100033796 0.647650489952562
1 1 1 0.996717860575865 0.965817607026087 0.931916981780214 0.927355565537032 0.653422141807116
1 1 1 0.987182787866974 0.827898689319893 0.498773668850165 0.419156215795266 0.238900946072569
1 1 1 0.988107978405563 0.837603479114142 0.461333230513802 0.212520444610082 0.0976772832744355
1 1 1 0.992854291441532 0.870489494563598 0.287400773274502 0.0612069387775751 0.0144194596095017
1 1 1 0.984327579644179 0.793619265829573 0.381531412705549 0.0771291646979653 0.00940110683885324
1 1 1 0.999977427674615 0.984092044517619 0.793111253067405 0.381113651371484 0.0327870438172636
1 1 1 0.999982670175231 0.999804121768508 0.983757954640154 0.792731158641864 0.233153353163541
1 1 1 0.999971624331887 0.999698879692633 0.999264823397084 0.983185466275609 0.28700432533313

# True vulnerable proportion of susceptible
0 0 0.05 0.497402473003129 0.889678665759877 0.843202306131155 0.826538026014065 0.688952106031156
0 0 0.05 0.499995717797705 0.944980597207028 0.936315307639033 0.842978004377727 0.714647788105362
0 0 0.05 0.499995907947016 0.949914106897651 0.994557746444253 0.93611660420481 0.798196550018061
0 0 0.05 0.499997128288165 0.949937657866757 0.999800410205347 0.994439828501284 0.84229469764374
0 0 0.05 0.49999378405452 0.949876445259341 0.999698178401697 0.999551744089832 0.861407471681684
0 0 0.05 0.499995294836544 0.949898803443379 0.999691196398253 0.999510018038637 0.884171296585569
0 0 0.05 0.499997599882299 0.949945456913263 0.999802243727349 0.999595084360156 0.899057476945236
0 0 0.05 0.499998568133382 0.949968239429283 0.999888196902527 0.999744985779446 0.920821919571824
0 0 0.05 0.499997729857301 0.949954147413802 0.999880295083369 0.999797347763831 0.935643718286816
0 0 0.05 0.494147584563258 0.787684918870425 0.39916264479325 0.301465903978994 0.266963986080071
0 0 0.05 0.49258718854062 0.729038832017732 0.130208874481349 0.0125146060467335 0.00785453133340086
0 0 0.05 0.496988534693446 0.831848511806242 0.149291671557277 0.00346221722878865 0.000220836401044607
0 0 0.05 0.497212141846119 0.886227878595251 0.744143959878668 0.108007445104634 0.00194511708099535
0 0 0.05 0.499976704526802 0.9442561081 0.931934547104366 0.743103922967034 0.0875488700349365
0 0 0.05 0.499980938332449 0.949593180537339 0.993216900669307 0.93105130069065 0.274209434196466
0 0 0.05 0.499919723373838 0.948435835472605 0.996510065382688 0.989985229714002 0.324585773356944
0 0 0.05 0.499888188983404 0.947718801245265 0.994087084630479 0.992017212739395 0.342298558559706
0 0 0.05 0.499952695745732 0.948886926135256 0.995789305241171 0.992173415306289 0.354213783112457
0 0 0.05 0.499954405457105 0.949043291259298 0.99709357328864 0.993962783875796 0.385077100337246
0 0 0.05 0.499982380518799 0.949578439583112 0.998322324126731 0.996386433810524 0.483386587739318
0 0 0.05 0.499965416050397 0.949308277722504 0.998236427792459 0.996929126358984 0.538732494824905
0 0 0.05 0.499959763981752 0.949167398162265 0.997730236943915 0.996607493393828 0.610357357656638
0 0 0.05 0.493226652378616 0.784023564704187 0.532448937172752 0.483371572278281 0.266421063440543
0 0 0.05 0.492828666477434 0.764086666585321 0.386980735942706 0.186148159174218 0.093008909084554
0 0 0.05 0.49762879148882 0.882428359511749 0.651107957171833 0.26330994528859 0.0698176173280451
0 0 0.05 0.499725707257602 0.93985374433128 0.911867533749559 0.620585186631695 0.167359688222156
0 0 0.05 0.496462093201984 0.865211223275951 0.760753619156782 0.643087514324785 0.159197020891769
0 0 0.05 0.496986814108872 0.876755983922937 0.7440190621612 0.577558279579945 0.190731045947895
0 0 0.05 0.499944945250802 0.943222374889643 0.920734514817218 0.74173267572507 0.24701909731244
0 0 0.05 0.497873681395277 0.907444206484183 0.903332614605253 0.825661516585786 0.376806140034141
0 0 0.05 0.496484268343578 0.857472630172677 0.682973386004819 0.588405917425022 0.234760397619259
0 0 0.05 0.499985593449414 0.943040460877939 0.901967729411962 0.682223175196684 0.285910950933499
0 0 0.05 0.49979540485023 0.946068838864601 0.984821227797725 0.893631838530456 0.428026232639249
0 0 0.05 0.493406427068154 0.794477516295153 0.588749136620578 0.54159625270325 0.214636268859573
0 0 0.05 0.497475707939621 0.880568680483544 0.681229721583207 0.429279062510071 0.190411100826351
0 0 0.05 0.499928682816307 0.943843027292031 0.92414765826534 0.678453521879448 0.275408651106895
0 0 0.05 0.499882726304897 0.947624028245269 0.988968785941835 0.918897329776401 0.468315585698585
0 0 0.05 0.497324442654412 0.882314933872621 0.795985401595968 0.759444942750421 0.296732241912883
0 0 0.05 0.499996068593959 0.944837656241309 0.928543312851395 0.795684068755325 0.389717207626644
0 0 0.05 0.49998716191498 0.949748559470626 0.994074893970275 0.927995119339832 0.501580121852932
0 0 0.05 0.49999006092961 0.94978661006664 0.999356686888165 0.99366639975424 0.568603057813718
0 0 0.05 0.499974376617677 0.949494131018233 0.998801101100656 0.99833100033796 0.647650489952562
0 0 0.05 0.498358930287932 0.917526726674783 0.931916981780214 0.927355565537032 0.653422141807116
0 0 0.05 0.493591393933487 0.786503754853898 0.498773668850165 0.419156215795266 0.238900946072569
0 0 0.05 0.494053989202782 0.795723305158435 0.461333230513802 0.212520444610082 0.0976772832744355
0 0 0.05 0.496427145720766 0.826965019835418 0.287400773274502 0.0612069387775751 0.0144194596095017
0 0 0.05 0.492163789822089 0.753938302538094 0.381531412705549 0.0771291646979653 0.00940110683885324
0 0 0.05 0.499988713837307 0.934887442291738 0.793111253067405 0.381113651371484 0.0327870438172636
0 0 0.05 0.499991335087616 0.949813915680082 0.983757954640154 0.792731158641864 0.233153353163541
0 0 0.05 0.499985812165943 0.949713935708001 0.999264823397084 0.983185466275609 0.28700432533313

# True survival by age
0.778267540515681 0.778267540515681 0.778270683107687 0.778301573400258 0.778357317301608 0.778404148535225 0.778411987257875 0.778476706397231
0.778267540515681 0.778267540515681 0.778264548657334 0.778237626755356 0.778213812984648 0.778245473448434 0.778300829910364 0.778376939959439
0.778267540515681 0.778267540515681 0.778267776508062 0.778269904784294 0.778272072178007 0.778275136717897 0.778306024188656 0.778378918069196
0.778267540515681 0.778267540515681 0.778272788863987 0.778320026759942 0.778367287582762 0.778372592961234 0.778374888767524 0.778440048813147
0.778267540515681 0.778267540515681 0.778283421462543 0.778426354639213 0.778569308614994 0.778585224532788 0.778585256107485 0.778615043275374
0.778267540515681 0.778267540515681 0.778274790170621 0.778340041400857 0.77840532608918 0.778412653507322 0.778412723849723 0.778457504045687
0.778267540515681 0.778267540515681 0.778289281901589 0.778484955890816 0.778680633746561 0.778702387695999 0.778702408083554 0.778712302475854
0.778267540515681 0.778267540515681 0.778272059701871 0.778312733775229 0.778353420010114 0.778357973752472 0.778358037174783 0.778392988951694
0.778267540515681 0.778267540515681 0.751956161211864 0.515154944510305 0.278375488376345 0.252103010300433 0.252146703699206 0.285940322722271
0.778267540515681 0.778267540515681 0.751377813459364 0.512523908540733 0.354745999765631 0.563920441171189 0.616513311126686 0.635086652121993
0.778267540515681 0.778267540515681 0.744759094664524 0.448158823484996 0.289812403255521 0.691469409760428 0.770407209769577 0.773532731943609
0.778267540515681 0.778267540515681 0.771041747925362 0.706448030769367 0.658118563628162 0.757146161316213 0.778298591597879 0.778768750951427
0.778267540515681 0.778267540515681 0.778223490995107 0.777832474595465 0.777522578051215 0.777748390151009 0.778648035381832 0.7787980322227
0.778267540515681 0.778267540515681 0.778189219062994 0.777484387323797 0.776791654405997 0.776844026560981 0.777240508861476 0.778616959194549
0.778267540515681 0.778267540515681 0.778117308603356 0.776765298994834 0.775414584877829 0.775286900066089 0.775506834548811 0.777830662778372
0.778267540515681 0.778267540515681 0.778098197707459 0.776574469932675 0.775056202737727 0.77489436523947 0.774919943239425 0.777528374796683
0.778267540515681 0.778267540515681 0.778122403576708 0.776816614928911 0.77551784085429 0.77538511840307 0.775392230444256 0.777624651613133
0.778267540515681 0.778267540515681 0.778217911715794 0.77777134991916 0.777326322905441 0.777281389274126 0.777286906466076 0.778260317109237
0.778267540515681 0.778267540515681 0.778241098617166 0.778003194268566 0.777766187396043 0.777741789404606 0.777745114555073 0.778391800182122
0.778267540515681 0.778267540515681 0.778124509292927 0.776837297481776 0.775551389834612 0.775412609869406 0.775419180023687 0.777160233277811
0.778267540515681 0.778267540515681 0.778018869722241 0.775781041464913 0.77354662393209 0.773303836036636 0.773311034899089 0.775834167240212
0.778267540515681 0.778267540515681 0.759348181765471 0.589089220717975 0.419115237465011 0.400740425076457 0.40116585553127 0.54752391824738
0.778267540515681 0.778267540515681 0.760578966849374 0.60378524469437 0.500995532801075 0.590151613664811 0.607539955489976 0.684406543884156
0.778267540515681 0.778267540515681 0.766335136212504 0.660662570624029 0.596024074581115 0.686242216498568 0.734277619040083 0.756554788623129
0.778267540515681 0.778267540515681 0.774602983875741 0.741798291532742 0.71363129493251 0.730733144844834 0.759362090835838 0.773646541083417
0.778267540515681 0.778267540515681 0.761226770986676 0.607953620942896 0.457956614727261 0.467536046825068 0.56696487787034 0.721672782254733
0.778267540515681 0.778267540515681 0.76703916224461 0.666782030046216 0.584016755144048 0.607554528727678 0.634041263996883 0.74296540504111
0.778267540515681 0.778267540515681 0.778162631708823 0.777227988159728 0.776469064480868 0.776842957403374 0.777280985418289 0.778298889831781
0.778267540515681 0.778267540515681 0.774113614029946 0.736732908241017 0.699909816750719 0.701816538496987 0.716783199503146 0.758147078560468
0.778267540515681 0.778267540515681 0.758265100708178 0.579096041325837 0.415269465043702 0.416941962683408 0.448055609476562 0.62785901129967
0.778267540515681 0.778267540515681 0.778230162771943 0.777900140756111 0.777678469019622 0.777926032513526 0.77804715428429 0.778500102557354
0.778267540515681 0.778267540515681 0.777903397527381 0.774626230917948 0.771403415530119 0.771750911007442 0.773468456927826 0.776566073824009
0.778267540515681 0.778267540515681 0.761983647643197 0.615495462098543 0.470156074666361 0.457541167042835 0.487288158024532 0.639173874890984
0.778267540515681 0.778267540515681 0.766594650249326 0.663084990865431 0.592877859186731 0.641038755653452 0.652072108371964 0.728577817607292
0.778267540515681 0.778267540515681 0.778145853645115 0.77705950739395 0.77616343992662 0.776779588134518 0.777527120692668 0.778235837149749
0.778267540515681 0.778267540515681 0.777815870298662 0.773751558641162 0.769744880774054 0.769959788744918 0.772310257792165 0.77616604575413
0.778267540515681 0.778267540515681 0.757577632572785 0.571417113796492 0.386143795990117 0.369039960037786 0.398072764669904 0.584762930145062
0.778267540515681 0.778267540515681 0.77825200271663 0.778115847412693 0.77803134803878 0.778128972557189 0.778159812650985 0.778550341493423
0.778267540515681 0.778267540515681 0.77825244321193 0.778116572858029 0.777985148158456 0.778025274253355 0.778136236783514 0.778475295690388
0.778267540515681 0.778267540515681 0.77821017136072 0.777693877387907 0.777177956205619 0.777130115301677 0.777241170666193 0.777957814650614
0.778267540515681 0.778267540515681 0.778244179405557 0.778033944658073 0.777823898901319 0.777800961925312 0.777806654857052 0.778231915750661
0.778267540515681 0.778267540515681 0.7749644207117 0.745238062544862 0.71554196710537 0.712284985873928 0.712316292534443 0.735670085080523
0.778267540515681 0.778267540515681 0.758136545086396 0.577620063736702 0.408871241203535 0.403095515264508 0.404934464596614 0.515371587576287
0.778267540515681 0.778267540515681 0.761413136147802 0.61189059628144 0.513238265835184 0.610404153668477 0.637284704053182 0.698142727940837
0.778267540515681 0.778267540515681 0.748012096852474 0.479317429109527 0.296854904637093 0.499397949245017 0.650089451342776 0.719643306561538
0.778267540515681 0.778267540515681 0.760335589213945 0.600233202873083 0.481754671750035 0.675574395339751 0.756816948017183 0.773621713051608
0.778267540515681 0.778267540515681 0.778253693171976 0.778139594494029 0.77816879064967 0.778491670353682 0.778738293837432 0.778793166394011
0.778267540515681 0.778267540515681 0.77826923728525 0.778284519864898 0.778307749085774 0.77840477694063 0.778610490294845 0.778784412265525
0.778267540515681 0.778267540515681 0.77825987920254 0.778190937952972 0.778122108529633 0.778125463910568 0.778256597849522 0.77864073056452
0.778267540515681 0.778267540515681 0.778251755583426 0.778109710803326 0.777967877683111 0.777952465992293 0.777966116421034 0.778557133274812

# True Numbers-at-age
26.2581005857933 12.3279351046256 13.6862714851439 8.75141451326288 19.2318977067109 26.5495825334996 2.65962892737247 11.446371964518
21.9874026637181 20.4358273615187 9.59443173351386 10.6516238579402 6.81123968515035 14.9692883056144 20.6663051859544 10.9810209858601
54.3560737213013 17.1120817934198 15.9045410990522 7.46700608270677 8.28949447229409 5.30060080653321 11.649780864589 24.6319759900134
67.2485089527711 42.3035678071662 13.317777810468 12.3779918375405 5.81134611301194 6.45148204026046 4.12532581739163 28.2401054484004
65.5619210831982 52.3373316660199 32.9234936723216 10.3648640780239 9.63403893822885 4.52336171118973 5.02165680412037 25.1942790879832
583.452004017209 51.0247150729038 40.7324463928668 25.6238093017948 8.06828336058703 7.50076703530676 3.52182259354967 23.5264326513019
2855.77573305293 454.081756175418 39.7108795053022 31.7010361695444 19.9440367928066 6.28039474027766 5.83869197129339 21.0557595587919
539.727370281115 2222.55755602747 353.397091571684 30.9065518938622 24.678779744141 15.5300352092874 4.8905583799276 20.9429825045091
69.1202596264844 420.052293017679 1729.74440278404 275.039082350145 24.0549628960779 19.2088126155285 12.0879267378055 20.108476170537
18.7370172688103 53.7940544593093 326.913064974841 1300.6919609952 141.687743206254 6.69631204407053 4.84259948467166 8.79775504715159
10.0955067950552 14.5824123463968 41.8661664584133 245.635223952095 666.635727656769 50.2631601182386 3.7761872421122 8.57286384184018
19.8385649882727 7.85700524364694 11.3490181916158 31.1802082286421 110.083592972844 193.199302328201 34.7554376596524 9.54059266492235
59.5325574183854 15.4397111807835 6.11485214679191 8.75056682370015 22.027196702103 72.4480560863156 146.280110126768 34.4800236138733
35.6358185392942 46.3322570426153 12.0162260469408 4.75872158459533 6.80647504659166 17.1266427670604 56.346358990702 140.753694907123
48.1332401418655 27.7342008488396 36.0588917350966 9.35089756355331 3.69983173564363 5.28721301211507 13.3047301286347 153.387886658406
73.1210220993282 37.4605384222603 21.5846282827943 28.0580477881331 7.26345274182355 2.86890348941192 4.09910698615178 129.627710688265
60.7544285364904 56.9077180292369 29.1543211042857 16.7949603650277 21.7891635884152 5.62958410084269 2.22309714836115 103.965702973103
80.6069165382464 47.28319967253 44.2894297469741 22.6856304123139 13.0466042586261 16.8978851001086 4.36509573459195 82.5700658105353
395.541781225155 62.7337466827738 36.7989795168518 34.4668275287735 17.6442333895526 10.1414689147603 13.134411606407 67.653937361407
211.526541251821 307.837329245293 48.8236387381361 28.6384782471854 26.8153019136895 13.7230881329183 7.88744418095683 62.8764945515926
190.85239771474 164.624241013844 239.57980111065 37.9908699350073 22.2474380455341 20.7966446679966 10.641055584614 54.9811866726869
89.8605119148345 148.534226170971 128.121703163105 186.397606068387 29.472596644338 17.2094305912612 16.0821250984526 50.8851288826392
230.649591098923 69.9355195974383 115.599366884481 97.2889823415989 109.804820502522 12.3524143413022 6.89651453046582 34.3124246202272
125.575615216831 179.507089985506 54.4285448317845 87.9224470334405 58.7416520091886 55.0117245517874 7.28979725617584 27.6735560774905
71.942435277762 97.7314252035463 139.704541428147 41.7105063175139 58.0870698726678 35.0114387781425 37.7513677898273 26.2892963412059
215.037673813375 55.9904621623324 76.0611959242562 108.215554651235 30.9407823252975 41.4527508920671 25.5840187638945 49.0055807586868
75.2826346998406 167.356841516949 43.5755592794147 57.8998185708065 65.7900382925619 14.1695359307063 19.3806552821013 49.8712338860344
89.6356343070337 58.5900309513853 130.248397435868 33.4241604840226 38.60655856595 38.4224846844246 8.60876572467016 49.3407366561889
180.859439955092 69.7605046546981 45.5987192872723 101.354435724552 25.9781930089247 29.976798412529 29.8482366330343 45.0932704687009
309.646867268726 140.757031512893 54.2923363827446 35.2985893826073 74.6711481944763 18.1823923083913 21.0382128971031 55.5820458219359
102.082924959729 240.988105817617 109.546628725828 41.1679839149441 20.4412733758541 31.0086477649192 7.58100233534038 44.3239776376828
112.139005289454 79.4478269370552 187.553220408209 85.2524907044184 32.0245804820803 15.8967381837458 24.122434329373 40.4045984303201
155.0197219833 87.2741478424983 61.8316648696174 145.898287372748 66.0388155507311 24.703870764796 12.2683221753526 50.0347824255523
55.3899804229072 120.646817759367 67.9226363919831 47.1147175372028 89.7997338058753 31.0485502949476 11.3030378602001 37.9591338771467
47.4428862347317 43.1082238329477 93.8955021286264 52.0691296889244 31.2410620477835 53.2402739343657 19.9033240459168 35.0265786469834
51.3614725850646 36.9232583848699 33.5497313384676 73.0643956573167 40.4608122665073 24.2481701859686 41.3559580589055 42.7343129934615
12.6035261521656 39.9729669460418 28.7361734910177 26.0955134793165 56.5336900210234 31.144503114104 18.6701159938392 65.1085533638696
26.0484669301498 9.80891530027102 31.1096626722105 21.769882282526 14.9114229953885 21.8301336660466 11.4935661846256 45.5051331329378
157.13272945326 20.2726762919318 7.63396038586855 24.2111572784866 16.9394904003423 11.6015545342786 16.9866594803469 44.3718682492724
351.948291982327 122.291302886104 15.7775659173923 5.94114832168529 18.8391027264627 13.178671948839 9.02630264829734 47.7603385392474
325.632706737625 273.90993158978 95.1753515236265 12.2782622762289 4.62039467442809 14.6413353537 10.2415428511243 44.1711426341164
676.173756762254 253.429365784155 213.175208781197 74.0696633461401 9.55290483232078 3.59385340012654 11.388044721979 42.3413331386522
49.3523778903693 526.244086636608 197.235849203283 165.203202183216 55.1995324054276 6.8355043152892 2.5598478183421 39.2611419481115
21.6639612912433 38.4093537593381 409.558691017594 149.531705282158 95.4246841745764 22.5695013284619 2.75536113406427 21.2706476616254
15.023512337398 16.8603578719628 29.8927532830768 311.843367364295 91.4970443080805 48.9755994236297 13.7765173571194 16.6058974884373
34.3384283477358 11.6923119967337 13.1218692532267 22.360141063968 149.471961129912 27.1613463626511 24.4583139152061 20.9062915871049
23.1867963485921 26.7244841753662 9.09974690063995 9.97702419024048 13.4212990875194 72.0088155699746 18.3495101455616 34.684027602125
14.4330571770979 18.0455309666568 20.7987985707125 7.08191163235328 7.76351755765085 10.4440360798825 56.0582631132598 41.3011499030635
21.709657917463 11.2327799113422 14.0442510027195 16.187065100078 5.51174219451171 6.04240587528312 8.12968757512086 75.8122434808402
5.37775887716501 16.8959220728607 8.74210799475422 10.9300770888667 12.5966273729355 4.2888084580652 4.70174987484062 65.3574836434498

