# Simulated data from SIR age-structured hybrid model
# random seed = 421165
# Flag=0 if no issues, =1 if negative pop #'s, =2 if NaN, or=3 if NA. Flag:
0

# True SSB
87336.0615831367
103819.999977527
98184.8404493864
88909.7262337907
94441.0334518873
96163.1909705588
89916.0373702435
79604.7803322401
72691.9144758049
71788.844543259
67637.703681276
61769.5516809515
59605.3207496495
56622.8205867153
46224.8974439552
40255.5175785064
38248.2257875693
42789.3903493203
47698.8763411063
58921.0866169164
64167.1253541347
61271.0184951579
60573.4687283153
50236.2709023392
48729.712550265
47170.1306657773
37606.1366972715
31540.4657763871
26846.9656630173
27494.6933470105
26014.9749572118
23637.8548937247
21897.3062655828
21213.9981793259
20903.8313204048
21676.970377607
22457.768347302
21036.3856095196
21744.9875081501
21775.4087449555
19390.9838062752
22482.6563439156
23234.9195210321
24333.2834144225
27322.6381747869
28923.9125305747
28094.5761921257
28142.853557006
26142.4545033197
28718.2140909141

# True R (numbers)
287.7899428567
493.399395828903
392.486838489125
138.527782881087
200.292844509474
91.8014727424038
372.371702278236
173.929958758023
117.616262736738
234.513988292322
91.2837596923987
60.8402674027696
50.2188087321358
142.712649049796
259.070664937687
356.042452763461
388.9658473554
305.579615553646
243.765867192554
144.063602420306
115.538283421619
177.002250712716
119.074519357228
24.9393107102285
26.5063666166305
19.6312899168704
194.273186877998
64.6226219435286
41.0262736601103
55.8538649199057
70.7386913167454
62.1851607981995
106.033748435447
75.4609194968029
45.8229221874746
126.111641503063
30.303773664195
39.2074121051875
209.481854288292
20.605744763641
179.968750767036
144.065961625481
94.8123448792621
68.8582886830343
114.304459979663
107.943280173826
113.340251220922
441.025262229556
1298.41555741861
109.037952673263

# True infection rate given (selected) susceptible
-999 -999 0.690504844196705 0.690504844196705 0.690504844196705 0.690504844196704 0.690504844196705 0.690504844196704
-999 -999 0.797261678735663 0.797261678735663 0.797261678735663 0.797261678735663 0.797261678735663 0.797261678735663
-999 -999 0.672058540905926 0.672058540905927 0.672058540905926 0.672058540905926 0.672058540905926 0.672058540905926
-999 -999 0.0108740278059564 0.0108740278059564 0.0108740278059562 0.010874027805957 0.0108740278059572 0.0108740278059565
-999 -999 0.67231240843395 0.67231240843395 0.67231240843395 0.67231240843395 0.67231240843395 0.67231240843395
-999 -999 0.39369028394392 0.39369028394392 0.39369028394392 0.39369028394392 0.39369028394392 0.39369028394392
-999 -999 0.490693378934163 0.490693378934163 0.490693378934162 0.490693378934163 0.490693378934163 0.490693378934163
-999 -999 0.00298281816158932 0.00298281816159021 0.00298281816159005 0.0029828181615912 0.00298281816158992 0.00298281816158982
-999 -999 0.00688097061487978 0.00688097061488128 0.00688097061488014 0.00688097061488029 0.00688097061488027 0.00688097061488023
-999 -999 0.549663568181088 0.549663568181088 0.549663568181088 0.549663568181088 0.549663568181088 0.549663568181088
-999 -999 0.403733281277011 0.403733281277012 0.403733281277011 0.403733281277011 0.403733281277012 0.403733281277011
-999 -999 0.0116181760848487 0.0116181760848494 0.0116181760848489 0.0116181760848494 0.0116181760848492 0.0116181760848479
-999 -999 0.0149807245528127 0.0149807245528119 0.0149807245528112 0.0149807245528129 0.0149807245528119 0.014980724552812
-999 -999 0.451628513440593 0.451628513440593 0.451628513440593 0.451628513440593 0.451628513440593 0.451628513440593
-999 -999 0.0129833579159747 0.0129833579159743 0.0129833579159742 0.0129833579159747 0.0129833579159745 0.012983357915975
-999 -999 0.00409527952285632 0.0040952795228556 0.00409527952285576 0.0040952795228558 0.00409527952285613 0.00409527952285626
-999 -999 0.0113173384528419 0.0113173384528408 0.0113173384528409 0.0113173384528423 0.0113173384528412 0.0113173384528416
-999 -999 0.622031088484077 0.622031088484076 0.622031088484076 0.622031088484076 0.622031088484076 0.622031088484076
-999 -999 0.450903617664505 0.450903617664505 0.450903617664505 0.450903617664505 0.450903617664505 0.450903617664505
-999 -999 0.697981564692416 0.697981564692416 0.697981564692416 0.697981564692416 0.697981564692416 0.697981564692416
-999 -999 0.654595362303984 0.654595362303984 0.654595362303984 0.654595362303984 0.654595362303984 0.654595362303984
-999 -999 0.0312376919123201 0.0312376919123211 0.0312376919123203 0.0312376919123207 0.0312376919123212 0.031237691912321
-999 -999 0.654874256426322 0.654874256426322 0.654874256426322 0.654874256426322 0.654874256426322 0.654874256426322
-999 -999 0.00211362589561159 0.00211362589561146 0.00211362589561116 0.00211362589561149 0.00211362589561205 0.00211362589561101
-999 -999 0.00401746243794057 0.00401746243794051 0.00401746243793973 0.00401746243794041 0.00401746243794166 0.00401746243794034
-999 -999 0.505768967296739 0.505768967296739 0.505768967296739 0.505768967296739 0.505768967296739 0.50576896729674
-999 -999 0.00232742264006026 0.00232742264005889 0.00232742264005941 0.00232742264005862 0.00232742264005829 0.00232742264005849
-999 -999 0.00358632728474943 0.00358632728474809 0.00358632728474856 0.00358632728474886 0.00358632728474938 0.00358632728474863
-999 -999 0.00302464825330143 0.00302464825330099 0.00302464825330267 0.00302464825330129 0.00302464825330172 0.00302464825330139
-999 -999 0.444987609332977 0.444987609332977 0.444987609332977 0.444987609332977 0.444987609332978 0.444987609332977
-999 -999 0.157074598036632 0.157074598036632 0.157074598036632 0.157074598036633 0.157074598036631 0.157074598036633
-999 -999 0.00223402881401414 0.00223402881401368 0.00223402881401566 0.00223402881401473 0.00223402881401372 0.00223402881401509
-999 -999 0.00153892589450077 0.00153892589450059 0.00153892589450099 0.00153892589450113 0.00153892589450096 0.0015389258945008
-999 -999 0.0193860291450341 0.0193860291450338 0.0193860291450347 0.019386029145035 0.0193860291450348 0.0193860291450333
-999 -999 0.032842131407642 0.0328421314076418 0.0328421314076414 0.032842131407641 0.0328421314076417 0.0328421314076416
-999 -999 0.0234023040365908 0.0234023040365907 0.023402304036591 0.0234023040365901 0.0234023040365915 0.0234023040365909
-999 -999 0.20171310012996 0.201713100129959 0.20171310012996 0.20171310012996 0.20171310012996 0.20171310012996
-999 -999 0.0316400770266524 0.031640077026652 0.0316400770266519 0.0316400770266513 0.0316400770266529 0.0316400770266524
-999 -999 0.0087998299207601 0.0087998299207605 0.00879982992076088 0.00879982992075991 0.00879982992076091 0.00879982992076024
-999 -999 0.272494903749128 0.272494903749128 0.272494903749128 0.272494903749128 0.272494903749129 0.272494903749128
-999 -999 0.0385697906269731 0.0385697906269741 0.0385697906269733 0.0385697906269734 0.038569790626973 0.038569790626973
-999 -999 0.378687966340489 0.378687966340489 0.378687966340489 0.378687966340489 0.378687966340489 0.378687966340489
-999 -999 0.375730993991782 0.375730993991781 0.375730993991781 0.375730993991782 0.375730993991782 0.375730993991782
-999 -999 0.275425744803269 0.275425744803269 0.275425744803269 0.27542574480327 0.27542574480327 0.275425744803269
-999 -999 0.0677740450085117 0.0677740450085119 0.0677740450085116 0.0677740450085115 0.0677740450085106 0.0677740450085115
-999 -999 0.0790928424850134 0.0790928424850132 0.0790928424850127 0.0790928424850132 0.0790928424850133 0.079092842485013
-999 -999 0.0103204561463487 0.0103204561463491 0.0103204561463483 0.0103204561463488 0.0103204561463486 0.0103204561463493
-999 -999 0.474667000876965 0.474667000876966 0.474667000876965 0.474667000876966 0.474667000876965 0.474667000876965
-999 -999 0.0105768013231377 0.0105768013231378 0.0105768013231381 0.0105768013231373 0.010576801323138 0.0105768013231384
-999 -999 0.0117030578363327 0.0117030578363321 0.0117030578363317 0.0117030578363314 0.0117030578363316 0.0117030578363324

# Duration of outbreak (days) based on incidence
0
0
0
0
0
0
0
0
0
0
0
0
0
0
0
0
0
0
0
0
0
0
0
0
0
0
0
0
0
0
0
0
0
0
0
0
0
0
0
0
0
0
0
0
0
0
0
0
0
0

# Duration of outbreak (days) based on prevalence
8
13
0
0
0
0
0
0
0
0
0
0
0
0
0
0
0
14
0
13
0
0
3
0
0
0
0
0
0
0
0
0
0
0
0
0
0
0
0
0
0
0
0
0
0
0
0
0
0
0

# Peak (point) prevalence
0.117884678001642
0.164437857671759
0.0735322062636169
0.000327063484652488
0.0997353403050126
0.0222428927037147
0.0370450050753102
4.70993304131355e-05
0.000142956247329921
0.0651907173514821
0.0278578542808667
0.000396561775680178
0.000507433378295104
0.0442465117380134
0.000700860863799161
9.96080211081315e-05
0.00035462990586964
0.116241990220644
0.0449622716756875
0.132050821022548
0.0887493696562976
0.00130784718080575
0.100803734171157
6.11288416678207e-05
0.000111091854372782
0.0642415765418954
5.14175801470742e-05
0.000125051225993984
5.93440901329948e-05
0.0529026961654214
0.0152527813572033
6.09765896450266e-05
5.28480254236667e-05
0.00216112697962843
0.00407883557389569
0.00264392676131485
0.0277145548692977
0.00461640967778777
0.000628933140699707
0.0291756325573729
0.00658633269960665
0.0488756430274117
0.037320608181756
0.0417326691657018
0.00607985280790926
0.00666865970406405
0.000686276586708697
0.0851809095865877
0.000837541220860202
0.00076936802128906

# Day of peak prevalence
31
27
47
119
45
61
67
50
69
57
74
117
112
65
119
51
78
56
61
41
57
119
63
82
78
81
50
79
35
85
118
53
57
119
119
119
113
119
119
96
119
90
82
115
119
119
119
91
119
119

# Total immunity
0.156858417927848
0.199952048274254
0.245464083685749
0.285395218231695
0.241218035053369
0.352779301896044
0.297412121293066
0.319777815979474
0.280356328688056
0.213457765241317
0.294258514183342
0.347476045940602
0.319588015542352
0.246393243950109
0.238425441637805
0.145250067224663
0.0937235186686136
0.0698658229142853
0.114518750193254
0.158526209039962
0.261658388602535
0.290804163124623
0.249147308095725
0.368861366887968
0.348241613790676
0.331512887790326
0.304696693558893
0.258910308102841
0.230995703326549
0.19421972120663
0.226284616813497
0.209437732756651
0.145629560431915
0.114026735029341
0.100429295931677
0.0722789524995378
0.070075440054956
0.112829397370952
0.0616502052812999
0.0600307159582113
0.0813402712363229
0.0616904447034316
0.106164106702029
0.146967432804
0.140759604676909
0.118354641452291
0.103843822451393
0.04766130706933
0.0345966104001879
0.0326344915522071

# Observed immunity (based on survey selectivity)
0.439372464525504
0.488654061913036
0.631618022471017
0.685696508602792
0.502400305681792
0.590370406742331
0.609647184302451
0.682056369873442
0.586220520553017
0.456132645330975
0.557003652299291
0.612199108096571
0.496360980363642
0.415635372987953
0.58388594425113
0.528080642297427
0.425539180237969
0.291106878927615
0.394177005490244
0.39818238599161
0.531505460418924
0.589820195280682
0.484446943721051
0.657301817496301
0.52799070631052
0.42791999373817
0.608767649489192
0.573943086031425
0.523652577128199
0.384385215939891
0.436506054804435
0.435508001681719
0.36828150614207
0.295132661312147
0.238449913056901
0.192802690868473
0.155509546253197
0.23659157806736
0.189215099621426
0.15439122782428
0.297267059308375
0.206966511322351
0.329263290009589
0.391654811705504
0.342834135805477
0.284817055739477
0.267514614034079
0.213060652732938
0.389652637423301
0.278085083388124

# True total proportion of susceptible
1 1 1 0.999703987808634 0.996807219299821 0.991885253422443 0.963202836178453 0.190721209214944
1 1 1 0.970223454721501 0.686196960281672 0.369422586473212 0.330427697728554 0.0604337472763525
1 1 1 0.974399626246795 0.677786433128121 0.197334796160124 0.0789945120355525 0.0130353425859848
1 1 1 0.978453819284385 0.73244164973443 0.280223845660122 0.0640909563386836 0.00735667078720583
1 1 1 0.999529680895633 0.973820493252065 0.725504356936495 0.277176144267999 0.0285949178331118
1 1 1 0.971913624145256 0.700684980522907 0.381107836290787 0.247714663307076 0.0347988536984727
1 1 1 0.984664894347882 0.814233821070814 0.460091074303981 0.234360439626152 0.0381182819192107
1 1 1 0.979455294033472 0.771818709185704 0.454464040064728 0.235666419833344 0.0374119615515109
1 1 1 0.999886470860584 0.978327920334108 0.770007366741653 0.453224259368712 0.0965534598637912
1 1 1 0.999732978385644 0.997215011189654 0.973321360802425 0.76556412528305 0.182008507911366
1 1 1 0.9793271822715 0.776929666769542 0.539020263820039 0.495862138852728 0.109412008611485
1 1 1 0.982631147564123 0.802435417036711 0.492662714312951 0.324401698794594 0.0990117379392306
1 1 1 0.999564936098992 0.978314958094327 0.795254984318811 0.487494274940542 0.116189524733928
1 1 1 0.999379229105489 0.993351596559974 0.966680656592443 0.784816337752916 0.22925032264242
1 1 1 0.98352015175665 0.823197635905558 0.63518744518613 0.594080995756052 0.180006642824321
1 1 1 0.999537182584536 0.978919423763425 0.81532336192732 0.628272347896715 0.227994791797475
1 1 1 0.999843477836849 0.99797194306011 0.975983995704176 0.812598711223256 0.32321200779723
1 1 1 0.999507666340312 0.994917790306858 0.988621640485532 0.966315335570186 0.375093440255072
1 1 1 0.97878695853463 0.763301854922858 0.490236540655082 0.452322316172553 0.169894151916123
1 1 1 0.980033462358876 0.776298538228833 0.446305011398549 0.269765005239071 0.103714386824071
1 1 1 0.971481334050485 0.679052517883162 0.279072448288651 0.135785989856133 0.0409397564749432
1 1 1 0.980718639564797 0.750827525042154 0.298973413250683 0.0978816619859387 0.0246052642794404
1 1 1 0.998662001220079 0.967497738130907 0.730537541798024 0.289639213616573 0.0514275051166586
1 1 1 0.979097427997437 0.760597361666871 0.453411832740877 0.289760212586298 0.0440320793687419
1 1 1 0.999923081588705 0.978330466942968 0.75936380169631 0.452548512225897 0.104477290572021
1 1 1 0.999819873301796 0.998121972965312 0.974969716170208 0.756519195852458 0.178903700354582
1 1 1 0.983485450338455 0.817742142313919 0.613022550182879 0.57051089452644 0.134757336302084
1 1 1 0.99990033909655 0.982496338821826 0.816127752522399 0.61169842877011 0.194421975318616
1 1 1 0.999864443463061 0.998544609246818 0.9799475752078 0.813759341394647 0.283975861822488
1 1 1 0.999879473381883 0.998659214176684 0.996256752877708 0.977570739952024 0.374395248839628
1 1 1 0.987715432550245 0.862981283895903 0.705075050427159 0.683002643941247 0.236006583749831
1 1 1 0.994513660753861 0.931747692471503 0.762067607324101 0.61218885986509 0.220055128743504
1 1 1 0.999906622774369 0.993581975087283 0.930064853509831 0.760560935167601 0.238529467037755
1 1 1 0.999941473203509 0.999321423031189 0.992474500730254 0.928948175280684 0.451152325092429
1 1 1 0.999397827721613 0.993898606651365 0.987801541494545 0.980369254121611 0.521690916456109
1 1 1 0.998594458176845 0.985310070774421 0.967171657788338 0.959792346536571 0.559901310021315
1 1 1 0.999176898093495 0.99034011990807 0.969678746039089 0.95086931171531 0.618068644038781
1 1 1 0.992346820462758 0.920493277826921 0.837332699276059 0.810353640855587 0.568140506551923
1 1 1 0.998939653955682 0.981718833380614 0.900890646561599 0.817698822375296 0.600331444998044
1 1 1 0.999610906793486 0.995050258355471 0.974429763858519 0.893741202164949 0.661169363695385
1 1 1 0.988882080362446 0.885006232921473 0.77109907933005 0.74164944682114 0.532764363198376
1 1 1 0.998527696609036 0.974183725847944 0.858898206958834 0.746148681975951 0.544603104166487
1 1 1 0.985512957371672 0.846070744308135 0.67369619685159 0.570006151621117 0.396067095412399
1 1 1 0.984525609238149 0.826205778850029 0.568092804092025 0.432709619079992 0.258977597789915
1 1 1 0.991463760253374 0.894598754302244 0.660073531158136 0.431798008201287 0.207411150149377
1 1 1 0.997274526752709 0.964156973400248 0.846026789150978 0.619712650939965 0.296572827538104
1 1 1 0.996847851705605 0.965517319241936 0.904661961500068 0.789007668527371 0.29167727348987
1 1 1 0.999538742929804 0.992244073179249 0.95699434144928 0.896165079358898 0.497332814495853
1 1 1 0.983317370659711 0.81875944089962 0.619172582326273 0.570235841196273 0.348027037115711
1 1 1 0.999611961530588 0.979463604097803 0.812225981988041 0.613557622028623 0.389577414281273

# True vulnerable proportion of susceptible
0 0 0.05 0.499851993904317 0.94696685833483 0.991885253422443 0.963202836178453 0.190721209214944
0 0 0.05 0.48511172736075 0.651887112267588 0.369422586473212 0.330427697728554 0.0604337472763525
0 0 0.05 0.487199813123397 0.643897111471715 0.197334796160124 0.0789945120355525 0.0130353425859848
0 0 0.05 0.489226909642192 0.695819567247709 0.280223845660122 0.0640909563386836 0.00735667078720583
0 0 0.05 0.499764840447816 0.925129468589462 0.725504356936495 0.277176144267999 0.0285949178331118
0 0 0.05 0.485956812072628 0.665650731496762 0.381107836290787 0.247714663307076 0.0347988536984727
0 0 0.05 0.492332447173941 0.773522130017273 0.460091074303981 0.234360439626152 0.0381182819192107
0 0 0.05 0.489727647016736 0.733227773726419 0.454464040064728 0.235666419833344 0.0374119615515109
0 0 0.05 0.499943235430292 0.929411524317403 0.770007366741653 0.453224259368712 0.0965534598637912
0 0 0.05 0.499866489192822 0.947354260630172 0.973321360802425 0.76556412528305 0.182008507911366
0 0 0.05 0.48966359113575 0.738083183431065 0.539020263820039 0.495862138852728 0.109412008611485
0 0 0.05 0.491315573782061 0.762313646184875 0.492662714312951 0.324401698794594 0.0990117379392306
0 0 0.05 0.499782468049496 0.92939921018961 0.795254984318811 0.487494274940542 0.116189524733928
0 0 0.05 0.499689614552745 0.943684016731975 0.966680656592443 0.784816337752916 0.22925032264242
0 0 0.05 0.491760075878325 0.78203775411028 0.63518744518613 0.594080995756052 0.180006642824321
0 0 0.05 0.499768591292268 0.929973452575254 0.81532336192732 0.628272347896715 0.227994791797475
0 0 0.05 0.499921738918425 0.948073345907104 0.975983995704176 0.812598711223256 0.32321200779723
0 0 0.05 0.499753833170156 0.945171900791515 0.988621640485532 0.966315335570186 0.375093440255072
0 0 0.05 0.489393479267315 0.725136762176715 0.490236540655082 0.452322316172553 0.169894151916123
0 0 0.05 0.490016731179438 0.737483611317391 0.446305011398549 0.269765005239071 0.103714386824071
0 0 0.05 0.485740667025243 0.645099891989004 0.279072448288651 0.135785989856133 0.0409397564749432
0 0 0.05 0.490359319782398 0.713286148790046 0.298973413250683 0.0978816619859387 0.0246052642794404
0 0 0.05 0.49933100061004 0.919122851224361 0.730537541798024 0.289639213616573 0.0514275051166586
0 0 0.05 0.489548713998718 0.722567493583527 0.453411832740877 0.289760212586298 0.0440320793687419
0 0 0.05 0.499961540794353 0.92941394359582 0.75936380169631 0.452548512225897 0.104477290572021
0 0 0.05 0.499909936650898 0.948215874317046 0.974969716170208 0.756519195852458 0.178903700354582
0 0 0.05 0.491742725169228 0.776855035198223 0.613022550182879 0.57051089452644 0.134757336302084
0 0 0.05 0.499950169548275 0.933371521880735 0.816127752522399 0.61169842877011 0.194421975318616
0 0 0.05 0.499932221731531 0.948617378784477 0.9799475752078 0.813759341394647 0.283975861822488
0 0 0.05 0.499939736690941 0.94872625346785 0.996256752877708 0.977570739952024 0.374395248839628
0 0 0.05 0.493857716275122 0.819832219701107 0.705075050427159 0.683002643941247 0.236006583749831
0 0 0.05 0.497256830376931 0.885160307847928 0.762067607324101 0.61218885986509 0.220055128743504
0 0 0.05 0.499953311387184 0.943902876332919 0.930064853509831 0.760560935167601 0.238529467037755
0 0 0.05 0.499970736601755 0.949355351879629 0.992474500730254 0.928948175280684 0.451152325092429
0 0 0.05 0.499698913860807 0.944203676318796 0.987801541494545 0.980369254121611 0.521690916456109
0 0 0.05 0.499297229088422 0.9360445672357 0.967171657788338 0.959792346536571 0.559901310021315
0 0 0.05 0.499588449046747 0.940823113912666 0.969678746039089 0.95086931171531 0.618068644038781
0 0 0.05 0.496173410231379 0.874468613935575 0.837332699276059 0.810353640855587 0.568140506551923
0 0 0.05 0.499469826977841 0.932632891711583 0.900890646561599 0.817698822375296 0.600331444998044
0 0 0.05 0.499805453396743 0.945297745437698 0.974429763858519 0.893741202164949 0.661169363695385
0 0 0.05 0.494441040181223 0.8407559212754 0.77109907933005 0.74164944682114 0.532764363198376
0 0 0.05 0.499263848304518 0.925474539555547 0.858898206958834 0.746148681975951 0.544603104166487
0 0 0.05 0.492756478685836 0.803767207092728 0.67369619685159 0.570006151621117 0.396067095412399
0 0 0.05 0.492262804619075 0.784895489907527 0.568092804092025 0.432709619079992 0.258977597789915
0 0 0.05 0.495731880126687 0.849868816587132 0.660073531158136 0.431798008201287 0.207411150149377
0 0 0.05 0.498637263376355 0.915949124730236 0.846026789150978 0.619712650939965 0.296572827538104
0 0 0.05 0.498423925852802 0.917241453279839 0.904661961500068 0.789007668527371 0.29167727348987
0 0 0.05 0.499769371464902 0.942631869520287 0.95699434144928 0.896165079358898 0.497332814495853
0 0 0.05 0.491658685329856 0.777821468854639 0.619172582326273 0.570235841196273 0.348027037115711
0 0 0.05 0.499805980765294 0.930490423892913 0.812225981988041 0.613557622028623 0.389577414281273

# True survival by age
0.778267540515681 0.778267540515681 0.773928757110708 0.734892707640089 0.696095561242179 0.692200362100162 0.694704592704691 0.762149122056008
0.778267540515681 0.778267540515681 0.766356840285147 0.662723011378578 0.62314623408322 0.690602157509831 0.699912079851177 0.764372392273222
0.778267540515681 0.778267540515681 0.767878518309154 0.677050598173319 0.644650130705611 0.737693244171806 0.762345145041294 0.776085342800096
0.778267540515681 0.778267540515681 0.778214652391667 0.77776154398679 0.777674202182903 0.778354945521748 0.778698814037104 0.778789078571131
0.778267540515681 0.778267540515681 0.773067777617604 0.726294617807366 0.682072422808986 0.702964900522093 0.749827976331913 0.77581179918789
0.778267540515681 0.778267540515681 0.77421742470291 0.73891888998854 0.724507896953279 0.747726942672126 0.758603229572945 0.775963439089109
0.778267540515681 0.778267540515681 0.774254793204277 0.738763603772335 0.716287621996945 0.741630858502796 0.759867227631433 0.775721276115598
0.778267540515681 0.778267540515681 0.7782615140931 0.778219469712189 0.778300841682114 0.778503667658129 0.778646711198711 0.778776324215611
0.778267540515681 0.778267540515681 0.778222127431139 0.777813521765914 0.77743494810827 0.777690814182363 0.778147458376878 0.778661600848987
0.778267540515681 0.778267540515681 0.772063433392719 0.716243177980345 0.660719279263352 0.657509966951723 0.683399714845613 0.756119722782028
0.778267540515681 0.778267540515681 0.775276331184255 0.748984838080545 0.734231264997328 0.746266905669013 0.748871819140453 0.772196955509728
0.778267540515681 0.778267540515681 0.778157687289603 0.777197350310903 0.776698038092495 0.777455662575806 0.777915066817304 0.778530450622573
0.778267540515681 0.778267540515681 0.77816374712362 0.777230290157244 0.776349793970771 0.776725875023604 0.777528856690211 0.778497631774402
0.778267540515681 0.778267540515681 0.772688783434655 0.722514932027121 0.672979407915444 0.670427776646409 0.690816291570818 0.753099899828079
0.778267540515681 0.778267540515681 0.778122571674049 0.776850530500857 0.776094396913651 0.776620426331811 0.776761529127113 0.778182888779208
0.778267540515681 0.778267540515681 0.778249823948355 0.778090703631728 0.777949262830363 0.778077123333478 0.778243144931916 0.778598420844357
0.778267540515681 0.778267540515681 0.778216412252258 0.777756421372794 0.777299155086472 0.777282339534611 0.777536535638563 0.778297927300801
0.778267540515681 0.778267540515681 0.769530300703899 0.69093842130365 0.613106379354717 0.605517120820416 0.609426926198661 0.713055140499994
0.778267540515681 0.778267540515681 0.775517138250393 0.751358273532248 0.738505402172808 0.751572414246662 0.753678219102691 0.769364643073846
0.778267540515681 0.778267540515681 0.772434625424864 0.721113667802257 0.692353241941209 0.726497609524617 0.747186605489898 0.766646333905887
0.778267540515681 0.778267540515681 0.76665483078597 0.66546744048039 0.628611527524571 0.713836223055127 0.747191510491924 0.769270522084055
0.778267540515681 0.778267540515681 0.77804825307646 0.776127229366931 0.77527211602304 0.777330135440687 0.778319304023733 0.778679749989488
0.778267540515681 0.778267540515681 0.767810912599274 0.67384188438344 0.586066358810457 0.625632044294589 0.71807334538111 0.768018194023657
0.778267540515681 0.778267540515681 0.778268116712484 0.778284328184675 0.778403527011987 0.778564229675886 0.778649609773259 0.778777810715731
0.778267540515681 0.778267540515681 0.778270859876485 0.778300772586691 0.77834079683717 0.778446270025849 0.778589508382022 0.778752007290426
0.778267540515681 0.778267540515681 0.770301451576884 0.698621096231916 0.627197102199846 0.622946978295295 0.6578673908806 0.750202128234907
0.778267540515681 0.778267540515681 0.778277344102631 0.778372763627616 0.778517047479219 0.77859408975749 0.778608423447148 0.778755346830262
0.778267540515681 0.778267540515681 0.778253894629229 0.77813114839421 0.7780221405766 0.778142853290026 0.778307656091876 0.778644047796414
0.778267540515681 0.778267540515681 0.77826538879044 0.778246098464596 0.778227493312818 0.778236061763291 0.778331832230167 0.77863713429649
0.778267540515681 0.778267540515681 0.769489348022708 0.690496259914418 0.611706221958185 0.603362865590652 0.606653418135697 0.712870868336685
0.778267540515681 0.778267540515681 0.776044929709528 0.756321021231927 0.741897245711246 0.74708265852498 0.748075595854893 0.768183918650205
0.778267540515681 0.778267540515681 0.778276183519191 0.778356421915853 0.77845694442354 0.778526147252945 0.77858016092848 0.778721479057154
0.778267540515681 0.778267540515681 0.778277269800235 0.778364874068995 0.778454632873191 0.778485810224198 0.778543213889728 0.778720003429968
0.778267540515681 0.778267540515681 0.777963865619893 0.775231000497975 0.772501994610855 0.772243761620529 0.77266346356588 0.775820136746418
0.778267540515681 0.778267540515681 0.778030737600994 0.77590125843421 0.77379899038607 0.773595759569722 0.773634922527891 0.776051836682172
0.778267540515681 0.778267540515681 0.777968253757608 0.775279629030219 0.772672458932283 0.772495812585588 0.772543918151204 0.77515079890755
0.778267540515681 0.778267540515681 0.775867190034875 0.754284231951155 0.733106587298154 0.731732332212989 0.732645346898275 0.748799575230251
0.778267540515681 0.778267540515681 0.777809711936146 0.773728374164516 0.770302802416096 0.770687184836704 0.770948606898642 0.773295607153865
0.778267540515681 0.778267540515681 0.778235657697103 0.777949615819743 0.777682589505969 0.77774593117975 0.777843340397447 0.778097855626443
0.778267540515681 0.778267540515681 0.775667829171632 0.752280749856477 0.729120154482202 0.727616453432115 0.731854819390365 0.744071229527412
0.778267540515681 0.778267540515681 0.777842125247867 0.774066613713032 0.771175451977632 0.771828853800751 0.77209512406407 0.773983768555744
0.778267540515681 0.778267540515681 0.77390829280664 0.734740029871941 0.697593851525035 0.703459781176736 0.713349966191134 0.731029180836802
0.778267540515681 0.778267540515681 0.774877233352581 0.744863349236266 0.723849267751958 0.732760798750829 0.739846912757291 0.751733801028308
0.778267540515681 0.778267540515681 0.773472308231116 0.731065502255368 0.703085091126068 0.724015112716446 0.73707118118316 0.75382553043726
0.778267540515681 0.778267540515681 0.77760607960038 0.771713947138537 0.767080644839214 0.769716546932975 0.77285817988336 0.775946295235184
0.778267540515681 0.778267540515681 0.777470887818716 0.770324179440487 0.763692786732821 0.764869855118523 0.768596410819317 0.773917326960795
0.778267540515681 0.778267540515681 0.778228964286091 0.777884675059356 0.777578253810672 0.777620409864424 0.777771311786364 0.778420212147272
0.778267540515681 0.778267540515681 0.771629210413807 0.711915105225785 0.65312164601749 0.651233586079655 0.65934211726302 0.712506396188012
0.778267540515681 0.778267540515681 0.778161787968464 0.777236553236892 0.776719053662396 0.777161032346218 0.777290631199666 0.777879105331166
0.778267540515681 0.778267540515681 0.778214040531226 0.777732955190275 0.777282866931639 0.777498588064735 0.777817101572131 0.778176196103196

# True Numbers-at-age
287.7899428567 178.490360311834 415.247978278408 310.117151457274 74.6713063813521 8.93906348021043 3.54174122995464 306.638321079046
493.399395828903 223.977571012232 138.913253725649 321.372351721743 227.902833120068 51.978364924214 6.18762297783799 236.164591097744
392.486838489125 383.996734283684 174.314473322366 106.457122198917 212.980852706849 142.016792195667 35.8963709604955 184.848485535363
138.527782881087 305.459766475706 298.852193957016 133.852339494619 72.0768582645868 137.298134535263 104.764828161695 170.823624389126
200.292844509474 107.811676875954 237.729421181542 232.571156236746 104.105202231579 56.0523132467627 106.866682026432 214.615820478501
91.8014727424038 155.881419479278 83.9063286011197 183.780955307134 168.915179031985 71.0072875131126 39.4028088055438 246.633113740796
372.371702278236 71.4461064069479 121.317448950231 64.961741645835 135.799219496581 122.38038112395 53.0940619996203 221.269377145694
173.929958758023 289.80480888972 55.604185512757 93.9306163490314 47.9913703656044 97.2713000022471 90.7610671168543 211.987801300104
117.616262736738 135.364041224601 225.545675844219 43.2745976070718 73.0986344448823 37.351723949028 75.7260638096236 235.761887090469
234.513988292322 91.5369195247673 105.349439438133 175.524635688382 33.6595671677594 56.8294330764424 29.0480926090344 242.504772507386
91.2837596923987 182.514624884789 71.2402132249224 81.3364499186033 125.718322879289 22.2395249593983 37.3659186639768 203.214099567427
60.8402674027696 71.0431871448276 142.045208217227 55.2308511418019 60.9197677723315 92.306323241003 16.596621474999 184.903592486364
50.2188087321358 47.3500052758698 55.2906065296002 110.533570716887 42.9252711628243 47.3162641098202 71.7640736952705 156.863839083807
142.712649049796 39.0836687595867 36.8509721494557 43.0251455578114 85.9100392404024 33.3250254233981 36.7517666435481 177.9167654095
259.070664937687 111.068622376462 30.4175507598531 28.4743328385473 31.0863101181591 57.8156873419986 22.3420227012939 159.377817349002
356.042452763461 201.626289220816 86.4411035653939 23.6685828212828 22.1203005712834 24.1259111034234 44.9008437522097 141.379514029221
388.9658473554 277.096284031389 156.919196215188 67.2727736316693 18.4163042613778 17.208471523016 18.7718195091509 145.021640214711
305.579615553646 302.719493365885 215.655043459143 122.117093892091 52.3218316755892 14.3149777421843 13.3758410052246 127.465817501649
243.765867192554 237.822695828663 235.59675556802 165.953090441427 84.3753920679912 32.0788487798275 8.6679641070558 99.0417540767212
144.063602420306 189.715061921621 185.089684561383 182.709321659188 124.690227521412 62.3116828526602 24.1095778237085 82.7320795260961
115.538283421619 112.120025533481 147.64907464052 142.969681164178 131.75418908332 86.3296832628364 45.2692886379138 81.4405990789832
177.002250712716 89.919695673947 87.2593765144973 113.195876334233 95.1416677906228 82.8222020574268 61.6252550378885 96.4746803285853
119.074519357228 137.755106327925 69.9815803960812 67.8920054616457 87.8544018750499 73.7606821099973 64.3801935427955 123.087005569953
24.9393107102285 92.6718333182363 107.21032779531 53.7326211090545 45.7484768948461 51.4885094123811 46.1470463370409 140.762760679174
26.5063666166305 19.4094560086059 72.1234797916628 83.4383799053843 41.8192569214622 35.6107757703746 40.0871116678101 145.555294214555
19.6312899168704 20.629044754732 15.105749590565 56.1316026347417 64.9401555437424 32.5496337553893 27.721075571175 144.562882107228
194.273186877998 15.278395720753 16.0549159244532 11.6359808367691 39.2147217659375 40.7302773734425 20.2766959925383 126.688173479028
64.6226219435286 151.196515339683 11.8906794606158 12.4951773254745 9.05713056143397 30.5293294069367 31.7123532371456 114.44669877642
41.0262736601103 50.2936890416646 117.671340127956 9.253967600012 9.72288668166073 7.0466481068886 23.7561794937449 113.795208109369
55.8538649199057 31.9294170979773 39.1419456739168 91.5795312741761 7.20186418002712 7.56661773003342 5.48395567133673 107.095365451107
70.7386913167454 43.4692500795101 24.8496289149421 30.1193102569625 63.2353238295341 4.40542512862038 4.565416156422 79.6720266168862
62.1851607981995 55.0536273103814 33.8307063474414 19.2844285246041 22.7798674923471 46.9141125807901 3.29121671702246 64.618046024904
106.033748435447 48.3966921509869 42.8464511233174 26.3296330218451 15.0101587851029 17.7331460424657 36.5238633193134 52.8819364154864
75.4609194968029 82.5226246065136 37.6655745694431 33.3464190008847 20.4940614913313 11.6847276464255 13.8050025646929 69.6156276391383
45.8229221874746 58.7287842218286 64.2246800894102 29.3024559928383 25.8511777650805 15.831703379731 9.02345803118705 64.6758268508555
126.111641503063 35.6624929500873 45.7067064537986 49.9687752221517 22.7358124800563 20.0036152549101 12.2473386013255 57.1726564714356
30.303773664195 98.1485970629843 27.7549606769222 35.5583666048733 38.7397735173241 17.5673361347884 15.4527090209913 53.7790372894927
39.2074121051875 23.5844433979769 76.3858672412733 21.5341633499321 26.8211152439945 28.4003831559889 12.8545878406782 51.5910756398662
209.481854288292 30.513856189089 18.3550067577747 59.4136693949275 16.6615931977361 20.660380236374 21.8878113427728 49.8053787486784
20.605744763641 163.032927519613 23.7479438079315 14.2845207561716 46.2208412802251 12.9574309433104 16.0685266654664 55.778746691861
179.968750767036 16.0367822976927 126.883235523761 18.4205160207881 10.7459699857932 33.7005469345351 9.42803994856306 53.2631893131353
144.065961625481 140.063837029141 12.4809071166107 98.6951255781278 14.2587064590581 8.28702826073212 26.0110545129406 48.5041876636453
94.8123448792621 112.12186162629 109.007137959859 9.65907751929447 72.5152595154886 9.94678595653923 5.82959108690004 54.0129614323111
68.8582886830343 73.7893704597078 87.260805485932 84.4671494780182 7.1946928315544 52.4901175011296 7.28861482251722 44.916373770587
114.304459979663 53.5901709774638 57.4278718638772 67.4938166373103 61.7510190572267 5.05848126509749 38.0036383390799 39.2313372193528
107.943280173826 88.9594509383456 41.7074905624456 44.6562622998626 52.0859196446233 47.368011517896 3.89359673209599 59.8128335281658
113.340251220922 84.0087511760784 69.2342530874116 32.4263597162753 34.3997986130208 39.7776411229442 36.2303641069457 49.2827927155359
441.025262229556 88.2090385591361 65.3812841596003 53.8801010733374 25.2239682912526 26.7485353369515 30.9319055934638 66.5416597787942
1298.41555741861 343.23564614068 68.6502314906717 50.4501086719132 38.3580578252009 16.4743196894759 17.4195445898613 67.8060663303318
109.037952673263 1010.51468243948 267.129162139217 53.42098688123 39.2116685745844 29.7934343743175 12.8031992970747 66.2849710225282

