# Simulated data from SIR age-structured hybrid model
# random seed = 4457620
# Flag=0 if no issues, =1 if negative pop #'s, =2 if NaN, or=3 if NA. Flag:
0

# Number of years (nyr)
50

# Starting age
0

# Ending age
8

# Sample size for comp data
20

# Sample size for fishery age comp data
20

# Sample size for antibody prevalence data
20

# Survey data
4337.4475136407
4523.02262714336
8207.09667348137
6714.29517004416
9210.92233652957
10679.9906895669
15973.9099394132
30528.6255729378
37877.8098831627
27143.5920842867
27597.9652118676
31238.7519724969
40939.9041283807
37027.8356996092
23091.3984362996
49865.8785468594
15996.7723399541
24638.2113990971
9878.43605309885
12675.8654818788
21445.3376823271
36807.6971714968
39175.9320725948
43560.213560753
53081.6334904832
55484.1995756807
40495.1685555666
29371.2658743789
21558.6465697376
33627.0223840405
51997.7397714687
28677.9919061812
73283.8568612748
54521.1210050154
65247.3359233108
41394.4748363748
33010.1877052041
33349.9621208929
17128.8052996803
13963.9737295908
6824.25439799316
21477.4992500173
12981.1253014161
15546.4322937149
11708.9468861745
8099.39397779046
14343.6214625591
11511.0069311598
10481.3946569511
9493.20653884755

# Catches
0
0
0
0
0
0
0
0
0
0
0
0
0
0
0
0
0
0
0
0
0
0
0
0
0
0
0
0
0
0
0
0
0
0
0
0
0
0
0
0
0
0
0
0
0
0
0
0
0
0

# Catch compositions
-999 -999 -999 -999 -999 -999 -999 -999
-999 -999 -999 -999 -999 -999 -999 -999
-999 -999 -999 -999 -999 -999 -999 -999
-999 -999 -999 -999 -999 -999 -999 -999
-999 -999 -999 -999 -999 -999 -999 -999
-999 -999 -999 -999 -999 -999 -999 -999
-999 -999 -999 -999 -999 -999 -999 -999
-999 -999 -999 -999 -999 -999 -999 -999
-999 -999 -999 -999 -999 -999 -999 -999
-999 -999 -999 -999 -999 -999 -999 -999
-999 -999 -999 -999 -999 -999 -999 -999
-999 -999 -999 -999 -999 -999 -999 -999
-999 -999 -999 -999 -999 -999 -999 -999
-999 -999 -999 -999 -999 -999 -999 -999
-999 -999 -999 -999 -999 -999 -999 -999
-999 -999 -999 -999 -999 -999 -999 -999
-999 -999 -999 -999 -999 -999 -999 -999
-999 -999 -999 -999 -999 -999 -999 -999
-999 -999 -999 -999 -999 -999 -999 -999
-999 -999 -999 -999 -999 -999 -999 -999
-999 -999 -999 -999 -999 -999 -999 -999
-999 -999 -999 -999 -999 -999 -999 -999
-999 -999 -999 -999 -999 -999 -999 -999
-999 -999 -999 -999 -999 -999 -999 -999
-999 -999 -999 -999 -999 -999 -999 -999
-999 -999 -999 -999 -999 -999 -999 -999
-999 -999 -999 -999 -999 -999 -999 -999
-999 -999 -999 -999 -999 -999 -999 -999
-999 -999 -999 -999 -999 -999 -999 -999
-999 -999 -999 -999 -999 -999 -999 -999
-999 -999 -999 -999 -999 -999 -999 -999
-999 -999 -999 -999 -999 -999 -999 -999
-999 -999 -999 -999 -999 -999 -999 -999
-999 -999 -999 -999 -999 -999 -999 -999
-999 -999 -999 -999 -999 -999 -999 -999
-999 -999 -999 -999 -999 -999 -999 -999
-999 -999 -999 -999 -999 -999 -999 -999
-999 -999 -999 -999 -999 -999 -999 -999
-999 -999 -999 -999 -999 -999 -999 -999
-999 -999 -999 -999 -999 -999 -999 -999
-999 -999 -999 -999 -999 -999 -999 -999
-999 -999 -999 -999 -999 -999 -999 -999
-999 -999 -999 -999 -999 -999 -999 -999
-999 -999 -999 -999 -999 -999 -999 -999
-999 -999 -999 -999 -999 -999 -999 -999
-999 -999 -999 -999 -999 -999 -999 -999
-999 -999 -999 -999 -999 -999 -999 -999
-999 -999 -999 -999 -999 -999 -999 -999
-999 -999 -999 -999 -999 -999 -999 -999
-999 -999 -999 -999 -999 -999 -999 -999

# Age composition from fishery-independent survey
0 0 0 4 5 2 2 7
0 0 0 5 3 6 1 5
0 0 0 1 6 4 4 5
0 0 0 2 6 3 3 6
0 0 1 2 0 3 5 9
0 0 3 5 3 1 0 8
0 0 1 8 3 3 3 2
0 0 0 13 5 0 0 2
0 0 1 2 10 5 0 2
0 0 0 5 3 7 1 4
0 0 0 2 11 1 3 3
0 0 0 6 5 1 2 6
0 0 1 3 3 8 1 4
0 0 0 1 6 1 0 12
0 0 0 0 8 1 3 8
0 0 1 1 1 5 2 10
0 0 0 3 1 0 3 13
0 0 0 3 1 1 1 14
0 0 0 1 1 2 1 15
0 0 3 0 0 2 5 10
0 0 0 7 0 0 2 11
0 0 1 8 4 1 0 6
0 0 0 2 10 4 1 3
0 0 1 7 2 6 3 1
0 0 0 1 3 6 6 4
0 0 0 0 5 8 4 3
0 0 0 0 0 6 7 7
0 0 0 0 2 0 3 15
0 0 0 1 2 0 0 17
0 0 1 9 1 1 0 8
0 0 0 4 6 2 0 8
0 0 0 6 2 7 0 5
0 0 0 2 11 2 1 4
0 0 1 1 1 9 0 8
0 0 0 1 3 2 6 8
0 0 0 0 2 3 1 14
0 0 0 0 0 3 6 11
0 0 0 0 0 2 1 17
0 0 1 0 0 0 1 18
0 0 0 1 0 0 0 19
0 0 1 1 0 0 0 18
0 0 1 2 6 1 0 10
0 0 1 1 6 5 1 6
0 0 0 0 5 3 4 8
0 0 0 1 0 3 3 13
0 0 0 0 2 1 2 15
0 0 0 3 0 1 0 16
0 0 0 4 7 0 1 8
0 0 1 0 6 4 0 9
0 0 0 1 4 5 3 7

# Antibody prevalence values
0 0 0 0 0 0 0 3 0 7 0 0 0 2 2 6
0 0 0 0 0 0 0 2 0 6 0 4 0 1 2 5
0 0 0 0 0 0 0 1 0 3 0 5 1 1 2 7
0 0 0 0 0 1 0 3 0 2 0 3 0 2 1 8
0 0 0 0 0 0 0 3 0 6 0 4 0 2 0 5
0 0 0 0 0 5 0 4 0 2 0 1 0 2 0 6
0 0 0 0 0 1 0 9 1 4 0 1 0 0 1 3
0 0 0 0 0 1 0 10 2 4 2 1 0 0 0 0
0 0 0 0 0 1 0 4 1 8 4 1 1 0 0 0
0 0 0 0 0 1 1 6 1 3 5 0 1 0 2 0
0 0 0 0 0 0 0 5 0 8 2 0 4 0 1 0
0 0 0 0 0 1 0 5 2 6 1 0 2 0 3 0
0 0 0 0 0 0 0 1 2 4 1 1 1 1 9 0
0 0 0 0 0 0 0 4 0 1 0 3 1 2 9 0
0 0 0 0 0 0 0 0 1 4 0 1 0 1 13 0
0 0 0 0 0 0 0 2 0 0 0 3 2 1 12 0
0 0 0 0 0 0 0 4 0 1 0 1 2 3 7 2
0 0 0 0 0 0 0 0 0 2 0 0 0 0 11 7
0 0 0 0 0 0 0 1 0 2 1 2 0 0 11 3
0 0 0 0 0 1 0 0 0 3 0 3 1 2 5 5
0 0 0 0 0 3 0 3 0 2 0 1 0 2 8 1
0 0 0 0 0 0 0 9 3 6 0 0 0 0 2 0
0 0 0 0 0 0 0 2 6 3 4 1 1 0 3 0
0 0 0 0 0 1 0 0 3 2 8 0 2 0 4 0
0 0 0 0 0 0 0 6 2 5 1 0 4 0 2 0
0 0 0 0 0 0 0 0 1 8 3 1 0 0 7 0
0 0 0 0 0 0 1 0 0 0 1 5 2 1 10 0
0 0 0 0 0 0 0 1 0 0 0 0 4 4 11 0
0 0 0 0 0 1 0 0 0 2 0 2 0 0 12 3
0 0 0 0 0 0 0 11 0 0 0 2 0 0 4 3
0 0 0 0 0 3 0 7 1 4 0 0 1 0 4 0
0 0 0 0 0 0 0 4 1 5 4 0 1 0 5 0
0 0 0 0 0 0 0 1 1 7 3 0 5 0 3 0
0 0 0 0 0 0 0 1 0 3 9 2 3 0 2 0
0 0 0 0 0 1 0 3 0 3 1 1 6 0 5 0
0 0 0 0 0 0 0 1 0 3 0 3 0 0 13 0
0 0 0 0 0 0 0 2 0 2 0 3 0 4 9 0
0 0 0 0 0 0 0 0 0 1 0 1 0 5 10 3
0 0 0 0 0 0 0 1 0 0 0 0 0 1 13 5
0 0 0 0 0 0 0 2 0 0 0 0 0 0 11 7
0 0 0 0 0 0 0 2 0 3 0 0 0 0 9 6
0 0 0 0 0 0 0 2 0 6 0 2 0 0 6 4
0 0 0 0 0 0 0 4 1 6 0 3 0 0 6 0
0 0 0 0 0 0 0 0 0 1 2 4 1 5 5 2
0 0 0 0 0 0 0 0 0 0 1 3 0 2 6 8
0 0 0 0 0 1 0 1 0 1 1 0 0 3 5 8
0 0 0 0 0 0 0 3 0 0 0 1 0 1 9 6
0 0 0 0 0 0 0 1 2 11 0 0 0 0 4 2
0 0 0 0 0 1 0 1 0 3 3 3 1 0 5 3
0 0 0 0 0 0 0 0 0 3 0 4 0 7 6 0

# Average weight-at-age
70
94
115
134
150
160
165
168

# Maturity logistic function parameter age-at-50%
3

# Maturity logistic function parameter age-at-95%
4

# Infection prevalence index (avg of 3 different samples)
0
0
0
0
0
0
0.05
0.00555555555555556
0.111111111111111
0.0166666666666667
0.0555555555555556
0.00555555555555556
0
0.0222222222222222
0.00555555555555556
0
0
0
0
0
0.0388888888888889
0.0333333333333333
0.0777777777777778
0.0444444444444444
0.0277777777777778
0.0222222222222222
0
0
0
0.0833333333333333
0.0333333333333333
0
0.116666666666667
0
0.00555555555555556
0
0
0
0
0
0
0
0
0
0
0
0.00555555555555556
0
0
0

