# Simulated data from SIR age-structured hybrid model
# random seed = 1980661
# Flag=0 if no issues, =1 if negative pop #'s, =2 if NaN, or=3 if NA. Flag:
0

# Number of years (nyr)
50

# Starting age
0

# Ending age
8

# Sample size for comp data
20

# Sample size for fishery age comp data
20

# Sample size for antibody prevalence data
20

# Survey data
57122.16506697
54393.3394315017
102102.831894594
61701.2951253728
33315.7423348285
42867.5827674083
33352.0024798877
35376.6146041039
22813.3097440764
17723.5195075681
19202.7543968423
19327.3952886913
36180.4420064207
51769.8139793232
56201.1826277792
50240.8208935049
43191.8346356529
47172.4410744125
24044.2799118771
55137.9511915362
29278.5766322232
36395.772540984
16755.2275206316
20096.3425556469
12245.0410113689
21408.603147106
13111.1898118906
16337.2817207247
12575.7557812793
13878.0143568358
8072.58763446116
6908.57575647291
17771.0719011916
9934.47709269505
21243.7466607194
33312.9662682371
36969.9052625331
48606.1666628084
15513.8454199367
18245.2246638131
31207.6926014301
80670.7146176177
50997.054912843
61154.3897010717
52358.1413734737
47354.4802689293
28169.8414120979
34770.2576778313
29512.8232268561
43707.955436308

# Catches
0
0
0
0
0
0
0
0
0
0
0
0
0
0
0
0
0
0
0
0
0
0
0
0
0
0
0
0
0
0
0
0
0
0
0
0
0
0
0
0
0
0
0
0
0
0
0
0
0
0

# Catch compositions
-999 -999 -999 -999 -999 -999 -999 -999
-999 -999 -999 -999 -999 -999 -999 -999
-999 -999 -999 -999 -999 -999 -999 -999
-999 -999 -999 -999 -999 -999 -999 -999
-999 -999 -999 -999 -999 -999 -999 -999
-999 -999 -999 -999 -999 -999 -999 -999
-999 -999 -999 -999 -999 -999 -999 -999
-999 -999 -999 -999 -999 -999 -999 -999
-999 -999 -999 -999 -999 -999 -999 -999
-999 -999 -999 -999 -999 -999 -999 -999
-999 -999 -999 -999 -999 -999 -999 -999
-999 -999 -999 -999 -999 -999 -999 -999
-999 -999 -999 -999 -999 -999 -999 -999
-999 -999 -999 -999 -999 -999 -999 -999
-999 -999 -999 -999 -999 -999 -999 -999
-999 -999 -999 -999 -999 -999 -999 -999
-999 -999 -999 -999 -999 -999 -999 -999
-999 -999 -999 -999 -999 -999 -999 -999
-999 -999 -999 -999 -999 -999 -999 -999
-999 -999 -999 -999 -999 -999 -999 -999
-999 -999 -999 -999 -999 -999 -999 -999
-999 -999 -999 -999 -999 -999 -999 -999
-999 -999 -999 -999 -999 -999 -999 -999
-999 -999 -999 -999 -999 -999 -999 -999
-999 -999 -999 -999 -999 -999 -999 -999
-999 -999 -999 -999 -999 -999 -999 -999
-999 -999 -999 -999 -999 -999 -999 -999
-999 -999 -999 -999 -999 -999 -999 -999
-999 -999 -999 -999 -999 -999 -999 -999
-999 -999 -999 -999 -999 -999 -999 -999
-999 -999 -999 -999 -999 -999 -999 -999
-999 -999 -999 -999 -999 -999 -999 -999
-999 -999 -999 -999 -999 -999 -999 -999
-999 -999 -999 -999 -999 -999 -999 -999
-999 -999 -999 -999 -999 -999 -999 -999
-999 -999 -999 -999 -999 -999 -999 -999
-999 -999 -999 -999 -999 -999 -999 -999
-999 -999 -999 -999 -999 -999 -999 -999
-999 -999 -999 -999 -999 -999 -999 -999
-999 -999 -999 -999 -999 -999 -999 -999
-999 -999 -999 -999 -999 -999 -999 -999
-999 -999 -999 -999 -999 -999 -999 -999
-999 -999 -999 -999 -999 -999 -999 -999
-999 -999 -999 -999 -999 -999 -999 -999
-999 -999 -999 -999 -999 -999 -999 -999
-999 -999 -999 -999 -999 -999 -999 -999
-999 -999 -999 -999 -999 -999 -999 -999
-999 -999 -999 -999 -999 -999 -999 -999
-999 -999 -999 -999 -999 -999 -999 -999
-999 -999 -999 -999 -999 -999 -999 -999

# Age composition from fishery-independent survey
0 0 0 1 4 10 1 4
0 0 0 2 4 2 3 9
0 0 0 5 1 0 3 11
0 0 0 3 5 5 0 7
0 0 0 3 2 5 0 10
0 0 0 2 2 1 6 9
0 0 0 1 1 3 3 12
0 0 0 0 2 0 3 15
0 0 0 0 1 1 0 18
0 0 0 1 0 1 1 17
0 0 0 1 0 0 4 15
0 0 3 4 3 0 0 10
0 0 1 7 6 1 0 5
0 0 0 5 6 1 1 7
0 0 0 2 10 8 0 0
0 0 2 1 4 2 5 6
0 0 0 2 1 2 6 9
0 0 0 1 9 2 1 7
0 0 0 0 0 11 0 9
0 0 0 3 1 3 5 8
0 0 0 3 3 0 2 12
0 0 0 2 4 2 0 12
0 0 0 1 5 1 3 10
0 0 0 1 2 2 1 14
0 0 0 2 2 0 1 15
0 0 0 1 3 1 1 14
0 0 0 6 1 1 1 11
0 0 0 2 8 0 1 9
0 0 0 3 5 2 1 9
0 0 0 1 0 1 4 14
0 0 0 1 0 3 2 14
0 0 0 6 6 0 1 7
0 0 0 2 7 3 0 8
0 0 1 8 5 4 1 1
0 0 0 4 3 7 1 5
0 0 0 7 8 1 1 3
0 0 0 1 8 7 1 3
0 0 0 0 2 7 4 7
0 0 0 0 2 0 12 6
0 0 4 2 1 2 0 11
0 0 0 6 6 0 1 7
0 0 1 5 10 1 0 3
0 0 0 7 2 7 1 3
0 0 0 1 10 4 2 3
0 0 0 0 1 7 3 9
0 0 0 2 2 1 3 12
0 0 0 7 1 0 0 12
0 0 0 1 5 2 0 12
0 0 2 1 2 2 1 12
0 0 0 3 3 0 2 12

# Antibody prevalence values
0 0 0 0 0 0 0 3 0 2 3 3 3 0 6 0
0 0 0 0 0 0 0 4 0 2 0 1 3 0 10 0
0 0 0 0 0 0 0 3 0 1 1 1 0 0 14 0
0 0 0 0 0 0 0 2 2 4 1 0 0 1 10 0
0 0 0 0 0 0 0 2 1 3 2 3 2 0 7 0
0 0 0 0 0 0 0 0 0 2 3 0 3 2 10 0
0 0 0 0 0 0 0 0 0 1 5 1 1 0 10 2
0 0 0 0 0 0 0 1 0 1 0 1 1 1 14 1
0 0 0 0 0 0 0 0 0 0 0 0 0 2 15 3
0 0 0 0 0 0 0 0 0 0 0 2 0 2 14 2
0 0 0 0 0 2 0 2 0 0 0 1 0 0 12 3
0 0 0 0 0 1 0 5 0 1 0 0 0 0 11 2
0 0 0 0 0 1 0 7 1 4 2 0 0 0 5 0
0 0 0 0 0 0 0 8 2 5 1 0 0 0 4 0
0 0 0 0 0 0 0 3 1 5 5 0 1 0 5 0
0 0 0 0 0 0 0 0 1 2 7 0 4 1 5 0
0 0 0 0 0 0 0 3 0 0 0 3 3 0 11 0
0 0 0 0 0 0 1 2 1 7 0 0 3 0 5 1
0 0 0 0 0 0 0 1 1 0 2 1 0 0 13 2
0 0 0 0 0 0 0 3 0 0 2 0 5 2 7 1
0 0 0 0 0 0 0 2 0 1 0 1 2 0 14 0
0 0 0 0 0 0 0 1 0 5 0 0 0 1 11 2
0 0 0 0 0 0 0 2 0 2 0 1 0 0 15 0
0 0 0 0 0 0 0 3 0 0 1 1 0 5 9 1
0 0 0 0 0 0 0 2 0 4 0 0 1 0 10 3
0 0 0 0 0 0 0 1 0 0 0 1 0 1 12 5
0 0 0 0 0 0 0 3 0 3 0 7 0 0 6 1
0 0 0 0 0 0 0 0 0 7 0 0 1 0 6 6
0 0 0 0 0 0 0 1 0 3 2 3 0 1 8 2
0 0 0 0 0 0 0 0 0 1 0 2 3 1 10 3
0 0 0 0 0 0 0 4 0 1 0 3 1 2 5 4
0 0 0 0 0 0 0 8 0 5 0 0 0 0 4 3
0 0 0 0 0 0 0 3 0 9 0 0 0 0 5 3
0 0 0 0 0 3 0 4 0 4 1 0 0 1 4 3
0 0 0 0 0 1 1 5 0 5 0 1 2 1 3 1
0 0 0 0 0 2 0 5 1 5 1 2 1 0 3 0
0 0 0 0 0 0 0 1 2 7 2 4 1 0 3 0
0 0 0 0 0 0 0 1 0 1 3 3 5 2 5 0
0 0 0 0 0 0 0 1 0 0 0 5 6 1 7 0
0 0 0 0 0 1 0 6 0 1 0 0 0 1 11 0
0 0 0 0 0 1 0 4 0 5 0 2 0 0 8 0
0 0 0 0 0 1 0 3 2 8 3 0 0 0 3 0
0 0 0 0 0 0 0 5 4 4 5 1 0 0 1 0
0 0 0 0 0 0 0 0 3 3 3 2 5 0 4 0
0 0 0 0 0 0 0 1 0 1 5 1 3 0 9 0
0 0 0 0 0 0 0 1 0 0 0 0 7 0 12 0
0 0 0 0 0 0 0 2 0 2 0 1 0 0 15 0
0 0 0 0 0 0 0 3 0 5 0 1 0 1 9 1
0 0 0 0 0 0 0 0 1 3 1 4 1 0 10 0
0 0 0 0 0 0 0 6 0 1 0 2 1 2 6 2

# Average weight-at-age
70
94
115
134
150
160
165
168

# Maturity logistic function parameter age-at-50%
3

# Maturity logistic function parameter age-at-95%
4

# Infection prevalence index (avg of 3 different samples)
0
0
0.0444444444444444
0.0777777777777778
0
0.0444444444444444
0
0
0
0
0
0
0.194444444444444
0.0611111111111111
0.0388888888888889
0
0.0166666666666667
0
0
0
0
0.0166666666666667
0
0
0
0
0
0.0388888888888889
0
0
0
0.0111111111111111
0.00555555555555556
0.00555555555555556
0.0388888888888889
0
0.00555555555555556
0
0
0.0666666666666667
0.0222222222222222
0.0833333333333333
0.105555555555556
0.0111111111111111
0
0
0
0.0222222222222222
0
0.0333333333333333

