# Simulated data from SIR age-structured hybrid model
# random seed = 5118995
# Flag=0 if no issues, =1 if negative pop #'s, =2 if NaN, or=3 if NA. Flag:
0

# Number of years (nyr)
50

# Starting age
0

# Ending age
8

# Sample size for comp data
20

# Sample size for fishery age comp data
20

# Sample size for antibody prevalence data
20

# Survey data
53484.9155238834
38937.2803146086
48731.3858114542
43867.0307653138
47746.4148584941
58343.8338735681
83529.616870208
40896.869302204
78985.5277988296
45947.4488764488
32415.3042795483
53926.9090581669
14000.5314730411
31963.6388326879
24562.4015340453
24025.5978193955
42001.0471680721
37666.1981076866
80047.2864397305
80452.1684561242
48215.0234858906
59391.9171811138
59487.809470842
43755.3074613447
63320.0317176912
87726.3059326942
57951.6595191256
47133.224701911
46914.0572602841
49670.3365403199
51967.2231337559
34341.2105552059
46195.8058149402
24185.5380189859
28233.3270764502
15173.3051157907
23111.4059324226
17401.3369929161
19377.8540503772
21354.8933333091
9235.34063873212
20156.626254153
25109.9131912239
32354.8098547285
31362.2781939887
77057.2697120458
33560.7853409172
29045.0146384991
16867.0345228684
16572.0473295963

# Catches
0
0
0
0
0
0
0
0
0
0
0
0
0
0
0
0
0
0
0
0
0
0
0
0
0
0
0
0
0
0
0
0
0
0
0
0
0
0
0
0
0
0
0
0
0
0
0
0
0
0

# Catch compositions
-999 -999 -999 -999 -999 -999 -999 -999
-999 -999 -999 -999 -999 -999 -999 -999
-999 -999 -999 -999 -999 -999 -999 -999
-999 -999 -999 -999 -999 -999 -999 -999
-999 -999 -999 -999 -999 -999 -999 -999
-999 -999 -999 -999 -999 -999 -999 -999
-999 -999 -999 -999 -999 -999 -999 -999
-999 -999 -999 -999 -999 -999 -999 -999
-999 -999 -999 -999 -999 -999 -999 -999
-999 -999 -999 -999 -999 -999 -999 -999
-999 -999 -999 -999 -999 -999 -999 -999
-999 -999 -999 -999 -999 -999 -999 -999
-999 -999 -999 -999 -999 -999 -999 -999
-999 -999 -999 -999 -999 -999 -999 -999
-999 -999 -999 -999 -999 -999 -999 -999
-999 -999 -999 -999 -999 -999 -999 -999
-999 -999 -999 -999 -999 -999 -999 -999
-999 -999 -999 -999 -999 -999 -999 -999
-999 -999 -999 -999 -999 -999 -999 -999
-999 -999 -999 -999 -999 -999 -999 -999
-999 -999 -999 -999 -999 -999 -999 -999
-999 -999 -999 -999 -999 -999 -999 -999
-999 -999 -999 -999 -999 -999 -999 -999
-999 -999 -999 -999 -999 -999 -999 -999
-999 -999 -999 -999 -999 -999 -999 -999
-999 -999 -999 -999 -999 -999 -999 -999
-999 -999 -999 -999 -999 -999 -999 -999
-999 -999 -999 -999 -999 -999 -999 -999
-999 -999 -999 -999 -999 -999 -999 -999
-999 -999 -999 -999 -999 -999 -999 -999
-999 -999 -999 -999 -999 -999 -999 -999
-999 -999 -999 -999 -999 -999 -999 -999
-999 -999 -999 -999 -999 -999 -999 -999
-999 -999 -999 -999 -999 -999 -999 -999
-999 -999 -999 -999 -999 -999 -999 -999
-999 -999 -999 -999 -999 -999 -999 -999
-999 -999 -999 -999 -999 -999 -999 -999
-999 -999 -999 -999 -999 -999 -999 -999
-999 -999 -999 -999 -999 -999 -999 -999
-999 -999 -999 -999 -999 -999 -999 -999
-999 -999 -999 -999 -999 -999 -999 -999
-999 -999 -999 -999 -999 -999 -999 -999
-999 -999 -999 -999 -999 -999 -999 -999
-999 -999 -999 -999 -999 -999 -999 -999
-999 -999 -999 -999 -999 -999 -999 -999
-999 -999 -999 -999 -999 -999 -999 -999
-999 -999 -999 -999 -999 -999 -999 -999
-999 -999 -999 -999 -999 -999 -999 -999
-999 -999 -999 -999 -999 -999 -999 -999
-999 -999 -999 -999 -999 -999 -999 -999

# Age composition from fishery-independent survey
0 0 0 4 6 5 1 4
0 0 0 4 5 1 8 2
0 0 0 1 1 3 3 12
0 0 0 3 0 0 3 14
0 0 0 5 2 0 1 12
0 0 3 5 2 2 1 7
0 0 0 12 0 2 2 4
0 0 1 2 13 1 1 2
0 0 0 1 1 13 2 3
0 0 0 2 3 1 8 6
0 0 0 0 4 0 0 16
0 0 0 4 2 2 1 11
0 0 0 1 2 0 5 12
0 0 0 0 1 2 2 15
0 0 0 3 0 2 5 10
0 0 3 1 0 0 1 15
0 0 3 11 1 0 0 5
0 0 0 0 17 0 0 3
0 0 0 6 6 6 1 1
0 0 1 0 7 7 4 1
0 0 0 8 1 3 2 6
0 0 0 6 1 0 3 10
0 0 1 0 5 4 0 10
0 0 0 1 5 5 1 8
0 0 1 0 4 3 5 7
0 0 0 3 3 2 3 9
0 0 0 7 5 1 0 7
0 0 0 5 4 3 0 8
0 0 0 0 3 4 6 7
0 0 0 6 1 3 2 8
0 0 0 0 5 2 2 11
0 0 0 2 1 3 3 11
0 0 0 4 2 1 5 8
0 0 0 0 1 3 0 16
0 0 1 0 2 2 1 14
0 0 0 3 0 2 3 12
0 0 0 1 4 0 2 13
0 0 0 1 1 0 0 18
0 0 0 2 1 3 1 13
0 0 1 0 0 0 4 15
0 0 0 10 2 0 0 8
0 0 0 0 9 1 1 9
0 0 1 2 5 7 1 4
0 0 2 5 4 1 2 6
0 0 0 6 7 0 5 2
0 0 0 3 6 6 1 4
0 0 0 0 5 3 4 8
0 0 0 0 0 8 4 8
0 0 1 0 1 0 6 12
0 0 0 1 0 0 0 19

# Antibody prevalence values
0 0 0 0 0 0 0 3 3 4 6 1 0 0 3 0
0 0 0 0 0 1 0 1 0 4 3 2 9 0 0 0
0 0 0 0 0 0 0 1 0 2 1 4 1 0 11 0
0 0 0 0 0 0 0 3 0 0 0 3 0 2 11 1
0 0 0 0 0 0 0 2 0 4 0 1 0 1 10 2
0 0 0 0 0 3 0 0 0 4 1 1 0 0 9 2
0 0 0 0 0 0 0 9 0 2 0 1 0 1 6 1
0 0 0 0 0 0 0 2 7 6 1 0 1 0 3 0
0 0 0 0 0 0 0 1 0 0 11 0 1 0 7 0
0 0 0 0 0 0 0 2 0 6 2 1 6 0 3 0
0 0 0 0 0 1 0 0 0 4 1 2 0 0 11 1
0 0 0 0 0 0 0 0 0 0 2 3 3 1 9 2
0 0 0 0 0 1 0 0 0 3 0 1 0 1 13 1
0 0 0 0 0 0 0 1 0 0 0 3 0 1 12 3
0 0 0 0 0 0 0 0 0 0 0 1 1 2 13 3
0 0 0 0 0 1 0 0 0 2 0 1 1 2 7 6
0 0 0 0 0 1 0 15 0 0 0 0 0 1 3 0
0 0 0 0 0 1 1 12 2 2 0 0 1 0 1 0
0 0 0 0 0 1 0 6 3 1 7 2 0 0 0 0
0 0 0 0 0 0 0 0 3 5 8 1 2 0 1 0
0 0 0 0 0 1 0 3 1 2 3 2 3 0 5 0
0 0 0 0 0 0 0 4 1 5 1 0 2 0 7 0
0 0 0 0 0 0 0 1 0 3 6 0 0 0 10 0
0 0 0 0 0 0 0 1 2 4 2 0 2 0 9 0
0 0 0 0 0 1 0 0 1 5 3 2 1 0 7 0
0 0 0 0 0 0 0 2 0 1 0 4 2 0 11 0
0 0 0 0 0 0 0 5 1 6 0 0 0 1 6 1
0 0 0 0 0 0 0 1 2 5 1 2 1 0 8 0
0 0 0 0 0 0 0 5 0 2 3 1 5 0 4 0
0 0 0 0 0 0 0 2 1 3 0 2 1 0 10 1
0 0 0 0 0 0 0 0 1 5 1 0 2 2 9 0
0 0 0 0 0 0 0 6 0 0 1 3 3 0 7 0
0 0 0 0 0 0 0 1 0 4 0 0 2 0 13 0
0 0 0 0 0 0 0 0 0 1 1 3 0 0 15 0
0 0 0 0 0 0 0 0 0 1 0 1 1 1 15 1
0 0 0 0 0 1 0 5 0 0 0 0 0 0 12 2
0 0 0 0 0 0 0 0 0 4 0 1 0 1 11 3
0 0 0 0 0 0 0 1 0 1 1 5 0 1 10 1
0 0 0 0 0 0 0 0 0 2 0 2 2 4 9 1
0 0 0 0 0 0 0 3 0 1 0 3 0 2 9 2
0 0 0 0 0 0 0 4 0 0 1 2 0 1 8 4
0 0 0 0 0 0 0 9 1 4 0 0 0 0 6 0
0 0 0 0 0 1 0 1 2 3 3 2 0 0 8 0
0 0 0 0 0 0 0 9 0 4 0 1 3 1 2 0
0 0 0 0 0 2 0 6 1 6 1 0 0 0 3 1
0 0 0 0 0 0 0 5 3 2 2 3 1 0 4 0
0 0 0 0 0 0 0 0 1 3 2 4 4 0 6 0
0 0 0 0 0 0 0 0 0 2 5 2 2 1 8 0
0 0 0 0 0 0 0 1 0 0 0 0 5 1 13 0
0 0 0 0 0 0 0 0 0 1 0 0 0 0 16 3

# Average weight-at-age
70
94
115
134
150
160
165
168

# Maturity logistic function parameter age-at-50%
3

# Maturity logistic function parameter age-at-95%
4

# Infection prevalence index (avg of 3 different samples)
0.0388888888888889
0
0
0
0
0.0277777777777778
0
0.0111111111111111
0
0.0222222222222222
0
0
0
0
0
0
0.166666666666667
0.25
0.0111111111111111
0.0888888888888889
0.0388888888888889
0.0444444444444444
0
0.00555555555555556
0
0.0944444444444444
0.00555555555555556
0.0388888888888889
0.0111111111111111
0.0833333333333333
0.0166666666666667
0
0
0
0
0
0.0111111111111111
0
0
0
0.0888888888888889
0.0166666666666667
0
0.0333333333333333
0.0277777777777778
0.0722222222222222
0.00555555555555556
0
0
0

