# Simulated data from SIR age-structured hybrid model
# random seed = 5518317
# Flag=0 if no issues, =1 if negative pop #'s, =2 if NaN, or=3 if NA. Flag:
0

# True SSB
31461.8876385448
54114.3126118593
77842.2595881902
75782.8340773659
64737.8862064269
55875.9288752631
48137.7841907015
40647.6191625853
35397.5358196999
31684.7565180034
27228.1247208125
23083.9761195992
20756.4659848105
18499.5010697335
16719.8544792481
18450.7590579718
26104.0539791044
32167.2709445884
30947.0417586915
26008.4592942096
23610.4943423475
25734.5344685373
32144.7835371283
55462.4683046447
76309.0368541042
74340.8102292908
63777.0887700364
52921.6953443253
42904.6719632692
39443.2466419651
46095.3419208436
76662.9431144503
111544.512206872
131812.793716324
134465.571412827
129704.996174289
124077.617994048
109133.37210088
90302.3811918101
73746.8327950715
60037.6096089311
48316.9061100267
38711.344343882
30954.5409865874
25205.1496411394
21801.6164653794
20648.2695396193
22116.8462262953
24380.9152695376
24025.1934958193

# True R (numbers)
26.6209770027376
73.443891153914
81.7167161725761
60.7619658734741
35.2039182322083
80.6453927262352
63.2282926433796
17.0961614790698
36.1587999582746
57.0513314513292
65.2430220093858
70.1487497293959
138.857476667374
372.277672550804
118.269912313922
47.5881941652571
45.7660996876597
84.4346496687755
257.573118417622
173.733018972555
1186.1599840907
328.760795069871
111.925190663035
18.3922516069706
69.9978065872693
54.7667866310776
219.582544967777
330.289756299129
1478.68797035207
931.997428646134
979.696608566101
327.182889245704
587.031324288201
303.045968954201
79.677292967899
40.0984747294971
46.2009300004425
31.3033816386107
18.099395948003
16.5863359206035
7.5430231456623
24.6630643389098
82.6626141727778
74.3242212509553
161.356035253708
144.252230968556
64.289349400724
170.100939423096
188.761668732363
574.583299164004

# True infection rate given (selected) susceptible
0.853943880513589 0.853943880513589 0.853943880513589 0.853943880513589 0.853943880513589 0.853943880513589 0.85394388051359 0.853943880513589
0.252854593411029 0.252854593411029 0.252854593411029 0.252854593411029 0.252854593411029 0.252854593411029 0.252854593411029 0.252854593411029
0.0276415046614991 0.0276415046614993 0.0276415046614988 0.0276415046614994 0.0276415046614988 0.027641504661498 0.0276415046614989 0.0276415046614985
0.0196544775492363 0.0196544775492367 0.0196544775492369 0.0196544775492363 0.019654477549237 0.0196544775492367 0.0196544775492363 0.0196544775492363
0.0133707111139252 0.013370711113925 0.0133707111139245 0.0133707111139243 0.0133707111139251 0.0133707111139251 0.0133707111139244 0.0133707111139247
0.0120464491214102 0.0120464491214112 0.0120464491214112 0.0120464491214121 0.0120464491214101 0.0120464491214101 0.0120464491214107 0.0120464491214108
0.0627328908515103 0.0627328908515105 0.0627328908515104 0.0627328908515102 0.06273289085151 0.0627328908515102 0.0627328908515101 0.0627328908515104
0.0353115228985273 0.0353115228985275 0.0353115228985282 0.0353115228985276 0.0353115228985284 0.0353115228985279 0.0353115228985288 0.0353115228985287
0.0468334011580978 0.0468334011580991 0.0468334011581 0.0468334011580987 0.0468334011580986 0.046833401158099 0.046833401158099 0.0468334011581
0.0539666500824789 0.0539666500824784 0.0539666500824776 0.0539666500824784 0.0539666500824789 0.0539666500824793 0.0539666500824782 0.0539666500824784
0.0578206804819299 0.0578206804819301 0.0578206804819305 0.0578206804819294 0.0578206804819299 0.0578206804819301 0.0578206804819299 0.057820680481929
0.0659380877743601 0.06593808777436 0.0659380877743604 0.0659380877743605 0.0659380877743607 0.0659380877743605 0.0659380877743609 0.0659380877743605
0.415780239577685 0.415780239577685 0.415780239577685 0.415780239577685 0.415780239577685 0.415780239577685 0.415780239577685 0.415780239577685
0.770793318779412 0.770793318779413 0.770793318779412 0.770793318779412 0.770793318779412 0.770793318779412 0.770793318779412 0.770793318779412
0.756094992705224 0.756094992705225 0.756094992705224 0.756094992705224 0.756094992705224 0.756094992705224 0.756094992705224 0.756094992705224
0.505871764210127 0.505871764210128 0.505871764210127 0.505871764210127 0.505871764210127 0.505871764210127 0.505871764210127 0.505871764210127
0.0133644721962209 0.0133644721962206 0.0133644721962204 0.0133644721962206 0.0133644721962201 0.0133644721962203 0.0133644721962199 0.0133644721962209
0.0144519444106475 0.0144519444106486 0.0144519444106484 0.0144519444106476 0.0144519444106472 0.0144519444106475 0.014451944410647 0.0144519444106486
0.562818485684664 0.562818485684664 0.562818485684664 0.562818485684664 0.562818485684664 0.562818485684664 0.562818485684664 0.562818485684664
0.635740121322734 0.635740121322734 0.635740121322734 0.635740121322734 0.635740121322734 0.635740121322735 0.635740121322734 0.635740121322735
0.940363159859829 0.940363159859829 0.940363159859829 0.940363159859829 0.940363159859829 0.940363159859829 0.940363159859829 0.940363159859829
0.931995779834175 0.931995779834175 0.931995779834175 0.931995779834175 0.931995779834175 0.931995779834175 0.931995779834175 0.931995779834175
0.827977747418488 0.827977747418488 0.827977747418488 0.827977747418488 0.827977747418488 0.827977747418488 0.827977747418488 0.827977747418488
0.122571391018409 0.122571391018409 0.122571391018409 0.122571391018408 0.122571391018408 0.122571391018408 0.122571391018408 0.12257139101841
0.0390606742195962 0.0390606742195957 0.0390606742195976 0.0390606742195975 0.0390606742195965 0.0390606742195974 0.0390606742195963 0.0390606742195974
0.0179758729201712 0.0179758729201713 0.0179758729201716 0.0179758729201719 0.0179758729201712 0.0179758729201719 0.0179758729201707 0.0179758729201706
0.150313482853022 0.150313482853021 0.150313482853021 0.150313482853021 0.150313482853021 0.15031348285302 0.150313482853021 0.15031348285302
0.678116901801586 0.678116901801586 0.678116901801586 0.678116901801586 0.678116901801586 0.678116901801586 0.678116901801586 0.678116901801586
0.948515425140014 0.948515425140014 0.948515425140015 0.948515425140015 0.948515425140014 0.948515425140014 0.948515425140015 0.948515425140015
0.948669492877609 0.948669492877609 0.948669492877609 0.948669492877609 0.948669492877609 0.948669492877609 0.948669492877609 0.948669492877609
0.922230257051092 0.922230257051092 0.922230257051092 0.922230257051092 0.922230257051092 0.922230257051092 0.922230257051092 0.922230257051092
0.861904673635372 0.861904673635372 0.861904673635372 0.861904673635371 0.861904673635371 0.861904673635372 0.861904673635372 0.861904673635372
0.76564674189531 0.76564674189531 0.76564674189531 0.76564674189531 0.76564674189531 0.76564674189531 0.76564674189531 0.76564674189531
0.680074521608493 0.680074521608493 0.680074521608493 0.680074521608494 0.680074521608494 0.680074521608494 0.680074521608493 0.680074521608493
0.495282582587208 0.495282582587209 0.495282582587208 0.495282582587209 0.495282582587208 0.495282582587208 0.495282582587208 0.495282582587208
0.031861333348604 0.0318613333486045 0.0318613333486045 0.0318613333486044 0.0318613333486044 0.031861333348604 0.0318613333486051 0.0318613333486037
0.022710455655482 0.0227104556554812 0.0227104556554815 0.022710455655483 0.0227104556554815 0.0227104556554816 0.0227104556554819 0.0227104556554809
0.0101259642397702 0.010125964239771 0.01012596423977 0.0101259642397703 0.0101259642397707 0.010125964239771 0.01012596423977 0.0101259642397705
0.00602644173266395 0.00602644173266313 0.00602644173266306 0.00602644173266373 0.00602644173266349 0.00602644173266336 0.00602644173266439 0.00602644173266327
0.010769179135775 0.0107691791357746 0.0107691791357758 0.0107691791357758 0.0107691791357753 0.0107691791357749 0.0107691791357749 0.0107691791357752
0.0418348607335118 0.0418348607335114 0.0418348607335123 0.0418348607335114 0.0418348607335118 0.0418348607335119 0.0418348607335112 0.0418348607335114
0.0361195610081387 0.0361195610081393 0.0361195610081391 0.0361195610081387 0.0361195610081401 0.0361195610081382 0.036119561008139 0.0361195610081396
0.0294305190706208 0.0294305190706207 0.0294305190706203 0.0294305190706208 0.0294305190706207 0.0294305190706202 0.0294305190706199 0.0294305190706205
0.0790445910780498 0.0790445910780502 0.0790445910780496 0.0790445910780511 0.0790445910780506 0.0790445910780502 0.0790445910780504 0.0790445910780502
0.4178301605012 0.4178301605012 0.417830160501201 0.417830160501201 0.417830160501201 0.4178301605012 0.4178301605012 0.417830160501201
0.454240277318886 0.454240277318886 0.454240277318886 0.454240277318886 0.454240277318886 0.454240277318886 0.454240277318887 0.454240277318886
0.333911352266833 0.333911352266834 0.333911352266833 0.333911352266833 0.333911352266834 0.333911352266833 0.333911352266834 0.333911352266834
0.378125880626975 0.378125880626974 0.378125880626974 0.378125880626975 0.378125880626975 0.378125880626974 0.378125880626974 0.378125880626974
0.532811642455078 0.532811642455077 0.532811642455077 0.532811642455077 0.532811642455077 0.532811642455077 0.532811642455077 0.532811642455077
0.84679690070489 0.84679690070489 0.84679690070489 0.846796900704889 0.84679690070489 0.84679690070489 0.84679690070489 0.846796900704889

# Duration of outbreak (days) based on incidence
0
0
0
0
0
0
0
0
0
0
0
0
0
0
0
0
0
0
0
0
2
0
0
0
0
0
0
0
3
1
0
0
0
0
0
0
0
0
0
0
0
0
0
0
0
0
0
0
0
0

# Duration of outbreak (days) based on prevalence
15
0
0
0
0
0
0
0
0
0
0
0
0
27
20
0
0
0
0
0
24
21
14
0
0
0
0
13
23
21
20
14
0
0
0
0
0
0
0
0
0
0
0
0
0
0
0
0
0
24

# Peak (point) prevalence
0.159557146786573
0.00998191128769879
0.00101616956179341
0.000889344450822761
0.000697192474360131
0.000750457700138351
0.00632661425543423
0.00364802843461373
0.00556934917006429
0.00709895280584717
0.00864298902986083
0.0115641519938199
0.0673883951862425
0.217646461887405
0.154087200150294
0.0449382192744167
0.0006934778738506
0.00111081863250196
0.0848466022995585
0.0979153533014716
0.43930889724957
0.325855731678336
0.141884809058305
0.00515252216411514
0.00173009775487612
0.00081270744962955
0.015027211523047
0.113334605389651
0.434470622376899
0.376502471747199
0.277388951085439
0.157650859570377
0.0913501981774779
0.0587163436701648
0.024959750183849
0.00123844774171068
0.00101183734483856
0.000395223913630388
0.000208423483300108
0.000380544413758409
0.00213986405350221
0.00191917762070686
0.00189496315122566
0.00839930829975408
0.0524670329575231
0.0574952016582614
0.0376397573628174
0.0453037030035961
0.072294487912586
0.261268871781829

# Day of peak prevalence
24
101
119
119
119
119
119
119
119
119
119
119
97
43
41
76
119
119
76
63
17
16
27
119
119
119
119
55
15
13
16
24
36
49
76
119
119
119
119
110
119
119
119
119
92
90
105
101
80
31

# Total immunity
0.491235767819688
0.678869590410755
0.651931446314009
0.596757176370785
0.562779827673166
0.476113085768041
0.413313784608024
0.414898880845605
0.380522046795248
0.325199810496772
0.271813718316743
0.226454590975174
0.158561526938901
0.135077728125564
0.285863701901059
0.460697820985806
0.537180918668847
0.422242052238396
0.229358443052489
0.280600803391659
0.122384666025626
0.265859585725912
0.480086937402927
0.694319547363619
0.65001957699493
0.600509586637313
0.415409856918503
0.282541495107401
0.142626470261648
0.223733497527419
0.302755116149503
0.463455095632831
0.499376061843767
0.557367384518926
0.659162167071724
0.731614774718035
0.7022295858481
0.678866132452859
0.661673005864769
0.64150663974275
0.632441042097617
0.597726585204736
0.461937637979013
0.367801407266195
0.243373334268677
0.259744432707339
0.33791957328349
0.286301304098819
0.26212519966716
0.172772708128053

# Observed immunity (based on survey selectivity)
0.907806507582535
0.867274297774792
0.836350658160056
0.800899292676288
0.764171567127004
0.701302547590326
0.639127536524037
0.608851700981225
0.555057775858158
0.502836395713734
0.483716556405836
0.470124725884172
0.435820463008891
0.580820826856257
0.824702185948096
0.853834482947165
0.795748030765935
0.707094675461361
0.643305649174612
0.785563220401294
0.845807699314655
0.908938838015515
0.894683504151588
0.870651569323235
0.820373083756526
0.771054290108106
0.738563942517227
0.735093844469843
0.867771475018947
0.933268174017101
0.902109864829743
0.890942122302072
0.920683014080513
0.925681187273769
0.935740733944307
0.908001271684511
0.836170461939301
0.786510689345214
0.756738606604435
0.727806617644341
0.700248958685031
0.688627190621161
0.679339087821676
0.670081222820706
0.657363018400414
0.713929057499377
0.748371280491895
0.707343175573247
0.705753727290898
0.784562280674342

# True total proportion of susceptible
1 0.806290545706114 0.478433156289241 0.215466081958914 0.0703679267156132 0.0225509071010305 0.00825204941999078 0.000787824881110128
1 0.824224292673877 0.510838014110431 0.193584774646543 0.0539297012607855 0.0126999428897172 0.00343335909273358 0.000115806286724579
1 0.948443229604516 0.738522630457088 0.423840765310398 0.150094432546532 0.0403994592470517 0.00938221644214809 9.69859483158906e-05
1 0.994494518120031 0.938525390492922 0.726227987070007 0.414319112722417 0.146121994609135 0.0392600156730444 0.000474935689057225
1 0.996088187641344 0.987262172651507 0.928301812652329 0.715838558603629 0.407164017178835 0.143284319824009 0.00590484673828636
1 0.997341075285082 0.991169907270539 0.98011200494815 0.919986694066882 0.708303320952216 0.402225071749766 0.108062964470668
1 0.997604263929259 0.992907153026932 0.984714473162305 0.972377338899297 0.911946438483944 0.701357716822539 0.184094859467199
1 0.987382626085 0.97416532034176 0.958626735571905 0.943472205952842 0.928130462302905 0.868062839646182 0.183612778394752
1 0.992921358678106 0.974333708348277 0.955220035100537 0.935974252497151 0.919237950324878 0.903376107435643 0.229990344044775
1 0.990588389061085 0.975503942676987 0.949101726814915 0.925102794061012 0.903836210876485 0.886444792862971 0.286431394244303
1 0.98914039929316 0.970507800808692 0.946340086941681 0.914441192515892 0.888236910042732 0.866347319834577 0.322927672951017
1 0.988348354538342 0.967607207215547 0.939294671184735 0.909191474389613 0.875144744896104 0.84843235077408 0.337314769391745
1 0.986680291515173 0.963729453825713 0.931948070852404 0.896960204575285 0.864362252041458 0.830010097442972 0.391110104101527
1 0.913789626698674 0.823242295451643 0.721154163895121 0.640404035147625 0.5881405875495 0.553474232347726 0.268640933839904
1 0.840320472702875 0.619506231847262 0.405524059589127 0.257699548633844 0.185666879778192 0.152815408392726 0.0629051129079132
1 0.843812309779635 0.570399758330566 0.300480838454818 0.140460825309092 0.0719490607542285 0.0465336454143525 0.0165068566803437
1 0.895412040934853 0.664804022384986 0.374420553435697 0.167288033078317 0.0712018616072853 0.0349443091972822 0.0101465991172799
1 0.997341507735806 0.890770011895388 0.659289731190113 0.37028160362966 0.165157881972735 0.070239667299502 0.0147619775041162
1 0.997116813728581 0.992004666162857 0.883470345488606 0.652157421990261 0.365496439948746 0.16280694770621 0.0262085162721707
1 0.882961340266852 0.771102346634546 0.647873079921026 0.49254197845422 0.32180575762004 0.164476255745876 0.0315491884675561
1 0.868117761582625 0.647932832359874 0.44917506862629 0.305522635573743 0.20191670572283 0.120832538004417 0.0370825611141325
1 0.805925085947102 0.520694898258617 0.230065593581163 0.083419474895209 0.0327572124749142 0.0149519543243802 0.00293656272520335
1 0.807990925872447 0.482148117554559 0.183125310249492 0.0422026460631655 0.00914563937485317 0.00261153813097112 0.00025162448373052
1 0.829571786516101 0.521385516517701 0.204166278315379 0.0495456841080687 0.00855454069856096 0.00160796474540159 7.79659402709433e-05
1 0.975256421741465 0.788486997276562 0.479082317917849 0.182119310934503 0.043516572291478 0.00746902998570406 0.000314955280271071
1 0.992194275954589 0.960963691149176 0.770232633274861 0.464110605337034 0.175357506671093 0.0417797084154964 0.00319118975370148
1 0.99642437684228 0.985592161489005 0.951489793209434 0.760332576233375 0.456908535698455 0.172272620021531 0.0133277715578819
1 0.969426600305232 0.939292793648008 0.901797686441004 0.851969322721235 0.668074795011543 0.393795066130851 0.106956323784339
1 0.859574282363789 0.701100434080265 0.535785111310102 0.41447070073218 0.342674110639134 0.242182659592199 0.0527567608247818
1 0.804318491815934 0.511846317123148 0.248167894112562 0.098182691614093 0.0427486155940299 0.0238111541480281 0.00326390993989834
1 0.804566180441686 0.475050049201454 0.173521873205141 0.0421896135402737 0.00933134852560299 0.00276284163157205 0.000165469550792208
1 0.810047358434342 0.484837476876365 0.168716633781743 0.0328310809439583 0.0049500428385115 0.000824345779927956 2.70328115444671e-05
1 0.822514211723323 0.510501155941335 0.193566646067869 0.0405626371142958 0.00562404677614434 0.000712242739022203 1.09928987250246e-05
1 0.842281954747237 0.554325772948418 0.239861061709026 0.0627597773383096 0.010497797873126 0.00131206213646761 4.43699863601482e-05
1 0.859715032631519 0.600370146168466 0.295869210817776 0.096151863761046 0.0212255920705148 0.00329221540030702 0.00014493622958381
1 0.897678615695553 0.682299401805288 0.400141918601407 0.167448641138284 0.0494130489747018 0.010455643883781 0.00108144351265712
1 0.993620127880715 0.88655465637705 0.668849288640718 0.38964277080533 0.162342087552158 0.0478029615801195 0.00420893362923446
1 0.99545916790646 0.98522715526129 0.875091033853523 0.657495650597397 0.38176675626795 0.158701570820506 0.0178476238705625
1 0.997987229273591 0.991737780259897 0.979822623080705 0.869024534695533 0.65213938942916 0.378230528548967 0.0351293841838637
1 0.998807371845491 0.995779885443709 0.98852522019991 0.975976431666099 0.865165455523134 0.648888594087689 0.115687084521458
1 0.997870327409155 0.994863342501509 0.990027822937185 0.981617566125276 0.968573378494046 0.858076353257625 0.192254778089322
1 0.991651477180122 0.982383232076894 0.972225887313751 0.962764976070245 0.952308083652247 0.938567507919278 0.217084824183932
1 0.992796906701545 0.978340765979777 0.96300894430068 0.948978222176768 0.937797217703355 0.926714031912511 0.232528994897182
1 0.994131255329462 0.981949822805785 0.962607428664265 0.944197582318922 0.928839207673996 0.917167935444934 0.257403954854759
1 0.984067320410601 0.964556757269803 0.938840178193866 0.91107449089359 0.889135522935223 0.872583201959471 0.261297533619218
1 0.913561361420463 0.820463161075243 0.721153599171707 0.644883764925657 0.597696686652185 0.570496752978241 0.161484226959025
1 0.905759987876168 0.743392259180509 0.583516754660296 0.458658781245961 0.384960833058036 0.345879396429835 0.092633606294001
1 0.931082300701117 0.782977293316583 0.584782183163643 0.424666785593652 0.318951824344595 0.261693858104818 0.0630623641188674
1 0.921730085366976 0.788628584095677 0.594687217493313 0.403367210371672 0.2762501056787 0.201124220688443 0.0456053743566717
1 0.889221867173075 0.71942428362311 0.516181896234515 0.330650403097955 0.201691305580787 0.130517025672115 0.035021582844067

# True vulnerable proportion of susceptible
0.27 0.403145272853057 0.349256204091146 0.189610152123844 0.0668495303798326 0.0220998889590099 0.00816952892579087 0.000787824881110128
0.27 0.412112146336938 0.372911750300615 0.170354601688958 0.0512332161977463 0.0124459440319228 0.00339902550180624 0.000115806286724579
0.27 0.474221614802258 0.539121520233675 0.37297987347315 0.142589710919205 0.0395914700621107 0.00928839427772661 9.69859483158906e-05
0.27 0.497247259060016 0.685123535059833 0.639080628621606 0.393603157086297 0.143199554716952 0.0388674155163139 0.000474935689057225
0.27 0.498044093820672 0.7207013860356 0.81690559513405 0.680046630673448 0.399020736835259 0.141851476625769 0.00590484673828636
0.27 0.498670537642541 0.723554032307493 0.862498564354372 0.873987359363538 0.694137254533171 0.398202821032268 0.108062964470668
0.27 0.49880213196463 0.72482222170966 0.866548736382829 0.923758471954332 0.893707509714265 0.694344139654314 0.184094859467199
0.27 0.4936913130425 0.711140683849485 0.843591527303277 0.8962985956552 0.909567853056847 0.85938221124972 0.183612778394752
0.27 0.496460679339053 0.711263607094242 0.840593630888473 0.889175539872294 0.90085319131838 0.894342346361287 0.229990344044775
0.27 0.495294194530543 0.712117878154201 0.835209519597125 0.878847654357962 0.885759486658955 0.877580344934341 0.286431394244303
0.27 0.49457019964658 0.708470694590345 0.832779276508679 0.868719132890097 0.870472171841877 0.857683846636232 0.322927672951017
0.27 0.494174177269171 0.70635326126735 0.826579310642567 0.863731900670132 0.857641849998182 0.839948027266339 0.337314769391745
0.27 0.493340145757587 0.70352250129277 0.820114302350115 0.852112194346521 0.847075007000629 0.821709996468542 0.391110104101527
0.27 0.456894813349337 0.600966875679699 0.634615664227707 0.608383833390244 0.57637777579851 0.547939490024249 0.268640933839904
0.27 0.420160236351437 0.452239549248501 0.356861172438432 0.244814571202152 0.181953542182628 0.151287254308798 0.0629051129079132
0.27 0.421906154889817 0.416391823581313 0.26442313784024 0.133437784043638 0.0705100795391439 0.0460683089602089 0.0165068566803437
0.27 0.447706020467427 0.48530693634104 0.329490087023413 0.158923631424401 0.0697778243751396 0.0345948661053093 0.0101465991172799
0.27 0.498670753867903 0.650262108683633 0.5801749634473 0.351767523448177 0.16185472433328 0.069537270626507 0.0147619775041162
0.27 0.498558406864291 0.724163406298886 0.777453904029973 0.619549550890748 0.358186511149771 0.161178878229148 0.0262085162721707
0.27 0.441480670133426 0.562904713043219 0.570128310330503 0.467914879531509 0.315369642467639 0.162831493188417 0.0315491884675561
0.27 0.434058880791312 0.472990967622708 0.395274060391135 0.290246503795056 0.197878371608373 0.119624212624373 0.0370825611141325
0.27 0.402962542973551 0.38010727572879 0.202457722351423 0.0792485011504486 0.0321020682254159 0.0148024347811364 0.00293656272520335
0.27 0.403995462936224 0.351968125814828 0.161150273019553 0.0400925137600072 0.00896272658735611 0.00258542274966141 0.00025162448373052
0.27 0.41478589325805 0.380611427057922 0.179666324917533 0.0470683999026652 0.00838344988458974 0.00159188509794757 7.79659402709433e-05
0.27 0.487628210870732 0.57559550801189 0.421592439767708 0.173013345387777 0.0426462408456485 0.00739433968584702 0.000314955280271071
0.27 0.496097137977295 0.701503494538898 0.677804717281878 0.440905075070182 0.171850356537671 0.0413619113313415 0.00319118975370148
0.27 0.49821218842114 0.719482277886974 0.837311018024302 0.722315947421707 0.447770364984486 0.170549893821315 0.0133277715578819
0.27 0.484713300152616 0.685683739363046 0.793581964068083 0.809370856585173 0.654713299111312 0.389857115469542 0.106956323784339
0.27 0.429787141181894 0.511803316878593 0.47149089795289 0.393747165695571 0.335820628426352 0.239760832996277 0.0527567608247818
0.27 0.402159245907967 0.373647811499898 0.218387746819055 0.0932735570333884 0.0418936432821494 0.0235730426065478 0.00326390993989834
0.27 0.402283090220843 0.346786535917061 0.152699248420525 0.04008013286326 0.00914472155509093 0.00273521321525633 0.000165469550792208
0.27 0.405023679217171 0.353931358119746 0.148470637727934 0.0311895268967603 0.00485104198174127 0.000816102322128676 2.70328115444671e-05
0.27 0.411257105861661 0.372665843837174 0.170338648539724 0.038534505258581 0.00551156584062145 0.000705120311631981 1.09928987250246e-05
0.27 0.421140977373619 0.404657814252345 0.211077734303943 0.0596217884713942 0.0102878419156635 0.00129894151510293 4.43699863601482e-05
0.27 0.429857516315759 0.43827020670298 0.260364905519643 0.0913442705729937 0.0208010802291045 0.00325929324630395 0.00014493622958381
0.27 0.448839307847777 0.49807856331786 0.352124888369238 0.159076209081369 0.0484247879952078 0.0103510874449432 0.00108144351265712
0.27 0.496810063940357 0.647184899155246 0.588587374003832 0.370160632265063 0.159095245801115 0.0473249319643183 0.00420893362923446
0.27 0.49772958395323 0.719215823340742 0.770080109791101 0.624620868067527 0.374131421142591 0.157114555112301 0.0178476238705625
0.27 0.498993614636796 0.723968579589725 0.86224390831102 0.825573307960756 0.639096601640577 0.374448223263478 0.0351293841838637
0.27 0.499403685922745 0.726919316373907 0.86990219377592 0.927177610082795 0.847862146412671 0.642399708146812 0.115687084521458
0.27 0.498935163704577 0.726250240026101 0.871224484184723 0.932536687819012 0.949201910924165 0.849495589725049 0.192254778089322
0.27 0.495825738590061 0.717139759416133 0.855558780836101 0.914626727266733 0.933261921979202 0.929181832840086 0.217084824183932
0.27 0.496398453350772 0.714188759165237 0.847447870984598 0.901529311067929 0.919041273349288 0.917446891593386 0.232528994897182
0.27 0.497065627664731 0.716823370648223 0.847094537224553 0.896987703202976 0.910262423520516 0.907996256090485 0.257403954854759
0.27 0.4920336602053 0.704126432806957 0.826179356810602 0.865520766348911 0.871352812476518 0.863857369939877 0.261297533619218
0.27 0.456780680710231 0.598938107584927 0.634615167271102 0.612639576679374 0.585742752919141 0.564791785448458 0.161484226959025
0.27 0.452879993938084 0.542676349201772 0.51349474410106 0.435725842183663 0.377261616396875 0.342420602465536 0.092633606294001
0.27 0.465541150350558 0.571573424121105 0.514608321184006 0.40343344631397 0.312572787857703 0.25907691952377 0.0630623641188674
0.27 0.460865042683488 0.575698866389844 0.523324751394116 0.383198849853089 0.270725103565126 0.199112978481558 0.0456053743566717
0.27 0.444610933586538 0.52517972704487 0.454240068686373 0.314117882943057 0.197657479469171 0.129211855415394 0.035021582844067

# True survival by age
0.723499791791403 0.696595430925353 0.70770130650033 0.740224697879442 0.765203266260619 0.774305938837169 0.777139246774133 0.77864055780251
0.761460302744924 0.752707690744934 0.755314988226118 0.768093146927979 0.775582807510057 0.778019262993151 0.778587366221935 0.778793512489685
0.776565475473287 0.775305565991165 0.775008379179473 0.776223528678655 0.777821868694218 0.77852965792654 0.778737226551363 0.77880011996032
0.777098946981854 0.776118328377907 0.775335021641924 0.775647507069462 0.77687628713972 0.77810307914744 0.778611624958643 0.778798474234832
0.777518858649229 0.776888602083696 0.776275903019692 0.776040578945232 0.776533369041792 0.777477222964332 0.778331038410506 0.778781260831104
0.777607125345855 0.777049219153401 0.776502448877915 0.776168489582276 0.776172449569652 0.776725238291515 0.777612302569584 0.778478839222148
0.774193711669439 0.770742764269423 0.767335020222795 0.765200983116667 0.764344366723684 0.76483000763232 0.767950347862813 0.775924945676775
0.776039587474772 0.774200486924677 0.772413212780746 0.771328556913758 0.770901716201224 0.770800403433378 0.771246549798867 0.77718775941317
0.775261014243813 0.772743085239647 0.770361105685924 0.768931171560716 0.768400460950658 0.768279351511548 0.768360309819024 0.776117134982008
0.774778567255214 0.771872306591665 0.769078527910783 0.76750200134184 0.76695090124105 0.766872925939778 0.766987891660895 0.774946743901672
0.774514924601123 0.771399509087066 0.768436532183509 0.766721706982119 0.76623920395224 0.766228812443134 0.766418224432632 0.774140349016849
0.773960274011001 0.770390272627296 0.767016473943411 0.765113624594469 0.764536987616405 0.764652296378754 0.764948807267741 0.773239784304892
0.750475537854649 0.727493492618896 0.705870958447665 0.693886721762286 0.690611728783329 0.691147605932631 0.693776829297435 0.738333955949752
0.728203850855509 0.693595585100421 0.666929872430718 0.660745115695386 0.66565210931621 0.671614575945831 0.676906118978972 0.728845842138529
0.72923241521631 0.702046726081927 0.696338499086041 0.713774420737314 0.73420220680174 0.745656908184028 0.751243778832366 0.767342942745965
0.744777698165229 0.726019083424174 0.726848856728875 0.745842445752709 0.76217473393299 0.770016596593015 0.773061819705358 0.776744528957674
0.777519003665634 0.77708210958365 0.777100836366435 0.777687661387973 0.77827098466027 0.778569366050001 0.778686239900501 0.778767242460579
0.777443662906184 0.776747314919768 0.776341577735739 0.776678876685828 0.777529950250459 0.778218830588581 0.77855114236468 0.778747866679983
0.740966359764448 0.709391977029254 0.678226803553919 0.67092246204953 0.692860692454594 0.729121515204355 0.756446699070716 0.775166034972649
0.736473192182097 0.709991443435269 0.691255392353714 0.690202934771553 0.706107777744281 0.729811891098132 0.753507758273193 0.77390033832205
0.718225187679979 0.681812249174801 0.673271979318965 0.690660580103155 0.714093113584852 0.734689101355407 0.752134427123407 0.770534623077421
0.718816795734077 0.689643535819345 0.694828086989462 0.734099352748595 0.761306735752892 0.771714827142698 0.775533492377805 0.778152621463369
0.725055824467811 0.698750328449572 0.709177651663036 0.74694356779275 0.770876828980694 0.777029528219209 0.778289854261397 0.778751058633114
0.770182948806644 0.765938514189363 0.76712613594992 0.773312176327725 0.777364997294513 0.778545196354292 0.778752259928524 0.778798406967775
0.775796773189308 0.773818453915563 0.773113059455735 0.774687327750223 0.777120425894182 0.778387322855494 0.778729134737517 0.778797732971191
0.777211577972656 0.776331480654713 0.775544795544059 0.775739186724145 0.776828931974579 0.778035172988197 0.778616739060043 0.77878660073823
0.768269480395419 0.759820723440179 0.751632900907655 0.747287904898015 0.751648088540267 0.761976269517626 0.772393482601702 0.778300150724192
0.733911693825168 0.698654699737094 0.665655160991308 0.647949536040342 0.645382292955837 0.67088763819133 0.71454471165438 0.761172866814033
0.717765769566507 0.682035446770586 0.663741715192205 0.6728631007139 0.690348655467524 0.703367155611907 0.72494588170985 0.766950882553127
0.717836559734574 0.688361228221698 0.694898571812185 0.729789242978734 0.757872085169145 0.769401417497649 0.773512004155491 0.778068519360725
0.719406678512209 0.690672756145766 0.702946894186565 0.745419330160132 0.77004068884981 0.776802228704767 0.778203024593286 0.778764621945643
0.723003594830586 0.695468066127606 0.706099123572487 0.748321655963048 0.772399363844239 0.777805226014221 0.778633302626988 0.778795235545878
0.728781272521957 0.702985963657717 0.710225444277591 0.747477476167514 0.771716453887002 0.777787610667161 0.778671167078043 0.778798762403844
0.733953749082436 0.709231814950965 0.71209066711801 0.744029713411962 0.76898188170512 0.77710669156569 0.778586894448536 0.778793477180615
0.745475751807044 0.726135691430781 0.725252254917707 0.74702141683599 0.767655651471112 0.7762631512462 0.778403182872149 0.778783103125173
0.776273089540254 0.775006591538275 0.7747577176374 0.775986314716224 0.777536419365716 0.778416727021057 0.778718745690277 0.778792217932778
0.776888298790006 0.775733086350101 0.775022018040866 0.775437441702774 0.776702116411804 0.77790150869001 0.778533542420849 0.778777038181904
0.777735597867289 0.777289355980328 0.776858449248005 0.776816967836183 0.777219576636966 0.777860110794269 0.778406616149264 0.778756103320652
0.778010872101375 0.777794258626178 0.777583724551998 0.777458630408418 0.777552572608102 0.777845494184359 0.778243135081022 0.778748655761634
0.777696376560971 0.777211726904476 0.776732049706665 0.776433449070632 0.776318978939865 0.776545853749095 0.777095821548706 0.778494366784771
0.775615600835452 0.773368135560737 0.771137050602641 0.769715692253025 0.76911796856838 0.768961238482727 0.769999475567596 0.776809938439484
0.775998015098576 0.774104254835974 0.772248908927472 0.771090823451052 0.770599363945762 0.770448299087088 0.770489921946827 0.776860285219192
0.776443977877778 0.774918738278067 0.773455505186823 0.772563657294474 0.772205876503931 0.772093564024174 0.772110242402345 0.777106302836907
0.773093025434495 0.768744471510866 0.764539338445835 0.762053022573917 0.761106643414087 0.760860424854955 0.760910079279702 0.773730410823651
0.750404231171792 0.727499421380294 0.705622393640613 0.693040557267409 0.688995430283872 0.688405276833137 0.689187613731625 0.751696211032595
0.747975316951799 0.727065846240168 0.711166362176697 0.707216586897902 0.709722773897584 0.712765582716923 0.715130647584632 0.760597205012903
0.755917198884456 0.740828820772956 0.733482145794897 0.735983023563259 0.742487238430101 0.747366149977306 0.750271095655579 0.771083265604496
0.752964482194411 0.734676087112933 0.724818245201315 0.730262417645771 0.740766554814383 0.749337935938008 0.754381835271893 0.772857264138237
0.742877908543508 0.717902446811631 0.702921841607727 0.709890076636852 0.728358778403838 0.743168801496815 0.75259525719148 0.772798844291558
0.723704414835879 0.688477122323324 0.672285868571334 0.686730133078812 0.71514574944505 0.73874949233663 0.752619323963694 0.771704748716665

# True Numbers-at-age
26.6209770027376 311.534255818204 624.597513055823 27.5218004524226 6.70384513504181 0.74666376667063 1.40776904649729 147.139555244516
73.443891153914 19.2602713187644 217.013339179691 442.028476026463 20.3723164249928 5.12980419383935 0.578146188847599 115.66285794683
81.7167161725761 55.9246075928246 14.497354347468 163.913427727419 339.519043182945 15.8004183683792 3.99108647819007 90.5276207234734
60.7619658734741 63.4583805486722 43.3586595425886 11.2355710952217 127.233459268391 264.085336625831 12.3010943074304 73.6109294941159
35.2039182322083 47.218059696824 49.2512122330045 33.6174872348178 8.71484271051041 98.8446574363703 205.485613586247 66.9058546045032
80.6453927262352 27.3717103238874 36.6831723909702 38.2325292509901 26.0885342563919 6.76736617066195 76.8494697684899 212.040856806881
63.2282926433796 62.7104320102353 21.2691661340698 28.4845731941991 29.6748844816512 20.2492015394655 5.25638410151334 224.828413212618
17.0961614790698 48.9509465640995 48.3336117160984 16.3205760256084 21.7964234118598 22.6818307867261 15.4871969679778 178.486616307854
36.1587999582746 13.2672981016194 37.8978466653497 37.3335203109287 12.5885263538338 16.8029002152513 17.4831643210161 150.662060641147
57.0513314513292 28.0325079294911 10.2522128678395 29.1950270602344 28.7069075111682 9.67302945297541 12.9093212808865 130.364776409606
65.2430220093858 44.2021488418632 21.6375165550854 7.88475678022598 22.4072416979591 22.0167885875339 7.4179843993049 110.927052110094
70.1487497293959 50.5316942723489 34.0975159172067 16.6270581866531 6.0454141776737 17.1693070414096 16.8698977732377 91.5583852681024
138.857476667374 54.2923455620924 38.929125726794 26.1533564290452 12.7215887555333 4.62194274429216 13.1285500564458 83.7011942563786
372.277672550804 104.209139487087 39.4973280954386 27.4789392883017 18.1474667556308 8.78567840332942 3.19444466247522 70.9077177044643
118.269912313922 271.094034739022 72.2789990753577 26.3419479880451 18.1565749192354 12.0798995246314 5.90058967524853 53.8431343632006
47.5881941652571 86.2462538041022 190.320679548871 50.3306497315759 18.8022086662594 13.3305973736638 9.00746053071038 45.7489304538976
45.7660996876597 35.4426257102402 62.6164261356229 138.334368341959 37.5387348921215 14.3305683875588 10.2647812202204 42.4985552645253
84.4346496687755 35.5840122308113 27.5418303560972 48.6592771202697 107.580931405441 29.2153081673922 11.1573415446378 41.0895265836875
257.573118417622 65.6431833146932 27.6397859543548 21.3818680323826 37.7926326941155 83.6473962435702 22.735902957313 40.6849421752678
173.733018972555 190.853015927082 46.5667475901039 18.7460436787366 14.3455755435042 26.185029658127 60.989116292011 48.7360840515454
1186.1599840907 127.94971107015 135.504008262044 32.1895153760337 12.9385743624197 10.1295224674865 19.1101460132583 83.6726442322391
328.760795069871 851.929977192026 87.237680286005 91.2310518482395 22.2320293628509 9.23934685180943 7.44204975879706 78.8460681093062
111.925190663035 236.318781275112 587.528001741203 60.6151905065231 66.9726561123661 16.9253937033944 7.13014095865555 67.1258334312252
18.3922516069706 81.1520113949037 165.127826034787 416.661728561103 45.2761266593796 51.6276687723153 13.1515306842729 57.823630213772
69.9978065872693 14.1653985778504 62.1574510312908 126.673871123877 322.209588106058 35.1960760780747 40.1944735216565 55.2747353374763
54.7667866310776 54.3040724807328 10.9614468266099 48.0547371347713 98.1326427167322 250.395652336169 27.3961794334308 74.3484461581587
219.582544967777 42.5653806580316 42.1579609945481 8.50109303801024 37.27794270317 76.2322760334821 194.816624680863 79.2326975468435
330.289756299129 168.698567726298 32.3420583250921 31.687310518684 6.35276400571778 28.0198943775514 58.0871853088306 212.141911648953
1478.68797035207 242.403514498596 117.862047180894 21.5286580411795 20.5317781489476 4.09996140061745 18.798200761326 202.982558138556
931.997428646134 1061.35160898849 165.32778930981 78.2299573519114 14.4858396037972 14.1740854394834 2.8837781884709 169.305330332735
979.696608566101 669.021827860809 730.593297138393 114.886044672253 57.0913813541101 10.9784134659556 10.9055614288713 133.961784737974
327.182889245704 704.800283118214 462.075149770303 513.568289136955 85.6382784643375 43.9626866253062 8.52805604799673 112.811439535467
587.031324288201 236.554405091701 490.166089906414 326.270858277437 384.314272577076 66.14695180657 34.1944074067886 94.4972400709335
303.045968954201 427.817435525005 166.294426420868 348.128428973592 243.880117692227 296.581647611344 51.4482795985479 100.220532740808
79.677292967899 222.421725058256 303.421736265066 118.416709048042 259.017895239778 187.539391813435 230.475582954353 118.108053415461
40.0984747294971 59.3974898771946 161.508353114403 220.057298417285 88.4598177701239 198.836551112968 145.579919271893 271.383483688949
46.2009300004425 31.1273668641185 46.0334461756538 125.129843038291 170.761452025238 68.7807299667259 154.777697329512 324.71715730554
31.3033816386107 35.89296191056 24.1465283674545 35.6769343524308 97.0303653662816 132.630781189555 53.5046336099163 373.381895002943
18.099395948003 24.3457542339728 27.8992172476856 18.7584345822637 27.7144479653459 75.4138994909115 103.168194150837 332.421790399574
16.5863359206035 14.0815268260139 18.935987865108 21.6939772595407 14.5839068589326 21.5494403138681 58.6603619178776 339.162961276139
7.5430231456623 12.8991333458764 10.944327781898 14.7081886676859 16.8439295876851 11.3217636816807 16.7341285263479 309.621176912433
24.6630643389098 5.85048642923859 9.97577870604976 8.43957664656134 11.3211236221359 12.9549689071892 8.70599742247392 253.402077566276
82.6626141727778 19.1384889732425 4.52888643773371 7.70378422144884 6.50768010597525 8.72405066236929 9.98113375927001 203.565893527785
74.3242212509553 64.1828889700876 14.8307737276938 3.50289214763108 5.95166371312997 5.02526882024181 6.73578336863616 165.898874509388
161.356035253708 57.4595370699639 49.3402410613505 11.3387099344109 2.6693895488527 4.52985079142977 3.82352816957954 133.48632978637
144.252230968556 121.082251579487 41.8017799711783 34.815579000515 7.85818585163762 1.83919720080704 3.11837318808702 102.97629658029
64.289349400724 107.89710817971 88.0347697093047 29.7280197946136 24.6221549516185 5.577133460427 1.31091646456456 80.5535275989556
170.100939423096 48.5974249170994 79.9332874175866 64.5719317909404 21.8793178929881 18.2816358342252 4.16816076222894 63.0970198491464
188.761668732363 128.079965773494 35.7033659818591 57.9371051191875 47.15445502171 16.2074669372775 13.6991232615887 51.9093749014059
574.583299164004 140.226873681081 91.9489208163413 25.0966757675631 41.1289759931773 34.3453612559114 12.0448837790758 50.4254001260568

