# Simulated data from SIR age-structured hybrid model
# random seed = 9537743
# Flag=0 if no issues, =1 if negative pop #'s, =2 if NaN, or=3 if NA. Flag:
0

# Number of years (nyr)
50

# Starting age
0

# Ending age
8

# Sample size for comp data
20

# Sample size for fishery age comp data
20

# Sample size for antibody prevalence data
20

# Survey data
52121.6095698904
70605.2437612679
102689.996705119
73411.5679340202
116769.751842735
65744.9229491576
111034.665172699
60555.2387715259
35381.892656209
30557.3238743063
22140.6770650358
46272.687378391
29006.3157091933
25515.3244877374
21959.6540929991
16990.4727994049
24183.4676530246
19419.6674049055
18826.6095296151
33438.0887047985
18185.3266627738
13904.3388382942
6967.91079754253
13237.1827261597
6348.4979102594
15732.6741660697
20531.2002113981
39159.630739493
28713.8193859307
64626.7845651357
40723.5665964295
39047.1608705676
32682.3396359242
11596.354761204
34108.362432005
51556.4615626241
30826.3533524682
40577.0264712463
46224.7395424744
27199.5216141631
20416.2068979029
37863.2196288037
25181.5112967833
33035.9725451179
24333.5845919604
19721.2914202134
16662.8576582294
23253.9835061156
21122.7681001545
35341.7823425482

# Catches
0
0
0
0
0
0
0
0
0
0
0
0
0
0
0
0
0
0
0
0
0
0
0
0
0
0
0
0
0
0
0
0
0
0
0
0
0
0
0
0
0
0
0
0
0
0
0
0
0
0

# Catch compositions
-999 -999 -999 -999 -999 -999 -999 -999
-999 -999 -999 -999 -999 -999 -999 -999
-999 -999 -999 -999 -999 -999 -999 -999
-999 -999 -999 -999 -999 -999 -999 -999
-999 -999 -999 -999 -999 -999 -999 -999
-999 -999 -999 -999 -999 -999 -999 -999
-999 -999 -999 -999 -999 -999 -999 -999
-999 -999 -999 -999 -999 -999 -999 -999
-999 -999 -999 -999 -999 -999 -999 -999
-999 -999 -999 -999 -999 -999 -999 -999
-999 -999 -999 -999 -999 -999 -999 -999
-999 -999 -999 -999 -999 -999 -999 -999
-999 -999 -999 -999 -999 -999 -999 -999
-999 -999 -999 -999 -999 -999 -999 -999
-999 -999 -999 -999 -999 -999 -999 -999
-999 -999 -999 -999 -999 -999 -999 -999
-999 -999 -999 -999 -999 -999 -999 -999
-999 -999 -999 -999 -999 -999 -999 -999
-999 -999 -999 -999 -999 -999 -999 -999
-999 -999 -999 -999 -999 -999 -999 -999
-999 -999 -999 -999 -999 -999 -999 -999
-999 -999 -999 -999 -999 -999 -999 -999
-999 -999 -999 -999 -999 -999 -999 -999
-999 -999 -999 -999 -999 -999 -999 -999
-999 -999 -999 -999 -999 -999 -999 -999
-999 -999 -999 -999 -999 -999 -999 -999
-999 -999 -999 -999 -999 -999 -999 -999
-999 -999 -999 -999 -999 -999 -999 -999
-999 -999 -999 -999 -999 -999 -999 -999
-999 -999 -999 -999 -999 -999 -999 -999
-999 -999 -999 -999 -999 -999 -999 -999
-999 -999 -999 -999 -999 -999 -999 -999
-999 -999 -999 -999 -999 -999 -999 -999
-999 -999 -999 -999 -999 -999 -999 -999
-999 -999 -999 -999 -999 -999 -999 -999
-999 -999 -999 -999 -999 -999 -999 -999
-999 -999 -999 -999 -999 -999 -999 -999
-999 -999 -999 -999 -999 -999 -999 -999
-999 -999 -999 -999 -999 -999 -999 -999
-999 -999 -999 -999 -999 -999 -999 -999
-999 -999 -999 -999 -999 -999 -999 -999
-999 -999 -999 -999 -999 -999 -999 -999
-999 -999 -999 -999 -999 -999 -999 -999
-999 -999 -999 -999 -999 -999 -999 -999
-999 -999 -999 -999 -999 -999 -999 -999
-999 -999 -999 -999 -999 -999 -999 -999
-999 -999 -999 -999 -999 -999 -999 -999
-999 -999 -999 -999 -999 -999 -999 -999
-999 -999 -999 -999 -999 -999 -999 -999
-999 -999 -999 -999 -999 -999 -999 -999

# Age composition from fishery-independent survey
0 0 0 0 3 3 6 8
0 0 3 3 3 2 5 4
0 0 0 9 0 3 0 8
0 0 1 2 8 1 1 7
0 0 0 2 3 7 1 7
0 0 0 1 1 4 10 4
0 0 0 4 1 3 0 12
0 0 0 1 1 0 3 15
0 0 0 3 5 0 1 11
0 0 0 1 4 4 1 10
0 0 0 0 1 4 0 15
0 0 0 0 1 0 7 12
0 0 0 1 4 0 0 15
0 0 0 2 2 1 0 15
0 0 0 1 2 0 0 17
0 0 0 3 3 3 0 11
0 0 0 1 3 1 3 12
0 0 1 4 1 3 1 10
0 0 0 2 5 1 2 10
0 0 0 4 6 1 1 8
0 0 0 1 4 5 3 7
0 0 0 0 2 5 6 7
0 0 0 1 0 0 3 16
0 0 1 1 1 2 1 14
0 0 1 4 0 1 0 14
0 0 3 3 7 0 0 7
0 0 3 7 3 2 0 5
0 0 1 3 11 0 1 4
0 0 2 1 8 8 0 1
0 0 0 4 3 7 5 1
0 0 0 0 7 2 7 4
0 0 0 0 1 9 3 7
0 0 0 0 0 2 1 17
0 0 0 3 0 0 1 16
0 0 0 13 0 1 0 6
0 0 0 2 15 1 0 2
0 0 1 1 3 8 1 6
0 0 1 4 2 2 7 4
0 0 0 4 2 3 3 8
0 0 0 2 3 3 2 10
0 0 0 0 1 1 4 14
0 0 0 0 0 1 3 16
0 0 0 4 1 0 2 13
0 0 0 1 6 4 1 8
0 0 0 6 5 1 0 8
0 0 2 3 1 3 0 11
0 0 0 4 3 0 1 12
0 0 0 4 4 5 2 5
0 0 0 1 5 6 0 8
0 0 2 5 0 2 7 4

# Antibody prevalence values
0 0 0 0 0 2 0 2 0 0 1 0 9 0 6 0
0 0 0 0 0 2 0 2 0 3 0 1 4 1 6 1
0 0 0 0 0 1 0 10 1 1 1 0 0 0 6 0
0 0 0 0 0 0 0 2 2 5 0 1 1 0 9 0
0 0 0 0 0 0 0 1 1 1 7 1 3 0 6 0
0 0 0 0 0 1 0 0 1 2 1 0 8 0 7 0
0 0 0 0 0 0 0 3 0 1 0 2 2 0 12 0
0 0 0 0 0 0 0 3 0 3 0 0 0 1 12 1
0 0 0 0 0 0 0 5 1 2 0 0 0 1 10 1
0 0 0 0 0 0 0 0 0 5 1 2 0 1 10 1
0 0 0 0 0 0 0 0 0 0 1 1 1 1 14 2
0 0 0 0 0 0 0 0 0 0 0 1 1 2 13 3
0 0 0 0 0 0 0 1 0 0 0 0 0 0 11 8
0 0 0 0 0 1 0 2 0 2 0 0 0 0 15 0
0 0 0 0 0 0 0 0 0 1 0 1 0 0 14 4
0 0 0 0 0 0 0 1 0 2 0 1 0 0 13 3
0 0 0 0 0 0 0 1 0 4 0 4 0 1 5 5
0 0 0 0 0 0 0 5 0 1 1 1 0 3 4 5
0 0 0 0 0 1 0 5 0 3 2 1 0 0 2 6
0 0 0 0 0 1 0 4 0 6 2 2 0 0 3 2
0 0 0 0 0 0 0 1 0 2 0 3 3 1 10 0
0 0 0 0 0 0 0 1 0 0 3 3 2 5 5 1
0 0 0 0 0 0 0 2 0 1 0 1 1 4 7 4
0 0 0 0 0 0 0 0 0 0 0 0 0 5 9 6
0 0 0 0 0 0 0 6 0 2 0 0 0 0 6 6
0 0 0 0 0 7 0 2 0 5 0 0 0 0 3 3
0 0 0 0 0 2 0 8 1 4 0 2 0 0 3 0
0 0 0 0 0 0 0 8 4 5 0 1 0 0 2 0
0 0 0 0 0 1 0 0 7 6 3 3 0 0 0 0
0 0 0 0 0 0 0 5 1 2 5 1 5 0 1 0
0 0 0 0 0 0 0 1 1 7 2 0 3 0 6 0
0 0 0 0 0 0 0 0 0 3 4 3 5 0 5 0
0 0 0 0 0 0 0 0 0 1 0 0 2 2 15 0
0 0 0 0 0 1 0 1 0 0 0 0 0 1 16 1
0 0 0 0 0 0 0 10 0 1 0 0 0 0 8 1
0 0 0 0 0 0 0 2 2 10 1 1 0 0 4 0
0 0 0 0 0 1 0 1 0 0 10 2 0 0 6 0
0 0 0 0 0 0 0 2 0 2 0 0 11 1 4 0
0 0 0 0 0 0 0 3 0 5 0 1 0 1 9 1
0 0 0 0 0 0 0 4 0 3 0 0 3 0 10 0
0 0 0 0 0 0 0 1 0 2 1 6 1 1 8 0
0 0 0 0 0 0 0 2 0 1 0 3 0 5 8 1
0 0 0 0 0 0 0 2 0 4 0 1 0 1 8 4
0 0 0 0 0 1 0 2 0 3 0 3 0 0 3 8
0 0 0 0 0 0 0 6 0 0 1 2 0 1 7 3
0 0 0 0 0 0 0 1 0 4 0 4 0 1 7 3
0 0 0 0 0 1 0 10 0 3 0 1 1 0 4 0
0 0 0 0 0 0 0 4 0 4 0 0 0 1 8 3
0 0 0 0 0 0 0 1 1 7 2 3 1 1 4 0
0 0 0 0 0 1 0 2 0 4 1 2 1 1 8 0

# Average weight-at-age
70
94
115
134
150
160
165
168

# Maturity logistic function parameter age-at-50%
3

# Maturity logistic function parameter age-at-95%
4

# Infection prevalence index (avg of 3 different samples)
0
0
0
0.0333333333333333
0
0.0166666666666667
0
0.0333333333333333
0.00555555555555556
0.0166666666666667
0.00555555555555556
0
0
0
0
0
0
0.00555555555555556
0.05
0.00555555555555556
0.00555555555555556
0
0
0
0
0.00555555555555556
0.0555555555555556
0.00555555555555556
0.0111111111111111
0.0722222222222222
0.05
0
0
0
0.0111111111111111
0.0777777777777778
0
0
0.0722222222222222
0
0
0
0
0.00555555555555556
0
0
0
0.00555555555555556
0.0333333333333333
0

