# Simulated data from SIR age-structured hybrid model
# random seed = 2288119
# Flag=0 if no issues, =1 if negative pop #'s, =2 if NaN, or=3 if NA. Flag:
0

# True SSB
61898.314537955
59698.9568433474
54108.9580617476
61014.2216649149
55823.2817348454
42626.2686160651
31797.7522115814
27617.5531909055
24301.1763356287
21569.4151652
20578.1974465396
21878.9667771994
23969.9347643158
22204.6725688743
23062.0822672842
21252.2777061281
19121.428369607
17039.2361474772
17759.9425729872
16140.7903691718
17892.0377482557
17700.6236994593
16454.8755866556
16866.7662299154
21949.3045919242
23162.9123877914
34669.3724602442
45490.8413779047
54466.0674459691
68111.9664116552
86124.0209369829
106285.978041568
83382.5068922739
78721.7051640229
65077.9348229082
68824.196520379
70886.2760406012
61467.9368409898
53778.4637178143
45732.9765986863
42030.555542687
42404.2701765648
62026.8183562708
86640.8657336387
96055.737280773
93423.9367602807
80919.6306413987
75180.335851156
64146.087039441
55399.0773988049

# True R (numbers)
377.691929599591
18.7341568981912
12.6378767010026
7.84611560444899
46.2199678865215
38.766466570766
57.7121678846525
81.3868062350154
104.111629155794
99.8272223122384
53.6134786697288
75.6995794198173
50.546712493236
67.4641716939484
25.5299496669124
71.3413704886981
16.7557299245736
121.556596016234
56.6367243908901
8.36305680307241
76.8236114664754
171.083181684046
73.9452842134352
354.717692252799
413.071309778004
701.817036132447
581.965449603334
1058.18663163401
526.648342592415
231.641517089181
82.6820689919835
111.106303848301
252.897850170678
288.159185363164
10.8187929863337
28.2250816074187
115.600031850422
98.8893138338784
138.821081707713
665.772145278072
698.753591880086
531.358379679599
255.429877877358
70.6491677519819
185.842388707343
49.1380364171073
54.3910958677221
62.5741196516463
79.9139626389895
426.929957975199

# True infection rate given (selected) susceptible
-999 -999 0.633346481576816 0.633346481576815 0.633346481576816 0.633346481576816 0.633346481576816 0.633346481576816
-999 -999 0.3861566451239 0.386156645123899 0.386156645123899 0.386156645123899 0.3861566451239 0.386156645123899
-999 -999 0.0140235240359373 0.014023524035938 0.0140235240359368 0.0140235240359379 0.0140235240359367 0.0140235240359382
-999 -999 0.68717944869134 0.687179448691341 0.687179448691341 0.687179448691341 0.687179448691341 0.687179448691341
-999 -999 0.562271834798851 0.562271834798852 0.562271834798851 0.562271834798851 0.562271834798851 0.562271834798851
-999 -999 0.00177628270179696 0.0017762827017961 0.0017762827017972 0.00177628270179605 0.00177628270179645 0.00177628270179616
-999 -999 0.00135574995062695 0.00135574995062686 0.00135574995062806 0.00135574995062785 0.00135574995062773 0.00135574995062714
-999 -999 0.00309740690761204 0.00309740690761311 0.0030974069076127 0.00309740690761242 0.00309740690761221 0.00309740690761227
-999 -999 0.00273822344044886 0.00273822344044915 0.00273822344044818 0.00273822344044737 0.00273822344044748 0.00273822344044806
-999 -999 0.00234088841693175 0.00234088841693202 0.00234088841693168 0.00234088841693218 0.00234088841693249 0.00234088841693256
-999 -999 0.00273024191644266 0.00273024191644236 0.00273024191644235 0.00273024191644276 0.00273024191644269 0.0027302419164423
-999 -999 0.0335739195310307 0.0335739195310307 0.0335739195310315 0.0335739195310307 0.0335739195310308 0.0335739195310306
-999 -999 0.293553992646108 0.293553992646108 0.293553992646108 0.293553992646108 0.293553992646107 0.293553992646107
-999 -999 0.0206924584396334 0.0206924584396325 0.0206924584396325 0.0206924584396329 0.0206924584396329 0.020692458439633
-999 -999 0.0579311407957962 0.0579311407957972 0.0579311407957954 0.0579311407957967 0.0579311407957974 0.0579311407957958
-999 -999 0.0951095781714109 0.0951095781714117 0.0951095781714113 0.0951095781714115 0.0951095781714107 0.0951095781714114
-999 -999 0.0651934032560186 0.0651934032560181 0.0651934032560182 0.0651934032560186 0.0651934032560182 0.0651934032560182
-999 -999 0.051468094326849 0.0514680943268484 0.0514680943268482 0.0514680943268499 0.051468094326849 0.0514680943268495
-999 -999 0.160695432015949 0.160695432015948 0.160695432015948 0.160695432015948 0.160695432015949 0.160695432015949
-999 -999 0.035673851628189 0.0356738516281898 0.0356738516281895 0.0356738516281898 0.0356738516281895 0.0356738516281888
-999 -999 0.373474445097142 0.373474445097143 0.373474445097142 0.373474445097143 0.373474445097142 0.373474445097142
-999 -999 0.11429777409606 0.11429777409606 0.114297774096061 0.11429777409606 0.114297774096061 0.114297774096061
-999 -999 0.0212056635990264 0.0212056635990263 0.0212056635990258 0.0212056635990261 0.0212056635990267 0.0212056635990267
-999 -999 0.00807879049046826 0.00807879049046937 0.00807879049046886 0.0080787904904688 0.00807879049046984 0.00807879049046954
-999 -999 0.603933427707404 0.603933427707403 0.603933427707403 0.603933427707403 0.603933427707404 0.603933427707404
-999 -999 0.214463723850832 0.214463723850832 0.214463723850832 0.214463723850831 0.214463723850832 0.214463723850832
-999 -999 0.756996323997066 0.756996323997066 0.756996323997066 0.756996323997066 0.756996323997067 0.756996323997066
-999 -999 0.766273796817733 0.766273796817734 0.766273796817734 0.766273796817733 0.766273796817733 0.766273796817733
-999 -999 0.83139199674002 0.83139199674002 0.83139199674002 0.83139199674002 0.83139199674002 0.83139199674002
-999 -999 0.793561321582826 0.793561321582826 0.793561321582826 0.793561321582826 0.793561321582826 0.793561321582826
-999 -999 0.872856125891605 0.872856125891605 0.872856125891604 0.872856125891605 0.872856125891605 0.872856125891605
-999 -999 0.82570272542873 0.82570272542873 0.82570272542873 0.82570272542873 0.82570272542873 0.82570272542873
-999 -999 0.385238465447034 0.385238465447034 0.385238465447034 0.385238465447033 0.385238465447034 0.385238465447033
-999 -999 0.0199598356903258 0.0199598356903252 0.0199598356903246 0.0199598356903251 0.0199598356903251 0.0199598356903251
-999 -999 0.0100606657789275 0.0100606657789263 0.0100606657789273 0.0100606657789266 0.0100606657789269 0.0100606657789269
-999 -999 0.4802476135699 0.480247613569899 0.4802476135699 0.480247613569899 0.4802476135699 0.4802476135699
-999 -999 0.627656342772779 0.627656342772779 0.627656342772779 0.627656342772779 0.627656342772779 0.627656342772779
-999 -999 0.180237903514494 0.180237903514494 0.180237903514495 0.180237903514494 0.180237903514493 0.180237903514493
-999 -999 0.00735534793086948 0.00735534793087014 0.00735534793086823 0.00735534793086856 0.00735534793086821 0.00735534793086908
-999 -999 0.0102644110604912 0.0102644110604909 0.0102644110604901 0.0102644110604912 0.010264411060491 0.0102644110604901
-999 -999 0.275289254964036 0.275289254964037 0.275289254964037 0.275289254964036 0.275289254964037 0.275289254964036
-999 -999 0.067493752752517 0.067493752752518 0.0674937527525175 0.0674937527525178 0.0674937527525177 0.0674937527525176
-999 -999 0.874745421127116 0.874745421127116 0.874745421127116 0.874745421127116 0.874745421127116 0.874745421127116
-999 -999 0.885377229278812 0.885377229278812 0.885377229278812 0.885377229278812 0.885377229278812 0.885377229278812
-999 -999 0.818240696304582 0.818240696304582 0.818240696304582 0.818240696304582 0.818240696304582 0.818240696304582
-999 -999 0.593125162689215 0.593125162689215 0.593125162689216 0.593125162689215 0.593125162689215 0.593125162689215
-999 -999 0.00805707646761967 0.00805707646761957 0.00805707646761983 0.00805707646761951 0.00805707646761933 0.00805707646762053
-999 -999 0.0247982734387888 0.0247982734387887 0.024798273438789 0.0247982734387887 0.0247982734387885 0.0247982734387886
-999 -999 0.253946371455251 0.253946371455251 0.25394637145525 0.25394637145525 0.25394637145525 0.253946371455251
-999 -999 0.0232625915921418 0.0232625915921418 0.0232625915921411 0.0232625915921416 0.0232625915921414 0.0232625915921413

# Duration of outbreak (days) based on incidence
0
0
0
0
0
0
0
0
0
0
0
0
0
0
0
0
0
0
0
0
0
0
0
0
0
0
0
0
0
0
0
0
0
0
0
0
0
0
0
0
0
0
0
0
0
0
0
0
0
0

# Duration of outbreak (days) based on prevalence
0
0
0
15
0
0
0
0
0
0
0
0
0
0
0
0
0
0
0
0
0
0
0
0
25
0
27
24
23
21
21
17
0
0
0
0
0
0
0
0
0
0
26
23
18
0
0
0
0
0

# Peak (point) prevalence
0.085028567413899
0.0310624854583784
0.00101455287374658
0.118446258515806
0.0492685961874129
3.21338239847759e-05
2.61627068187296e-05
7.70668960580062e-05
9.18735309925603e-05
0.000104561481909179
0.000179736960307312
0.0059634906944192
0.0543790801805433
0.0031397162170766
0.011517394284303
0.0201873840251769
0.0133475342251882
0.0105078230146682
0.034431843996163
0.00666691501878952
0.0680251600006649
0.022259359179296
0.00325358057039163
0.00116027836031558
0.136884144874204
0.0336783207590555
0.217155222105891
0.198737945383219
0.233322966220728
0.175777937007765
0.237782919388828
0.171833642117359
0.0224296170619853
0.0010948513772738
0.000569991474237157
0.0481170082427732
0.0790844545545805
0.0127230237966821
0.000274611312125934
0.00052702938968659
0.0250780675206074
0.00833315232658506
0.331922421890139
0.282393942396569
0.162587603516971
0.0494090954708628
0.000280445743949643
0.00178664835754241
0.0209679009079169
0.00126226060924899

# Day of peak prevalence
62
96
119
55
69
65
65
69
73
82
119
119
113
119
119
119
119
119
119
119
103
119
119
119
72
119
45
39
32
36
26
28
95
119
119
82
59
119
119
119
106
119
27
23
31
63
119
119
111
119

# Total immunity
0.201782983910543
0.291046729493422
0.345114563126303
0.342419825431896
0.534507885641911
0.616075762242702
0.499162483588902
0.37524868874428
0.267533517840234
0.196216917790667
0.165036221279167
0.128527140151375
0.114722418616584
0.156347644400247
0.146477975966865
0.121861513968137
0.138090194003268
0.0913906140520708
0.083119360337771
0.115319948760908
0.0880490146310349
0.10219177065141
0.0961896021514722
0.0447231959835849
0.0254584041867392
0.0420120535794301
0.0352613620451435
0.0495991983623132
0.0739802704877456
0.126600594637017
0.204030793921716
0.3374410227701
0.393986694821674
0.3284374579795
0.326304918475951
0.314831342549102
0.361565724064418
0.445189540864775
0.371268143149301
0.154813590928933
0.0864898222560874
0.0726821971583348
0.0653033063600581
0.175597950276783
0.301227103427025
0.451373831378609
0.52563789221324
0.476043511127339
0.413692417458526
0.245740141275593

# Observed immunity (based on survey selectivity)
0.518406969044924
0.608600301769855
0.615963731223132
0.452826528155442
0.63887536503979
0.809749293387074
0.789199457534799
0.734000354991846
0.649960063183724
0.546137523330092
0.424164785078499
0.311209897922176
0.241452104958372
0.337468930739514
0.27886824927637
0.251956595739798
0.25129254801903
0.244049518610344
0.223821453405175
0.265384523100912
0.20132416249105
0.322716889705364
0.335394463656054
0.268251262648465
0.165849213164172
0.378418611214872
0.25866066262887
0.352599170340869
0.382039535111443
0.456341002587997
0.455794963125233
0.547843099161646
0.700401047090105
0.715753859597595
0.646045835022152
0.51802515539773
0.538000354126758
0.692647145953445
0.710654832954356
0.626894665094892
0.520808336260329
0.47873518389715
0.266576775947549
0.400310288441552
0.539406790206586
0.672106747168952
0.751797985058732
0.662932908273439
0.596080257392003
0.640653513297723

# True total proportion of susceptible
1 1 1 0.98181646527999 0.788067527683981 0.454398053382244 0.264046091352658 0.056726432530419
1 1 1 0.976774122228781 0.729773340651061 0.346921939426394 0.170772600322799 0.0350545581741664
1 1 1 0.985561390025748 0.826135989823803 0.486887117499676 0.213649749822082 0.0368603080800906
1 1 1 0.99948928871799 0.980484322721531 0.817490076761973 0.480803283503414 0.083364261917047
1 1 1 0.974948417221066 0.72213963745551 0.399377566301024 0.288031865872258 0.0612103661507062
1 1 1 0.979207107706458 0.752641236702542 0.361695993760109 0.176392433446276 0.0405734500084566
1 1 1 0.999934472502328 0.978550612757109 0.751596159584479 0.361091739974713 0.0563823912760867
1 1 1 0.999950978782445 0.999444293035811 0.977630277357576 0.750780443020792 0.165094129419953
1 1 1 0.999887391248425 0.998824746671501 0.997304777973161 0.975406597745885 0.179416236592251
1 1 1 0.99989971268365 0.998884495184114 0.996920351389119 0.995301929317997 0.197939435260521
1 1 1 0.999914109096226 0.999040828757174 0.997253619087502 0.995205614625073 0.211546511838551
1 1 1 0.99990021959336 0.998916233238994 0.997145654224967 0.995260746857584 0.301415073932078
1 1 1 0.998761874820852 0.9874630877446 0.975190793112199 0.972184519136549 0.367977302038517
1 1 1 0.988965356774154 0.883599605960732 0.760233846762665 0.736819869811672 0.346433292440984
1 1 1 0.999242708368508 0.981417322767075 0.870181307706481 0.747474506688974 0.431156376201864
1 1 1 0.997816480112255 0.977238024629694 0.939710292031296 0.829451270881899 0.492280570694226
1 1 1 0.996402802755011 0.961393965988661 0.90795059079422 0.868429724498131 0.533295663550394
1 1 1 0.997546008536676 0.971685827906128 0.915003822549224 0.860795444641155 0.554788393854893
1 1 1 0.998130616725138 0.978745058372683 0.936264542281902 0.879050401324881 0.598357096218095
1 1 1 0.993963013993057 0.936399749934751 0.860086048375103 0.81457242341319 0.551667548772507
1 1 1 0.998682898219585 0.980772109361143 0.912102259861875 0.835851431227004 0.591482542016808
1 1 1 0.985952610814994 0.850275498626789 0.685444984765799 0.615300183436552 0.398473147866509
1 1 1 0.995750933502193 0.94311645977335 0.775143126199758 0.617745627113021 0.406245422034784
1 1 1 0.999220142168681 0.987948527280461 0.928722748889223 0.761821540520734 0.414333667457952
1 1 1 0.99970416517123 0.996260235876278 0.982356309737561 0.923048953997921 0.56393308940323
1 1 1 0.977610177967927 0.754607803463752 0.483173164378632 0.442100943019004 0.265112421780474
1 1 1 0.992129204611424 0.897545395027082 0.623933796483143 0.387364665533129 0.214473963047692
1 1 1 0.972238019810924 0.682800443688633 0.28596829444429 0.157457782221067 0.060787279737513
1 1 1 0.97175142658277 0.661385564151639 0.195478866960446 0.0619492505741032 0.0217649617255974
1 1 1 0.969946335895129 0.638557334459005 0.152465847908649 0.0310774533253154 0.00453097751499864
1 1 1 0.971260105578224 0.653505490271428 0.17119816213359 0.029724034360021 0.00356169744272025
1 1 1 0.96876118416754 0.623259486142775 0.126698834009649 0.0211225437318662 0.00177283925451843
1 1 1 0.96989435798205 0.63573380954453 0.14135587882478 0.0196325994170324 0.00170265678310873
1 1 1 0.985894054411395 0.823577323276765 0.424378411539377 0.0861026608581909 0.0045560823059564
1 1 1 0.999251826340325 0.97844862269199 0.810921784383832 0.41643709329823 0.0409946145998196
1 1 1 0.999636929934683 0.995618070236612 0.971619429461119 0.804539902171075 0.144665021173246
1 1 1 0.982411529809003 0.810942127525937 0.609987054104812 0.569570676777108 0.129309165298602
1 1 1 0.977032611728215 0.73333845034987 0.364678262872807 0.241964177673022 0.0569966268531471
1 1 1 0.993386638936796 0.91011114738651 0.626687545043946 0.302117248252674 0.0597154911915853
1 1 1 0.999728296034396 0.990675430132249 0.905221367807076 0.62273069607127 0.117126864191493
1 1 1 0.999621625042349 0.995940700965323 0.98350814132416 0.898075719720532 0.250375468254976
1 1 1 0.989840549835186 0.8939050076192 0.787044863277169 0.764427205047687 0.189122826543297
1 1 1 0.997517955698411 0.964930476846133 0.849070390984572 0.74372142863349 0.199295745631634
1 1 1 0.968592908029011 0.640535611411788 0.201309342949644 0.124308496621293 0.0361038859785758
1 1 1 0.968168883625204 0.613867513934765 0.112288465679407 0.021613741971981 0.00500398528822851
1 1 1 0.970501691034977 0.642760283139948 0.149691116021096 0.0192337200164487 0.00136327078761356
1 1 1 0.978202573095247 0.737216374241335 0.299488292677127 0.0588301041043482 0.00427483729684428
1 1 1 0.999706104758615 0.975291995245127 0.73262189708509 0.297195277534507 0.0276149442444021
1 1 1 0.999073716110864 0.990414501597989 0.957833160922287 0.717410783516954 0.107086386894798
1 1 1 0.990651722085627 0.902146234294171 0.800183495110163 0.761180595860674 0.158740065535359

# True vulnerable proportion of susceptible
0 0 0.05 0.490908232639995 0.748664151299782 0.454398053382244 0.264046091352658 0.056726432530419
0 0 0.05 0.48838706111439 0.693284673618508 0.346921939426394 0.170772600322799 0.0350545581741664
0 0 0.05 0.492780695012874 0.784829190332613 0.486887117499676 0.213649749822082 0.0368603080800906
0 0 0.05 0.499744644358995 0.931460106585454 0.817490076761973 0.480803283503414 0.083364261917047
0 0 0.05 0.487474208610533 0.686032655582734 0.399377566301024 0.288031865872258 0.0612103661507062
0 0 0.05 0.489603553853229 0.715009174867415 0.361695993760109 0.176392433446276 0.0405734500084566
0 0 0.05 0.499967236251164 0.929623082119254 0.751596159584479 0.361091739974713 0.0563823912760867
0 0 0.05 0.499975489391222 0.949472078384021 0.977630277357576 0.750780443020792 0.165094129419953
0 0 0.05 0.499943695624213 0.948883509337926 0.997304777973161 0.975406597745885 0.179416236592251
0 0 0.05 0.499949856341825 0.948940270424908 0.996920351389119 0.995301929317997 0.197939435260521
0 0 0.05 0.499957054548113 0.949088787319315 0.997253619087502 0.995205614625073 0.211546511838551
0 0 0.05 0.49995010979668 0.948970421577044 0.997145654224967 0.995260746857584 0.301415073932078
0 0 0.05 0.499380937410426 0.93808993335737 0.975190793112199 0.972184519136549 0.367977302038517
0 0 0.05 0.494482678387077 0.839419625662695 0.760233846762665 0.736819869811672 0.346433292440984
0 0 0.05 0.499621354184254 0.932346456628722 0.870181307706481 0.747474506688974 0.431156376201864
0 0 0.05 0.498908240056127 0.928376123398209 0.939710292031296 0.829451270881899 0.492280570694226
0 0 0.05 0.498201401377505 0.913324267689228 0.90795059079422 0.868429724498131 0.533295663550394
0 0 0.05 0.498773004268338 0.923101536510821 0.915003822549224 0.860795444641155 0.554788393854893
0 0 0.05 0.499065308362569 0.929807805454049 0.936264542281902 0.879050401324881 0.598357096218095
0 0 0.05 0.496981506996528 0.889579762438013 0.860086048375103 0.81457242341319 0.551667548772507
0 0 0.05 0.499341449109792 0.931733503893086 0.912102259861875 0.835851431227004 0.591482542016808
0 0 0.05 0.492976305407497 0.807761723695449 0.685444984765799 0.615300183436552 0.398473147866509
0 0 0.05 0.497875466751096 0.895960636784682 0.775143126199758 0.617745627113021 0.406245422034784
0 0 0.05 0.499610071084341 0.938551100916438 0.928722748889223 0.761821540520734 0.414333667457952
0 0 0.05 0.499852082585615 0.946447224082464 0.982356309737561 0.923048953997921 0.56393308940323
0 0 0.05 0.488805088983963 0.716877413290565 0.483173164378632 0.442100943019004 0.265112421780474
0 0 0.05 0.496064602305712 0.852668125275728 0.623933796483143 0.387364665533129 0.214473963047692
0 0 0.05 0.486119009905462 0.648660421504201 0.28596829444429 0.157457782221067 0.060787279737513
0 0 0.05 0.485875713291385 0.628316285944057 0.195478866960446 0.0619492505741032 0.0217649617255974
0 0 0.05 0.484973167947565 0.606629467736055 0.152465847908649 0.0310774533253154 0.00453097751499864
0 0 0.05 0.485630052789112 0.620830215757857 0.17119816213359 0.029724034360021 0.00356169744272025
0 0 0.05 0.48438059208377 0.592096511835636 0.126698834009649 0.0211225437318662 0.00177283925451843
0 0 0.05 0.484947178991025 0.603947119067303 0.14135587882478 0.0196325994170324 0.00170265678310873
0 0 0.05 0.492947027205698 0.782398457112927 0.424378411539377 0.0861026608581909 0.0045560823059564
0 0 0.05 0.499625913170163 0.92952619155739 0.810921784383832 0.41643709329823 0.0409946145998196
0 0 0.05 0.499818464967341 0.945837166724781 0.971619429461119 0.804539902171075 0.144665021173246
0 0 0.05 0.491205764904501 0.77039502114964 0.609987054104812 0.569570676777108 0.129309165298602
0 0 0.05 0.488516305864107 0.696671527832377 0.364678262872807 0.241964177673022 0.0569966268531471
0 0 0.05 0.496693319468398 0.864605590017185 0.626687545043946 0.302117248252674 0.0597154911915853
0 0 0.05 0.499864148017198 0.941141658625636 0.905221367807076 0.62273069607127 0.117126864191493
0 0 0.05 0.499810812521175 0.946143665917056 0.98350814132416 0.898075719720532 0.250375468254976
0 0 0.05 0.494920274917593 0.84920975723824 0.787044863277169 0.764427205047687 0.189122826543297
0 0 0.05 0.498758977849205 0.916683953003827 0.849070390984572 0.74372142863349 0.199295745631634
0 0 0.05 0.484296454014505 0.608508830841199 0.201309342949644 0.124308496621293 0.0361038859785758
0 0 0.05 0.484084441812602 0.583174138238027 0.112288465679407 0.021613741971981 0.00500398528822851
0 0 0.05 0.485250845517488 0.61062226898295 0.149691116021096 0.0192337200164487 0.00136327078761356
0 0 0.05 0.489101286547624 0.700355555529268 0.299488292677127 0.0588301041043482 0.00427483729684428
0 0 0.05 0.499853052379308 0.926527395482871 0.73262189708509 0.297195277534507 0.0276149442444021
0 0 0.05 0.499536858055432 0.94089377651809 0.957833160922287 0.717410783516954 0.107086386894798
0 0 0.05 0.495325861042813 0.857038922579462 0.800183495110163 0.761180595860674 0.158740065535359

# True survival by age
0.783591927552093 0.783591927552093 0.775837484338577 0.707467024253442 0.667593143467071 0.713404808489054 0.743025695804663 0.775286945895321
0.764740135359729 0.764740135359729 0.76002985304942 0.718744337956371 0.699580303754506 0.732424269632003 0.749117287797351 0.761978782222945
0.832665863371934 0.832665863371934 0.832503117610064 0.831067920788107 0.830183762908094 0.831294909751783 0.832298136781662 0.832947242531948
0.79562865419922 0.79562865419922 0.787139103198178 0.710776755181869 0.637484794743435 0.656916914373 0.714250691078723 0.781929853356628
0.759960577984204 0.759960577984204 0.753226569319854 0.694321750525632 0.667724006131543 0.706514789504703 0.721574332684913 0.752252016296432
0.718639902948325 0.718639902948325 0.718652020658595 0.718772055478298 0.718973729769598 0.71914183499511 0.719217192031439 0.719272425271705
0.81054703778345 0.81054703778345 0.810553146254188 0.810608148978257 0.810670589758517 0.810754442932571 0.810888438167577 0.810992994220562
0.786347987573502 0.786347987573502 0.786335582344715 0.786223966689824 0.786112706269072 0.786116988604494 0.786290455397755 0.786738316102499
0.754821043560475 0.754821043560475 0.754817373533099 0.754784412767512 0.754752077003007 0.754749404908911 0.754763719987447 0.755284067542195
0.751398675634191 0.751398675634191 0.751400159683626 0.751413573510483 0.751427495938731 0.751430073018658 0.75143097502182 0.751875372996386
0.786637302076784 0.786637302076784 0.786629209727082 0.786556429847581 0.786484189814111 0.786477316629388 0.786478704803844 0.787009883113636
0.807050987887823 0.807050987887823 0.806643394592872 0.802975508816044 0.79931562070983 0.798923739862064 0.798939996620823 0.804924206729001
0.763586485608269 0.763586485608269 0.759993570196345 0.727702513273668 0.696183987592267 0.693524891181986 0.693742609305735 0.737500052149445
0.8255444839262 0.8255444839262 0.825296249302648 0.823094302381408 0.821427371046456 0.821873864277074 0.822000234871155 0.824107240605676
0.745093761897002 0.745093761897002 0.744421875135811 0.738380436240365 0.732576272893828 0.733478290776415 0.735200725310054 0.739640880762313
0.739612119158774 0.739612119158774 0.738495564638341 0.72847228561853 0.718894347887552 0.718664127329652 0.72119356561474 0.728928556083314
0.749049708942343 0.749049708942343 0.748286406337571 0.741446268474384 0.735129692181068 0.735243343780424 0.735870051682534 0.741184488939249
0.860826413718224 0.860826413718224 0.860149752106853 0.854077267968217 0.848343848310658 0.848473419583265 0.849226145111113 0.853475291234222
0.762575542642909 0.762575542642909 0.760621093655684 0.743068645040543 0.726242312368178 0.726013924919694 0.728282691036898 0.739413286538284
0.802714116027982 0.802714116027982 0.802281959992098 0.798421555400659 0.795056033499437 0.795347743344704 0.795763065980756 0.798162135394756
0.756448727733787 0.756448727733787 0.751916864660886 0.711190546361696 0.672010051068538 0.673829003067447 0.680784174190337 0.703074127912757
0.793487488635072 0.793487488635072 0.792059392432717 0.779414183779574 0.770491369610701 0.774067658993426 0.776106317939385 0.782408087527638
0.809327056197711 0.809327056197711 0.809078011227857 0.806849176874542 0.80489098422916 0.805571364778215 0.806428997761697 0.807581427456835
0.814173979795269 0.814173979795269 0.814092862306307 0.813363794250959 0.812656834543144 0.812699872267821 0.813046992991059 0.813769697415991
0.762023821948297 0.762023821948297 0.754755454714939 0.689361819436622 0.624443419045192 0.619231281064871 0.627886205385691 0.68029320603022
0.835927439483308 0.835927439483308 0.833116569055854 0.808457250839062 0.79572691647179 0.808976293307684 0.811302082766983 0.8213243806483
0.723759038495739 0.723759038495739 0.715217552515553 0.639021495711892 0.578163511349101 0.617413133627968 0.657977480729011 0.687622931249111
0.652142860688241 0.652142860688241 0.644321968644886 0.57612633366817 0.550922553120295 0.607956519880791 0.628155801576583 0.643350470693979
0.759109772724342 0.759109772724342 0.749413429908727 0.664901576963759 0.637456006445076 0.72166123398991 0.74763257129961 0.755448363394867
0.762022299386607 0.762022299386607 0.752709877235756 0.671713814207371 0.649243104716994 0.734105530008264 0.756782642933172 0.761741909688245
0.839425765249734 0.839425765249734 0.828273705546811 0.731121798799947 0.701094186168139 0.801574324963213 0.833185691746536 0.839031475998518
0.648707114724487 0.648707114724487 0.640420553066476 0.568454098062329 0.550867382735303 0.628379430316693 0.645957750223201 0.649179451748272
0.834968249832186 0.834968249832186 0.829933916919712 0.786152929422928 0.774308752380432 0.821088987843682 0.833394995290948 0.835207680659398
0.734336784929015 0.734336784929015 0.734130614167698 0.732312902628727 0.731219979398575 0.732943671371919 0.734548188758446 0.734934982381209
0.859427217708211 0.859427217708211 0.859310294822528 0.858259129833783 0.857261227879887 0.857598184420658 0.858661025725309 0.859672562504552
0.822230673081367 0.822230673081367 0.816055181195896 0.76049833528216 0.705412405471787 0.702238597970329 0.722948051688016 0.804739331141216
0.784441804458556 0.784441804458556 0.77676467117119 0.70902991712694 0.666251708622981 0.690985777673468 0.697212453731815 0.765040547049221
0.830608973405163 0.830608973405163 0.828264885233663 0.807716143752634 0.798060128972659 0.813779876341652 0.819584628871693 0.828334161224471
0.753705018198728 0.753705018198728 0.753645727247062 0.753119882100598 0.752732112839945 0.753179335305884 0.753753279679274 0.75418192372323
0.767004730960384 0.767004730960384 0.766907240970377 0.766030247038019 0.765174878499962 0.765292436551394 0.766000328783341 0.767267319381052
0.806359196461292 0.806359196461292 0.802861001326052 0.771390660873414 0.740165218474026 0.737556950942254 0.743574658733896 0.789197512174442
0.814692155422259 0.814692155422259 0.813842767959318 0.806289209868236 0.800314406464412 0.801419210717572 0.801813754756698 0.811849405261193
0.80806989877067 0.80806989877067 0.797281402553392 0.700453880009764 0.610293576800929 0.62493707867815 0.647717798045487 0.765444716508182
0.754315192534807 0.754315192534807 0.744116960232606 0.655554094783722 0.630409862372222 0.713719485834314 0.729469697110948 0.747511593004818
0.781031755221696 0.781031755221696 0.771234963809996 0.686199062177482 0.666970757603681 0.759498747640852 0.777313011582597 0.780576220749104
0.773850276691255 0.773850276691255 0.766661716979832 0.704101178855746 0.686254100325497 0.752790093860577 0.771616851183328 0.774195797423125
0.809438063212734 0.809438063212734 0.809358740693283 0.808672322859573 0.808449886765448 0.809290566539358 0.809784913730173 0.809896978243958
0.753461186775531 0.753461186775531 0.753189093471135 0.75074122473584 0.748433553030968 0.749630232559906 0.752253610851932 0.753877790822923
0.819325835083188 0.819325835083188 0.816054184977152 0.786640052111511 0.757764607792498 0.756670751267209 0.772509589028591 0.812717281857509
0.818232830775125 0.818232830775125 0.817955798242947 0.815492596906028 0.813528175178975 0.813888932206479 0.814122530530249 0.81773070071153

# True Numbers-at-age
377.691929599591 84.4565500038189 98.9753423895268 151.420567361642 97.6525021229203 47.4467369014412 37.4176535110074 139.899738213823
18.7341568981912 295.956347135813 66.1794708118921 76.7887806510398 107.125058202109 65.1921408596652 33.8487302526032 136.264718806744
12.6378767010026 14.3267616821731 226.329696969212 50.2983734760507 55.1915013115085 74.9425807567503 47.748306154887 129.187493498529
7.84611560444899 10.5231285144284 11.9294053854106 188.42017833461 41.8013646637651 45.8190882393352 62.2993859067484 147.347192726406
46.2199678865215 6.24259439905925 8.37250257790011 9.39010145675964 133.924682967463 26.6477343726758 30.0993340655683 159.712548238745
38.766466570766 35.1253535094523 4.74412564763002 6.30639139337333 6.51975168107064 89.4247258309316 18.8270184410883 141.86299333306
57.7121678846525 27.8591297740647 25.2424806370584 3.40937548292758 4.5328579044656 4.68753018331096 64.3090614279908 115.578854608497
81.3868062350154 46.7784267229662 22.5811351135929 20.4603720996281 2.76366754938778 3.67465459070468 3.80043592249989 145.881115748894
104.111629155794 63.9983512979389 36.784121715459 17.7563500295518 16.0864349121194 2.17255417647724 2.88870840100644 117.758509847651
99.8272223122384 78.5856485661576 48.3073023128601 27.7652941409846 13.4022162299496 12.1412701614958 1.63973397182857 91.1214186041444
53.6134786697288 75.0100426376559 59.0491522564648 36.2981146717683 20.8632188900469 10.0707937817005 9.12331552399204 69.7440974981784
75.6995794198173 42.1743622157067 59.0056975691502 46.4497879745571 28.5505154864242 16.408591805653 7.92045086975971 62.0645873967335
50.546712493236 61.0934203534563 34.036860689725 47.5965561874997 37.2980421332673 22.8208730076167 13.1092135312423 56.2852537673997
67.4641716939484 38.5967865517617 46.6501101414844 25.8677952738597 34.6361335608149 25.9662997017224 15.8268434692853 50.6047975898121
25.5299496669124 55.6946748045892 31.8633642350838 38.5001609293225 21.2916349050826 28.4510681340741 21.3410230768312 54.7134491521703
71.3413704886981 19.0222062383609 41.4977547677815 23.7197853520164 28.4277656223174 15.5977465425816 20.868240825744 56.1582393654002
16.7557299245736 52.7649422108372 14.0690542670293 30.6459078384562 17.2792062497643 20.436560028956 11.2095409073335 55.9853853420277
121.556596016234 12.5508746231183 39.5235646053872 10.5276820580437 22.7222940108332 12.7024575715224 15.025844731059 49.7442646696147
56.6367243908901 104.639128612449 10.804124390846 33.996184297703 8.99145393017195 19.2763183435965 10.777697612821 55.2158409741269
8.36305680307241 43.1897808358999 79.7952402833198 8.21784491015735 25.2614986026427 6.52997429380002 13.994875538636 48.6765370643017
76.8236114664754 6.71314374897007 34.6690467451316 64.0182817725422 6.56130451520921 20.0843068792687 5.19360031867277 49.9883738335091
171.083181684046 58.1131231537301 5.07814904800243 26.0682409293811 45.5291967909513 4.40926258234197 13.5333884817583 38.6812532427936
73.9452842134352 135.752364182171 46.1120361479939 4.02219564964359 20.3179567265428 35.0798531927352 3.41306756500076 40.7678736766871
354.717692252799 59.8459191921626 109.868061275436 37.308234500286 3.24530524914329 16.3537401871526 28.2593252126911 35.6757742739354
413.071309778004 288.801915205255 48.7249902031891 89.4428044797646 30.3451671699571 2.63731949089504 13.2906825612 52.0080234241165
701.817036132447 314.770178214223 220.073939210696 36.7754521367889 61.6584544316846 18.9488399391059 1.63311072692429 43.7257412348247
581.965449603334 586.66811799996 263.12502910032 183.347245173822 29.7313809328719 49.0632918193407 15.3291622964185 37.237963472223
1058.18663163401 421.20275424265 424.606352999756 188.191639318715 117.162830845631 17.1895995974069 30.2923207482826 35.6919211860009
526.648342592415 690.088857095859 274.684369081567 273.583201263928 108.422159187694 64.5476459002761 10.4505291493838 41.9907113162385
231.641517089181 399.783903650979 523.853195469638 205.852155175732 181.905901951179 69.1143566059395 46.581533791537 39.534970121034
82.6820689919835 176.516001485699 304.644249517873 394.30947445151 138.273736315899 118.101152549129 50.7372313873834 65.3675398941044
111.106303848301 69.405459036027 148.172079625957 252.328821421696 288.28825224485 96.9429126308227 94.6668516319455 97.1189587105435
252.897850170678 72.0754497971337 45.0238150773897 94.892445183065 143.437352596401 158.808594987455 60.9169322121974 124.198418870959
288.159185363164 211.161675343333 60.1807121729803 37.3667912018468 74.5999737607712 111.064797533671 130.395988519127 154.499339800901
10.8187929863337 211.60588972735 155.063785771848 44.1805031885995 27.364183326946 54.5489912764853 81.4042404645078 209.329106762575
28.2250816074187 9.29796515520584 181.859861059047 133.247907467904 37.9183202222661 23.458253398788 46.7811158806921 249.853138233016
115.600031850422 23.2075278478444 7.645072147852 148.407681868801 101.334811809172 26.7480534794383 16.4732909775976 234.886963926909
98.8893138338784 90.6814975802115 18.2049550219853 5.93842195300628 105.225486376437 67.5144915108491 18.4825245347412 191.183435000902
138.821081707713 82.1383514442988 75.3208656119423 15.0785249819686 4.79655927985822 83.9762652287901 54.9419345529683 173.511763282903
665.772145278072 104.630145914879 61.9080876701387 56.7652485409904 11.3559369566711 3.61052420108972 63.2491876264908 172.272098782534
698.753591880086 510.650385169925 80.2518169177877 47.4777607088583 43.4838973630294 8.68927768107405 2.76310686307973 180.627649954194
531.358379679599 563.446384872868 411.76763425827 64.43105408885 36.623901209996 32.1852683918088 6.40883715234356 144.605468216525
255.429877877358 432.893503642852 459.035349756956 335.114111220811 51.9500636922765 29.3106357592892 25.7938923912967 122.536557149847
70.6491677519819 206.405195559361 349.80820966716 365.980347475813 234.731979450641 31.7047901857955 18.3173030856095 110.502123432166
185.842388707343 53.2917405752601 155.694574828544 260.298221641937 239.919915398139 147.977354859838 22.6283265498907 95.9635358509427
49.1380364171073 145.148807046688 41.6225416803147 120.077099783305 178.616395577164 160.019567737308 112.388615695252 92.49614680182
54.3910958677221 38.0254830774434 112.323444494485 31.9104092696947 84.5464275110041 122.57623385019 120.461145416497 158.331077883425
62.5741196516463 44.0262232951872 30.7792733749344 90.9099615863885 25.8050647875236 68.3515497476944 99.1997897368807 225.779479788831
79.9139626389895 47.1471704541635 33.1720504532362 23.1826130109671 68.2498559020535 19.3133763251207 51.2383881331942 244.833535461673
426.929957975199 65.4755741739968 38.6288948041669 27.0701905966367 18.2363719070281 51.7173252895141 14.6138669734354 238.562591607237

