# Simulated data from SIR age-structured hybrid model
# random seed = 8296534
# Flag=0 if no issues, =1 if negative pop #'s, =2 if NaN, or=3 if NA. Flag:
0

# Number of years (nyr)
50

# Starting age
0

# Ending age
8

# Sample size for comp data
200

# Sample size for fishery age comp data
200

# Sample size for antibody prevalence data
200

# Survey data
18558.9373535813
7355.72219133522
8219.79201760566
12555.5864580829
6734.94289447862
10265.4205481367
5371.94018313911
6385.37268104406
6041.0032138474
5058.17301026733
11592.3990595529
10785.4118073404
25590.9455742309
24866.9276488645
30800.3328610777
43046.6642990321
18163.2889962829
21773.6812663171
14704.270260286
35451.1639544392
15722.9687741292
25090.567302954
25397.3286327921
27215.5756749696
36770.6868389471
26764.727531915
21898.5264213317
22348.9914673492
29445.0870946062
20765.8145726882
15210.3690628407
18408.2978299778
15959.6527072246
26606.2790288921
26475.9872769847
34794.5055622485
46006.4524979331
89914.4649167396
122231.107224698
95319.5812610944
41760.7070371843
43962.2071550112
46903.742237073
38788.086341391
31766.1981305536
47651.9770843301
54209.0609434016
46200.5928156295
38596.9183476709
42556.5365837026

# Catches
0
0
0
0
0
0
0
0
0
0
0
0
0
0
0
0
0
0
0
0
0
0
0
0
0
0
0
0
0
0
0
0
0
0
0
0
0
0
0
0
0
0
0
0
0
0
0
0
0
0

# Catch compositions
-999 -999 -999 -999 -999 -999 -999 -999
-999 -999 -999 -999 -999 -999 -999 -999
-999 -999 -999 -999 -999 -999 -999 -999
-999 -999 -999 -999 -999 -999 -999 -999
-999 -999 -999 -999 -999 -999 -999 -999
-999 -999 -999 -999 -999 -999 -999 -999
-999 -999 -999 -999 -999 -999 -999 -999
-999 -999 -999 -999 -999 -999 -999 -999
-999 -999 -999 -999 -999 -999 -999 -999
-999 -999 -999 -999 -999 -999 -999 -999
-999 -999 -999 -999 -999 -999 -999 -999
-999 -999 -999 -999 -999 -999 -999 -999
-999 -999 -999 -999 -999 -999 -999 -999
-999 -999 -999 -999 -999 -999 -999 -999
-999 -999 -999 -999 -999 -999 -999 -999
-999 -999 -999 -999 -999 -999 -999 -999
-999 -999 -999 -999 -999 -999 -999 -999
-999 -999 -999 -999 -999 -999 -999 -999
-999 -999 -999 -999 -999 -999 -999 -999
-999 -999 -999 -999 -999 -999 -999 -999
-999 -999 -999 -999 -999 -999 -999 -999
-999 -999 -999 -999 -999 -999 -999 -999
-999 -999 -999 -999 -999 -999 -999 -999
-999 -999 -999 -999 -999 -999 -999 -999
-999 -999 -999 -999 -999 -999 -999 -999
-999 -999 -999 -999 -999 -999 -999 -999
-999 -999 -999 -999 -999 -999 -999 -999
-999 -999 -999 -999 -999 -999 -999 -999
-999 -999 -999 -999 -999 -999 -999 -999
-999 -999 -999 -999 -999 -999 -999 -999
-999 -999 -999 -999 -999 -999 -999 -999
-999 -999 -999 -999 -999 -999 -999 -999
-999 -999 -999 -999 -999 -999 -999 -999
-999 -999 -999 -999 -999 -999 -999 -999
-999 -999 -999 -999 -999 -999 -999 -999
-999 -999 -999 -999 -999 -999 -999 -999
-999 -999 -999 -999 -999 -999 -999 -999
-999 -999 -999 -999 -999 -999 -999 -999
-999 -999 -999 -999 -999 -999 -999 -999
-999 -999 -999 -999 -999 -999 -999 -999
-999 -999 -999 -999 -999 -999 -999 -999
-999 -999 -999 -999 -999 -999 -999 -999
-999 -999 -999 -999 -999 -999 -999 -999
-999 -999 -999 -999 -999 -999 -999 -999
-999 -999 -999 -999 -999 -999 -999 -999
-999 -999 -999 -999 -999 -999 -999 -999
-999 -999 -999 -999 -999 -999 -999 -999
-999 -999 -999 -999 -999 -999 -999 -999
-999 -999 -999 -999 -999 -999 -999 -999
-999 -999 -999 -999 -999 -999 -999 -999

# Age composition from fishery-independent survey
0 0 1 6 4 5 37 147
0 0 5 2 10 6 6 171
0 0 16 35 6 7 10 126
0 0 1 80 37 2 3 77
0 0 0 11 125 21 2 41
0 0 6 7 7 112 26 42
0 0 4 33 17 15 84 47
0 0 3 26 52 14 3 102
0 0 3 24 34 37 5 97
0 0 14 21 33 31 26 75
0 0 16 89 26 10 15 44
0 0 22 73 67 5 9 24
0 0 5 91 57 28 3 16
0 0 1 22 105 41 21 10
0 0 2 16 37 82 29 34
0 0 3 17 26 35 56 63
0 0 0 32 26 20 31 91
0 0 1 6 43 27 24 99
0 0 11 19 9 33 20 108
0 0 2 56 28 3 27 84
0 0 25 10 75 20 3 67
0 0 2 100 16 28 6 48
0 0 0 8 133 8 16 35
0 0 1 7 13 124 10 45
0 0 6 14 10 7 99 64
0 0 1 27 21 7 7 137
0 0 2 4 41 11 9 133
0 0 0 24 5 53 15 103
0 0 2 13 38 6 35 106
0 0 0 4 16 53 5 122
0 0 6 11 11 23 44 105
0 0 3 35 11 5 18 128
0 0 11 18 32 15 13 111
0 0 5 76 25 28 5 61
0 0 14 45 80 18 11 32
0 0 30 46 44 38 8 34
0 0 13 122 27 16 12 10
0 0 6 59 89 18 11 17
0 0 0 20 87 66 12 15
0 0 0 6 29 75 61 29
0 0 0 9 5 29 69 88
0 0 3 6 8 15 26 142
0 0 2 19 9 16 13 141
0 0 6 15 12 12 16 139
0 0 8 30 28 14 6 114
0 0 6 63 36 16 6 73
0 0 1 25 93 20 12 49
0 0 5 21 43 57 17 57
0 0 2 41 27 33 44 53
0 0 0 23 52 17 29 79

# Antibody prevalence values
0 0 0 0 0 0 0 7 0 9 1 7 3 42 68 63
0 0 0 0 0 4 0 7 2 5 0 5 1 1 95 80
0 0 0 0 0 14 0 33 0 4 1 7 0 5 73 63
0 0 0 0 0 1 0 81 0 34 0 2 1 3 47 31
0 0 0 0 0 2 0 4 34 76 13 8 3 1 49 10
0 0 0 0 0 9 0 10 3 7 72 39 17 5 31 7
0 0 0 0 0 0 0 22 2 14 4 8 61 37 46 6
0 0 0 0 0 2 0 16 0 46 0 8 3 8 83 34
0 0 0 0 0 4 0 32 0 33 0 32 1 14 56 28
0 0 0 0 0 19 0 25 0 35 0 23 1 29 37 31
0 0 0 0 0 19 0 76 0 21 0 17 0 15 25 27
0 0 0 0 0 25 4 66 12 58 2 1 9 4 13 6
0 0 0 0 0 3 1 78 17 40 27 14 2 0 17 1
0 0 0 0 0 2 1 23 38 63 29 6 21 2 15 0
0 0 0 0 0 3 0 21 18 18 65 16 29 0 30 0
0 0 0 0 0 2 0 17 1 27 9 21 55 19 49 0
0 0 0 0 0 0 0 28 0 31 1 24 7 18 78 13
0 0 0 0 0 0 0 7 2 38 3 20 2 22 87 19
0 0 0 0 0 8 0 16 0 2 5 24 7 16 89 33
0 0 0 0 0 4 0 51 2 24 0 3 4 21 65 26
0 0 0 0 0 27 0 24 16 37 9 7 0 3 61 16
0 0 0 0 0 0 4 106 3 16 8 13 4 5 38 3
0 0 0 0 0 2 0 3 49 84 7 3 21 1 29 1
0 0 0 0 0 1 0 3 6 9 109 10 9 1 52 0
0 0 0 0 0 1 0 9 1 10 2 6 88 15 68 0
0 0 0 0 0 0 0 43 0 18 0 4 5 6 109 15
0 0 0 0 0 2 0 4 0 45 0 12 0 6 107 24
0 0 0 0 0 1 0 29 1 11 6 33 1 15 88 15
0 0 0 0 0 0 0 17 1 50 1 5 9 29 70 18
0 0 0 0 0 0 0 10 2 13 8 27 1 1 101 37
0 0 0 0 0 5 0 9 0 9 1 12 11 31 84 38
0 0 0 0 0 2 0 24 0 6 0 10 0 17 83 58
0 0 0 0 0 13 0 30 0 43 0 6 0 5 46 57
0 0 0 0 0 4 1 85 3 28 5 16 1 0 40 17
0 0 0 0 0 4 1 36 28 63 14 3 11 3 33 4
0 0 0 0 0 37 0 49 13 22 31 16 6 0 26 0
0 0 0 0 0 6 3 110 6 21 8 3 20 1 22 0
0 0 0 0 0 3 0 51 40 62 19 0 12 0 13 0
0 0 0 0 0 0 0 15 35 43 63 4 16 0 24 0
0 0 0 0 0 1 0 5 6 19 56 8 60 1 44 0
0 0 0 0 0 1 0 8 0 9 5 15 51 10 101 0
0 0 0 0 0 0 0 7 0 11 1 7 10 15 137 12
0 0 0 0 0 3 0 15 0 7 0 10 0 8 130 27
0 0 0 0 0 5 0 17 0 21 0 5 0 12 121 19
0 0 0 0 0 9 0 30 1 24 0 16 0 6 93 21
0 0 0 0 0 5 0 81 6 27 3 11 2 5 51 9
0 0 0 0 0 2 3 37 26 46 15 5 7 0 59 0
0 0 0 0 0 5 0 16 14 38 39 8 20 2 57 1
0 0 0 0 0 2 1 48 0 25 18 17 36 10 42 1
0 0 0 0 0 1 0 20 19 46 7 11 23 7 65 1

# Average weight-at-age
70
94
115
134
150
160
165
168

# Maturity logistic function parameter age-at-50%
3

# Maturity logistic function parameter age-at-95%
4

# Infection prevalence index (avg of 3 different samples)
0
0
0
0.105555555555556
0
0
0
0
0
0
0.1
0.0444444444444444
0.144444444444444
0.0944444444444444
0
0
0
0
0
0.0222222222222222
0.0166666666666667
0.0222222222222222
0.0666666666666667
0
0
0
0
0.00555555555555556
0.00555555555555556
0
0
0.00555555555555556
0
0.155555555555556
0.0722222222222222
0
0.0333333333333333
0.0777777777777778
0.0166666666666667
0
0
0
0
0
0.0555555555555556
0.0833333333333333
0.0611111111111111
0.00555555555555556
0.0166666666666667
0.0444444444444444

# Simulated data from SIR age-structured hybrid model
# random seed = 8296534
# Flag=0 if no issues, =1 if negative pop #'s, =2 if NaN, or=3 if NA. Flag:
0

# Number of years (nyr)
50

# Starting age
0

# Ending age
8

# Sample size for comp data
200

# Sample size for fishery age comp data
200

# Sample size for antibody prevalence data
200

# Survey data
86114.7936146472
45702.4158653272
45436.2401118921
47604.4848610168
22373.9179356033
35682.8068512161
17856.6523451665
21687.6795885667
25082.246942759
24102.9601872741
41812.8411197745
39603.0092387509
77128.6100701516
62783.5500885345
73818.775989292
79684.6658351586
31045.5077017653
36489.5969564936
21535.3052015197
46204.392731307
19349.0898361723
16107.3967538485
15528.1272534762
20935.5393146474
31190.3982692367
30883.0913500938
26202.8738154822
28736.7780143104
38861.7163206627
26666.1079112764
20467.0085907681
21378.9892836315
16691.6211886952
19519.7792172447
12562.7992744481
10988.049613666
6833.20483625592
10509.6293897804
19089.0996160003
28289.2623161068
18936.9760695486
21395.0441893494
24718.3331365595
28143.8200475832
25487.6539217948
30302.050679013
35928.2526363926
34002.141628132
25389.1566169475
21938.363900543

# Catches
0
0
0
0
0
0
0
0
0
0
0
0
0
0
0
0
0
0
0
0
0
0
0
0
0
0
0
0
0
0
0
0
0
0
0
0
0
0
0
0
0
0
0
0
0
0
0
0
0
0

# Catch compositions
-999 -999 -999 -999 -999 -999 -999 -999
-999 -999 -999 -999 -999 -999 -999 -999
-999 -999 -999 -999 -999 -999 -999 -999
-999 -999 -999 -999 -999 -999 -999 -999
-999 -999 -999 -999 -999 -999 -999 -999
-999 -999 -999 -999 -999 -999 -999 -999
-999 -999 -999 -999 -999 -999 -999 -999
-999 -999 -999 -999 -999 -999 -999 -999
-999 -999 -999 -999 -999 -999 -999 -999
-999 -999 -999 -999 -999 -999 -999 -999
-999 -999 -999 -999 -999 -999 -999 -999
-999 -999 -999 -999 -999 -999 -999 -999
-999 -999 -999 -999 -999 -999 -999 -999
-999 -999 -999 -999 -999 -999 -999 -999
-999 -999 -999 -999 -999 -999 -999 -999
-999 -999 -999 -999 -999 -999 -999 -999
-999 -999 -999 -999 -999 -999 -999 -999
-999 -999 -999 -999 -999 -999 -999 -999
-999 -999 -999 -999 -999 -999 -999 -999
-999 -999 -999 -999 -999 -999 -999 -999
-999 -999 -999 -999 -999 -999 -999 -999
-999 -999 -999 -999 -999 -999 -999 -999
-999 -999 -999 -999 -999 -999 -999 -999
-999 -999 -999 -999 -999 -999 -999 -999
-999 -999 -999 -999 -999 -999 -999 -999
-999 -999 -999 -999 -999 -999 -999 -999
-999 -999 -999 -999 -999 -999 -999 -999
-999 -999 -999 -999 -999 -999 -999 -999
-999 -999 -999 -999 -999 -999 -999 -999
-999 -999 -999 -999 -999 -999 -999 -999
-999 -999 -999 -999 -999 -999 -999 -999
-999 -999 -999 -999 -999 -999 -999 -999
-999 -999 -999 -999 -999 -999 -999 -999
-999 -999 -999 -999 -999 -999 -999 -999
-999 -999 -999 -999 -999 -999 -999 -999
-999 -999 -999 -999 -999 -999 -999 -999
-999 -999 -999 -999 -999 -999 -999 -999
-999 -999 -999 -999 -999 -999 -999 -999
-999 -999 -999 -999 -999 -999 -999 -999
-999 -999 -999 -999 -999 -999 -999 -999
-999 -999 -999 -999 -999 -999 -999 -999
-999 -999 -999 -999 -999 -999 -999 -999
-999 -999 -999 -999 -999 -999 -999 -999
-999 -999 -999 -999 -999 -999 -999 -999
-999 -999 -999 -999 -999 -999 -999 -999
-999 -999 -999 -999 -999 -999 -999 -999
-999 -999 -999 -999 -999 -999 -999 -999
-999 -999 -999 -999 -999 -999 -999 -999
-999 -999 -999 -999 -999 -999 -999 -999
-999 -999 -999 -999 -999 -999 -999 -999

# Age composition from fishery-independent survey
0 0 4 37 54 29 16 60
0 0 5 18 50 46 22 59
0 0 7 10 34 38 38 73
0 0 1 40 20 25 41 73
0 0 1 3 74 11 16 95
0 0 3 7 7 63 10 110
0 0 4 7 9 16 56 108
0 0 8 53 11 9 5 114
0 0 7 57 30 10 4 92
0 0 7 33 58 31 8 63
0 0 19 44 38 33 17 49
0 0 6 92 32 21 16 33
0 0 0 32 100 27 12 29
0 0 0 27 38 84 18 33
0 0 2 13 38 46 62 39
0 0 1 10 6 45 32 106
0 0 0 3 9 13 35 140
0 0 1 1 9 15 5 169
0 0 5 11 5 7 14 158
0 0 0 26 18 3 5 148
0 0 0 8 44 11 2 135
0 0 3 12 9 41 5 130
0 0 1 33 11 7 38 110
0 0 9 8 39 12 4 128
0 0 12 45 7 27 9 100
0 0 5 70 51 5 17 52
0 0 5 23 74 31 7 60
0 0 1 27 39 58 23 52
0 0 0 13 50 28 43 66
0 0 1 1 21 55 33 89
0 0 3 5 4 27 46 115
0 0 6 16 11 10 16 141
0 0 3 44 21 4 9 119
0 0 1 18 61 16 5 99
0 0 0 13 24 52 11 100
0 0 2 5 16 27 42 108
0 0 7 18 4 18 17 136
0 0 16 31 24 2 16 111
0 0 20 54 49 17 1 59
0 0 0 90 56 14 6 34
0 0 2 8 128 31 9 22
0 0 6 3 20 113 25 33
0 0 8 35 7 14 80 56
0 0 1 47 36 8 11 97
0 0 5 18 67 23 4 83
0 0 11 26 33 51 27 52
0 0 3 53 55 15 26 48
0 0 0 26 64 33 9 68
0 0 3 14 41 53 30 59
0 0 2 16 17 32 53 80

# Antibody prevalence values
0 0 0 0 0 4 1 36 19 41 23 8 9 2 49 8
0 0 0 0 0 1 0 27 13 36 30 19 22 1 51 0
0 0 0 0 0 9 0 20 1 25 24 24 33 7 52 5
0 0 0 0 0 1 0 35 0 19 2 21 10 19 82 11
0 0 0 0 0 1 0 14 12 44 9 4 8 7 92 9
0 0 0 0 0 3 0 3 3 10 33 29 16 3 94 6
0 0 0 0 0 6 0 11 0 10 2 8 42 24 87 10
0 0 0 0 0 7 0 42 0 20 0 3 3 9 87 29
0 0 0 0 0 10 0 43 0 45 0 12 0 3 75 12
0 0 0 0 0 12 2 39 10 44 12 9 5 2 56 9
0 0 0 0 0 16 0 34 11 36 26 14 20 2 40 1
0 0 0 0 0 7 3 89 7 28 16 8 15 1 24 2
0 0 0 0 0 6 0 25 39 66 17 3 12 0 32 0
0 0 0 0 0 1 1 31 13 22 79 8 16 0 29 0
0 0 0 0 0 1 0 8 9 37 21 21 56 9 38 0
0 0 0 0 0 1 0 5 3 5 19 12 29 6 117 3
0 0 0 0 0 0 0 4 1 16 3 9 27 10 123 7
0 0 0 0 0 1 0 2 0 10 0 20 5 5 137 20
0 0 0 0 0 5 0 7 0 4 0 13 0 14 138 19
0 0 0 0 0 0 0 40 0 13 0 1 1 6 113 26
0 0 0 0 0 0 0 5 0 51 0 15 1 1 91 36
0 0 0 0 0 0 0 14 1 5 9 47 1 5 95 23
0 0 0 0 0 1 0 31 0 17 0 8 9 38 75 21
0 0 0 0 0 5 0 8 0 54 0 11 2 4 67 49
0 0 0 0 0 10 1 42 2 7 12 21 4 7 73 21
0 0 0 0 0 4 1 60 2 38 1 5 6 21 46 16
0 0 0 0 0 2 0 29 18 48 19 9 0 0 64 11
0 0 0 0 0 2 1 42 6 31 23 26 14 6 49 0
0 0 0 0 0 0 0 15 2 47 6 35 19 29 40 7
0 0 0 0 0 1 0 2 4 18 24 23 20 12 76 20
0 0 0 0 0 1 0 5 0 3 4 20 23 25 93 26
0 0 0 0 0 1 0 7 0 6 1 4 2 11 110 58
0 0 0 0 0 2 0 49 0 14 0 5 0 2 86 42
0 0 0 0 0 2 0 12 0 60 0 12 0 3 71 40
0 0 0 0 0 0 0 8 5 14 20 32 10 11 81 19
0 0 0 0 0 3 0 3 0 21 2 26 16 34 73 22
0 0 0 0 0 5 0 19 0 5 1 18 1 16 91 44
0 0 0 0 0 13 0 43 0 20 0 2 0 15 57 50
0 0 0 0 0 19 0 66 0 37 0 19 0 3 29 27
0 0 0 0 0 2 0 106 1 46 0 16 0 7 10 12
0 0 0 0 0 1 0 15 37 75 24 16 8 3 19 2
0 0 0 0 0 3 0 2 5 13 84 33 24 5 29 2
0 0 0 0 0 9 0 33 0 1 4 13 54 33 48 5
0 0 0 0 0 3 0 52 0 41 0 3 1 11 64 25
0 0 0 0 0 7 0 21 14 57 6 11 2 2 69 11
0 0 0 0 0 9 1 41 10 18 38 13 16 2 52 0
0 0 0 0 0 2 0 45 0 43 4 17 28 15 42 4
0 0 0 0 0 2 3 25 14 51 14 24 6 2 53 6
0 0 0 0 0 1 0 12 5 40 23 30 12 14 54 9
0 0 0 0 0 0 0 27 4 14 15 19 25 14 72 10

# Average weight-at-age
70
94
115
134
150
160
165
168

# Maturity logistic function parameter age-at-50%
3

# Maturity logistic function parameter age-at-95%
4

# Infection prevalence index (avg of 3 different samples)
0.0111111111111111
0
0
0.0277777777777778
0.00555555555555556
0
0
0
0.0833333333333333
0.0388888888888889
0.0277777777777778
0.0388888888888889
0.105555555555556
0
0.0277777777777778
0
0
0
0
0
0.0166666666666667
0
0
0.00555555555555556
0
0.1
0
0
0.0666666666666667
0
0
0
0.00555555555555556
0.0166666666666667
0
0
0
0
0.00555555555555556
0
0.0222222222222222
0
0
0
0.0611111111111111
0
0.0111111111111111
0.00555555555555556
0.0277777777777778
0

