# Simulated data from SIR age-structured hybrid model
# random seed = 3293387
# Flag=0 if no issues, =1 if negative pop #'s, =2 if NaN, or=3 if NA. Flag:
0

# Number of years (nyr)
50

# Starting age
0

# Ending age
8

# Sample size for comp data
200

# Sample size for fishery age comp data
200

# Sample size for antibody prevalence data
200

# Survey data
11092.3455843203
9957.53334641249
7132.76210535486
9282.45677853663
6353.84132710823
8420.39269475045
3503.78116190959
6524.70997090272
8764.29466533255
8300.33367595358
4533.50462794179
5048.47352261026
4672.20983190335
18171.3361568065
18346.9590924954
13744.5738102508
10140.5640388083
18174.4089333078
9635.53672690175
12256.0451206937
12942.24598864
7686.07677200585
14850.7495275587
11771.8687181604
14720.6133755465
14662.237663664
20769.3230083777
16249.3740224419
32661.1082290608
14457.7248778132
17339.7781688174
25653.0962712216
11705.7136038055
7224.72698254937
6857.38346506296
11752.75803675
21599.8704852569
12636.8607398239
18559.2142563342
15091.7993294514
23026.0052307707
32971.161767469
35318.8865163493
32715.3250469292
37037.7056045512
25307.9038795804
43727.3408273257
31337.2646144562
41703.17482632
42645.8613550141

# Catches
0
0
0
0
0
0
0
0
0
0
0
0
0
0
0
0
0
0
0
0
0
0
0
0
0
0
0
0
0
0
0
0
0
0
0
0
0
0
0
0
0
0
0
0
0
0
0
0
0
0

# Catch compositions
-999 -999 -999 -999 -999 -999 -999 -999
-999 -999 -999 -999 -999 -999 -999 -999
-999 -999 -999 -999 -999 -999 -999 -999
-999 -999 -999 -999 -999 -999 -999 -999
-999 -999 -999 -999 -999 -999 -999 -999
-999 -999 -999 -999 -999 -999 -999 -999
-999 -999 -999 -999 -999 -999 -999 -999
-999 -999 -999 -999 -999 -999 -999 -999
-999 -999 -999 -999 -999 -999 -999 -999
-999 -999 -999 -999 -999 -999 -999 -999
-999 -999 -999 -999 -999 -999 -999 -999
-999 -999 -999 -999 -999 -999 -999 -999
-999 -999 -999 -999 -999 -999 -999 -999
-999 -999 -999 -999 -999 -999 -999 -999
-999 -999 -999 -999 -999 -999 -999 -999
-999 -999 -999 -999 -999 -999 -999 -999
-999 -999 -999 -999 -999 -999 -999 -999
-999 -999 -999 -999 -999 -999 -999 -999
-999 -999 -999 -999 -999 -999 -999 -999
-999 -999 -999 -999 -999 -999 -999 -999
-999 -999 -999 -999 -999 -999 -999 -999
-999 -999 -999 -999 -999 -999 -999 -999
-999 -999 -999 -999 -999 -999 -999 -999
-999 -999 -999 -999 -999 -999 -999 -999
-999 -999 -999 -999 -999 -999 -999 -999
-999 -999 -999 -999 -999 -999 -999 -999
-999 -999 -999 -999 -999 -999 -999 -999
-999 -999 -999 -999 -999 -999 -999 -999
-999 -999 -999 -999 -999 -999 -999 -999
-999 -999 -999 -999 -999 -999 -999 -999
-999 -999 -999 -999 -999 -999 -999 -999
-999 -999 -999 -999 -999 -999 -999 -999
-999 -999 -999 -999 -999 -999 -999 -999
-999 -999 -999 -999 -999 -999 -999 -999
-999 -999 -999 -999 -999 -999 -999 -999
-999 -999 -999 -999 -999 -999 -999 -999
-999 -999 -999 -999 -999 -999 -999 -999
-999 -999 -999 -999 -999 -999 -999 -999
-999 -999 -999 -999 -999 -999 -999 -999
-999 -999 -999 -999 -999 -999 -999 -999
-999 -999 -999 -999 -999 -999 -999 -999
-999 -999 -999 -999 -999 -999 -999 -999
-999 -999 -999 -999 -999 -999 -999 -999
-999 -999 -999 -999 -999 -999 -999 -999
-999 -999 -999 -999 -999 -999 -999 -999
-999 -999 -999 -999 -999 -999 -999 -999
-999 -999 -999 -999 -999 -999 -999 -999
-999 -999 -999 -999 -999 -999 -999 -999
-999 -999 -999 -999 -999 -999 -999 -999
-999 -999 -999 -999 -999 -999 -999 -999

# Age composition from fishery-independent survey
0 0 2 21 71 14 34 58
0 0 2 20 29 48 19 82
0 0 0 23 37 29 45 66
0 0 2 14 39 36 23 86
0 0 4 45 19 28 21 83
0 0 3 9 66 21 31 70
0 0 5 30 17 64 13 71
0 0 4 29 36 14 44 73
0 0 0 21 36 38 14 91
0 0 1 4 42 33 33 87
0 0 1 3 8 32 50 106
0 0 8 20 16 4 29 123
0 0 19 54 21 8 4 94
0 0 38 38 43 11 3 67
0 0 1 141 22 13 6 17
0 0 0 11 148 21 7 13
0 0 3 11 20 120 19 27
0 0 1 25 7 13 114 40
0 0 2 19 48 7 16 108
0 0 0 11 32 40 10 107
0 0 1 9 17 26 35 112
0 0 8 12 10 24 29 117
0 0 13 58 16 7 14 92
0 0 3 90 49 8 5 45
0 0 5 47 93 22 3 30
0 0 1 36 48 71 22 22
0 0 0 10 51 49 52 38
0 0 6 21 4 48 37 84
0 0 5 34 25 4 39 93
0 0 2 19 54 19 6 100
0 0 5 9 34 42 12 98
0 0 1 37 19 28 31 84
0 0 2 5 65 17 22 89
0 0 0 8 7 52 22 111
0 0 10 31 11 6 43 99
0 0 15 34 22 14 2 113
0 0 3 94 29 22 2 50
0 0 0 17 107 20 8 48
0 0 15 18 18 78 21 50
0 0 13 65 27 10 55 30
0 0 3 79 56 7 6 49
0 0 8 20 113 28 8 23
0 0 0 46 40 61 26 27
0 0 1 2 60 34 56 47
0 0 5 4 6 57 19 109
0 0 7 44 14 5 41 89
0 0 9 27 56 10 3 95
0 0 1 60 50 32 3 54
0 0 3 30 70 29 21 47
0 0 3 34 51 41 19 52

# Antibody prevalence values
0 0 0 0 0 1 0 21 0 64 1 27 2 29 20 35
0 0 0 0 0 1 0 20 0 31 3 58 1 17 20 49
0 0 0 0 0 2 0 23 1 30 1 17 5 41 23 57
0 0 0 0 0 9 0 22 0 38 0 24 0 25 18 64
0 0 0 0 0 3 0 56 0 26 0 22 0 18 19 56
0 0 0 0 0 4 0 18 1 67 2 20 0 19 24 45
0 0 0 0 0 4 1 33 2 20 11 34 3 12 29 51
0 0 0 0 0 3 0 29 0 38 0 19 7 31 33 40
0 0 0 0 0 0 0 21 0 41 0 40 3 8 30 57
0 0 0 0 0 1 0 2 0 31 3 35 4 32 29 63
0 0 0 0 0 1 0 3 0 5 1 33 0 36 27 94
0 0 0 0 0 8 0 21 0 17 0 3 1 23 37 90
0 0 0 0 0 11 1 54 0 22 0 10 0 4 32 66
0 0 0 0 0 41 1 37 0 42 1 13 0 6 16 43
0 0 0 0 0 1 0 122 0 27 1 22 0 1 4 22
0 0 0 0 0 0 0 14 46 101 14 5 8 1 9 2
0 0 0 0 0 0 0 6 5 9 101 34 23 1 21 0
0 0 0 0 0 3 0 34 0 13 4 4 87 27 24 4
0 0 0 0 0 3 0 19 0 50 0 5 3 6 94 20
0 0 0 0 0 2 0 13 0 33 0 42 0 5 78 27
0 0 0 0 0 1 0 9 0 15 0 31 0 32 81 31
0 0 0 0 0 12 0 17 0 12 0 19 0 21 65 54
0 0 0 0 0 22 0 44 0 15 0 8 0 14 46 51
0 0 0 0 0 3 1 81 8 51 0 3 3 4 34 12
0 0 0 0 0 5 0 40 35 56 24 5 2 0 30 3
0 0 0 0 0 1 1 27 13 43 36 23 22 3 30 1
0 0 0 0 0 1 0 2 5 56 16 28 40 12 39 1
0 0 0 0 0 3 3 16 1 2 18 33 14 18 85 7
0 0 0 0 0 1 0 36 1 25 3 8 4 31 68 23
0 0 0 0 0 4 0 22 0 55 0 20 1 5 57 36
0 0 0 0 0 5 1 16 8 27 14 15 5 5 90 14
0 0 0 0 0 2 0 35 0 25 7 20 13 19 58 21
0 0 0 0 0 1 0 4 1 54 0 19 2 17 64 38
0 0 0 0 0 0 0 4 1 6 21 49 4 9 81 25
0 0 0 0 0 8 0 31 0 4 0 7 8 36 67 39
0 0 0 0 0 17 0 31 0 23 0 7 2 8 61 51
0 0 0 0 0 2 0 91 2 24 0 19 1 4 31 26
0 0 0 0 0 1 0 12 33 83 13 2 6 5 42 3
0 0 0 0 0 13 0 13 7 13 61 40 11 2 40 0
0 0 0 0 0 15 0 67 0 16 3 7 46 15 29 2
0 0 0 0 0 3 4 80 21 47 9 4 0 1 28 3
0 0 0 0 0 5 1 29 31 74 28 4 3 0 24 1
0 0 0 0 0 0 1 34 16 28 61 11 24 2 23 0
0 0 0 0 0 2 0 3 15 44 22 12 45 4 53 0
0 0 0 0 0 3 0 4 3 5 22 29 26 12 95 1
0 0 0 0 0 8 0 53 0 15 2 4 16 16 83 3
0 0 0 0 0 5 1 42 11 35 6 3 2 1 85 9
0 0 0 0 0 9 1 53 13 28 23 10 4 1 57 1
0 0 0 0 0 5 0 36 17 32 30 5 25 2 46 2
0 0 0 0 0 6 1 40 12 32 29 16 26 1 37 0

# Average weight-at-age
70
94
115
134
150
160
165
168

# Maturity logistic function parameter age-at-50%
3

# Maturity logistic function parameter age-at-95%
4

# Infection prevalence index (avg of 3 different samples)
0
0
0
0
0
0.0166666666666667
0
0
0
0
0
0
0
0
0.0333333333333333
0.0777777777777778
0
0
0
0
0
0
0
0.166666666666667
0.00555555555555556
0.00555555555555556
0
0
0
0.0277777777777778
0
0
0
0
0
0
0.194444444444444
0.0388888888888889
0
0.05
0.0222222222222222
0.111111111111111
0
0
0
0.00555555555555556
0.105555555555556
0.116666666666667
0
0.0388888888888889

