# Simulated data from SIR age-structured hybrid model
# random seed = 4774296
# Flag=0 if no issues, =1 if negative pop #'s, =2 if NaN, or=3 if NA. Flag:
0

# True SSB
48954.2683264819
40972.1113575125
31270.7586289186
27390.4093520456
31175.35077177
36912.0214480237
36563.1197316406
32415.4451566655
29351.9587476591
26089.3617973443
25116.5751800764
30015.6350640289
36475.24832804
48218.3826920454
57862.1091747383
54897.0602763737
50140.633820332
45657.8834262755
40877.707823702
36083.012839205
29709.558338877
25851.8846626861
24389.5536735265
23499.4878617676
29622.1416084975
46849.6494697817
65317.7940675559
79998.5890508206
88785.268919921
89609.4422156445
99149.9375913496
102360.708723228
86485.6713847812
71488.1930258554
65129.6707495598
72032.923530871
102410.574287944
120520.95426721
107617.128235308
89375.2600329516
72738.7457017836
58562.265382259
46622.8251022864
36813.9854484415
29140.7410513158
23242.6179629773
18404.0594826966
17924.1357806129
29656.0165101738
82078.2175699134

# True R (numbers)
96.4346737814383
325.773432852599
197.362540578809
62.3827020801375
39.564638688352
97.9148596042569
108.035735010912
80.397230580835
385.715144209745
168.792003061677
669.643101528017
208.083718135047
82.50007805287
144.107095468396
68.9822391624198
94.2538011721516
48.5588949876676
23.0463441651849
91.3670415027066
151.615301039709
32.7876059037544
390.685678509723
680.899522524291
601.767384407147
629.824080323777
547.214563100959
216.742125422294
1038.7426135763
73.5771137437161
36.3013751745224
140.908356042771
249.174700273365
554.581214624486
1608.98721743345
221.159607334001
82.0418242298793
33.4347646058559
33.4019773005577
22.7695257988261
5.4087191248798
6.87806608659096
7.29024060973381
7.16364095699403
38.16139749783
107.388288694676
324.149822266906
2405.93082348524
661.178985048865
168.06298569258
99.5731890854128

# True infection rate given (selected) susceptible
0.0109606679135697 0.01096066791357 0.0109606679135698 0.0109606679135689 0.0109606679135705 0.0109606679135707 0.01096066791357 0.0109606679135705
0.671853665855413 0.671853665855412 0.671853665855413 0.671853665855413 0.671853665855412 0.671853665855413 0.671853665855412 0.671853665855412
0.698649003575462 0.698649003575462 0.698649003575462 0.698649003575462 0.698649003575462 0.698649003575462 0.698649003575462 0.698649003575462
0.539686373308218 0.539686373308218 0.539686373308218 0.539686373308219 0.539686373308218 0.539686373308218 0.539686373308218 0.539686373308218
0.0332358775374818 0.0332358775374801 0.0332358775374806 0.0332358775374807 0.0332358775374806 0.0332358775374801 0.0332358775374802 0.0332358775374814
0.0444089528111492 0.044408952811149 0.0444089528111492 0.0444089528111489 0.0444089528111496 0.0444089528111497 0.04440895281115 0.0444089528111494
0.0871385723340668 0.0871385723340673 0.0871385723340675 0.0871385723340672 0.0871385723340674 0.0871385723340664 0.0871385723340672 0.0871385723340664
0.181414711043222 0.181414711043222 0.181414711043222 0.181414711043222 0.181414711043222 0.181414711043222 0.181414711043222 0.181414711043223
0.747162942285601 0.747162942285601 0.747162942285601 0.747162942285601 0.747162942285601 0.747162942285601 0.747162942285601 0.747162942285601
0.746085718649615 0.746085718649615 0.746085718649615 0.746085718649614 0.746085718649615 0.746085718649615 0.746085718649615 0.746085718649615
0.862296223518926 0.862296223518926 0.862296223518927 0.862296223518926 0.862296223518926 0.862296223518926 0.862296223518926 0.862296223518926
0.848106049781426 0.848106049781426 0.848106049781426 0.848106049781426 0.848106049781426 0.848106049781426 0.848106049781426 0.848106049781426
0.67612487897339 0.67612487897339 0.67612487897339 0.67612487897339 0.67612487897339 0.67612487897339 0.67612487897339 0.67612487897339
0.0581258061733694 0.0581258061733693 0.0581258061733693 0.0581258061733689 0.058125806173369 0.0581258061733689 0.0581258061733685 0.058125806173369
0.14296606766144 0.142966067661442 0.142966067661441 0.142966067661441 0.142966067661441 0.142966067661441 0.142966067661441 0.142966067661441
0.102569737880507 0.102569737880509 0.102569737880508 0.102569737880507 0.102569737880508 0.102569737880508 0.102569737880507 0.102569737880507
0.0545343778337015 0.0545343778337011 0.0545343778337015 0.0545343778337013 0.0545343778337014 0.0545343778337017 0.0545343778337027 0.0545343778337014
0.0402362780371236 0.0402362780371247 0.0402362780371243 0.0402362780371246 0.0402362780371246 0.0402362780371243 0.0402362780371237 0.0402362780371245
0.0539403439897336 0.0539403439897322 0.0539403439897333 0.053940343989734 0.0539403439897336 0.0539403439897335 0.0539403439897334 0.0539403439897326
0.270236520136588 0.270236520136588 0.270236520136587 0.270236520136588 0.270236520136587 0.270236520136588 0.270236520136588 0.270236520136588
0.351401467339044 0.351401467339045 0.351401467339045 0.351401467339044 0.351401467339044 0.351401467339045 0.351401467339045 0.351401467339044
0.754132924863726 0.754132924863726 0.754132924863726 0.754132924863726 0.754132924863726 0.754132924863726 0.754132924863726 0.754132924863726
0.88953909451943 0.88953909451943 0.88953909451943 0.88953909451943 0.88953909451943 0.88953909451943 0.88953909451943 0.88953909451943
0.894708186320547 0.894708186320547 0.894708186320547 0.894708186320547 0.894708186320547 0.894708186320547 0.894708186320547 0.894708186320547
0.873466129450692 0.873466129450692 0.873466129450692 0.873466129450692 0.873466129450692 0.873466129450692 0.873466129450692 0.873466129450692
0.843531709892196 0.843531709892196 0.843531709892195 0.843531709892196 0.843531709892196 0.843531709892196 0.843531709892196 0.843531709892196
0.757660792665383 0.757660792665383 0.757660792665383 0.757660792665384 0.757660792665383 0.757660792665383 0.757660792665383 0.757660792665383
0.87276370974867 0.87276370974867 0.872763709748671 0.87276370974867 0.872763709748671 0.87276370974867 0.87276370974867 0.872763709748671
0.873044975110476 0.873044975110476 0.873044975110476 0.873044975110476 0.873044975110477 0.873044975110477 0.873044975110476 0.873044975110477
0.70961758839657 0.70961758839657 0.709617588396571 0.709617588396571 0.70961758839657 0.709617588396571 0.709617588396571 0.70961758839657
0.0182825412753748 0.0182825412753738 0.0182825412753742 0.0182825412753747 0.0182825412753743 0.0182825412753743 0.0182825412753742 0.0182825412753747
0.192849709142992 0.192849709142991 0.19284970914299 0.192849709142992 0.192849709142991 0.192849709142991 0.192849709142991 0.192849709142991
0.759024920780472 0.759024920780472 0.759024920780473 0.759024920780472 0.759024920780472 0.759024920780472 0.759024920780472 0.759024920780472
0.944375844126935 0.944375844126935 0.944375844126935 0.944375844126935 0.944375844126935 0.944375844126936 0.944375844126936 0.944375844126935
0.938539989446708 0.938539989446708 0.938539989446708 0.938539989446707 0.938539989446707 0.938539989446708 0.938539989446708 0.938539989446708
0.836316901489558 0.836316901489558 0.836316901489558 0.836316901489558 0.836316901489557 0.836316901489558 0.836316901489558 0.836316901489557
0.0434939214691645 0.0434939214691636 0.043493921469165 0.0434939214691642 0.0434939214691648 0.043493921469165 0.0434939214691654 0.0434939214691642
0.0217512724839938 0.0217512724839947 0.0217512724839946 0.0217512724839945 0.0217512724839943 0.0217512724839945 0.0217512724839939 0.0217512724839942
0.0102973035638914 0.0102973035638914 0.0102973035638913 0.0102973035638918 0.0102973035638923 0.0102973035638917 0.010297303563892 0.0102973035638921
0.00571533468897112 0.00571533468897148 0.00571533468897113 0.0057153346889717 0.00571533468897132 0.0057153346889712 0.00571533468897129 0.00571533468897121
0.00671831094601869 0.00671831094601774 0.00671831094601717 0.00671831094601851 0.00671831094601764 0.00671831094601728 0.00671831094601784 0.00671831094601765
0.0101908898265952 0.0101908898265951 0.0101908898265957 0.010190889826595 0.0101908898265954 0.0101908898265956 0.0101908898265954 0.010190889826596
0.0121247787874232 0.0121247787874234 0.0121247787874227 0.0121247787874225 0.0121247787874228 0.0121247787874238 0.0121247787874227 0.0121247787874236
0.0097997507001152 0.00979975070011467 0.00979975070011411 0.00979975070011521 0.00979975070011497 0.00979975070011469 0.00979975070011455 0.00979975070011411
0.0215522536838899 0.0215522536838902 0.021552253683889 0.0215522536838897 0.0215522536838902 0.0215522536838903 0.0215522536838895 0.0215522536838909
0.728849306426686 0.728849306426686 0.728849306426686 0.728849306426686 0.728849306426686 0.728849306426686 0.728849306426685 0.728849306426686
0.977553359184429 0.977553359184429 0.977553359184429 0.977553359184429 0.977553359184429 0.977553359184429 0.977553359184428 0.977553359184428
0.971626640953328 0.971626640953328 0.971626640953328 0.971626640953328 0.971626640953328 0.971626640953327 0.971626640953328 0.971626640953328
0.921493582507051 0.92149358250705 0.92149358250705 0.92149358250705 0.92149358250705 0.921493582507051 0.921493582507051 0.921493582507051
0.533819050919291 0.533819050919291 0.533819050919291 0.533819050919291 0.533819050919291 0.533819050919291 0.533819050919291 0.533819050919291

# Duration of outbreak (days) based on incidence
0
0
0
0
0
0
0
0
0
0
0
0
0
0
0
0
0
0
0
0
0
0
0
0
0
0
0
0
0
0
0
0
0
1
0
0
0
0
0
0
0
0
0
0
0
0
2
3
0
0

# Duration of outbreak (days) based on prevalence
0
17
13
0
0
0
0
0
26
18
22
19
0
0
0
0
0
0
0
0
0
24
24
22
20
17
3
17
13
0
0
0
13
21
18
8
0
0
0
0
0
0
0
0
0
23
25
22
16
0

# Peak (point) prevalence
0.000710890737295324
0.123607625570804
0.115017237602543
0.0516265665617777
0.0023544996389479
0.00456986846437021
0.0126792629908698
0.0296537009679016
0.188769823884956
0.141947992568216
0.24681212281171
0.191933208620736
0.0724757094367037
0.00345577427868878
0.0121912032283776
0.0108930009059069
0.00642766556223724
0.00467862258389261
0.00703610288238863
0.0376956509797362
0.0420935507182987
0.179011970155183
0.309571390842379
0.286692266840149
0.230486416627132
0.177561757455224
0.10102124336556
0.189794971934486
0.152865520656095
0.0539235627040311
0.000420871825149194
0.0111223954361716
0.123978856249521
0.362111923285096
0.277282375332112
0.113487184643489
0.00104841059736121
0.000536616142125714
0.000245068034547223
0.000136287706565034
0.000165860678366142
0.000277136245873741
0.000359935410398579
0.000328100739474002
0.00143634953917974
0.165972077742248
0.666500618789129
0.471558686746414
0.22987155828919
0.0271613313015119

# Day of peak prevalence
119
54
50
72
119
119
119
119
47
43
27
27
48
119
119
119
119
119
119
112
101
45
24
21
24
27
38
25
23
42
119
117
42
16
14
26
119
119
107
90
80
92
102
102
119
47
11
10
16
61

# Total immunity
0.441361474576931
0.228607899577544
0.305744956549775
0.442589630853306
0.544621779069507
0.432285302558275
0.339644441736706
0.29941550756511
0.16794804464763
0.299088850411825
0.216037555818129
0.339920676340428
0.513500399041834
0.557328894576993
0.509565461825044
0.461904186341325
0.445559537434942
0.438182723598174
0.353022960259957
0.25280061252568
0.320221821115977
0.19298589608446
0.169197324197048
0.224920316936596
0.284838319906203
0.349941183560455
0.478500498694086
0.337403374477631
0.501570030969255
0.690447213178018
0.720229156865037
0.551895273013928
0.350266797829057
0.202438885889778
0.37099758134218
0.598706457371171
0.778396013031452
0.757326889783802
0.738365029432847
0.733724708174204
0.724254374487508
0.711682685225453
0.69703064179184
0.601117446777519
0.399373904015391
0.175001169279289
0.0545513580711777
0.203916233833262
0.452208247253275
0.678528375279092

# Observed immunity (based on survey selectivity)
0.655116383575521
0.615452242518676
0.840011036751153
0.886180099594189
0.828828093644356
0.717880478300184
0.649335399451017
0.617785019238916
0.595915162375168
0.815260216819463
0.879843225247941
0.893549254861941
0.91038041214547
0.868441299975205
0.795598682342941
0.758449622622338
0.694538885257645
0.627193662621448
0.566833534648923
0.526927319923891
0.606617831044672
0.669231054323164
0.837288250787535
0.92351499778119
0.883713843825096
0.888003222382949
0.908771108623752
0.908349637351354
0.938875112085407
0.948005462820128
0.912566616123932
0.86843561112668
0.869146283914722
0.928815215088323
0.948009112513719
0.917493336822614
0.903679200938334
0.859894445482062
0.828180592933932
0.801984406660052
0.777858402938047
0.755425959836155
0.742960218981097
0.736348616800425
0.726496286025964
0.711924823050615
0.873105344042659
0.917853106991643
0.822219918104653
0.865579436842938

# True total proportion of susceptible
1 0.998378542307603 0.994255647023895 0.981863223476452 0.954193376240432 0.848540568867025 0.625980976492472 0.119438643418178
1 0.997821181184676 0.994344276464774 0.988375543203057 0.974822997773133 0.946719065730094 0.841378922448654 0.235947150939081
1 0.8610472321915 0.727093860659691 0.577813179324403 0.469598311294392 0.411141796490172 0.374983877206705 0.0917110893845084
1 0.85550306720788 0.607422302249787 0.389298936587022 0.23747108862088 0.163874743548334 0.132260696046433 0.0293403720987752
1 0.888288785568233 0.662025823294808 0.386046860868833 0.20789690115655 0.114432084625316 0.0752165955027443 0.016107427464945
1 0.993336526444072 0.876745549195198 0.648290660943366 0.375417648457036 0.201358184093924 0.110613098248782 0.018017301204162
1 0.991062517923528 0.976795406749207 0.854300945505327 0.626435507395683 0.360408884155915 0.192584945910202 0.020922996420832
1 0.982337480037226 0.958315012062973 0.929096123381437 0.801319365518944 0.580820681103376 0.330864890067056 0.0488133112368409
1 0.96288608780791 0.913407627000148 0.857886956579959 0.809424788102784 0.684341277203637 0.486790772238421 0.146863340974907
1 0.84510850621299 0.666802914728714 0.473490367692994 0.335729637948047 0.264977404863694 0.199278740671547 0.0600317561039442
1 0.845834028732902 0.577653026424741 0.33102663675129 0.170666906697911 0.0986386833216163 0.0702436288340664 0.0176775533109233
1 0.821997682253141 0.534948203281287 0.234218259925751 0.0821039403745662 0.0298932418711585 0.0143118860911431 0.00272012486606225
1 0.82514705516231 0.523628799253275 0.220767478027761 0.0597944997720463 0.0151970890034551 0.00468444496093592 0.000696374163835276
1 0.860615756160995 0.588564223450587 0.279659315568338 0.0890070429195923 0.0204531434276442 0.00483395767255223 0.000468770364157107
1 0.988320093025512 0.840784214365546 0.566574117302158 0.265698310618687 0.0839277321249355 0.0192253941849357 0.00111815127210653
1 0.970954537380649 0.934335068854903 0.769072846693386 0.502226548766693 0.229975586608137 0.0716917331925278 0.00873424825465691
1 0.979210294578681 0.932828064881009 0.879584330400355 0.710990452866803 0.457297060599906 0.206895388660293 0.0203863767890724
1 0.988995371222194 0.958994100771615 0.904058147954069 0.846104702541692 0.679810854741094 0.434688066076714 0.115068738780543
1 0.99190537976024 0.974055109941158 0.937514546557864 0.879052195528228 0.820234421519703 0.656967434751749 0.168715939353614
1 0.989132271827706 0.97179459467902 0.944894855437312 0.903088860345595 0.843345838422886 0.785057088191481 0.203596846003726
1 0.944457923094311 0.884850348619153 0.818131351731886 0.760661054688265 0.709180689621682 0.652489589232818 0.227632214888266
1 0.927474000933126 0.811454184452357 0.694459208292727 0.598159775033411 0.534736212800824 0.488271230047242 0.174761608044668
1 0.843859085909361 0.636870481872903 0.408704512695191 0.257379244859689 0.181711443153936 0.146366221350096 0.0527064275633034
1 0.816369122846035 0.523273067832744 0.249010150772559 0.0934800421229258 0.0395007282532871 0.0221958627770069 0.00614541978136342
1 0.81553271542337 0.502609550348393 0.19791529227343 0.0537667024659819 0.0133792048845038 0.00449150592345652 0.000661920431577363
1 0.81996156651513 0.509866126987115 0.196966973963121 0.0458212179622389 0.00865717204340595 0.00177595582043373 0.000167898401827691
1 0.826134365088131 0.523925830486903 0.211053185067727 0.0506446838382099 0.00860321249197864 0.00138774216270643 9.51304614212871e-05
1 0.843835333312448 0.559778020253079 0.249603118962044 0.0700625318687484 0.0134870558129268 0.00206944083885666 4.38388940568689e-05
1 0.81998470779606 0.529856006478002 0.222162705610216 0.0585580155768156 0.0113356367638977 0.00179172259008705 0.000138712915466661
1 0.820108463370212 0.51325357986127 0.209146603865086 0.0518803857298673 0.00947801909619742 0.00151135122748025 0.00012830470465325
1 0.853908358181503 0.572918014423985 0.261827176774233 0.0782365952773547 0.0161544640485313 0.00271793365714514 0.000182505321524235
1 0.996369068332977 0.847757416800405 0.56620807778448 0.257728077442849 0.0768390842411487 0.0158515046023117 0.00102270862975415
1 0.96069251893826 0.922681711504948 0.749596105246357 0.478848696065191 0.210750079444929 0.0616984940061557 0.00406977387182955
1 0.843109071029396 0.661064531151389 0.472820398502791 0.279050607393131 0.139451053331087 0.0524408478752092 0.00255208783474771
1 0.805218344857454 0.502333605072806 0.233816922072242 0.0869382668210213 0.0287792495257783 0.00968594457563282 0.00137912589216686
1 0.806689152435984 0.479383803755906 0.173637264345573 0.0416646025421705 0.00904469092684414 0.00212475814555189 9.54534240298265e-05
1 0.827923358341418 0.517575998134587 0.200147528624687 0.0456874139866078 0.00814222975772377 0.00152290925498217 2.19740709636423e-05
1 0.991324907075807 0.813559999672464 0.502845161261118 0.192534448818996 0.0437239004785141 0.00777745166327666 0.000169957810466229
1 0.995681819157807 0.983353862878651 0.803249423533919 0.494221989897508 0.188588239193876 0.0427570596410021 0.00158856014801289
1 0.997964430518382 0.991917859104971 0.977893749085009 0.797448844517293 0.489899963618294 0.186706070521864 0.0160689393984128
1 0.998873137437811 0.99587883885398 0.9888822281374 0.974263803658371 0.794003591190615 0.487451752489305 0.114562429519221
1 0.998676638319846 0.996422849872931 0.992306180143818 0.984591970822693 0.969671868950838 0.789845838171547 0.151546966303296
1 0.997988942297237 0.994952649778018 0.990989692696896 0.985769873078959 0.977566428215016 0.962488543591359 0.182606944517957
1 0.99760392350339 0.993552963911075 0.988482824217265 0.983205082662039 0.977390169150214 0.968963517778042 0.202133030342844
1 0.998064188656343 0.994021188050445 0.988331478413666 0.98220520108379 0.976448422205553 0.970443999418498 0.226773300731233
1 0.995705841262506 0.990108888529368 0.982416942761529 0.974376752972341 0.967189000851268 0.961008910262408 0.243662275999934
1 0.849159556905413 0.70090023954454 0.535038535773443 0.414582667000514 0.353652968195201 0.325576036541389 0.0661830357358811
1 0.798440876745206 0.493892182449405 0.233336992809959 0.083991068908791 0.0311299947997783 0.0145274519061791 0.00125784408375847
1 0.799943404208231 0.46305170736141 0.158761044470426 0.0350183555071328 0.00625543596448413 0.00136539928003812 3.70376639288787e-05
1 0.810338952045829 0.482207088805732 0.164476997489957 0.0301145112272299 0.00414500043190014 0.000560252776172927 4.59718139203736e-06

# True vulnerable proportion of susceptible
0.27 0.499189271153802 0.725806622327443 0.864039636659278 0.90648370742841 0.831569757489684 0.619721166727548 0.119438643418178
0.27 0.498910590592338 0.725871321819285 0.86977047801869 0.926081847884477 0.927784684415493 0.832965133224168 0.235947150939081
0.27 0.43052361609575 0.530778518281574 0.508475597805475 0.446118395729672 0.402918960560368 0.371234038434638 0.0917110893845084
0.27 0.42775153360394 0.443418280642344 0.342583064196579 0.225597534189836 0.160597248677367 0.130938089085969 0.0293403720987752
0.27 0.444144392784117 0.48327885100521 0.339721237564573 0.197502056098723 0.11214344293281 0.0744644295477169 0.016107427464945
0.27 0.496668263222036 0.640024250912494 0.570495781630162 0.356646766034184 0.197331020412045 0.109506967266294 0.018017301204162
0.27 0.495531258961764 0.713060646926921 0.751784832044688 0.595113732025898 0.353200706472797 0.1906590964511 0.020922996420832
0.27 0.491168740018613 0.699569958805971 0.817604588575665 0.761253397242997 0.569204267481309 0.327556241166386 0.0488133112368409
0.27 0.481443043903955 0.666787567710108 0.754940521790364 0.768953548697645 0.670654451659564 0.481922864516037 0.146863340974907
0.27 0.422554253106495 0.486766127751961 0.416671523569835 0.318943156050644 0.25967785676642 0.197285953264832 0.0600317561039442
0.27 0.422917014366451 0.421686709290061 0.291303440341135 0.162133561363016 0.096665909655184 0.0695411925457258 0.0176775533109233
0.27 0.410998841126571 0.39051218839534 0.206112068734661 0.0779987433558379 0.0292953770337354 0.0141687672302316 0.00272012486606225
0.27 0.412573527581155 0.382249023454891 0.19427538066443 0.056804774783444 0.014893147223386 0.00463760051132656 0.000696374163835276
0.27 0.430307878080497 0.429651883118929 0.246100197700137 0.0845566907736127 0.0200440805590913 0.0047856180958267 0.000468770364157107
0.27 0.494160046512756 0.613772476486849 0.498585223225899 0.252413395087753 0.0822491774824368 0.0190331402430864 0.00111815127210653
0.27 0.485477268690325 0.682064600264079 0.67678410509018 0.477115221328359 0.225376074875974 0.0709748158606025 0.00873424825465691
0.27 0.489605147289341 0.680964487363136 0.774034210752312 0.675440930223463 0.448151119387908 0.20482643477369 0.0203863767890724
0.27 0.494497685611097 0.700065693563279 0.795571170199581 0.803799467414607 0.666214637646272 0.430341185415947 0.115068738780543
0.27 0.49595268988012 0.711060230257045 0.82501280097092 0.835099585751816 0.803829733089309 0.650397760404232 0.168715939353614
0.27 0.494566135913853 0.709410054115685 0.831507472784835 0.857934417328315 0.826478921654428 0.777206517309566 0.203596846003726
0.27 0.472228961547155 0.645940754491981 0.719955589524059 0.722628001953852 0.694997075829249 0.64596469334049 0.227632214888266
0.27 0.463737000466563 0.592361554650221 0.611124103297599 0.568251786281741 0.524041488544808 0.48338851774677 0.174761608044668
0.27 0.421929542954681 0.464915451767219 0.359659971171768 0.244510282616705 0.178077214290858 0.144902559136595 0.0527064275633034
0.27 0.408184561423018 0.381989339517903 0.219128932679852 0.0888060400167795 0.0387107136882214 0.0219739041492368 0.00614541978136342
0.27 0.407766357711685 0.366904971754327 0.174165457200619 0.0510783673426828 0.0131116207868138 0.00444659086422196 0.000661920431577363
0.27 0.409980783257565 0.372202272700594 0.173330937087547 0.0435301570641269 0.00848402860253783 0.0017581962622294 0.000167898401827691
0.27 0.413067182544065 0.382465856255439 0.1857268028596 0.0481124496462994 0.00843114824213907 0.00137386474107936 9.51304614212871e-05
0.27 0.421917666656224 0.408637954784748 0.219650744686599 0.066559405275311 0.0132173146966682 0.0020487464304681 4.38388940568689e-05
0.27 0.40999235389803 0.386794884728941 0.19550318093699 0.0556301147979749 0.0111089240286197 0.00177380536418618 0.000138712915466661
0.27 0.410054231685106 0.374675113298727 0.184049011401276 0.0492863664433739 0.00928845871427347 0.00149623771520545 0.00012830470465325
0.27 0.426954179090751 0.418230150529509 0.230407915561325 0.074324765513487 0.0158313747675607 0.00269075432057369 0.000182505321524235
0.27 0.498184534166488 0.618862914264296 0.498263108450342 0.244841673570706 0.0753023025563258 0.0156929895562886 0.00102270862975415
0.27 0.48034625946913 0.673557649398612 0.659644572616794 0.454906261261932 0.20653507785603 0.0610815090660942 0.00406977387182955
0.27 0.421554535514698 0.482577107740514 0.416081950682456 0.265098077023475 0.136662032264465 0.0519164393964571 0.00255208783474771
0.27 0.402609172428727 0.366703531703148 0.205758891423573 0.0825913534799703 0.0282036645352627 0.0095890851298765 0.00137912589216686
0.27 0.403344576217992 0.349950176741811 0.152800792624104 0.0395813724150619 0.00886379710830726 0.00210351056409637 9.54534240298265e-05
0.27 0.413961679170709 0.377830478638249 0.176129825189725 0.0434030432872774 0.0079793851625693 0.00150768016243235 2.19740709636423e-05
0.27 0.495662453537904 0.593898799760899 0.442503741909784 0.182907726378047 0.0428494224689439 0.00769967714664389 0.000169957810466229
0.27 0.497840909578903 0.717848319901415 0.706859492709849 0.469510890402633 0.184816474409999 0.0423294890445921 0.00158856014801289
0.27 0.498982215259191 0.724100037146629 0.860546499194808 0.757576402291429 0.480101964345929 0.184839009816646 0.0160689393984128
0.27 0.499436568718905 0.726991552363405 0.870216360760912 0.925550613475452 0.778123519366802 0.482577234964412 0.114562429519221
0.27 0.499338319159923 0.727388680407239 0.87322943852656 0.935362372281558 0.950278431571821 0.781947379789831 0.151546966303296
0.27 0.498994471148619 0.726315434337953 0.872070929573268 0.936481379425011 0.958015099650715 0.952863658155445 0.182606944517957
0.27 0.498801961751695 0.725293663655085 0.869864885311193 0.934044828528937 0.95784236576721 0.959273882600262 0.202133030342844
0.27 0.499032094328171 0.725635467276825 0.869731701004026 0.9330949410296 0.956919453761442 0.960739559424313 0.226773300731233
0.27 0.497852920631253 0.722779488626438 0.864526909630145 0.925657915323724 0.947845220834242 0.951398821159784 0.243662275999934
0.27 0.424579778452707 0.511657174867514 0.47083391148063 0.393853533650489 0.346579908831297 0.322320276175975 0.0661830357358811
0.27 0.399220438372603 0.360541293188066 0.205336553672764 0.0797915154633514 0.0305073949037827 0.0143821773871174 0.00125784408375847
0.27 0.399971702104116 0.338027746373829 0.139709719133974 0.0332674377317762 0.00613032724519445 0.00135174528723773 3.70376639288787e-05
0.27 0.405169476022914 0.352011174828184 0.144739757791162 0.0286087856658684 0.00406210042326214 0.000554650248411198 4.59718139203736e-06

# True survival by age
0.777679888876519 0.777181925910939 0.776690894570158 0.776396640302732 0.776319016051083 0.776538403903652 0.777118167970289 0.778477136583251
0.73435204040859 0.697120894596867 0.660207585606344 0.636805570576015 0.627653753038971 0.627391772889075 0.642870344775175 0.740298161815794
0.732697323821514 0.705678471313453 0.688829020887708 0.69267287895533 0.703255143769 0.710577454610097 0.715944471726227 0.763273011347153
0.742592382238834 0.721825689968363 0.719887926521796 0.733327618096034 0.748865902495681 0.757493648953254 0.761429378067191 0.774908387838155
0.776178303796957 0.77489035867502 0.774708192652017 0.775966192813535 0.77716166971641 0.777872006722512 0.778184475046782 0.778667556020784
0.775419116987288 0.773031384256804 0.771581190459807 0.772436517986792 0.774838072035828 0.776611623943057 0.777586531970993 0.778601098054963
0.772519957569569 0.767723761867858 0.763100746733695 0.762341730934068 0.765798350121965 0.771089892690696 0.774639462763081 0.778344231011871
0.76613403397114 0.756204369584117 0.746851855119494 0.741563087901062 0.744163585197941 0.752911643638606 0.763904330365536 0.776581136583404
0.729614965990087 0.6915338365169 0.658162115880796 0.642307024946316 0.639807793570463 0.657587471734248 0.691701249658673 0.752258470614564
0.729829267124398 0.702543474382718 0.691118879182228 0.703797004624149 0.721403032596565 0.732073015399437 0.743301219386788 0.767999013753531
0.722853852487276 0.691552002090698 0.691947510360738 0.718838347193962 0.745434151812769 0.758908871540352 0.764490978220526 0.77516328840963
0.723767823501595 0.69540201250239 0.699690326820241 0.737072001190004 0.763012892718076 0.772871547322115 0.775933174311032 0.778250273194534
0.734222993523747 0.711058505016579 0.71616606163009 0.746991315519974 0.769502451535392 0.776363190734086 0.778041762853216 0.778686813644014
0.774505520695152 0.772346211436209 0.77250042113542 0.775222642669221 0.77757515796299 0.778510594257713 0.778731525436013 0.778794001534941
0.768770061066015 0.760891269159122 0.756762472695514 0.760960502709622 0.769780245748654 0.775862844518614 0.778121024390399 0.778760854904342
0.77148612542942 0.766089610740795 0.761171581147552 0.761392332773688 0.766549580577798 0.773017525434266 0.776979925517918 0.778576753143423
0.774730279305878 0.771864325376421 0.769382065870767 0.768191154279701 0.769572723068213 0.772685719593119 0.776007033192003 0.778522830929131
0.775700336490968 0.773571644027197 0.77163306784293 0.770754280386357 0.77070694763812 0.772103801589783 0.774477234736108 0.77764533119225
0.774775861008569 0.77185812415703 0.769085840493271 0.767631674158365 0.76753240499513 0.767968155445383 0.770039421072006 0.776528957338028
0.760180672833728 0.745143142094351 0.730760337204628 0.722595570713379 0.720847564748319 0.722986575559363 0.72631833707468 0.765053589849893
0.754775233231686 0.737209202829285 0.722126577684959 0.715722231952088 0.715520354841678 0.717951933055932 0.722248399445754 0.758873451961845
0.729246213434144 0.694109906391882 0.67081863849773 0.667474488034392 0.675309757046512 0.683370419654612 0.690776169273089 0.746977792932837
0.721226139695691 0.689212089727345 0.680241070584798 0.702599479341722 0.727007207744533 0.741082502510857 0.748109975278817 0.767637683463382
0.720984885952046 0.691765848350207 0.697479665001167 0.732178048574803 0.759910025485033 0.770566932786876 0.774127008178751 0.77749370622581
0.722264184427851 0.693787074723566 0.702429400701529 0.742569875408444 0.768177445730612 0.776074038458836 0.777876076855429 0.778663134678993
0.724054824091896 0.696044389329549 0.703795210894751 0.743893007677345 0.770036023096915 0.777092676933075 0.778446811628841 0.778766981583619
0.729239206728788 0.70335286158163 0.709070797364834 0.744962775036146 0.770037209613113 0.777265213434523 0.778550567886358 0.778783457943731
0.722270880839511 0.690847184564947 0.693752802332032 0.733113210000282 0.76495933250544 0.776052385744097 0.778374779718109 0.778791667725632
0.722306694200388 0.693387535637821 0.698350207597166 0.738161859193713 0.767239526687326 0.776492276241208 0.778432184502821 0.778771959132866
0.732222745564609 0.708434344054129 0.714631395290707 0.747302223902134 0.77036800477241 0.777211709814533 0.778544814344257 0.778778834047142
0.777193046126566 0.776646332167089 0.776830886397384 0.777744232298951 0.778463280494879 0.778729166144595 0.778788625603807 0.778799959452003
0.765420499953711 0.754565043654137 0.748902215473716 0.754790685107471 0.767013385153358 0.775176802774515 0.778045632325062 0.778751575574268
0.729025033834425 0.690683116155026 0.65546555861847 0.658095317364271 0.695579793866923 0.741020606044718 0.767627858296593 0.778056368942652
0.718023017125058 0.68429063819399 0.670771875868156 0.685709178038502 0.719501213626969 0.748233314430263 0.767188815129368 0.778229980281209
0.718443884868554 0.689165656413828 0.697282747767139 0.733086290579569 0.760454732443308 0.77253637632437 0.776670973199558 0.778494475986982
0.724575445869283 0.698161677043833 0.708954199629882 0.748322286294207 0.770907429458392 0.777033308822978 0.778381346769947 0.778781750340916
0.775506640847725 0.774126311464716 0.774661263438132 0.776893030795851 0.778332600420964 0.778714847651529 0.77878455412597 0.778800546656834
0.776962847912674 0.775877028900998 0.775497123550601 0.776394380340357 0.777814269740818 0.778570410869413 0.77875942946313 0.778799871173411
0.777727948431863 0.777274913472695 0.776841804830307 0.776959805234295 0.77759893043098 0.77833086606879 0.778693388160975 0.77879676126323
0.778032954231147 0.77783509121267 0.777642724563276 0.777531652931953 0.777717338176442 0.77812241668863 0.77854062827678 0.778778253122458
0.777966979394281 0.77771217394319 0.777460458848901 0.777304753409761 0.777250951075614 0.777511187761376 0.778003653220139 0.77861216383356
0.777736172626841 0.777285533786709 0.776837925828528 0.776553102138871 0.77643493625454 0.776413537047294 0.776840708367723 0.778421722922205
0.777607011162837 0.777047870322783 0.776493370259822 0.776138906503328 0.775984115886033 0.775935810110881 0.7759564527929 0.778256678733587
0.77776142038083 0.777333804442134 0.776911401583551 0.776643103693354 0.776525611485616 0.776484103308825 0.776485913352411 0.778314094928168
0.776970891960067 0.775872020015943 0.77478593541136 0.77409696135729 0.77379593239478 0.773684587265292 0.773669443395749 0.777590801330857
0.730813157762101 0.690768707934146 0.651239279693108 0.626330283696881 0.615590370541216 0.611694629697391 0.611073355147649 0.735845507873246
0.716090016334232 0.680572717867592 0.660598972632893 0.670088489175425 0.687880311385669 0.69879930891746 0.704400961828769 0.763524390331134
0.716517653552859 0.687071994703781 0.696080440594401 0.731715213491721 0.760507413753772 0.771807041800678 0.775503785201248 0.778512439261373
0.719490399826439 0.691303133997631 0.704967551582641 0.748302281158921 0.771540017690564 0.777462917380955 0.77850578934194 0.778792700476958
0.743226653673705 0.725785350816347 0.73285926549296 0.759928597402476 0.775071846135418 0.77827138907236 0.77872850122229 0.778800183992904

# True Numbers-at-age
96.4346737814383 17.7994774940177 17.5568012137511 27.0997892369863 12.4854420409507 20.4078004305789 58.993918785753 192.019111197901
325.773432852599 74.9953063901923 13.8334321990091 13.6362076404988 21.0401853165083 9.69268608019367 15.847440773546 195.327733942775
197.362540578809 239.232385126217 52.280795081297 9.13293687275688 8.68361298700086 13.2059512785419 6.08111150390997 154.788612103375
62.3827020801375 144.607005304708 168.82114382454 36.0125288870807 6.3261376769698 6.10679549960765 9.38385124521124 122.499708245564
39.564638688352 46.3249193481848 104.38105137833 121.532303180886 26.4089820303775 4.73742880077592 4.62585880640911 102.071191444731
97.9148596042569 30.7092141474645 35.8967333693063 80.8648556604232 94.3049586031325 20.5240485702388 3.68511324796459 83.0792966893041
108.035735010912 75.9250539742672 23.7391863218531 27.6972442667076 62.4629675338418 73.0710723074698 15.9392146900194 67.5511260583314
80.397230580835 83.459761426627 58.2894680571446 18.1153908090565 21.1147651363856 47.834037481138 56.344365304361 64.9251739701999
385.715144209745 61.595054585003 63.1126362752632 43.5335973524069 13.4337051468984 15.7128393245052 36.0148037817942 93.4613700423521
168.792003061677 281.423541824455 42.595064407635 41.5383462297423 27.9619354006353 8.59498924951325 10.3325662851678 95.2185920716806
669.643101528017 123.189343890963 197.712272846442 29.4382531720996 29.2345636535335 20.1718249952875 6.29215969721691 80.8079939212105
208.083718135047 484.054095731055 85.1918374040347 136.806514963859 21.1613452545094 21.7924421606881 15.3085769440831 67.449689619796
82.50007805287 150.604299780723 336.6121923314 59.6079045556458 100.836251760242 16.1463792564492 16.8427584926587 64.3711720758999
144.107095468396 60.573454273921 107.088468251149 241.070228078649 44.5265870394109 77.593742933146 12.5354545183395 63.2293523832521
68.9822391624198 111.611741011616 46.7836779220673 82.7258868227599 186.883099280003 34.6227679507228 60.4075509215638 59.0043939761161
94.2538011721516 53.0314802133639 84.9243992713879 35.4041317860942 62.9511324237467 143.85891809003 26.8625192273557 92.9546976999552
48.5588949876676 72.7154998732982 40.6268660336642 64.6420392714083 26.9564344904413 48.2551641563204 111.205464873606 93.244004913154
23.0463441651849 37.6200462765806 56.1265002541125 31.2575821188354 49.6574427628969 20.7449366950188 37.2860762402105 158.888809543463
91.3670415027066 17.8770569238206 29.1018010465536 43.3090635783678 24.0919152126205 38.2713361393069 16.0172444859634 152.436358140846
151.615301039709 70.7889782480652 13.7985516226686 22.3817831177567 33.2454089808936 18.4913256240813 29.3911674213338 130.705155918658
32.7876059037544 115.255021556254 52.747921677412 10.0834342367168 16.1729773455584 23.964872102939 13.3689801905077 121.343792593606
390.685678509723 24.7472728931148 84.9670625635584 38.0906761609038 7.21693805764505 11.5720944891404 17.2056262517433 101.740307304468
680.899522524291 284.906051696165 17.1773272712943 56.9974892260376 25.4245545693831 4.873668686328 7.9080270673267 87.8829867947237
601.767384407147 491.082534150834 196.360695265481 11.6847234928107 40.0464062539995 18.4838344256357 3.61179058647276 73.3783663327867
629.824080323777 433.865189016448 339.714125846821 136.957591953164 8.55529804510227 30.4316655970607 14.2430315995026 59.8472026377479
547.214563100959 454.899375708074 301.010060312108 238.625189828426 101.700581992901 6.57198699975076 23.6172256169397 57.6801239508267
216.742125422294 396.213344226588 316.630158171119 211.849438878802 177.511610169046 78.3131117044554 5.10704297040568 63.30413000758
1038.7426135763 158.056855607665 278.677789458598 224.513198724149 157.819945877003 136.690544968503 60.8700574836852 53.2763004742521
73.5771137437161 750.253542473292 109.193133697744 193.333497384599 164.593591804092 120.725840454117 106.079023531467 88.8708564818867
36.3013751745224 53.1452417970295 520.216454919101 76.2550475860046 142.711413873838 126.282709471539 93.74268265535 151.785457029741
140.908356042771 26.5806925980597 37.6499145120767 371.763011032022 56.9855666447842 109.940307164238 98.1484005483866 191.190180714976
249.174700273365 109.512994457568 20.643797412744 29.2476164632023 289.136537612247 44.3611711511583 85.613723723688 225.335762956735
554.581214624486 190.723423659055 82.63467744357 15.4601856181945 22.075828468021 221.771594485491 34.3877508202879 242.091964246087
1608.98721743345 404.303588755552 131.729448576592 54.1641850118067 10.1742757609163 15.3555002152276 164.337321349142 214.758190165319
221.159607334001 1155.28985637722 276.661160773658 88.3604093287981 37.1408787835713 7.3204037577547 11.4894968207743 293.209016944967
82.0418242298793 158.890767469044 796.186092218442 192.911054384702 64.775804708941 28.2439570380701 5.65527819224712 237.185158678594
33.4347646058559 59.4454913712941 110.931444682969 564.459473765169 144.359641268587 49.9361490992685 21.9464953915456 189.117436086243
33.4019773005577 25.9288819870217 46.0183189684675 85.9342930931264 438.524631334853 112.359814984417 38.8860207381409 164.376354234438
22.7695257988261 25.9520954093558 20.117623918815 35.6870739906806 66.7189022360245 341.09071588508 87.4800273176284 158.299138825861
5.4087191248798 17.7084965862874 20.1719127137421 15.6282112739896 27.7274220571811 51.8805470182618 265.481432302858 191.402975496718
6.87806608659096 4.20816171933674 13.7742900574341 15.686541162367 12.1514289442349 21.5640968768056 40.369416624978 355.748556000661
7.29024060973381 5.35090829745941 3.27273859904989 10.7089658683706 12.1932230100658 9.44470970383435 16.7663265756865 308.397706580937
7.16364095699403 5.66988382934314 4.15918361223447 2.54238746506487 8.31608066578249 9.46724433055781 7.33300046753893 253.088239115771
38.16139749783 5.57049743361181 4.40577115456867 3.22957850059336 1.97324582704322 6.45314650307416 7.34597389914902 202.657701431892
107.388288694676 29.6804627216297 4.33013596270462 3.42289384275233 2.50822987032216 1.53227592245618 5.01076567596001 163.43539072273
324.149822266906 83.4375744531678 23.0282405668387 3.35492844232246 2.64965172272316 1.94085807116637 1.18549826464205 130.962532729415
2405.93082348524 236.892955198901 57.6360654981738 14.9968947993477 2.10129328306256 1.63110008579632 1.18721245913731 97.0926178107398
661.178985048865 1722.86304268858 161.222882363402 38.0743256546958 10.0492465784177 1.44543827786569 1.13981161272968 74.9688554177103
168.06298569258 473.746414945673 1183.73094734147 112.224094989416 27.859563324979 7.64252652552636 1.11559944134498 59.2481147199631
99.5731890854128 120.919704771979 327.502381372086 834.491907679915 83.9775462815753 21.4947679806057 5.94178096869706 47.0104998846024

