# Simulated data from SIR age-structured hybrid model
# random seed = 498410
# Flag=0 if no issues, =1 if negative pop #'s, =2 if NaN, or=3 if NA. Flag:
0

# Number of years (nyr)
50

# Starting age
0

# Ending age
8

# Sample size for comp data
200

# Sample size for fishery age comp data
200

# Sample size for antibody prevalence data
200

# Survey data
45049.5065997341
50249.3450646182
53564.4259185282
52631.5991579792
78660.4160771351
29465.9766392263
54301.4750330799
33083.5718164453
34894.8964281119
106882.080247209
108852.961595513
82167.1933877075
83636.0484006531
147892.2422372
76035.1581692747
48255.9343603749
33671.6747239507
30513.0344303403
52973.3351913308
24709.8740846628
25215.2994689709
22325.3079980198
23655.5450830675
43020.6473856503
24131.2189121356
40966.6232427011
22600.2971634
21533.3457801326
25656.6015943312
12964.5711930806
33824.3535909296
63327.3553085372
87907.3533788219
83987.9402328006
63322.6179712708
54447.4361142801
55916.0865033571
66903.818048028
63590.8457007609
50543.6345923819
41374.2979031141
51041.8940198406
23765.3612616272
34169.7543444981
42211.0804780788
71853.3341347318
41886.7476722458
60854.1249781601
46048.9702903249
48989.924620249

# Catches
0
0
0
0
0
0
0
0
0
0
0
0
0
0
0
0
0
0
0
0
0
0
0
0
0
0
0
0
0
0
0
0
0
0
0
0
0
0
0
0
0
0
0
0
0
0
0
0
0
0

# Catch compositions
-999 -999 -999 -999 -999 -999 -999 -999
-999 -999 -999 -999 -999 -999 -999 -999
-999 -999 -999 -999 -999 -999 -999 -999
-999 -999 -999 -999 -999 -999 -999 -999
-999 -999 -999 -999 -999 -999 -999 -999
-999 -999 -999 -999 -999 -999 -999 -999
-999 -999 -999 -999 -999 -999 -999 -999
-999 -999 -999 -999 -999 -999 -999 -999
-999 -999 -999 -999 -999 -999 -999 -999
-999 -999 -999 -999 -999 -999 -999 -999
-999 -999 -999 -999 -999 -999 -999 -999
-999 -999 -999 -999 -999 -999 -999 -999
-999 -999 -999 -999 -999 -999 -999 -999
-999 -999 -999 -999 -999 -999 -999 -999
-999 -999 -999 -999 -999 -999 -999 -999
-999 -999 -999 -999 -999 -999 -999 -999
-999 -999 -999 -999 -999 -999 -999 -999
-999 -999 -999 -999 -999 -999 -999 -999
-999 -999 -999 -999 -999 -999 -999 -999
-999 -999 -999 -999 -999 -999 -999 -999
-999 -999 -999 -999 -999 -999 -999 -999
-999 -999 -999 -999 -999 -999 -999 -999
-999 -999 -999 -999 -999 -999 -999 -999
-999 -999 -999 -999 -999 -999 -999 -999
-999 -999 -999 -999 -999 -999 -999 -999
-999 -999 -999 -999 -999 -999 -999 -999
-999 -999 -999 -999 -999 -999 -999 -999
-999 -999 -999 -999 -999 -999 -999 -999
-999 -999 -999 -999 -999 -999 -999 -999
-999 -999 -999 -999 -999 -999 -999 -999
-999 -999 -999 -999 -999 -999 -999 -999
-999 -999 -999 -999 -999 -999 -999 -999
-999 -999 -999 -999 -999 -999 -999 -999
-999 -999 -999 -999 -999 -999 -999 -999
-999 -999 -999 -999 -999 -999 -999 -999
-999 -999 -999 -999 -999 -999 -999 -999
-999 -999 -999 -999 -999 -999 -999 -999
-999 -999 -999 -999 -999 -999 -999 -999
-999 -999 -999 -999 -999 -999 -999 -999
-999 -999 -999 -999 -999 -999 -999 -999
-999 -999 -999 -999 -999 -999 -999 -999
-999 -999 -999 -999 -999 -999 -999 -999
-999 -999 -999 -999 -999 -999 -999 -999
-999 -999 -999 -999 -999 -999 -999 -999
-999 -999 -999 -999 -999 -999 -999 -999
-999 -999 -999 -999 -999 -999 -999 -999
-999 -999 -999 -999 -999 -999 -999 -999
-999 -999 -999 -999 -999 -999 -999 -999
-999 -999 -999 -999 -999 -999 -999 -999
-999 -999 -999 -999 -999 -999 -999 -999

# Age composition from fishery-independent survey
0 0 9 61 55 21 15 39
0 0 1 34 82 30 5 48
0 0 0 2 66 48 29 55
0 0 0 4 3 73 54 66
0 0 3 10 5 5 53 124
0 0 5 43 15 11 2 124
0 0 6 51 35 13 0 95
0 0 19 20 59 34 1 67
0 0 13 77 21 38 11 40
0 0 1 37 112 8 17 25
0 0 0 8 54 87 14 37
0 0 2 2 17 52 84 43
0 0 1 10 21 15 66 87
0 0 4 26 28 15 10 117
0 0 2 17 36 18 12 115
0 0 0 31 26 21 17 105
0 0 8 11 33 30 28 90
0 0 4 42 13 30 14 97
0 0 0 27 50 14 26 83
0 0 0 3 59 45 10 83
0 0 0 1 8 41 48 102
0 0 0 0 4 5 30 161
0 0 3 2 2 3 2 188
0 0 8 14 8 3 6 161
0 0 3 49 29 4 3 112
0 0 10 13 73 16 2 86
0 0 2 63 22 36 14 63
0 0 0 33 90 6 30 41
0 0 6 10 48 68 8 60
0 0 13 39 8 35 57 48
0 0 29 49 26 12 23 61
0 0 1 138 24 7 4 26
0 0 2 15 142 16 6 19
0 0 1 10 28 122 14 25
0 0 3 7 18 27 117 28
0 0 5 19 15 20 17 124
0 0 3 38 29 10 11 109
0 0 3 38 33 21 8 97
0 0 5 17 54 31 8 85
0 0 4 60 17 44 18 57
0 0 0 29 85 15 18 53
0 0 2 25 42 61 8 62
0 0 5 21 42 31 39 62
0 0 4 18 37 26 33 82
0 0 13 25 38 25 22 77
0 0 2 84 32 17 12 53
0 0 3 29 83 18 8 59
0 0 3 23 35 67 17 55
0 0 2 25 35 26 60 52
0 0 3 10 38 30 17 102

# Antibody prevalence values
0 0 0 0 0 11 3 52 12 35 14 2 18 1 50 2
0 0 0 0 0 2 0 36 32 44 31 5 11 2 37 0
0 0 0 0 0 0 0 4 26 35 45 8 26 0 56 0
0 0 0 0 0 2 0 9 1 6 35 18 43 4 81 1
0 0 0 0 0 2 0 12 0 4 0 2 43 19 116 2
0 0 0 0 0 6 0 52 0 15 0 8 0 2 106 11
0 0 0 0 0 6 0 48 2 41 4 11 1 2 80 5
0 0 0 0 0 30 0 12 29 44 12 4 7 0 60 2
0 0 0 0 0 5 1 84 5 19 17 5 11 1 52 0
0 0 0 0 0 1 0 40 35 61 14 0 22 0 27 0
0 0 0 0 0 0 0 6 30 34 80 2 12 0 36 0
0 0 0 0 0 3 0 11 6 14 36 14 68 2 46 0
0 0 0 0 0 4 0 11 1 14 2 11 33 8 113 3
0 0 0 0 0 2 0 22 0 23 1 19 4 8 111 10
0 0 0 0 0 1 1 23 7 34 9 9 9 6 93 8
0 0 0 0 0 3 0 16 4 30 13 11 11 3 101 8
0 0 0 0 0 8 0 18 8 37 8 11 14 4 85 7
0 0 0 0 0 1 0 42 2 24 8 23 11 8 74 7
0 0 0 0 0 1 0 33 8 44 8 3 18 7 73 5
0 0 0 0 0 0 0 4 12 28 36 11 9 3 95 2
0 0 0 0 0 0 0 1 0 4 15 28 38 11 98 5
0 0 0 0 0 0 0 1 0 3 0 2 17 36 125 16
0 0 0 0 0 0 0 2 0 5 0 3 0 3 142 45
0 0 0 0 0 9 0 16 0 4 0 1 0 2 123 45
0 0 0 0 0 1 0 57 0 21 1 1 0 3 78 38
0 0 0 0 0 10 0 12 16 67 8 6 1 0 66 14
0 0 0 0 0 3 0 75 1 8 25 33 4 1 48 2
0 0 0 0 0 0 0 31 21 62 5 2 28 4 47 0
0 0 0 0 0 4 0 10 12 42 40 27 9 0 52 4
0 0 0 0 0 8 0 30 1 10 16 34 35 12 53 1
0 0 0 0 0 39 0 46 0 38 1 3 6 12 40 15
0 0 0 0 0 2 7 129 7 20 3 3 2 0 27 0
0 0 0 0 0 1 2 10 63 80 16 1 7 0 20 0
0 0 0 0 0 1 0 14 3 11 122 12 15 0 22 0
0 0 0 0 0 1 0 7 0 17 9 13 104 6 43 0
0 0 0 0 0 4 0 14 1 12 1 22 8 22 111 5
0 0 0 0 0 7 0 32 1 24 0 15 1 7 100 13
0 0 0 0 0 3 2 42 13 32 4 2 8 0 89 5
0 0 0 0 0 11 0 22 18 37 20 4 14 2 70 2
0 0 0 0 0 7 0 51 4 14 26 8 16 0 73 1
0 0 0 0 0 2 0 28 27 47 8 5 27 1 55 0
0 0 0 0 0 2 1 18 11 22 50 14 10 0 72 0
0 0 0 0 0 2 1 22 6 27 11 14 48 9 60 0
0 0 0 0 0 3 1 25 9 29 12 9 24 9 74 5
0 0 0 0 0 14 0 31 1 22 10 17 20 4 75 6
0 0 0 0 0 2 1 90 4 19 8 5 7 3 56 5
0 0 0 0 0 2 1 23 39 65 14 2 7 0 43 4
0 0 0 0 0 5 3 22 11 20 64 11 12 1 49 2
0 0 0 0 0 0 0 22 0 33 8 16 45 6 69 1
0 0 0 0 0 4 0 12 13 26 15 16 19 6 85 4

# Average weight-at-age
70
94
115
134
150
160
165
168

# Maturity logistic function parameter age-at-50%
3

# Maturity logistic function parameter age-at-95%
4

# Infection prevalence index (avg of 3 different samples)
0.00555555555555556
0.0333333333333333
0.0388888888888889
0
0
0.00555555555555556
0
0.105555555555556
0.0388888888888889
0
0.00555555555555556
0
0
0.0222222222222222
0.0166666666666667
0
0
0
0.0722222222222222
0
0
0
0.00555555555555556
0
0.00555555555555556
0.0111111111111111
0
0.0722222222222222
0
0.00555555555555556
0.0777777777777778
0
0.155555555555556
0
0
0
0.05
0.111111111111111
0.05
0.0111111111111111
0.05
0
0.0166666666666667
0
0.0444444444444444
0.0666666666666667
0.0611111111111111
0
0.0111111111111111
0.00555555555555556

