# Simulated data from SIR age-structured hybrid model
# random seed = 9388144
# Flag=0 if no issues, =1 if negative pop #'s, =2 if NaN, or=3 if NA. Flag:
0

# True SSB
40268.2442752554
34843.9312393771
30284.4234627974
29057.8116418204
34052.3043219178
46505.1850253746
66353.7320497999
84112.4133111911
81594.3535613593
71243.7966485983
71022.1028246742
67663.0382024095
56442.0633043222
51018.60751418
47078.8541956576
36726.4058687935
30569.2445158127
25883.3655147233
22632.2105430013
20143.2028478129
17232.5541283241
14383.9805345367
12179.7187232904
12493.242921588
18440.5315814576
23873.5130892868
21235.1416435954
20622.6474076274
23529.4438936624
33197.9450583735
46784.5557832527
52552.497920719
51634.0333835462
53279.4472375852
50164.7398027651
58394.4239450306
53928.0929764698
43638.4185044141
37701.0891268895
33739.3976209899
29603.7509107581
26053.7122028053
23703.9437313895
23224.4194153198
22018.1413270759
20412.4665303941
17402.4341905305
15482.5328714943
14392.7582134194
13658.9764021768

# True R (numbers)
120.840146617064
222.651685422848
447.420324153947
623.169365147806
646.723335294425
40.5588404225249
159.131467785849
336.1773105916
130.058772397957
18.5093133031303
184.787049382976
64.0222643191552
8.97026060806776
41.0739798075604
19.2379522244386
56.0671618400021
26.6075096655409
15.7258723417412
11.175894344944
10.4802971866623
66.4154238166228
221.268438895727
122.560519479524
60.6631287076396
37.0758873271633
175.440339620152
251.127074625687
706.589406017571
115.553052121421
223.543673154716
175.094204215254
192.838558270623
447.450704269117
52.0981817147685
26.849598653896
71.0823947315274
67.121940080128
30.2147431804007
56.5905179400548
42.9726791431549
102.451513325096
80.6657203367454
15.7641672225186
14.498345610592
38.1454941966371
61.1964790541504
14.8628977468994
53.1389336945345
50.4726871600157
155.888285999694

# True infection rate given (selected) susceptible
-999 -999 0.00687181813639974 0.00687181813639942 0.00687181813639914 0.00687181813640022 0.00687181813640022 0.00687181813640013
-999 -999 0.00529458844056694 0.00529458844056688 0.00529458844056697 0.00529458844056707 0.00529458844056719 0.0052945884405663
-999 -999 0.0157374028119022 0.0157374028119016 0.0157374028119015 0.0157374028119014 0.0157374028119023 0.0157374028119015
-999 -999 0.0587832574707633 0.058783257470762 0.0587832574707625 0.0587832574707623 0.0587832574707627 0.0587832574707622
-999 -999 0.499307263926943 0.499307263926943 0.499307263926943 0.499307263926944 0.499307263926944 0.499307263926943
-999 -999 0.56499563586907 0.564995635869069 0.564995635869069 0.56499563586907 0.564995635869069 0.564995635869069
-999 -999 0.819656724321074 0.819656724321074 0.819656724321075 0.819656724321075 0.819656724321075 0.819656724321075
-999 -999 0.709263207116958 0.709263207116959 0.709263207116959 0.709263207116959 0.709263207116958 0.709263207116958
-999 -999 0.458169344269875 0.458169344269875 0.458169344269875 0.458169344269875 0.458169344269875 0.458169344269875
-999 -999 0.00890666688167521 0.00890666688167548 0.0089066668816754 0.0089066668816757 0.00890666688167567 0.00890666688167608
-999 -999 0.399277921970486 0.399277921970486 0.399277921970486 0.399277921970486 0.399277921970486 0.399277921970486
-999 -999 0.418957096541864 0.418957096541863 0.418957096541863 0.418957096541863 0.418957096541863 0.418957096541864
-999 -999 0.00270709884405574 0.0027070988440555 0.00270709884405498 0.00270709884405597 0.00270709884405546 0.0027070988440558
-999 -999 0.00599761226289966 0.0059976122629003 0.00599761226289998 0.00599761226290008 0.00599761226289939 0.00599761226290145
-999 -999 0.493844621717654 0.493844621717655 0.493844621717655 0.493844621717654 0.493844621717655 0.493844621717655
-999 -999 0.00269938587174275 0.00269938587174299 0.00269938587174328 0.00269938587174295 0.00269938587174227 0.00269938587174351
-999 -999 0.00194415402501779 0.00194415402501751 0.00194415402501834 0.00194415402501762 0.00194415402501728 0.00194415402501734
-999 -999 0.0052887669506843 0.00528876695068395 0.00528876695068491 0.00528876695068481 0.00528876695068502 0.00528876695068515
-999 -999 0.00382374321619177 0.00382374321619067 0.00382374321619182 0.00382374321619149 0.00382374321619082 0.00382374321619144
-999 -999 0.00421608417200621 0.00421608417200784 0.00421608417200581 0.00421608417200696 0.00421608417200793 0.00421608417200668
-999 -999 0.0101395272030403 0.0101395272030398 0.0101395272030403 0.0101395272030403 0.0101395272030414 0.0101395272030393
-999 -999 0.00210530491717151 0.00210530491717176 0.002105304917172 0.00210530491717243 0.00210530491717144 0.0021053049171722
-999 -999 0.0232025238199597 0.0232025238199596 0.0232025238199603 0.0232025238199615 0.0232025238199589 0.0232025238199598
-999 -999 0.00734809719067066 0.00734809719067006 0.00734809719067048 0.00734809719066993 0.00734809719067012 0.00734809719066979
-999 -999 0.379181598092677 0.379181598092676 0.379181598092677 0.379181598092677 0.379181598092677 0.379181598092676
-999 -999 0.665069760379264 0.665069760379264 0.665069760379264 0.665069760379264 0.665069760379264 0.665069760379264
-999 -999 0.00149314158166682 0.00149314158166719 0.00149314158166604 0.00149314158166729 0.00149314158166691 0.00149314158166651
-999 -999 0.00168537725421341 0.00168537725421325 0.00168537725421371 0.00168537725421343 0.0016853772542131 0.00168537725421373
-999 -999 0.00164129506777484 0.00164129506777451 0.00164129506777547 0.00164129506777432 0.00164129506777586 0.00164129506777546
-999 -999 0.72372818382593 0.723728183825931 0.72372818382593 0.72372818382593 0.72372818382593 0.72372818382593
-999 -999 0.8571799805393 0.857179980539299 0.8571799805393 0.8571799805393 0.8571799805393 0.8571799805393
-999 -999 0.625910386014665 0.625910386014665 0.625910386014665 0.625910386014665 0.625910386014665 0.625910386014666
-999 -999 0.00841347207070787 0.00841347207070733 0.00841347207070762 0.00841347207070837 0.00841347207070783 0.00841347207070694
-999 -999 0.514261783801022 0.514261783801022 0.514261783801022 0.514261783801022 0.514261783801021 0.514261783801022
-999 -999 0.021344016613005 0.0213440166130046 0.021344016613005 0.0213440166130046 0.0213440166130043 0.0213440166130043
-999 -999 0.661187208651252 0.661187208651252 0.661187208651253 0.661187208651252 0.661187208651252 0.661187208651252
-999 -999 0.528599316972655 0.528599316972654 0.528599316972655 0.528599316972654 0.528599316972655 0.528599316972654
-999 -999 0.00271902310320537 0.00271902310320462 0.0027190231032061 0.00271902310320526 0.00271902310320577 0.00271902310320559
-999 -999 0.00184282021083929 0.00184282021083873 0.00184282021083854 0.00184282021083938 0.00184282021083927 0.00184282021083785
-999 -999 0.00404752135069741 0.00404752135069695 0.00404752135069731 0.00404752135069725 0.00404752135069754 0.00404752135069661
-999 -999 0.0150740668507693 0.0150740668507695 0.0150740668507691 0.0150740668507689 0.0150740668507691 0.015074066850769
-999 -999 0.00412653088313601 0.004126530883135 0.00412653088313534 0.00412653088313567 0.00412653088313467 0.0041265308831347
-999 -999 0.00632725662427995 0.00632725662428016 0.00632725662427917 0.00632725662427971 0.00632725662427855 0.00632725662427823
-999 -999 0.281866306768051 0.281866306768051 0.281866306768051 0.281866306768051 0.281866306768051 0.281866306768052
-999 -999 0.00307600681149721 0.00307600681149709 0.00307600681149769 0.00307600681149752 0.00307600681149818 0.00307600681149783
-999 -999 0.00335510615708661 0.00335510615708673 0.00335510615708575 0.00335510615708633 0.00335510615708692 0.00335510615708689
-999 -999 0.00272696490814936 0.00272696490814934 0.00272696490814793 0.00272696490814918 0.00272696490814927 0.0027269649081484
-999 -999 0.203093197979689 0.203093197979689 0.203093197979689 0.20309319797969 0.203093197979689 0.203093197979689
-999 -999 0.0230028642244865 0.0230028642244865 0.0230028642244854 0.0230028642244857 0.023002864224486 0.023002864224486
-999 -999 0.00272456963841753 0.0027245696384175 0.00272456963841779 0.00272456963841728 0.00272456963841783 0.00272456963841758

# Duration of outbreak (days) based on incidence
0
0
0
0
0
0
0
0
0
0
0
0
0
0
0
0
0
0
0
0
0
0
0
0
0
0
0
0
0
0
0
0
0
0
0
0
0
0
0
0
0
0
0
0
0
0
0
0
0
0

# Duration of outbreak (days) based on prevalence
0
0
0
0
0
0
19
7
0
0
0
0
0
0
0
0
0
0
0
0
0
0
0
0
0
24
0
0
0
29
20
0
0
0
0
12
0
0
0
0
0
0
0
0
0
0
0
0
0
0

# Peak (point) prevalence
0.000170631299221655
0.000187764589146994
0.00105672311920805
0.00477774274539665
0.0725865176806202
0.0850674441135255
0.239076314713597
0.1168412720919
0.0273687025416181
0.00021705925137383
0.0286990161820637
0.0289535934501912
4.27259878877954e-05
0.000166714626733504
0.0525187590306766
4.34653108257609e-05
3.33397872742733e-05
0.000178045363820396
9.57505090677406e-05
0.000177056987857111
0.000858704649817721
6.61338279921395e-05
0.00321025279438809
0.000701040067292634
0.0476069081501203
0.147544489703971
4.07744148959975e-05
8.2564176735646e-05
5.18834247482117e-05
0.212555617230582
0.313267633176847
0.0812725596440726
0.000192441154192281
0.0566782405894494
0.00142549856862715
0.122704046868564
0.0484426008214729
5.60984392233926e-05
3.29190635264089e-05
9.44537178597695e-05
0.00110241476580985
0.000156354739686323
0.000268339723571328
0.0458052262598395
0.000109415643346582
0.000120658867759937
0.000107944221426443
0.0398486726382415
0.00274855021797783
0.000120559441264752

# Day of peak prevalence
81
96
119
119
69
45
27
29
50
101
77
74
44
84
76
39
36
79
49
83
119
48
119
119
82
60
53
92
59
53
25
34
80
73
119
44
57
65
41
50
119
74
88
113
68
71
70
119
119
77

# Total immunity
0.334022571321608
0.20274502870925
0.100620086825026
0.0534587727398165
0.0354588091139305
0.0752465029415149
0.129358170161402
0.227986683410292
0.326656067754028
0.391321152501297
0.302561059132867
0.360281407155334
0.451169689390376
0.410151098136946
0.390126104160303
0.471519096030891
0.426807767115987
0.398306807966355
0.376271955203332
0.352773602856691
0.230845720590659
0.0934849799737331
0.0657579870549948
0.0567856570463266
0.0512380348415872
0.0974581527410824
0.126812663310337
0.0485283184129075
0.0430527045804057
0.033619518450298
0.0923583459432193
0.205347899065444
0.189112300942119
0.178966389356056
0.243651993274296
0.219109080997472
0.38199511680454
0.487253458343497
0.412667494392261
0.3591940942638
0.257329111892456
0.202092023680299
0.192159795741203
0.182387532807098
0.221837540856704
0.163971429993111
0.152494529572467
0.113689619362875
0.127188525821785
0.0672478572518279

# Observed immunity (based on survey selectivity)
0.57670639938926
0.531623536463187
0.479342006039448
0.38325993804617
0.264477003428962
0.308123501966731
0.3243641915581
0.475136613752941
0.63643745224322
0.69798109048175
0.542596820806753
0.573525290575332
0.672619599842979
0.576955338175152
0.490425684753862
0.676589750900016
0.636128814367452
0.585507332234344
0.51784981526577
0.45395435422395
0.417670542609343
0.39493315822553
0.362545963818466
0.268351953200868
0.137005912119555
0.258236403279163
0.516922736737505
0.424809522164411
0.282082290314693
0.151223726435542
0.246736563416541
0.48690283600299
0.612435499579876
0.472233879561145
0.52310121900141
0.351990312106799
0.551927353714188
0.722599845085508
0.655017446388372
0.569524745990808
0.507616473932895
0.45260261420063
0.386584192026331
0.304575574207085
0.345509118632672
0.298829141266687
0.278462513502336
0.243460688484284
0.288011433783215
0.248536826677175

# True total proportion of susceptible
1 1 1 0.986445129659988 0.836596509765838 0.489275296269635 0.19177313541919 0.0814820806839627
1 1 1 0.999697659131213 0.983449880770666 0.831636114133816 0.486030983869363 0.103378292735347
1 1 1 0.999827549173537 0.997972154832686 0.98019049919343 0.828470817337465 0.296635712918277
1 1 1 0.999491078761199 0.994725467803881 0.988259972381816 0.970035367116791 0.39466976505388
1 1 1 0.997440560782177 0.973786021918241 0.945840391126814 0.937041766936826 0.406369382694648
1 1 1 0.978847149400847 0.776285702809853 0.541711199734464 0.500108463658092 0.228821399622001
1 1 1 0.978187828988591 0.748705924503096 0.390348184130984 0.246667006227356 0.108988205019156
1 1 1 0.966476599444478 0.621921224255975 0.177424181243513 0.0697467508212397 0.0247534414039119
1 1 1 0.973373039335326 0.681715860224265 0.220776398836874 0.051096051132258 0.011662857852592
1 1 1 0.982317569282031 0.789888875863427 0.407459124210219 0.119542867577967 0.0164251992525595
1 1 1 0.999664162434745 0.978987048681836 0.784422933249509 0.404088289061231 0.0641918280674778
1 1 1 0.982790582752323 0.821487290608371 0.63417715442673 0.484599669546465 0.117432983803121
1 1 1 0.984245653018283 0.817670079185808 0.531118903739988 0.386671564684689 0.0739183536444311
1 1 1 0.999888920194188 0.983142444636349 0.815854631187348 0.529790043412037 0.117893508326201
1 1 1 0.999782073921104 0.997708547005816 0.979036444068943 0.812007316533436 0.23266415314916
1 1 1 0.982303284627964 0.808368761505068 0.602227866037244 0.564346513593551 0.156853777600847
1 1 1 0.999896936161237 0.981278385349427 0.806670125691304 0.600806951639805 0.165357152657596
1 1 1 0.999915838747558 0.999055487539075 0.979703162278182 0.805259574645843 0.261503706109298
1 1 1 0.999820209674821 0.998116968911192 0.995637109851401 0.97613787386942 0.31277766803954
1 1 1 0.999830981812838 0.998130275813973 0.99491075493821 0.992269122163834 0.323845718474388
1 1 1 0.999825889789555 0.99808984917883 0.994825949641133 0.99144080423533 0.388477145832128
1 1 1 0.999701043281322 0.996830953712894 0.992391347685159 0.988830753970176 0.418715460343161
1 1 1 0.99991123288015 0.998813578659207 0.995148760900807 0.990626797253754 0.516707873373183
1 1 1 0.999255478538761 0.992435807498648 0.984557622623633 0.980155545643073 0.551285330858452
1 1 1 0.999730157860832 0.996555915064287 0.987322978894904 0.979200077128803 0.576592520593592
1 1 1 0.982810715484499 0.823389265202814 0.653499838607602 0.628141072542725 0.37301846919544
1 1 1 0.978494614028734 0.740316366363489 0.357773331637566 0.244857127087183 0.13446804516108
1 1 1 0.999936049749514 0.977858853661206 0.739359908740298 0.357252157626664 0.170361026488639
1 1 1 0.999936211594651 0.999298225770656 0.976663166947149 0.738323050369858 0.278304662679886
1 1 1 0.999934449093738 0.999280792976424 0.998053656995791 0.975373923073339 0.423609111101736
1 1 1 0.980272939804626 0.763669982846236 0.439995605612047 0.393250707509275 0.163949816426653
1 1 1 0.971094678217733 0.649621378863348 0.169741707159244 0.066091085280334 0.0259769402743045
1 1 1 0.974208194067676 0.704035677749908 0.276807009862601 0.0625870393311496 0.0148951422601192
1 1 1 0.999679025484816 0.971040344866791 0.699258517656329 0.274552578164611 0.0352429397038818
1 1 1 0.984021044246914 0.821942639793177 0.596879509474262 0.382223496229395 0.0929299097959298
1 1 1 0.99908909645426 0.97500300172174 0.807063411060139 0.584928506657185 0.126898377190992
1 1 1 0.977200855677674 0.744739723727911 0.438491070105347 0.317151427668668 0.0805427340691141
1 1 1 0.980374846679024 0.769048617362092 0.402140412571845 0.212973880746913 0.0579829543641864
1 1 1 0.999910647369713 0.979482034289479 0.767559651724872 0.401169645700627 0.0912850509695497
1 1 1 0.99991955657795 0.999106375952517 0.977978858420363 0.766269803967973 0.21854946496566
1 1 1 0.999838250347531 0.998301904688054 0.996034185718395 0.974793046885016 0.254058713977489
1 1 1 0.999430166856886 0.994130628964587 0.987448986702803 0.984623814248837 0.282867795567606
1 1 1 0.999845038484905 0.997880527577711 0.991195348434595 0.98437213485224 0.376377658490548
1 1 1 0.999742225445417 0.997266616315307 0.992986729284436 0.986068676430455 0.459336848541959
1 1 1 0.991275934484619 0.907233190786807 0.810377234905051 0.795205858237941 0.373016264213187
1 1 1 0.999878697602199 0.990067076315617 0.90507634395065 0.808290285763137 0.433060015191489
1 1 1 0.99986873638937 0.998566009564755 0.987588846387429 0.902624246971304 0.478422916914932
1 1 1 0.99987943112149 0.998663266175074 0.996278350496792 0.985202597876572 0.599547730075727
1 1 1 0.992838120712299 0.925816302029697 0.853060793714467 0.842615464920485 0.570413248326239
1 1 1 0.99915202565931 0.984364732326508 0.910326435715774 0.837578707959053 0.573662629493928

# True vulnerable proportion of susceptible
0 0 0.05 0.493222564829994 0.794766684277546 0.489275296269635 0.19177313541919 0.0814820806839627
0 0 0.05 0.499848829565606 0.934277386732132 0.831636114133816 0.486030983869363 0.103378292735347
0 0 0.05 0.499913774586769 0.948073547091051 0.98019049919343 0.828470817337465 0.296635712918277
0 0 0.05 0.4997455393806 0.944989194413687 0.988259972381816 0.970035367116791 0.39466976505388
0 0 0.05 0.498720280391089 0.925096720822329 0.945840391126814 0.937041766936826 0.406369382694648
0 0 0.05 0.489423574700423 0.73747141766936 0.541711199734464 0.500108463658092 0.228821399622001
0 0 0.05 0.489093914494296 0.711270628277942 0.390348184130984 0.246667006227356 0.108988205019156
0 0 0.05 0.483238299722239 0.590825163043177 0.177424181243513 0.0697467508212397 0.0247534414039119
0 0 0.05 0.486686519667663 0.647630067213052 0.220776398836874 0.051096051132258 0.011662857852592
0 0 0.05 0.491158784641016 0.750394432070256 0.407459124210219 0.119542867577967 0.0164251992525595
0 0 0.05 0.499832081217372 0.930037696247744 0.784422933249509 0.404088289061231 0.0641918280674778
0 0 0.05 0.491395291376162 0.780412926077952 0.63417715442673 0.484599669546465 0.117432983803121
0 0 0.05 0.492122826509142 0.776786575226517 0.531118903739988 0.386671564684689 0.0739183536444311
0 0 0.05 0.499944460097094 0.933985322404531 0.815854631187348 0.529790043412037 0.117893508326201
0 0 0.05 0.499891036960552 0.947823119655525 0.979036444068943 0.812007316533436 0.23266415314916
0 0 0.05 0.491151642313982 0.767950323429814 0.602227866037244 0.564346513593551 0.156853777600847
0 0 0.05 0.499948468080618 0.932214466081956 0.806670125691304 0.600806951639805 0.165357152657596
0 0 0.05 0.499957919373779 0.949102713162121 0.979703162278182 0.805259574645843 0.261503706109298
0 0 0.05 0.49991010483741 0.948211120465632 0.995637109851401 0.97613787386942 0.31277766803954
0 0 0.05 0.499915490906419 0.948223762023275 0.99491075493821 0.992269122163834 0.323845718474388
0 0 0.05 0.499912944894778 0.948185356719888 0.994825949641133 0.99144080423533 0.388477145832128
0 0 0.05 0.499850521640661 0.946989406027249 0.992391347685159 0.988830753970176 0.418715460343161
0 0 0.05 0.499955616440075 0.948872899726247 0.995148760900807 0.990626797253754 0.516707873373183
0 0 0.05 0.49962773926938 0.942814017123716 0.984557622623633 0.980155545643073 0.551285330858452
0 0 0.05 0.499865078930416 0.946728119311072 0.987322978894904 0.979200077128803 0.576592520593592
0 0 0.05 0.491405357742249 0.782219801942673 0.653499838607602 0.628141072542725 0.37301846919544
0 0 0.05 0.489247307014367 0.703300548045315 0.357773331637566 0.244857127087183 0.13446804516108
0 0 0.05 0.499968024874757 0.928965910978146 0.739359908740298 0.357252157626664 0.170361026488639
0 0 0.05 0.499968105797325 0.949333314482123 0.976663166947149 0.738323050369858 0.278304662679886
0 0 0.05 0.499967224546869 0.949316753327603 0.998053656995791 0.975373923073339 0.423609111101736
0 0 0.05 0.490136469902313 0.725486483703924 0.439995605612047 0.393250707509275 0.163949816426653
0 0 0.05 0.485547339108866 0.617140309920181 0.169741707159244 0.066091085280334 0.0259769402743045
0 0 0.05 0.487104097033838 0.668833893862413 0.276807009862601 0.0625870393311496 0.0148951422601192
0 0 0.05 0.499839512742408 0.922488327623451 0.699258517656329 0.274552578164611 0.0352429397038818
0 0 0.05 0.492010522123457 0.780845507803518 0.596879509474262 0.382223496229395 0.0929299097959298
0 0 0.05 0.49954454822713 0.926252851635653 0.807063411060139 0.584928506657185 0.126898377190992
0 0 0.05 0.488600427838837 0.707502737541516 0.438491070105347 0.317151427668668 0.0805427340691141
0 0 0.05 0.490187423339512 0.730596186493988 0.402140412571845 0.212973880746913 0.0579829543641864
0 0 0.05 0.499955323684857 0.930507932575006 0.767559651724872 0.401169645700627 0.0912850509695497
0 0 0.05 0.499959778288975 0.949151057154891 0.977978858420363 0.766269803967973 0.21854946496566
0 0 0.05 0.499919125173765 0.948386809453652 0.996034185718395 0.974793046885016 0.254058713977489
0 0 0.05 0.499715083428443 0.944424097516357 0.987448986702803 0.984623814248837 0.282867795567606
0 0 0.05 0.499922519242453 0.947986501198826 0.991195348434595 0.98437213485224 0.376377658490548
0 0 0.05 0.499871112722709 0.947403285499542 0.992986729284436 0.986068676430455 0.459336848541959
0 0 0.05 0.495637967242309 0.861871531247467 0.810377234905051 0.795205858237941 0.373016264213187
0 0 0.05 0.499939348801099 0.940563722499836 0.90507634395065 0.808290285763137 0.433060015191489
0 0 0.05 0.499934368194685 0.948637709086517 0.987588846387429 0.902624246971304 0.478422916914932
0 0 0.05 0.499939715560745 0.94873010286632 0.996278350496792 0.985202597876572 0.599547730075727
0 0 0.05 0.496419060356149 0.879525486928212 0.853060793714467 0.842615464920485 0.570413248326239
0 0 0.05 0.499576012829655 0.935146495710182 0.910326435715774 0.837578707959053 0.573662629493928

# True survival by age
0.778267540515681 0.778267540515681 0.778249629931342 0.778098090462477 0.778069979495854 0.778364616532789 0.778629826096233 0.778728145524887
0.778267540515681 0.778267540515681 0.778212545432786 0.77771791718036 0.777248752496952 0.777442601363767 0.778007024382455 0.778631951410807
0.778267540515681 0.778267540515681 0.778044926771582 0.776041878932049 0.774047537809033 0.773914026245399 0.774670427364934 0.777321900552
0.778267540515681 0.778267540515681 0.777861492946222 0.77420940266188 0.770596141809586 0.770248189602439 0.770405908870971 0.775385234380441
0.778267540515681 0.778267540515681 0.774351459610382 0.739208325975098 0.705826446845019 0.704216670820899 0.704910485105416 0.746756582021838
0.778267540515681 0.778267540515681 0.772508322889097 0.721904882550193 0.69344166674441 0.716115265806226 0.720929434374039 0.752322121002613
0.778267540515681 0.778267540515681 0.771724519731258 0.714276138732076 0.685324371127291 0.727511507169457 0.746390302755047 0.764480424108466
0.778267540515681 0.778267540515681 0.77070194715935 0.705165727221409 0.689070289642875 0.751859788810181 0.768210080042964 0.775042094046408
0.778267540515681 0.778267540515681 0.773549966748338 0.73236214798217 0.717332410843291 0.75785247674822 0.773952548673781 0.77769415609412
0.778267540515681 0.778267540515681 0.778192177986662 0.777536670177018 0.777248548265246 0.777969365525208 0.778556856670638 0.778767267565066
0.778267540515681 0.778267540515681 0.775303926920115 0.748641536570651 0.723153298295783 0.731887965988679 0.754634075053992 0.774961757769245
0.778267540515681 0.778267540515681 0.773381111681436 0.73025335489346 0.702094086596966 0.716485382156588 0.73118313793836 0.76726160444405
0.778267540515681 0.778267540515681 0.778270855916807 0.77830857309539 0.77841627377036 0.778552785314007 0.778620232764842 0.778766268039445
0.778267540515681 0.778267540515681 0.778219547175651 0.777787719658772 0.777380028178367 0.777582622888182 0.7780097486007 0.77862475517107
0.778267540515681 0.778267540515681 0.771785012534272 0.713456504028095 0.655382964524068 0.651346096305904 0.673090583203935 0.748511678982546
0.778267540515681 0.778267540515681 0.778264980406429 0.778251829120144 0.778330405712494 0.77844881416236 0.778470953719568 0.778709110706014
0.778267540515681 0.778267540515681 0.778280903777598 0.778401214320187 0.77852667219879 0.778586227115363 0.778640982050143 0.778756801819528
0.778267540515681 0.778267540515681 0.778219085850285 0.77778307952014 0.777348275082074 0.777328939874998 0.777591012732878 0.77840791667524
0.778267540515681 0.778267540515681 0.778270611126943 0.778298336979494 0.778326776382901 0.778331011284826 0.778340211615783 0.778653205080925
0.778267540515681 0.778267540515681 0.778258159449801 0.778173835840283 0.778090630540586 0.778083587851 0.778085492108633 0.778567334392427
0.778267540515681 0.778267540515681 0.778111037897588 0.776702879664765 0.77530068927411 0.775156442226209 0.775168843012169 0.777377676717481
0.778267540515681 0.778267540515681 0.778277880746593 0.778371071328432 0.778465072168613 0.77847682888669 0.77847799119956 0.778664098460135
0.778267540515681 0.778267540515681 0.777915887735328 0.774751372198603 0.771594697298222 0.771271190830104 0.771305405355341 0.774891217238404
0.778267540515681 0.778267540515681 0.778202696700927 0.777619982154791 0.777048860915556 0.776998925606551 0.777006981930615 0.777791865395234
0.778267540515681 0.778267540515681 0.776072920086281 0.75632740212371 0.73671519961379 0.734938316844845 0.735299182044979 0.753185284899435
0.778267540515681 0.778267540515681 0.767918177274884 0.67656205565872 0.61645217958629 0.643186164996253 0.648448628996356 0.701391801084962
0.778267540515681 0.778267540515681 0.778283384797754 0.778434043549374 0.778628880725467 0.778723376337363 0.778747806538949 0.778771689980083
0.778267540515681 0.778267540515681 0.778275234510232 0.778344509641864 0.778422296290296 0.778520297526259 0.778665254940918 0.778736154458433
0.778267540515681 0.778267540515681 0.778278531366001 0.778377476022687 0.778476594338833 0.778494671881804 0.778569373763764 0.778713555279622
0.778267540515681 0.778267540515681 0.764251256212914 0.638113920243926 0.51215005386708 0.498488502271209 0.504858308041853 0.659826381977482
0.778267540515681 0.778267540515681 0.766588095040731 0.663787616313509 0.608927965153363 0.675788064990892 0.68673208113229 0.740416499220617
0.778267540515681 0.778267540515681 0.773348636097229 0.730515735029135 0.717741293361658 0.762011404902838 0.77226362586406 0.776231369335516
0.778267540515681 0.778267540515681 0.77820134806604 0.777636441535943 0.777539926210534 0.778286727112812 0.778684553209612 0.778773121428595
0.778267540515681 0.778267540515681 0.769622522903799 0.691845283857498 0.61878442625499 0.657525864664386 0.731184142480527 0.772688473347471
0.778267540515681 0.778267540515681 0.778123435875017 0.776858041185014 0.776112019051179 0.776762239371661 0.777495361645866 0.778483396263637
0.778267540515681 0.778267540515681 0.769365562722247 0.689329336745239 0.613371223651622 0.634681211252454 0.674348462759425 0.756140184740891
0.778267540515681 0.778267540515681 0.772100793070673 0.718018189189574 0.691143842176377 0.724485687247904 0.739515809308437 0.768824100267349
0.778267540515681 0.778267540515681 0.778253352572901 0.778138910460317 0.778183380483418 0.77847223378678 0.778626783110256 0.778753410915852
0.778267540515681 0.778267540515681 0.778282097994021 0.778413149938222 0.778549398549639 0.778614962261148 0.778703662712814 0.77877868360057
0.778267540515681 0.778267540515681 0.778255865219147 0.778150839838209 0.778046384633102 0.778050919261983 0.77821324685904 0.778633210599936
0.778267540515681 0.778267540515681 0.778119170487912 0.776784166477798 0.775454202467286 0.775314022860756 0.775388380507085 0.777911414184503
0.778267540515681 0.778267540515681 0.778247025484443 0.77806281096403 0.777883172516844 0.777869082313927 0.77787174798613 0.778533885091917
0.778267540515681 0.778267540515681 0.778237035491723 0.777962620179225 0.777690303689959 0.777667506773569 0.777675308047294 0.778370454297084
0.778267540515681 0.778267540515681 0.773366882155162 0.729273727017119 0.685411001434865 0.680945505955049 0.681627255226381 0.733534785774322
0.778267540515681 0.778267540515681 0.778263550517112 0.778232640663075 0.778248230402589 0.778303987363414 0.778313288062506 0.77857210823814
0.778267540515681 0.778267540515681 0.778259882890822 0.778191038239579 0.778128787490446 0.778179543146427 0.778245976617955 0.778503532819369
0.778267540515681 0.778267540515681 0.778277148807106 0.778363680813089 0.778450600931728 0.778463939499846 0.778492918947344 0.778637604148677
0.778267540515681 0.778267540515681 0.775418858427309 0.749784218548464 0.72421564430435 0.721507919215714 0.722144851240436 0.744322661111724
0.778267540515681 0.778267540515681 0.778004897285458 0.775663737423373 0.773687070121377 0.773864881904824 0.773925319696548 0.775500310891
0.778267540515681 0.778267540515681 0.778275709983303 0.778349618092919 0.77842867088615 0.778464095923126 0.778491001903268 0.778588612110283

# True Numbers-at-age
120.840146617064 26.7397501055047 27.5102990322963 16.6923274977905 47.7110850954583 100.14226882946 19.8236387058982 76.7808398105836
222.651685422848 94.0459637032165 20.8106795486151 21.4098800411851 12.988268151405 37.1225630019482 77.9471986761663 75.2266773557072
447.420324153947 173.282579605711 73.1929208667293 16.1951319037137 16.6508473127119 10.0951152177755 28.860661949525 119.217362688618
623.169365147806 348.212715256021 134.860207043949 56.9473807559525 12.5681005921104 12.8885473648388 7.81275126359981 115.027768270387
646.723335294425 484.992489138301 271.002653478591 104.902561990243 44.0891976382246 9.68492982615504 9.92738027437234 95.2098227986094
40.5588404225249 503.32377955369 377.453911690244 209.851300279433 77.5448472393065 31.1193217132359 6.82028903930894 78.0964762930282
159.131467785849 31.5656289818064 391.720559996307 291.58628828776 151.49267828123 53.7728281170654 22.2850213403834 63.6706538069777
336.1773105916 123.846856052343 24.566504432501 302.300361032009 208.273128105399 103.821624473473 39.1203512282104 65.3082922507731
130.058772397957 261.6358886913 96.3859880604567 18.9334528010273 213.171853926431 143.514824708415 78.0593046505552 80.6693237329663
18.5093133031303 101.220520916646 203.622719602413 74.559377859172 13.8661441620794 152.915079900981 108.763065355359 123.150259425193
184.787049382976 14.4051977410614 78.7766458635144 158.457607654969 57.9726503910907 10.7774404200128 118.963247689803 180.583621317418
64.0222643191552 143.813762442438 11.2110978165779 61.075842887578 118.627946876125 41.9231133412655 7.88787894756737 229.719120986295
8.97026060806776 49.8264501899137 111.925583188383 8.67045129255433 44.6008391715997 83.2879800068665 30.0372978835106 182.022145419982
41.0739798075604 6.98126266122559 38.7783088419312 87.1084194270104 6.74828657360104 34.7180190349878 64.8440888175233 165.140354758938
19.2379522244386 31.9665452440208 5.433290121046 30.1780379472053 67.7518589092143 5.24598320674167 26.9961283027076 179.031701532205
56.0671618400021 14.972273762272 24.8785245458473 4.19333188417382 21.5307174522403 44.4034141439373 3.41695068299752 152.17815924849
26.6075096655409 43.6352521489131 11.6524346768909 19.3620844182147 3.2634682089661 16.7580120498832 34.5657850851081 121.162515914276
15.7258723417412 20.7077611066477 33.9599003697162 9.06886739154005 15.0714700229083 2.54069704455292 13.0475573758724 121.270470237812
11.175894344944 12.2389359898705 16.116178306057 26.4282426212873 7.0536116075518 11.715781225259 1.97495734018586 104.543557445637
10.4802971866623 8.69783580490263 9.52516661136538 12.5427479392858 20.5690572814385 5.4900147843628 9.11875584904758 82.9403647896994
66.4154238166228 8.15647511533707 6.7692432796908 7.41303863541392 9.7604382758918 16.0045907497399 4.27169040077204 71.6698303600764
221.268438895727 51.6889685460696 6.34791982729074 5.26722291414148 5.75772845519216 7.56727452291632 12.4060616248549 59.0258075217248
122.560519479524 172.206043733122 40.2278464221419 4.94044559033311 4.09985394260597 4.48219049739844 5.89094787391494 55.6191231322003
60.6631287076396 95.384874059653 134.022374118112 31.293880861161 3.82761700038311 3.16342556181197 3.45698440245587 47.6424899634605
37.0758873271633 47.2121439792808 74.2349513368041 104.296572956976 24.3347470768101 2.97424543016872 2.4579782627642 39.7420421578871
175.440339620152 28.8549596425479 36.7436791772271 57.6117354564165 78.8823560749553 17.9277780502433 2.18588693033167 31.7404707512685
251.127074625687 136.539521623411 22.456878472685 28.2161391401493 38.9779141704595 48.627200333308 11.53089881104 23.6799413306314
706.589406017571 195.444050725831 106.26427767704 17.4778153897131 21.9644032842182 30.3493296835582 37.867137625387 27.420930085205
115.553052121421 549.915599175731 152.107760666814 82.7028556291586 13.6037616491172 17.0975812411473 23.6275691749663 50.8394940191808
223.543673154716 89.9311896736188 427.981460861703 118.382204581139 64.3740400244931 10.590210038802 13.3103758982994 57.9851048724069
175.094204215254 173.976784703962 69.9905258029365 327.085369099394 75.5413326523894 32.9691680661857 5.27909794097993 44.9799558119616
192.838558270623 136.270135673156 135.400484338379 53.6539038461722 217.115217485511 45.9992299769928 22.2801702918072 36.929227332901
447.450704269117 150.079990461868 106.054623336085 104.711779889989 39.195021005369 155.832557006549 35.051937859217 45.87178979554
52.0981817147685 348.236359113535 116.802385057375 82.5318508487776 81.4276959005462 30.475693740335 121.282410770247 63.0181194956245
26.849598653896 40.5463237484919 271.021054725426 89.8937462690375 57.0992717777573 50.3861900890852 20.0385568778608 137.373150063317
71.0823947315274 20.8961711082008 31.5558876606913 210.88783429742 69.8346796413472 44.3154311057872 39.138089847004 122.522601443339
67.121940080128 55.3211205216706 16.2628116945742 24.2780132672678 145.37117094388 42.8345829049321 28.1261714913957 119.036973213968
30.2147431804007 52.2388272208021 43.0546324069721 12.5565298069398 17.4320551232841 100.472389627832 31.0330422338571 112.318242302985
56.5905179400548 23.5151538623234 40.6557835805573 33.5074120145199 9.77072442313463 13.5653355846105 78.2149655874743 111.631372146196
42.9726791431549 44.0425632137149 18.3010809612783 31.641668540667 26.0826101325003 7.60699162302573 10.5621732542713 147.842413230462
102.451513325096 33.4442413061127 34.2768973503443 14.2429235979653 24.6219909488023 20.2934805153866 5.91862682511338 123.334636018572
80.6657203367454 79.734687297632 26.0285674257212 26.6715109331492 11.0636775352524 19.0932263543602 15.7338200162307 100.532655591888
15.7641672225186 62.7795117704045 62.0549189769149 20.2566551766888 20.7521107693039 8.60624858082547 14.8520304626783 90.506973015085
14.498345610592 12.2687396525475 48.859256220328 48.2934361822733 15.7589205373239 16.1387153263877 6.69279987652411 81.9980110679967
38.1454941966371 11.2835917799018 9.54836183461533 37.7861306475353 35.2191341951099 10.8013375070196 10.9895856733915 64.710388292298
61.1964790541504 29.6873999501719 8.7816532227271 7.43114198302982 29.4064002342713 27.4092288636556 8.40672405057138 58.9350439975451
14.8628977468994 47.627233241693 23.1047397435256 6.83440840870741 5.7828480950797 22.8819665587523 21.3293011951154 52.4236391278484
53.1389336945345 11.5673108744154 37.0667296765791 17.9818909715214 5.31965528518143 4.50166157471169 17.8127858308301 57.4237267177552
50.4726871600157 41.3563072320712 9.00246258461157 28.7422412114466 13.4825380701058 3.85257757983471 3.24798447578357 55.6051926554945
155.888285999694 39.2812540992428 32.1862715143149 7.0039599784569 22.2943142399948 10.4312653772601 2.98137449384796 45.6355416152801

