# Simulated data from SIR age-structured hybrid model
# random seed = 2675254
# Flag=0 if no issues, =1 if negative pop #'s, =2 if NaN, or=3 if NA. Flag:
0

# True SSB
31772.0207523292
28799.429090494
23618.5333443269
20185.1614897263
19993.0383467298
19192.6952808229
12121.6852417589
10882.723547662
11172.2890744074
14693.231374171
25568.5982117106
26312.0307375777
59603.4769234337
88090.9165122053
107785.847378751
106441.269040402
82272.498787194
77702.7898118546
70792.8880922642
66586.250260221
53862.9992209963
41056.2099780559
38288.7883125006
56234.9743029077
85202.3562087515
81800.2401063534
78205.1064214347
72254.9741057393
56089.8618020476
51120.743093747
43880.7104447485
40596.5748465077
44031.9482681469
46362.3316227904
40892.9889060336
38749.7920303406
43196.756094377
29598.6907662667
28204.8116767979
23106.3789206283
21049.1362289071
19119.0101360773
19283.9609740192
22158.4985757278
19722.7570396973
14342.7055732104
16308.4248830956
19030.7114826095
20614.3345123106
23355.1178500632

# True R (numbers)
35.0239643072841
107.029259391508
18.5439895158207
15.336615720728
23.6137533011491
53.2438616623893
110.079546184022
346.534625921459
223.622152233676
1263.61924105636
912.29519007254
1710.66637549721
322.452114157625
210.769225626066
184.846623199833
121.207975924346
235.542203933744
71.3980705186286
35.3306779477166
93.1988025846203
639.011787289725
1502.77861253262
605.419984404537
1010.76945256181
292.183697060989
157.106890334404
50.6358944957721
53.0062421762338
129.411811610182
251.737511954941
370.008050508932
133.971391462319
263.854375100723
168.423185074403
149.251476618741
13.1448064679224
40.8938232049083
57.3308663666813
13.5888442975099
145.123421280981
105.893181791241
27.2846660716945
48.7074434827094
113.137327474744
91.0577229871322
80.6875896678411
111.696411812469
380.208026153461
408.450180373846
397.882782794816

# True infection rate given (selected) susceptible
-999 -999 0.00557461379158647 0.00557461379158763 0.00557461379158656 0.00557461379158543 0.00557461379158772 0.00557461379158682
-999 -999 0.114920374074237 0.114920374074235 0.114920374074237 0.114920374074237 0.114920374074237 0.114920374074237
-999 -999 0.0518141418868746 0.0518141418868748 0.0518141418868754 0.0518141418868738 0.0518141418868752 0.0518141418868747
-999 -999 0.00597463977949492 0.00597463977949414 0.00597463977949399 0.00597463977949452 0.00597463977949427 0.00597463977949382
-999 -999 0.0208578578213983 0.0208578578213994 0.0208578578213983 0.0208578578213983 0.0208578578213973 0.0208578578213987
-999 -999 0.420902725118639 0.420902725118638 0.420902725118638 0.420902725118638 0.420902725118638 0.420902725118637
-999 -999 0.00110601495142163 0.00110601495142231 0.00110601495142216 0.00110601495142225 0.00110601495142295 0.00110601495142116
-999 -999 0.00105860675419982 0.00105860675419901 0.00105860675420016 0.00105860675420017 0.00105860675419946 0.00105860675420037
-999 -999 0.001958623643258 0.00195862364325647 0.00195862364325763 0.00195862364325661 0.00195862364325703 0.00195862364325771
-999 -999 0.00106276752223049 0.00106276752223113 0.0010627675222317 0.00106276752223122 0.00106276752223205 0.00106276752223023
-999 -999 0.836444438012122 0.836444438012122 0.836444438012122 0.836444438012122 0.836444438012122 0.836444438012122
-999 -999 0.674229603493607 0.674229603493607 0.674229603493607 0.674229603493607 0.674229603493607 0.674229603493608
-999 -999 0.919990920841293 0.919990920841293 0.919990920841293 0.919990920841293 0.919990920841293 0.919990920841293
-999 -999 0.937696952146574 0.937696952146574 0.937696952146574 0.937696952146574 0.937696952146574 0.937696952146574
-999 -999 0.943500002114105 0.943500002114106 0.943500002114105 0.943500002114105 0.943500002114105 0.943500002114106
-999 -999 0.892902555519209 0.892902555519209 0.892902555519209 0.892902555519209 0.892902555519209 0.892902555519209
-999 -999 0.00647437753353116 0.00647437753353073 0.00647437753353054 0.00647437753353139 0.00647437753353117 0.00647437753353084
-999 -999 0.0673588408966847 0.0673588408966847 0.0673588408966849 0.0673588408966851 0.0673588408966852 0.0673588408966847
-999 -999 0.0112361943966637 0.0112361943966637 0.0112361943966637 0.0112361943966637 0.0112361943966637 0.0112361943966641
-999 -999 0.329425866103619 0.329425866103619 0.329425866103619 0.329425866103619 0.329425866103619 0.32942586610362
-999 -999 0.281540794842015 0.281540794842014 0.281540794842015 0.281540794842015 0.281540794842014 0.281540794842015
-999 -999 0.00901145758481164 0.00901145758481105 0.00901145758481089 0.00901145758481139 0.0090114575848114 0.00901145758481092
-999 -999 0.0165202540842541 0.016520254084255 0.0165202540842542 0.016520254084255 0.0165202540842541 0.0165202540842546
-999 -999 0.868642218012291 0.868642218012291 0.868642218012291 0.868642218012291 0.868642218012291 0.868642218012291
-999 -999 0.956170395911638 0.956170395911637 0.956170395911638 0.956170395911638 0.956170395911637 0.956170395911637
-999 -999 0.93733057215725 0.93733057215725 0.93733057215725 0.93733057215725 0.93733057215725 0.93733057215725
-999 -999 0.900575160589481 0.900575160589481 0.900575160589481 0.900575160589481 0.900575160589481 0.900575160589481
-999 -999 0.833261113980828 0.833261113980828 0.833261113980828 0.833261113980828 0.833261113980828 0.833261113980828
-999 -999 0.00527390403242829 0.0052739040324272 0.00527390403242774 0.00527390403242833 0.00527390403242866 0.00527390403242848
-999 -999 0.0370524754467408 0.03705247544674 0.0370524754467402 0.0370524754467408 0.0370524754467415 0.0370524754467403
-999 -999 0.0143712824991943 0.0143712824991946 0.0143712824991933 0.0143712824991932 0.0143712824991945 0.014371282499194
-999 -999 0.0119308351598067 0.0119308351598067 0.0119308351598067 0.0119308351598073 0.0119308351598073 0.0119308351598069
-999 -999 0.451267410052949 0.451267410052949 0.45126741005295 0.45126741005295 0.45126741005295 0.451267410052949
-999 -999 0.58300222498473 0.58300222498473 0.583002224984729 0.583002224984729 0.58300222498473 0.583002224984729
-999 -999 0.54953480682983 0.54953480682983 0.54953480682983 0.54953480682983 0.54953480682983 0.54953480682983
-999 -999 0.0295141310534308 0.0295141310534312 0.0295141310534313 0.0295141310534315 0.0295141310534319 0.0295141310534313
-999 -999 0.717380813721142 0.717380813721141 0.717380813721142 0.717380813721141 0.717380813721142 0.717380813721142
-999 -999 0.00872715108334821 0.00872715108334765 0.00872715108334789 0.0087271510833489 0.00872715108334918 0.00872715108334856
-999 -999 0.150747046033942 0.150747046033941 0.150747046033942 0.150747046033941 0.150747046033941 0.150747046033941
-999 -999 0.00366870040430164 0.00366870040430185 0.00366870040430195 0.00366870040430115 0.00366870040430301 0.00366870040430133
-999 -999 0.00681750444340247 0.00681750444340164 0.00681750444340255 0.00681750444340276 0.00681750444340259 0.00681750444340246
-999 -999 0.139178982226323 0.139178982226323 0.139178982226323 0.139178982226324 0.139178982226323 0.139178982226324
-999 -999 0.0197782920049531 0.0197782920049529 0.0197782920049534 0.0197782920049533 0.0197782920049534 0.019778292004954
-999 -999 0.215669879352602 0.215669879352602 0.215669879352603 0.215669879352601 0.215669879352601 0.215669879352602
-999 -999 0.377147352887036 0.377147352887035 0.377147352887035 0.377147352887036 0.377147352887035 0.377147352887036
-999 -999 0.000714508036887558 0.000714508036887138 0.000714508036886926 0.000714508036887398 0.000714508036886809 0.000714508036887278
-999 -999 0.00182116272362883 0.00182116272362903 0.00182116272362941 0.0018211627236291 0.00182116272363032 0.0018211627236293
-999 -999 0.00858052962386131 0.00858052962386107 0.00858052962386169 0.00858052962386034 0.0085805296238613 0.00858052962386178
-999 -999 0.00905560912983226 0.00905560912983238 0.00905560912983212 0.00905560912983174 0.00905560912983221 0.00905560912983183
-999 -999 0.010123119597375 0.0101231195973738 0.0101231195973751 0.010123119597375 0.0101231195973744 0.0101231195973752

# Duration of outbreak (days) based on incidence
0
0
0
0
0
0
0
0
0
0
0
0
4
3
3
0
0
0
0
0
0
0
0
0
4
3
0
0
0
0
0
0
0
0
0
0
0
0
0
0
0
0
0
0
0
0
0
0
0
0

# Duration of outbreak (days) based on prevalence
0
0
0
0
0
0
0
0
0
0
40
20
15
24
18
14
0
0
0
0
0
0
0
28
25
25
21
16
0
0
0
0
0
0
0
0
24
0
0
0
0
0
0
0
0
0
0
0
0
0

# Peak (point) prevalence
0.000193918351262338
0.0173770607642872
0.0048359754247404
0.000235946440905773
0.00140684574317316
0.0590757601824191
3.1410282444568e-05
4.39834552578574e-05
0.000102453660899869
4.45705573441373e-05
0.383056022594645
0.174266893674623
0.5105061765182
0.496362166471785
0.485610816002496
0.269958523849222
0.000111717763557443
0.00371369340644997
0.000288603383847727
0.0231264137311716
0.0187336582984331
0.000268855760552674
0.000877035063826437
0.359862912807491
0.583903566540569
0.491460650462361
0.350878008194443
0.212524980592153
0.000113683056799599
0.00280064264593653
0.0009425948037739
0.000432427678082654
0.0492140403500497
0.0887641135035302
0.0729238637474113
0.00179430493824305
0.166365062263453
0.000633871015507341
0.0196504115268555
0.000152291918656199
0.000349647966667018
0.0159461730979177
0.00177871540021696
0.0212625708395776
0.0650769473059748
2.56155924939765e-05
8.51678992521258e-05
0.000613571042535108
0.000874100825139347
0.00117235293480247

# Day of peak prevalence
96
119
119
80
119
94
37
53
79
64
48
49
15
16
13
16
74
119
94
84
93
80
119
28
15
17
20
25
84
119
119
93
66
51
59
119
53
119
119
92
110
119
119
106
107
44
80
119
119
119

# Total immunity
0.280880346688721
0.192727808886889
0.192939571680149
0.185252740953775
0.164118808745049
0.125745654300473
0.104602371053275
0.037041484277942
0.0241419070198088
0.00684984852688465
0.00412606711025089
0.00604566954425662
0.0171230072551714
0.058190606930194
0.108890680058381
0.268987573449975
0.372366840775271
0.342017116055753
0.334956647987437
0.287576181960447
0.145041392589131
0.0562648190431453
0.0422795685220518
0.027738274028892
0.0467061447032401
0.0743625065352402
0.156472859363641
0.286343263603873
0.391470760327518
0.254223774190337
0.154269170794356
0.130724685191236
0.0943019074005318
0.112924960653717
0.134726578834938
0.200675160002747
0.18611776821019
0.263467458163713
0.250982083550218
0.164199602722143
0.117618700215035
0.108289672159187
0.106706852114082
0.0727306158492732
0.0779407878572977
0.0790393794447131
0.0545992350733992
0.0232449532474802
0.0132574527048053
0.00885430957455409

# Observed immunity (based on survey selectivity)
0.421344332087653
0.365789310632886
0.363696580618486
0.333981496144442
0.257934946482965
0.216726186034623
0.340872725942857
0.294399260421049
0.217183333632791
0.122686757834205
0.0535973869447069
0.106177659811174
0.105277391577218
0.204135609141716
0.236173920934475
0.443009830807561
0.716481215626906
0.603138568662562
0.531414130867924
0.439260688461949
0.471231751823195
0.517181040292431
0.421756272939723
0.208229191999212
0.177285068906181
0.219445578751344
0.318438070163151
0.437245441341163
0.650961934353934
0.572578757602549
0.528261364866525
0.43926368607589
0.308114166008559
0.309793965175867
0.36995768582839
0.426941967446973
0.307006861179824
0.446445253220824
0.375427580299362
0.392449920850005
0.334974978570269
0.288599796598692
0.247851945653317
0.171417907603754
0.21186168353576
0.277168671435623
0.18599230068698
0.12444561662701
0.0920523529021628
0.0646197150813854

# True total proportion of susceptible
1 1 1 0.999208926478441 0.980604443938563 0.843180111946664 0.627384623162035 0.164439554759855
1 1 1 0.999935426899844 0.998560506014641 0.97931397365537 0.841483584009306 0.286699634757681
1 1 1 0.998911413263116 0.988530316455965 0.975700576296361 0.953526991153544 0.451525972814417
1 1 1 0.999601686267523 0.994821319309211 0.980197717570212 0.96641238724861 0.476989942273327
1 1 1 0.999902708569288 0.998626577690932 0.992955058689079 0.978200128397926 0.554135965579823
1 1 1 0.999554206262248 0.995419440742213 0.990055170733159 0.983904065053421 0.594387099470384
1 1 1 0.996335087084638 0.955262890474711 0.887816396142775 0.871292841236684 0.449821641169808
1 1 1 0.999982038758326 0.996153425679594 0.954903209051007 0.887418474368165 0.494176841731405
1 1 1 0.99999240467568 0.999906063059158 0.996006038357168 0.954717121617396 0.612422359554241
1 1 1 0.999974352192905 0.999735822004097 0.999418287321995 0.995488610178996 0.638507349656774
1 1 1 0.9999837517602 0.999811847794731 0.999426953202756 0.999093024303786 0.67064143676018
1 1 1 0.994719544911324 0.918111574416183 0.653657253683112 0.577214765138008 0.222426754732274
1 1 1 0.986765923963365 0.828816566279323 0.503358392485199 0.278762258626555 0.101642185747056
1 1 1 0.983770275393025 0.758477018548077 0.190246239771062 0.0526828809515499 0.0128044501589447
1 1 1 0.989174753346007 0.813595627337112 0.164228498296711 0.0119975134534556 0.00218785319689065
1 1 1 0.979757998754924 0.716457965285753 0.138955466085432 0.00900115544669931 0.000313147125468048
1 1 1 0.978283268861499 0.702559943058216 0.15287548483921 0.0147401622859828 0.000656261111086344
1 1 1 0.999898474140623 0.977230584627603 0.70025153399215 0.151951550276283 0.00669978295744759
1 1 1 0.998273018890704 0.98234057324374 0.943293515244274 0.667501775826498 0.0872706904708736
1 1 1 0.999799120547532 0.996253965896038 0.97843805631254 0.939060955632153 0.191230089632981
1 1 1 0.995763116101269 0.951637992606885 0.889639642336659 0.860784549899279 0.224212564255777
1 1 1 0.997208189714944 0.96395575109282 0.874238114260879 0.796771559382996 0.236051318830339
1 1 1 0.999834066833739 0.995539969963872 0.960698489818082 0.870649041910067 0.284907399584058
1 1 1 0.999668493160282 0.996503491925197 0.989166324652904 0.953859795172361 0.401244844200616
1 1 1 0.98934476065161 0.843970591118773 0.447716886855987 0.350988376886739 0.0765215204290109
1 1 1 0.99479844953029 0.895394691796481 0.232503383026397 0.0266449708883536 0.00335132946669817
1 1 1 0.988223692983235 0.816108821645975 0.233691378488206 0.0151040591475288 0.00027303434092204
1 1 1 0.98628794344466 0.790154879714659 0.219929636671619 0.0245079657670935 0.00046110171305026
1 1 1 0.98287752026351 0.761553402271574 0.252518969932587 0.0382902835123331 0.00201066897630444
1 1 1 0.999878385904515 0.981649156547544 0.759251285210973 0.251321784372005 0.0123645557130527
1 1 1 0.999585398772846 0.995673304522925 0.973154307142216 0.746999018599693 0.121924831502014
1 1 1 0.999803073863837 0.997605072958382 0.991865694299525 0.968987097771814 0.266706423676483
1 1 1 0.999719158441242 0.996986595581704 0.992236203387074 0.986205837365718 0.388328702496836
1 1 1 0.990891599987259 0.894679486405836 0.761203700762134 0.738745914894706 0.260880832007799
1 1 1 0.992341526189363 0.892688285020375 0.622341853448771 0.462170573870924 0.136089442792287
1 1 1 0.987580129132799 0.846232587563545 0.565269976581285 0.33538308446749 0.0849150140294658
1 1 1 0.999567415655914 0.983121194885154 0.836305105612008 0.554688241457727 0.146814445178272
1 1 1 0.993735587162628 0.911469530183358 0.690694781963123 0.449301920913505 0.0983567017641184
1 1 1 0.999941522706931 0.993125229251336 0.909825977007697 0.688152425311321 0.145771273848863
1 1 1 0.997381326786974 0.972405511201022 0.937607724864196 0.847357821838984 0.252957748948129
1 1 1 0.999970123591597 0.997077863318286 0.971768449945489 0.93685592151127 0.404522457934011
1 1 1 0.999841221476633 0.998379956398985 0.994049809032385 0.968563578812348 0.556419272819847
1 1 1 0.996781209975191 0.966393815613739 0.9322242705026 0.924033887736573 0.510686821623252
1 1 1 0.999659179270555 0.993339432910033 0.959619496838729 0.924889715874101 0.554112108954619
1 1 1 0.995964515012303 0.956376135423563 0.904313919825061 0.863205165405263 0.528127924584524
1 1 1 0.996937176225468 0.959030599844481 0.857593943183481 0.783002444573105 0.401337347401636
1 1 1 0.99998514836907 0.996787401585719 0.958741991715254 0.857284629740938 0.549018422065452
1 1 1 0.999971179460861 0.999696848752947 0.996237100500864 0.958136447569119 0.63554637097943
1 1 1 0.99984088544953 0.99837624935646 0.996658654755346 0.993028908972988 0.666859674978784
1 1 1 0.999811987363605 0.997956164326605 0.994784107329602 0.992873023838698 0.737067931895897

# True vulnerable proportion of susceptible
0 0 0.05 0.49960446323922 0.931574221741635 0.843180111946664 0.627384623162035 0.164439554759855
0 0 0.05 0.499967713449922 0.948632480713909 0.97931397365537 0.841483584009306 0.286699634757681
0 0 0.05 0.499455706631558 0.939103800633167 0.975700576296361 0.953526991153544 0.451525972814417
0 0 0.05 0.499800843133762 0.94508025334375 0.980197717570212 0.96641238724861 0.476989942273327
0 0 0.05 0.499951354284644 0.948695248806386 0.992955058689079 0.978200128397926 0.554135965579823
0 0 0.05 0.499777103131124 0.945648468705103 0.990055170733159 0.983904065053421 0.594387099470384
0 0 0.05 0.498167543542319 0.907499745950976 0.887816396142775 0.871292841236684 0.449821641169808
0 0 0.05 0.499991019379163 0.946345754395614 0.954903209051007 0.887418474368165 0.494176841731405
0 0 0.05 0.49999620233784 0.9499107599062 0.996006038357168 0.954717121617396 0.612422359554241
0 0 0.05 0.499987176096453 0.949749030903892 0.999418287321995 0.995488610178996 0.638507349656774
0 0 0.05 0.4999918758801 0.949821255404994 0.999426953202756 0.999093024303786 0.67064143676018
0 0 0.05 0.497359772455662 0.872205995695374 0.653657253683112 0.577214765138008 0.222426754732274
0 0 0.05 0.493382961981683 0.787375737965357 0.503358392485199 0.278762258626555 0.101642185747056
0 0 0.05 0.491885137696513 0.720553167620673 0.190246239771062 0.0526828809515499 0.0128044501589447
0 0 0.05 0.494587376673004 0.772915845970257 0.164228498296711 0.0119975134534556 0.00218785319689065
0 0 0.05 0.489878999377462 0.680635067021465 0.138955466085432 0.00900115544669931 0.000313147125468048
0 0 0.05 0.489141634430749 0.667431945905305 0.15287548483921 0.0147401622859828 0.000656261111086344
0 0 0.05 0.499949237070312 0.928369055396223 0.70025153399215 0.151951550276283 0.00669978295744759
0 0 0.05 0.499136509445352 0.933223544581553 0.943293515244274 0.667501775826498 0.0872706904708736
0 0 0.05 0.499899560273766 0.946441267601236 0.97843805631254 0.939060955632153 0.191230089632981
0 0 0.05 0.497881558050635 0.904056092976541 0.889639642336659 0.860784549899279 0.224212564255777
0 0 0.05 0.498604094857472 0.915757963538179 0.874238114260879 0.796771559382996 0.236051318830339
0 0 0.05 0.49991703341687 0.945762971465678 0.960698489818082 0.870649041910067 0.284907399584058
0 0 0.05 0.499834246580141 0.946678317328937 0.989166324652904 0.953859795172361 0.401244844200616
0 0 0.05 0.494672380325805 0.801772061562835 0.447716886855987 0.350988376886739 0.0765215204290109
0 0 0.05 0.497399224765145 0.850624957206657 0.232503383026397 0.0266449708883536 0.00335132946669817
0 0 0.05 0.494111846491618 0.775303380563676 0.233691378488206 0.0151040591475288 0.00027303434092204
0 0 0.05 0.49314397172233 0.750647135728926 0.219929636671619 0.0245079657670935 0.00046110171305026
0 0 0.05 0.491438760131755 0.723475732157995 0.252518969932587 0.0382902835123331 0.00201066897630444
0 0 0.05 0.499939192952258 0.932566698720167 0.759251285210973 0.251321784372005 0.0123645557130527
0 0 0.05 0.499792699386423 0.945889639296779 0.973154307142216 0.746999018599693 0.121924831502014
0 0 0.05 0.499901536931918 0.947724819310463 0.991865694299525 0.968987097771814 0.266706423676483
0 0 0.05 0.499859579220621 0.947137265802619 0.992236203387074 0.986205837365718 0.388328702496836
0 0 0.05 0.49544579999363 0.849945512085544 0.761203700762134 0.738745914894706 0.260880832007799
0 0 0.05 0.496170763094681 0.848053870769356 0.622341853448771 0.462170573870924 0.136089442792287
0 0 0.05 0.493790064566399 0.803920958185367 0.565269976581285 0.33538308446749 0.0849150140294658
0 0 0.05 0.499783707827957 0.933965135140896 0.836305105612008 0.554688241457727 0.146814445178272
0 0 0.05 0.496867793581314 0.86589605367419 0.690694781963123 0.449301920913505 0.0983567017641184
0 0 0.05 0.499970761353465 0.943468967788769 0.909825977007697 0.688152425311321 0.145771273848863
0 0 0.05 0.498690663393487 0.923785235640971 0.937607724864196 0.847357821838984 0.252957748948129
0 0 0.05 0.499985061795799 0.947223970152372 0.971768449945489 0.93685592151127 0.404522457934011
0 0 0.05 0.499920610738317 0.948460958579036 0.994049809032385 0.968563578812348 0.556419272819847
0 0 0.05 0.498390604987596 0.918074124833052 0.9322242705026 0.924033887736573 0.510686821623252
0 0 0.05 0.499829589635278 0.943672461264531 0.959619496838729 0.924889715874101 0.554112108954619
0 0 0.05 0.497982257506151 0.908557328652385 0.904313919825061 0.863205165405263 0.528127924584524
0 0 0.05 0.498468588112734 0.911079069852257 0.857593943183481 0.783002444573105 0.401337347401636
0 0 0.05 0.499992574184535 0.946948031506432 0.958741991715254 0.857284629740938 0.549018422065452
0 0 0.05 0.499985589730431 0.9497120063153 0.996237100500864 0.958136447569119 0.63554637097943
0 0 0.05 0.499920442724765 0.948457436888637 0.996658654755346 0.993028908972988 0.666859674978784
0 0 0.05 0.499905993681802 0.948058356110275 0.994784107329602 0.992873023838698 0.737067931895897

# True survival by age
0.778267540515681 0.778267540515681 0.778116907275993 0.776762821572546 0.775471362190961 0.775810944515525 0.776576135325187 0.778217695645634
0.778267540515681 0.778267540515681 0.774369597932178 0.739290666136151 0.704314009261767 0.701932378374633 0.712750974305905 0.756297128325508
0.778267540515681 0.778267540515681 0.776465759997922 0.76026992976261 0.744432477996364 0.743120532211743 0.743931394785337 0.762288996186101
0.778267540515681 0.778267540515681 0.778126650816576 0.776859417105482 0.775607260558133 0.775516104705534 0.775562299851128 0.77720237234667
0.778267540515681 0.778267540515681 0.777783795554049 0.773430613421685 0.769089741948215 0.768664557042833 0.768815177463322 0.773144084564731
0.778267540515681 0.778267540515681 0.763749660565941 0.633153698534141 0.50369376419848 0.490802801275384 0.49259210158303 0.605899019499686
0.778267540515681 0.778267540515681 0.778263340939203 0.778227652949257 0.778215173954573 0.778252792530242 0.77826299143154 0.77852313782218
0.778267540515681 0.778267540515681 0.778257161006537 0.778163756866228 0.778073139584578 0.778093359511941 0.778143354412751 0.778434680688388
0.778267540515681 0.778267540515681 0.778234473468631 0.777936876606881 0.777639375731033 0.777610970695346 0.777660293753881 0.778069193427654
0.778267540515681 0.778267540515681 0.778263647906637 0.778228629100118 0.778193741353298 0.778190043816368 0.778192445221387 0.778410594590753
0.778267540515681 0.778267540515681 0.748736125729432 0.482958199652541 0.217276331523243 0.187978008016879 0.188175413938471 0.382343359681482
0.778267540515681 0.778267540515681 0.761297889844177 0.609469924346422 0.482290585698187 0.556605520128941 0.582590329058315 0.703192089104186
0.778267540515681 0.778267540515681 0.754415706852399 0.542912830658525 0.402751720158311 0.538411957944275 0.645672314684948 0.73025953298028
0.778267540515681 0.778267540515681 0.749579725300431 0.496053996148205 0.364974408338281 0.669544356241322 0.74854555524242 0.771447321191819
0.778267540515681 0.778267540515681 0.756608491147743 0.564027464835488 0.443554489957139 0.707572546402632 0.773597290763047 0.777851880006946
0.778267540515681 0.778267540515681 0.759709316110718 0.596452646377644 0.525791170961498 0.727151351665341 0.77545507401859 0.778684386995503
0.778267540515681 0.778267540515681 0.778109845373032 0.776736415604558 0.776321132693465 0.778237108929375 0.778746433949705 0.778798363341258
0.778267540515681 0.778267540515681 0.776851905862604 0.764112685358066 0.751995054023659 0.758601372405974 0.774417598435187 0.778607521563561
0.778267540515681 0.778267540515681 0.777991580579532 0.775513627829981 0.773126311078034 0.773091554461813 0.774760767769787 0.778272582341974
0.778267540515681 0.778267540515681 0.768034414605252 0.675956944776166 0.584568484896697 0.578029441745612 0.586109455876417 0.739561179348137
0.778267540515681 0.778267540515681 0.768854612306259 0.684539332547969 0.608097027186537 0.610844107643443 0.616291712678465 0.736471287970813
0.778267540515681 0.778267540515681 0.778056415712329 0.776163675398193 0.774419976443698 0.774643135105932 0.775011545792936 0.777678184697488
0.778267540515681 0.778267540515681 0.777875432936221 0.774347203840227 0.770853102203809 0.770754554564744 0.771508754183506 0.776414571305079
0.778267540515681 0.778267540515681 0.75192971964149 0.514976820224961 0.279600526056792 0.257223608022621 0.275840375949592 0.567228525580244
0.778267540515681 0.778267540515681 0.744648437677565 0.445664389835768 0.23925359422826 0.477525240142965 0.54261533438151 0.727308281247639
0.778267540515681 0.778267540515681 0.750296662877825 0.500016457142339 0.302468788642889 0.648610328832843 0.763880910431378 0.776924203471167
0.778267540515681 0.778267540515681 0.753148890241411 0.530045366775798 0.388874109660838 0.66127592871634 0.771204857355325 0.778663472395421
0.778267540515681 0.778267540515681 0.758355168552027 0.581881528436397 0.479436139262223 0.691097092605136 0.769027479772562 0.778616904615878
0.778267540515681 0.778267540515681 0.778174021858654 0.777357497093366 0.777041520811596 0.778193824511668 0.778708747944936 0.77879595019589
0.778267540515681 0.778267540515681 0.77708390220869 0.766432661766606 0.756200892597762 0.760422339859489 0.772717285773515 0.778501486528294
0.778267540515681 0.778267540515681 0.777856725508342 0.774161314769372 0.770498134511647 0.770286127904941 0.772264883259439 0.777733996551679
0.778267540515681 0.778267540515681 0.778025937224639 0.775852088394689 0.773689348885758 0.773479117753366 0.77360186847896 0.77736982086237
0.778267540515681 0.778267540515681 0.766954955247607 0.665173608032419 0.563977725791913 0.553776547364713 0.555144143608788 0.690733678500906
0.778267540515681 0.778267540515681 0.760683364889471 0.604032278295062 0.479411878751098 0.510692085634138 0.518602094098643 0.686914182959064
0.778267540515681 0.778267540515681 0.765585241163916 0.65241990139662 0.563219302578434 0.620614410219545 0.661326622665249 0.744209673346987
0.778267540515681 0.778267540515681 0.777412454334953 0.769829502111536 0.764601101808841 0.768832266157317 0.772886313722734 0.777303309671643
0.778267540515681 0.778267540515681 0.75415152505253 0.53721193866387 0.327806188190837 0.374987892422509 0.510967595531455 0.707910906758776
0.778267540515681 0.778267540515681 0.777980462922157 0.775418088757574 0.77334316162305 0.774466815303333 0.775981505882371 0.778183614987392
0.778267540515681 0.778267540515681 0.774058175348896 0.736176381553216 0.698843098256951 0.701719829633114 0.720500133942521 0.766450961175637
0.778267540515681 0.778267540515681 0.778167912331929 0.777275264002719 0.776441554167338 0.776432567637933 0.776660521405319 0.778161860812989
0.778267540515681 0.778267540515681 0.77813923588859 0.776984548508959 0.775838434358075 0.775788947007807 0.775897152632526 0.777547032419784
0.778267540515681 0.778267540515681 0.775028419993538 0.745881562989455 0.716824817284182 0.713873770681344 0.715538420450637 0.742457894926181
0.778267540515681 0.778267540515681 0.777744330252421 0.773053995318667 0.768678544672418 0.768548695299162 0.768638768606264 0.773184531397772
0.778267540515681 0.778267540515681 0.77248243589427 0.720436392877458 0.669086213878305 0.667259089399233 0.671295917123575 0.714393376468404
0.778267540515681 0.778267540515681 0.765019443967415 0.64632335187271 0.537557698424289 0.538709802009954 0.549623977897871 0.638585368092526
0.778267540515681 0.778267540515681 0.778276782985043 0.778361315356733 0.778457799551122 0.778502003200272 0.778527990368814 0.778660959881314
0.778267540515681 0.778267540515681 0.778242480547141 0.778016952471623 0.777794643852311 0.777809020158468 0.777913971907446 0.778232855397192
0.778267540515681 0.778267540515681 0.778065042246625 0.776242631554557 0.774421401421226 0.774234821285422 0.774409444500336 0.775887941899704
0.778267540515681 0.778267540515681 0.778066837426449 0.776260913817828 0.77446123961685 0.774268672844773 0.774285178403524 0.775768369176957
0.778267540515681 0.778267540515681 0.777993120599762 0.775523957556954 0.773065308488447 0.772810550429811 0.772822058288274 0.774362424685715

# True Numbers-at-age
35.0239643072841 17.9743659574299 28.3365631852793 37.0973369620615 15.5677181733288 59.7577721199705 27.6876552783325 76.044389510335
107.029259391508 27.258014560539 13.9888655860177 22.0491589085603 28.8158321314784 12.0723196180762 46.3607336305378 80.6806619037755
18.5439895158207 83.2973984698436 21.2140279513713 10.8325522193718 16.3007373772514 20.2953942587356 8.47395202201499 94.062210973929
15.336615720728 14.4321851118263 64.8276614384798 16.4719663358787 8.23566371497164 12.1347983189152 15.0819241829988 78.0066273294432
23.6137533011491 11.9359901968051 11.2321012112481 50.4441310753951 12.7964021662718 6.38764057284717 9.41073152367239 72.3239076247527
53.2438616623893 18.3778177040294 9.28939373408677 8.73614631213177 39.0150352411667 9.84158163992359 4.9099529114764 63.1519145791154
110.079546184022 41.4379692635449 14.3028589845605 7.09477131127214 5.53132334846162 19.6516299609596 4.83027583785488 40.6822871463518
346.534625921459 85.671337669721 32.2498264227034 11.1313908183063 5.52134722578304 4.30455976182205 15.2939358948878 35.4313267659692
223.622152233676 269.696651019416 66.6752212609021 25.0986583546868 8.66204489831948 4.29601197070161 3.34934936629604 39.4818481168547
1263.61924105636 174.037862423726 209.896149274196 51.8889557113826 19.5251718874682 6.73594718728334 3.34062603865611 33.3242657313925
912.29519007254 983.433838885225 135.44801914512 163.354542815692 40.381470868706 15.1943665616751 5.24184703681677 28.5396114478655
1710.66637549721 710.009733802041 765.374635049098 101.414825092443 78.8934159033306 8.77393785186516 2.85620675934197 11.8983176609361
322.452114157625 1331.35611270109 552.577529268308 582.678094603135 61.8092857766967 38.049551763748 4.88362224161641 10.0308012886025
210.769225626066 250.954013819536 1036.15124738239 416.873167333703 316.343413703704 24.8937961683212 20.4863336640216 10.4783079412242
184.846623199833 164.034846844393 195.309363117869 776.677967382594 206.791600542842 115.457250248221 16.6675007299214 23.4184165992969
121.207975924346 143.860126810363 127.662996812452 147.772722535637 438.067704936384 91.7233429062008 81.69438055878 31.1099927870072
235.542203933744 94.3322333135248 111.961667070975 96.9867680010329 88.1394314188102 230.332131538917 66.6967527735075 87.5751875858969
71.3980705186286 183.314851743158 73.4157152122683 87.1184754523034 75.3331545381932 68.4245032340088 179.253012142388 120.143271139594
35.3306779477166 55.5668007400982 142.667998806144 57.0331382829168 66.5683322221603 56.6501596167212 51.906922059516 232.36114175012
93.1988025846203 27.496719831121 43.2458373463211 110.994501889311 44.2299759763138 51.4657291255358 43.7957599586008 221.055752613192
639.011787289725 72.5336028665389 21.3998045152153 33.2142913703957 75.0275043840509 25.855450043491 29.7487066754644 189.153362143332
1502.77861253262 497.322132054504 56.4505487076824 16.4533384039756 22.7364888457444 45.6240023731663 15.7936493095359 157.639901628701
605.419984404537 1169.56381471533 387.049672558073 43.9217115924936 12.7704836081999 17.6075911563338 35.34232023443 134.833373099594
1010.76945256181 471.178722241561 910.233553554637 301.076431608934 34.0106545595243 9.84416690602381 13.5711310786582 131.953505026758
292.183697060989 786.649055873661 366.703105302261 684.431660732616 155.047383394647 9.50939690637883 2.53215212954433 78.5912580002717
157.106890334404 227.397087290435 612.223425963777 273.06489445484 305.026818464682 37.0956437528562 4.54097704133332 58.5340573517449
50.6358944957721 122.271193138623 176.975771845956 459.349193436251 136.536941095256 92.2610922846068 24.0606176928061 48.9452915605218
53.0062421762338 39.408273071036 95.1597007599141 133.289106165399 243.475911713084 53.0956814042319 61.0100394848873 56.6675759195837
129.411811610182 41.2530377304761 30.6701797589656 72.1648509091452 77.5584688194436 116.731151115071 36.6942710483533 91.0407294604789
251.737511954941 100.717012335535 32.1059002132982 23.8667371341621 56.097887880849 60.2661505632792 90.8394609258866 99.4763012715159
370.008050508932 195.919134284708 78.3847814784646 24.9489782216726 18.2922468694198 42.4212728883472 45.827727225653 147.635670101992
133.971391462319 287.965255440588 152.477502779721 60.9721294505254 19.3145337822425 14.0941420889144 32.6765180339638 150.212424157972
263.854375100723 104.265585332842 224.114011105716 118.631452005865 47.3053539680614 14.9434490660151 10.9015245884241 142.049220665446
168.423185074403 205.349295563942 81.1465206574189 171.885351357946 78.9105109568662 26.6791659486887 8.27533162949831 104.170098250101
149.251476618741 131.078298013673 159.816691205177 61.7268083827584 103.824300386288 37.8306363110403 13.6248389013151 75.8475222406522
13.1448064679224 116.157579626401 102.013984610083 122.353300078334 40.2717982386073 58.4758500542587 23.4782380424064 65.4569284458589
40.8938232049083 10.2301762003446 90.4016738080937 79.3069421522124 94.1911800810073 30.7918613050624 44.9581203126912 69.0258959752063
57.3308663666813 31.826335207967 7.96181407048422 68.1765601696753 42.6046361430934 30.8764517035517 11.5465751745516 71.836327245435
13.5888442975099 44.6187523628302 24.7694036259321 6.19413579625545 52.8653379848353 32.9480040146995 23.9127872187168 64.8617816150024
145.123421280981 10.5757564298736 34.7253266622981 19.1729593751693 4.55997647733659 36.9445765877232 23.1202677639461 66.9425412564073
105.893181791241 112.94484815157 8.23076794577059 27.0221349538448 14.9026670600482 3.54055522302972 28.6849724603022 70.0487316882132
27.2846660716945 82.4132261500486 87.9013091848398 6.40468348009823 20.9957813268613 11.5620618796274 2.74672360829722 76.7227719042307
48.7074434827094 21.2347699574093 64.1395388217609 68.1260127728898 4.77713532458841 15.050297113366 8.25385271086066 58.9288139930122
113.137327474744 37.9074222440948 16.5263321881692 49.8841626636296 52.665086359213 3.67208142900782 11.5668862103422 51.907078616947
91.0577229871322 88.0511095942858 29.5021162772011 12.7663013451148 35.9383662110977 35.2374832356598 2.45022971051959 44.8468766426073
80.6875896678411 70.8672701141535 68.5273205036215 22.5696925902464 8.25115867639171 19.3189454255669 18.9827776172113 29.9852642288788
111.696411812469 62.7965319609291 55.1536960148026 53.3332225481435 17.5673756117413 6.42317882697104 15.0398377135206 38.1269783366993
380.208026153461 86.9296917057171 48.8725024821466 42.922949197903 41.4941512723974 13.6638106573541 4.99600642970896 41.3713671112045
408.450180373846 295.903565398776 67.6545573615948 38.0259857084697 33.3186230394628 32.1339587791543 10.5789980023744 35.9684994454406
397.882782794816 317.883517302739 230.292140072726 52.6397674838223 29.5180864148804 25.8039821014689 24.8803176171845 36.0943855121307

