# Simulated data from SIR age-structured hybrid model
# random seed = 3373237
# Flag=0 if no issues, =1 if negative pop #'s, =2 if NaN, or=3 if NA. Flag:
0

# True SSB
64259.9854909618
60400.5648093565
55048.3440673558
50739.6575830295
45338.5395717387
38914.1959529641
33473.2041329379
29631.9054347199
27163.1227863193
24529.8862581022
20403.1087120626
16023.5962283216
16489.9221127965
19740.2402474356
21561.3220190824
22149.5528051885
26318.4542912561
32285.5092814844
36359.4839145162
37824.7420836448
39212.0517993502
39242.4391961201
35921.708486697
33857.6294542153
31698.862646593
27171.0935314016
23022.3436086938
19953.0949171532
17875.5937388086
16536.5231046985
14347.915987245
15531.2185120563
20955.6422812888
25646.883310509
26885.4888587966
27021.9201837314
28108.3551743957
33488.975105685
40211.944127863
41638.0712515039
39584.8279728614
36403.7454850837
31549.0987335333
26002.8121880118
21776.968216972
18642.6540634589
16042.7478003786
12313.8094018347
12153.9254334754
18283.4967089176

# True R (numbers)
89.890499196898
93.1092603542391
15.9868999050854
72.5958312343169
63.6723800574301
73.8670557570684
41.745971949467
16.3239507007692
11.9578442098305
156.493204753724
131.215690927138
152.240193386102
59.6987595465826
308.364791029044
209.466349420671
247.830551846494
130.806923166199
218.90408013775
124.799472786557
43.8979163431975
156.709149865379
31.1911691605302
27.8304890889322
24.3954543709982
33.4327954051512
52.9801015350473
54.698585214267
40.7418345133816
132.330042805488
248.793086072229
138.734378529071
121.611341641432
147.556901908494
136.033885291659
347.788254374366
238.972351946556
126.456636566196
92.6652819892268
78.9715003365583
12.9144181092881
16.4802554311949
29.4718443694503
28.1524607987984
33.8378174783344
9.51330120557844
73.6260061297038
315.250947138058
98.4377973188319
153.611118964877
223.718186835881

# True infection rate given (selected) susceptible
0.247278650141803 0.247278650141803 0.247278650141803 0.247278650141803 0.247278650141802 0.247278650141803 0.247278650141803 0.247278650141803
0.116205236934895 0.116205236934894 0.116205236934895 0.116205236934895 0.116205236934894 0.116205236934894 0.116205236934894 0.116205236934894
0.0696318416055323 0.0696318416055327 0.0696318416055323 0.0696318416055324 0.0696318416055326 0.0696318416055328 0.0696318416055334 0.0696318416055329
0.0414610946802709 0.041461094680271 0.0414610946802715 0.0414610946802711 0.0414610946802711 0.0414610946802713 0.0414610946802715 0.0414610946802708
0.0470147185798544 0.0470147185798549 0.0470147185798541 0.0470147185798549 0.0470147185798545 0.0470147185798543 0.0470147185798548 0.0470147185798552
0.0395946640937127 0.0395946640937134 0.0395946640937127 0.0395946640937134 0.039594664093713 0.0395946640937123 0.0395946640937131 0.0395946640937132
0.150155712437478 0.150155712437478 0.150155712437478 0.150155712437478 0.150155712437478 0.150155712437478 0.150155712437477 0.150155712437477
0.0528086268771258 0.0528086268771265 0.0528086268771262 0.0528086268771271 0.052808626877127 0.0528086268771261 0.0528086268771268 0.052808626877127
0.0517530371956935 0.0517530371956939 0.0517530371956942 0.0517530371956938 0.0517530371956942 0.0517530371956938 0.0517530371956933 0.0517530371956951
0.208314793379094 0.208314793379094 0.208314793379093 0.208314793379094 0.208314793379093 0.208314793379093 0.208314793379093 0.208314793379094
0.548483954307256 0.548483954307256 0.548483954307256 0.548483954307257 0.548483954307256 0.548483954307256 0.548483954307256 0.548483954307256
0.507304851102889 0.507304851102889 0.507304851102889 0.507304851102889 0.507304851102889 0.507304851102889 0.507304851102889 0.507304851102889
0.30596184152638 0.30596184152638 0.30596184152638 0.30596184152638 0.30596184152638 0.30596184152638 0.30596184152638 0.30596184152638
0.686737136246035 0.686737136246035 0.686737136246034 0.686737136246035 0.686737136246034 0.686737136246034 0.686737136246035 0.686737136246035
0.710014242687389 0.71001424268739 0.71001424268739 0.710014242687389 0.71001424268739 0.710014242687389 0.71001424268739 0.71001424268739
0.67100645309159 0.67100645309159 0.67100645309159 0.67100645309159 0.67100645309159 0.67100645309159 0.67100645309159 0.67100645309159
0.548964487305358 0.548964487305358 0.548964487305358 0.548964487305358 0.548964487305358 0.548964487305358 0.548964487305358 0.548964487305359
0.493950253823443 0.493950253823442 0.493950253823443 0.493950253823442 0.493950253823443 0.493950253823442 0.493950253823443 0.493950253823442
0.429193120586073 0.429193120586074 0.429193120586073 0.429193120586073 0.429193120586073 0.429193120586073 0.429193120586073 0.429193120586073
0.189680653288597 0.189680653288596 0.189680653288597 0.189680653288596 0.189680653288596 0.189680653288596 0.189680653288596 0.189680653288596
0.232593966072481 0.232593966072481 0.232593966072481 0.232593966072482 0.232593966072482 0.232593966072482 0.232593966072481 0.232593966072481
0.158603923384779 0.15860392338478 0.15860392338478 0.158603923384779 0.15860392338478 0.158603923384779 0.15860392338478 0.158603923384779
0.117621645815979 0.117621645815979 0.117621645815978 0.117621645815979 0.11762164581598 0.117621645815979 0.117621645815979 0.11762164581598
0.023371621286309 0.0233716212863094 0.0233716212863094 0.0233716212863089 0.0233716212863098 0.0233716212863093 0.0233716212863097 0.0233716212863076
0.01366639834392 0.0136663983439201 0.0136663983439185 0.0136663983439187 0.0136663983439199 0.0136663983439189 0.013666398343919 0.0136663983439194
0.0133051950171797 0.01330519501718 0.0133051950171792 0.0133051950171801 0.0133051950171797 0.0133051950171794 0.0133051950171795 0.0133051950171797
0.0122924948778333 0.0122924948778329 0.0122924948778322 0.012292494877833 0.0122924948778321 0.012292494877833 0.012292494877832 0.0122924948778331
0.139333498997289 0.139333498997287 0.139333498997289 0.139333498997288 0.139333498997288 0.139333498997289 0.139333498997289 0.139333498997289
0.218094343929899 0.218094343929899 0.218094343929899 0.218094343929899 0.218094343929899 0.218094343929899 0.2180943439299 0.218094343929899
0.680367959187769 0.680367959187769 0.680367959187769 0.680367959187769 0.680367959187769 0.680367959187769 0.680367959187769 0.680367959187769
0.659191080204227 0.659191080204228 0.659191080204228 0.659191080204227 0.659191080204227 0.659191080204227 0.659191080204227 0.659191080204227
0.472660011797014 0.472660011797014 0.472660011797014 0.472660011797014 0.472660011797014 0.472660011797013 0.472660011797014 0.472660011797014
0.296369825717789 0.296369825717789 0.296369825717789 0.29636982571779 0.296369825717789 0.296369825717789 0.296369825717789 0.296369825717789
0.409645191328799 0.409645191328798 0.4096451913288 0.409645191328799 0.409645191328799 0.409645191328798 0.409645191328799 0.409645191328799
0.703912318515022 0.703912318515022 0.703912318515021 0.703912318515021 0.703912318515022 0.703912318515021 0.703912318515022 0.703912318515021
0.728713702498755 0.728713702498755 0.728713702498755 0.728713702498755 0.728713702498755 0.728713702498755 0.728713702498755 0.728713702498755
0.603880775656505 0.603880775656505 0.603880775656506 0.603880775656505 0.603880775656505 0.603880775656506 0.603880775656505 0.603880775656505
0.16085619382961 0.16085619382961 0.16085619382961 0.16085619382961 0.16085619382961 0.16085619382961 0.16085619382961 0.16085619382961
0.125712300719953 0.125712300719952 0.125712300719952 0.125712300719952 0.125712300719952 0.125712300719953 0.125712300719953 0.125712300719952
0.0495688626977249 0.0495688626977242 0.049568862697725 0.0495688626977243 0.0495688626977252 0.0495688626977246 0.0495688626977252 0.049568862697724
0.0193162056209055 0.0193162056209062 0.0193162056209055 0.0193162056209051 0.0193162056209049 0.0193162056209051 0.0193162056209052 0.0193162056209048
0.00866054477330439 0.00866054477330515 0.00866054477330428 0.00866054477330585 0.00866054477330465 0.00866054477330478 0.00866054477330355 0.00866054477330471
0.0104399965547699 0.0104399965547703 0.0104399965547696 0.0104399965547701 0.0104399965547698 0.0104399965547702 0.0104399965547697 0.01043999655477
0.0199315154260915 0.0199315154260914 0.0199315154260922 0.0199315154260918 0.0199315154260908 0.0199315154260923 0.0199315154260921 0.0199315154260916
0.0584670758915545 0.0584670758915547 0.0584670758915543 0.0584670758915551 0.0584670758915543 0.0584670758915554 0.0584670758915548 0.0584670758915546
0.13849056916263 0.13849056916263 0.138490569162629 0.13849056916263 0.13849056916263 0.13849056916263 0.13849056916263 0.138490569162629
0.754106788916855 0.754106788916855 0.754106788916855 0.754106788916855 0.754106788916855 0.754106788916855 0.754106788916856 0.754106788916855
0.741906094600137 0.741906094600137 0.741906094600138 0.741906094600138 0.741906094600137 0.741906094600137 0.741906094600138 0.741906094600137
0.561423220221012 0.561423220221012 0.561423220221012 0.561423220221012 0.561423220221012 0.561423220221012 0.561423220221012 0.561423220221012
0.543578214291814 0.543578214291814 0.543578214291814 0.543578214291813 0.543578214291813 0.543578214291813 0.543578214291814 0.543578214291814

# Duration of outbreak (days) based on incidence
0
0
0
0
0
0
0
0
0
0
0
0
0
0
0
0
0
0
0
0
0
0
0
0
0
0
0
0
0
0
0
0
0
0
0
0
0
0
0
0
0
0
0
0
0
0
0
0
0
0

# Duration of outbreak (days) based on prevalence
0
0
0
0
0
0
0
0
0
0
0
0
0
19
16
6
0
0
0
0
0
0
0
0
0
0
0
0
0
26
14
0
0
0
20
16
0
0
0
0
0
0
0
0
0
0
29
21
0
0

# Peak (point) prevalence
0.0180217448672519
0.0111653327920979
0.00741210009162593
0.00445974780214096
0.00545770658921217
0.00518249461186954
0.0219493646368218
0.00709525945478401
0.00705389687191356
0.0353863836442234
0.0919410587816997
0.0688911593375035
0.0344543884342258
0.134930663488321
0.128315379647289
0.102589326166575
0.057467927195853
0.0483938240356379
0.0389748281855267
0.0185017390226717
0.0258793337224088
0.0199400216294106
0.0154620107963727
0.00256777317303089
0.00129659498894596
0.00134659547666765
0.00144800076269107
0.0250731607142506
0.0407861568431286
0.163804297049196
0.116260774819509
0.050784378647833
0.031549197597601
0.0471596270736237
0.137843532908085
0.132160101477565
0.0684989531206173
0.0140094134652294
0.0136352481787665
0.00562872017992541
0.00204197404582417
0.000736607090123894
0.000879624320326673
0.00214169275832755
0.00838067535689265
0.0230698935743172
0.221436072402458
0.156100276716135
0.067482266554444
0.0661002025038346

# Day of peak prevalence
110
119
119
119
119
119
119
119
119
119
78
83
108
56
49
54
72
82
91
119
117
119
119
119
119
119
119
119
119
59
58
84
108
96
53
46
63
119
119
119
119
119
119
119
119
119
47
44
70
75

# Total immunity
0.510861302552269
0.494834080903686
0.511384540359671
0.452577599228345
0.397829031377302
0.339608770678307
0.312985610904435
0.354198053856299
0.357688713486076
0.204642368416122
0.184010105416714
0.243781578328568
0.336990964131106
0.208604528091814
0.271976553160095
0.305144014997221
0.387948831393903
0.370451107264376
0.404366686045269
0.480547660605938
0.385184177539071
0.423478058908261
0.441121740549813
0.446097455698149
0.399540850371854
0.324384762043257
0.260702378951319
0.22128796804684
0.164868986255703
0.120360821616233
0.244539114284745
0.333081220600592
0.333140689637048
0.307394727414141
0.227630683904924
0.292664275289051
0.401696500738849
0.480566250230069
0.44544732520555
0.468773737104917
0.462795765893913
0.423391282330267
0.38029181882124
0.329084887933608
0.320647642101749
0.231941632874885
0.100017196893824
0.25087807089459
0.321163937222183
0.291249632263839

# Observed immunity (based on survey selectivity)
0.806096086241361
0.799173471096493
0.736525866622511
0.664382606173564
0.604835805307975
0.573857127327584
0.53480104893555
0.528638112105237
0.479730125247292
0.44682905942825
0.518738656970154
0.734111668939769
0.748990549811984
0.700022404367005
0.808179504155787
0.871423741644979
0.846980103409171
0.836906497705117
0.823070855368616
0.817073690027349
0.738685743226532
0.701238420227707
0.678959422241829
0.615970910088598
0.54910312807388
0.516016599233684
0.483061201767688
0.43841014584485
0.439329850318251
0.478095807785875
0.752214246455923
0.802221018916642
0.763633194352229
0.729930267765386
0.743012839666482
0.838019906529832
0.875956555009131
0.842955605768442
0.7576110906901
0.691337653412049
0.61860892046454
0.547534634727387
0.506923584657178
0.488013490826197
0.461080581646267
0.442618166479714
0.462807677594432
0.81719910937336
0.847513664070173
0.7847510376409

# True total proportion of susceptible
1 0.976686954392049 0.81727303313799 0.535405147744994 0.239272766845426 0.0691405778812269 0.0168534564851622 0.0010910744135521
1 0.949367546298206 0.882530534403776 0.69330249958441 0.427599253250142 0.182861375059943 0.0516219222397823 0.00376743455732876
1 0.976418905773016 0.906664842838184 0.822564434069253 0.632186855083142 0.383137488526328 0.161768712710437 0.0272912055646287
1 0.985926101540381 0.950581082182062 0.870451338106118 0.781528853311656 0.595647317936051 0.358302813409765 0.0899005218899305
1 0.991657561163546 0.970554016590917 0.928556638980669 0.845294760112925 0.756271532819546 0.574380311035395 0.140188219111012
1 0.99054045210864 0.974163653773901 0.945250687606949 0.898806004282742 0.815046852578236 0.727378295686335 0.158111980057589
1 0.992036415037372 0.975829860115513 0.952837136040377 0.919961855887744 0.872333521653627 0.789444714267585 0.262854358330447
1 0.969452873782514 0.935103076649378 0.892618969592778 0.853314731758001 0.81460562098337 0.767332380085797 0.277414439597388
1 0.989368225077946 0.950036273785145 0.907272793368041 0.85997402424918 0.819069189091794 0.780361210899242 0.32679015025761
1 0.989583416670892 0.970123196711605 0.922508774861801 0.874959738941947 0.82625405330071 0.785397958077992 0.323291628273747
1 0.957347713776857 0.909855934034852 0.853348626428746 0.784944977192834 0.73112156323574 0.683559536124825 0.313015313816353
1 0.885960604158558 0.743326856573368 0.59592692496737 0.483833668757621 0.408239947312319 0.363621895996151 0.16588494509227
1 0.894628146406923 0.699123784548344 0.496819115246038 0.344892735576114 0.257338915619365 0.207918643401086 0.0959984940278148
1 0.936970610920014 0.783457201707421 0.56117670063243 0.370493051354069 0.246238610940193 0.179764174856549 0.0736331233535246
1 0.857550195044208 0.671081413291397 0.429239026020948 0.234757274239626 0.129947387266865 0.0786677016551749 0.0232695268235477
1 0.853082349455908 0.600301614669562 0.350159655632525 0.166505286054276 0.0751446777099448 0.0377565894807199 0.00696049277502374
1 0.861179137524058 0.61147473863868 0.325924373606946 0.145624947844964 0.0586367073905157 0.0243994044496418 0.00629723149052932
1 0.886294927170758 0.663193912153066 0.384730198818321 0.169563901933682 0.0677713244414186 0.0258827046662733 0.00516438232477949
1 0.897619712135766 0.704867517460104 0.445325240924531 0.220462422418763 0.088070653321195 0.0336059143745596 0.00572102905486243
1 0.911123558398823 0.739329324987654 0.507067367524764 0.282671607239829 0.129142271617235 0.0494990576032355 0.00527680886445021
1 0.961247199950331 0.842422926947009 0.651677463276143 0.428548734048446 0.232213328531272 0.104378018031742 0.021297660256648
1 0.952291538326776 0.873493022592448 0.723245877836966 0.532378040940021 0.337949539426466 0.178868871245878 0.0349544496493705
1 0.967641909237089 0.893419035545778 0.79134431442549 0.636227099183797 0.458654982398091 0.286772288259388 0.0675270070834428
1 0.976089949395293 0.923836645397359 0.832112428753081 0.723022005174822 0.573515828442983 0.409228771317134 0.0946765937940883
1 0.995309640048427 0.967503620962206 0.91168999857055 0.81841663970656 0.70962047019488 0.561931139953057 0.182175724381518
1 0.997271705161039 0.990264947697221 0.960249391691806 0.90325129198318 0.809924332508085 0.701698593473565 0.24879901485019
1 0.997345781537306 0.99235920044701 0.983115456376468 0.951779659186941 0.894442670027174 0.801464502594858 0.281680382286371
1 0.99754578276814 0.99280353927684 0.985741590543423 0.975177677288964 0.943371152469554 0.886094825012168 0.4213566785936
1 0.971657079695295 0.944590754517816 0.914905741049434 0.891610875478819 0.873919962653126 0.840961169196973 0.394040022226338
1 0.955292134014799 0.888955115534221 0.824095540986464 0.771251961894281 0.738546631345998 0.717921325264823 0.337702209383349
1 0.858615333565621 0.687821891535265 0.499608402764662 0.368841543768222 0.300688117806291 0.268803122708169 0.117023401800415
1 0.863409928252451 0.619875000884231 0.384257392878002 0.218845724144515 0.139349242413065 0.10565089696364 0.0436178471246497
1 0.902085902835339 0.693308159033423 0.423255494264141 0.227410280681178 0.119036165906431 0.0728442682386607 0.027732290477528
1 0.939003071795407 0.793961407815994 0.560786053232298 0.31712490317053 0.162689436845576 0.0832099683540399 0.0249897262871018
1 0.915124576750273 0.783319214795361 0.586899015376329 0.370532444423287 0.194028130681992 0.0954915054364184 0.019377764309623
1 0.854043513701199 0.646997294877878 0.419774884374471 0.237978253946617 0.123925105202761 0.0580703482743292 0.0138588245463341
1 0.849312492201533 0.590752416862725 0.327743669208258 0.155745264965527 0.0721232105645473 0.0337794621624119 0.00913791580599383
1 0.875066000586142 0.633359787467007 0.348181967037065 0.154982479859016 0.064590556849965 0.0280904690607317 0.00583829261942391
1 0.967258139708804 0.81862424082584 0.56773697904272 0.300481599180755 0.130776779108035 0.053934148276352 0.00901847471499497
1 0.974463942035008 0.92045956174921 0.756846034993411 0.511140535923644 0.265317014244398 0.114208969775049 0.0180300390925651
1 0.990007315055976 0.956163654870875 0.894565840839806 0.729431912171566 0.489302422502229 0.252647038420298 0.038997021591461
1 0.996127350752571 0.982864576034262 0.945931074592547 0.882719979460635 0.718300876543208 0.480897838770487 0.132902396117755
1 0.998274750757185 0.992936673157571 0.978238666375122 0.940477528021274 0.877080493736155 0.713249412229252 0.235733984996185
1 0.997922985246833 0.99442929418135 0.987335713502475 0.971542146000425 0.933414623318701 0.870105697424475 0.319638946137387
1 0.996018699612362 0.990548629580087 0.983670403538575 0.974409005465488 0.957713307735099 0.919487151014028 0.397237732766724
1 0.988224247764726 0.974169540835321 0.958618675845362 0.945234451450447 0.933098430914408 0.915520559625503 0.448889021842182
1 0.971846165234945 0.935916207029342 0.897690091143025 0.866746777503757 0.846642880393523 0.832111355800577 0.403080141518996
1 0.843672826496782 0.670878978983294 0.482723433440753 0.34902142620439 0.281953045517804 0.25146624545945 0.105427304217229
1 0.846647867066799 0.578029695249168 0.3351918547613 0.176049144581746 0.104187162091722 0.0761445225220651 0.0290639706241697
1 0.88377446618887 0.646653587726976 0.357098808657726 0.171070279235075 0.0803149167852552 0.0451079242157713 0.013986607493101

# True vulnerable proportion of susceptible
0.27 0.488343477196025 0.596609314190733 0.471156530015595 0.227309128503155 0.0677577663236024 0.0166849219203106 0.0010910744135521
0.27 0.474683773149103 0.644247290114756 0.610106199634281 0.406219290587635 0.179204147558744 0.0511057030173845 0.00376743455732876
0.27 0.488209452886508 0.661865335271874 0.723856701980943 0.600577512328985 0.375474738755802 0.160151025583333 0.0272912055646287
0.27 0.492963050770191 0.693924189992906 0.765997177533384 0.742452410646073 0.58373437157733 0.354719785275667 0.0899005218899305
0.27 0.495828780581773 0.708504432111369 0.817129842302989 0.803030022107279 0.741146102163156 0.568636507925042 0.140188219111012
0.27 0.49527022605432 0.711139467254948 0.831820605094115 0.853865704068605 0.798745915526671 0.720104512729471 0.158111980057589
0.27 0.496018207518686 0.712355797884324 0.838496679715531 0.873963763093357 0.854886851220554 0.781550267124909 0.262854358330447
0.27 0.484726436891257 0.682625245954046 0.785504693241644 0.8106489951701 0.798313508563702 0.759659056284939 0.277414439597388
0.27 0.494684112538973 0.693526479863156 0.798400058163876 0.816975323036721 0.802687805309958 0.772557598790249 0.32679015025761
0.27 0.494791708335446 0.708189933599472 0.811807721878385 0.83121175199485 0.809728972234695 0.777543978497212 0.323291628273747
0.27 0.478673856888429 0.664194831845442 0.750946791257296 0.745697728333192 0.716499131971025 0.676723940763577 0.313015313816353
0.27 0.442980302079279 0.542628605298559 0.524415693971286 0.45964198531974 0.400075148366073 0.35998567703619 0.16588494509227
0.27 0.447314073203461 0.510360362720291 0.437200821416513 0.327648098797309 0.252192137306978 0.205839456967075 0.0959984940278148
0.27 0.468485305460007 0.571923757246417 0.493835496556539 0.351968398786366 0.241313838721389 0.177966533107984 0.0736331233535246
0.27 0.428775097522104 0.48988943170272 0.377730342898434 0.223019410527645 0.127348439521527 0.0778810246386231 0.0232695268235477
0.27 0.426541174727954 0.43822017870878 0.308140496956622 0.158180021751562 0.0736417841557459 0.0373790235859127 0.00696049277502374
0.27 0.430589568762029 0.446376559206236 0.286813448774112 0.138343700452716 0.0574639732427054 0.0241554104051454 0.00629723149052932
0.27 0.443147463585379 0.484131555871738 0.338562574960122 0.161085706836997 0.0664158979525902 0.0256238776196105 0.00516438232477949
0.27 0.448809856067883 0.514553287745876 0.391886212013588 0.209439301297825 0.0863092402547711 0.033269855230814 0.00572102905486243
0.27 0.455561779199411 0.539710407240987 0.446219283421792 0.268538026877838 0.12655942618489 0.0490040670272031 0.00527680886445021
0.27 0.480623599975166 0.614968736671316 0.573476167683006 0.407121297346024 0.227569061960647 0.103334237851425 0.021297660256648
0.27 0.476145769163388 0.637649906492487 0.63645637249653 0.50575913889302 0.331190548637937 0.177080182533419 0.0349544496493705
0.27 0.483820954618544 0.652195895948418 0.696382996694431 0.604415744224607 0.44948188275013 0.283904565376794 0.0675270070834428
0.27 0.488044974697647 0.674400751140072 0.732258937302711 0.686870904916081 0.562045511874123 0.405136483603963 0.0946765937940883
0.27 0.497654820024214 0.70627764330241 0.802287198742084 0.777495807721232 0.695428060790983 0.556311828553526 0.182175724381518
0.27 0.49863585258052 0.722893411818971 0.84501946468879 0.858088727384021 0.793725845857923 0.694681607538829 0.24879901485019
0.27 0.498672890768653 0.724422216326317 0.865141601611292 0.904190676227594 0.87655381662663 0.79344985756891 0.281680382286371
0.27 0.49877289138407 0.724746583672093 0.867452599678212 0.926418793424516 0.924503729420163 0.877233876762046 0.4213566785936
0.27 0.485828539847648 0.689551250798006 0.805117052123502 0.847030331704878 0.856441563400063 0.832551557505003 0.394040022226338
0.27 0.477646067007399 0.648937234339982 0.725204076068088 0.732689363799567 0.723775698719078 0.710742112012175 0.337702209383349
0.27 0.42930766678281 0.502109980820743 0.439655394432902 0.350399466579811 0.294674355450165 0.266115091481087 0.117023401800415
0.27 0.431704964126225 0.452508750645488 0.338146505732642 0.20790343793729 0.136562257564804 0.104594387994004 0.0436178471246497
0.27 0.45104295141767 0.506114956094398 0.372464834952444 0.216039766647119 0.116655442588302 0.0721158255562741 0.027732290477528
0.27 0.469501535897704 0.579591827705675 0.493491726844422 0.301268658012003 0.159435648108665 0.0823778686704995 0.0249897262871018
0.27 0.457562288375136 0.571823026800614 0.51647113353117 0.352005822202123 0.190147568068352 0.0945365903820543 0.019377764309623
0.27 0.427021756850599 0.472308025260851 0.369401898249535 0.226079341249286 0.121446603098705 0.0574896447915859 0.0138588245463341
0.27 0.424656246100766 0.431249264309789 0.288414428903267 0.147958001717251 0.0706807463532564 0.0334416675407878 0.00913791580599383
0.27 0.437533000293071 0.462352644850915 0.306400130992617 0.147233355866065 0.0632987457129657 0.0278095643701244 0.00583829261942391
0.27 0.483629069854402 0.597595695802863 0.499608541557594 0.285457519221717 0.128161243525874 0.0533948067935884 0.00901847471499497
0.27 0.487231971017504 0.671935480076923 0.666024510794202 0.485583509127462 0.26001067395951 0.113066880077299 0.0180300390925651
0.27 0.495003657527988 0.697999468055739 0.78721793993903 0.692960316562988 0.479516374052185 0.250120568036095 0.038997021591461
0.27 0.498063675376286 0.717491140505012 0.832419345641442 0.838583980487603 0.703934859012344 0.476088860382782 0.132902396117755
0.27 0.499137375378592 0.724843771405026 0.860850026410108 0.89345365162021 0.859538883861432 0.70611691810696 0.235733984996185
0.27 0.498961492623417 0.725933384752385 0.868855427882178 0.922965038700404 0.914746330852326 0.86140464045023 0.319638946137387
0.27 0.498009349806181 0.723100499593464 0.865629955113946 0.925688555192213 0.938559041580397 0.910292279503887 0.397237732766724
0.27 0.494112123882363 0.711143764809785 0.843584434743919 0.897972728877924 0.91443646229612 0.906365354029248 0.448889021842182
0.27 0.485923082617472 0.68321883113142 0.789967280205862 0.823409438628569 0.829710022785652 0.823790242242571 0.403080141518996
0.27 0.421836413248391 0.489741654657805 0.424796621427863 0.331570354894171 0.276313984607448 0.248951583004856 0.105427304217229
0.27 0.423323933533399 0.421961677531893 0.294968832189944 0.167246687352659 0.102103418849888 0.0753830772968444 0.0290639706241697
0.27 0.441887233094435 0.472057119040693 0.314246951618799 0.162516765273322 0.0787086184495501 0.0446568449736136 0.013986607493101

# True survival by age
0.761757704469701 0.748418969273221 0.741883785863106 0.749705219067441 0.764773798415095 0.774620693584633 0.777771554145472 0.778733484746752
0.770565640555836 0.764753921623007 0.759952668463866 0.761027466472917 0.766985138071792 0.7735913757641 0.777315437502627 0.778691305951761
0.773709757668479 0.770038808772677 0.767144575710981 0.766142965376552 0.768325519010777 0.772258209991683 0.776011063341579 0.778325536207338
0.775617631044666 0.77343686955024 0.771483388033019 0.770818757762214 0.771097254647739 0.77275410953698 0.77512833069472 0.777870517456217
0.775245032803337 0.772721447157937 0.770351908625329 0.769158299191852 0.769360538025542 0.770100766870268 0.772128913006672 0.777156695512188
0.775744074523364 0.773643704851192 0.77163488695715 0.770522398109821 0.770341127141236 0.77090095001828 0.771682694570083 0.777238729536349
0.76827808256785 0.759920109166353 0.751924694667073 0.747269995978781 0.745975315595949 0.746706520491095 0.749464026711552 0.768935534389932
0.774854435346868 0.772156339516616 0.769672991667583 0.768395133507696 0.768098239804084 0.768274815642192 0.768788659712172 0.775146021821105
0.774926109782383 0.772151162804913 0.769711328877887 0.768436251453458 0.768231591833226 0.768430221627751 0.768823743843286 0.774582277799419
0.764335041392337 0.752740928256672 0.741739562361454 0.736418082973899 0.735442154318939 0.736576677412026 0.738259268794852 0.761945944559858
0.741880906550552 0.713781653347291 0.688805186101538 0.67714416341423 0.6778880307483 0.6818516896021 0.687237367711431 0.736450263876906
0.744536580571816 0.722987051821397 0.710614099374515 0.712968028855356 0.72111994757178 0.728601911402728 0.733634060504217 0.757988406017852
0.757788188185469 0.744395201467023 0.739717426134344 0.745374414788336 0.753764942492841 0.759534923325835 0.763077101770433 0.77146815932108
0.733307442365718 0.700289501152284 0.683146905683849 0.696268604976613 0.719993836131597 0.738486167521267 0.74907013703025 0.766500213374804
0.731977170678986 0.704831805106095 0.694453441412343 0.713811608366112 0.740439856079968 0.756898132692366 0.765406458424441 0.774798911796902
0.734391500025472 0.709031298618008 0.70726820890918 0.72854004481527 0.753007132259295 0.766793639015155 0.772706414272094 0.777665964541078
0.741982989445474 0.720475827936641 0.718487411092856 0.740082922511868 0.760131503487895 0.771047091513982 0.775541593668883 0.777951157646924
0.745457594285401 0.724477637890718 0.719616286830548 0.73745407344571 0.75913550001339 0.77069389621841 0.775673210767702 0.778170462142272
0.749643541967556 0.73074164267733 0.723874648969129 0.737017574614001 0.756479555510019 0.769603762392835 0.775255765605425 0.778191218570209
0.765600803526717 0.756942780478234 0.753086653143261 0.757596532792761 0.766051900326323 0.772794530157327 0.776475419073259 0.778550413881885
0.762700039578941 0.75057669277696 0.742894062190186 0.745388129887219 0.755098702731424 0.765555914134306 0.772787139660863 0.777561458304482
0.767685607125794 0.759631711019329 0.753344003728624 0.753470899297283 0.758695009336489 0.765640439458081 0.771765214813515 0.777412196990336
0.770457308971715 0.764289411221536 0.759458444542367 0.758234684430927 0.760977716332152 0.765554143608629 0.77043541798727 0.776811435683516
0.776838241209744 0.775696726136612 0.774738078037069 0.774480705347126 0.774779147681873 0.775519659062235 0.776437893413196 0.778249107890714
0.777495597032029 0.776847221632151 0.776265585914573 0.776020851999555 0.776141469148812 0.776434119683187 0.776910614174453 0.778182789728779
0.777520436829126 0.776889244678182 0.7762724489452 0.775950525538019 0.775944756038008 0.776172617300195 0.776504388297947 0.777979673362914
0.777587510537997 0.77701298358095 0.776447063716636 0.776097572872736 0.776015932300205 0.776116113834019 0.776375001836401 0.777941130570823
0.769000446015585 0.761149680621556 0.753396211013637 0.748501939204261 0.746483700888816 0.746566391403999 0.748219356511043 0.764114052726744
0.763669489217365 0.752015432141452 0.741015218446437 0.734782768143772 0.73252907067813 0.732029668510636 0.733338901066237 0.757286158762709
0.733625294436095 0.699316590792064 0.671030399908446 0.658454900178411 0.657245448783264 0.658736688768401 0.660902681818844 0.722784464649193
0.735059486275192 0.709640899680219 0.698081432034769 0.708176392351405 0.722529733812765 0.73148375620961 0.736071092818642 0.760011146056513
0.746836849097604 0.728085615002391 0.725793710062006 0.739232256692784 0.754482052616058 0.762829268062739 0.76656861613523 0.773699971981733
0.758436147314269 0.745190826107652 0.741257138325578 0.751217690431247 0.762811482826502 0.770169011807057 0.773465060545966 0.776749069267893
0.750892827950474 0.730698327436076 0.719613854658984 0.728467695580668 0.74808670480724 0.762549196660226 0.770404299098958 0.776253803507397
0.732262943395879 0.700349952540654 0.680951646998812 0.690487651606757 0.718625843721414 0.746298569895505 0.762642019405118 0.775488723207478
0.73085846900067 0.703364981803253 0.695523610111058 0.713713974528516 0.738976802726638 0.757409994666541 0.768675259411598 0.776359933682191
0.738569628622698 0.715910981498147 0.715079489859561 0.736220643654178 0.756963571157036 0.768370183012709 0.773865865344708 0.777452368951185
0.767560170350463 0.760982946590321 0.760127563808212 0.766464230143483 0.772879317440249 0.776256106929115 0.777682962186612 0.778566141103809
0.769922280938082 0.763336814212618 0.759893549626344 0.76305595649267 0.769817527212979 0.774769792345957 0.777121676707636 0.778517227694337
0.775067337537243 0.772506190003159 0.770345769956107 0.770503076027206 0.772772792325729 0.775577501292239 0.777399745075931 0.77857746578059
0.777112065830519 0.776154483131888 0.77530380215893 0.774954835083934 0.775446270402443 0.776487758673633 0.777595660975961 0.778613099047181
0.777832079955059 0.777466320068527 0.777119496022264 0.776953832386446 0.776977596805156 0.777282436445304 0.777776503723082 0.778515566628696
0.777714043105059 0.777245233659342 0.77678538420222 0.776514410286499 0.77646770901342 0.77657103995866 0.776972915221704 0.778191827270286
0.777075670990387 0.776066066596658 0.775066000391311 0.774438877702627 0.774208441741371 0.774265053060569 0.774534279982228 0.777219345690269
0.774473630266266 0.771271875453237 0.768111919659841 0.76611283200733 0.765273855992234 0.765101908959045 0.76551948372944 0.773007165282374
0.769062476488865 0.761428139341369 0.75403641112928 0.749529426303019 0.747682312489882 0.74712748867236 0.747412028861236 0.763257519353301
0.729191272955634 0.689959252537974 0.654117156578011 0.634734520190491 0.628672441539405 0.627537942704444 0.628621694249642 0.705320403314994
0.73006980438886 0.703048826245243 0.691019193548182 0.702712872663879 0.71942600157681 0.729325587344889 0.734226310175319 0.759924722563946
0.741214078309599 0.720254435243009 0.720584623147414 0.738141983489659 0.755754799475929 0.764733058741087 0.768414979550879 0.774796689602902
0.742278811560871 0.719429665581458 0.71553471649538 0.736723887357864 0.75704744328133 0.768266758940696 0.772824347792785 0.776929027683497

# True Numbers-at-age
89.890499196898 138.786087738993 32.2738091278953 104.308009493182 195.671402998976 102.36127585486 19.4649346094983 57.2207212960378
93.1092603542391 68.4747803218645 103.87014073508 23.9434157000263 78.2002591075747 149.644362112738 79.2911624988996 59.6989641371556
15.9868999050854 71.7467968465444 52.3663567834198 78.9363906253412 18.2215969888988 59.9784365288732 115.763587962134 108.121309015853
72.5958312343169 12.3692204514339 55.2478179769684 40.1725665561464 60.4765603898208 14.0001179637009 46.3188400318874 173.987400805935
63.6723800574301 56.3066066456793 9.56681114473381 42.6227737943031 30.9657678489287 46.633309687129 10.8186486904524 171.242714649408
73.8670557570684 49.3616963662889 43.509322571802 7.36981122480376 32.7836601984652 23.8238398126258 35.9123475517568 141.43581370103
41.745971949467 57.3019308060327 38.1883656545554 33.5733112042746 5.67860461855247 25.254601749101 18.3658207446366 137.642329279006
16.3239507007692 32.0725152842677 43.5448895135632 28.7147751846361 25.0883281286127 4.23609887246929 18.8577757984595 119.602599987965
11.9578442098305 12.6486856028747 24.7649960009909 33.5153253837385 22.0642935116419 19.2703006752147 3.25448808028845 107.207123761382
156.493204753724 9.26644569490771 9.76669729621343 19.0618979815783 25.754391004123 16.9504873271242 14.8078814186886 85.5428658295965
131.215690927138 119.613240133057 6.97523293402488 7.24434577821014 14.0375263694379 18.9408648032445 12.4853336359278 76.111095413451
152.240193386102 97.346415738682 85.3777363043998 4.80457661922258 4.90546646146951 9.5158711071556 12.9148606686172 64.6324241241503
59.6987595465826 113.348393009281 70.3801981202897 60.670623190586 3.42550952169166 3.53742971751002 6.93328187733556 58.4654098120983
308.364791029044 45.2390148337248 84.3759998501067 52.061459004366 45.2223302555266 2.58202898762659 2.6868014092595 50.3948307324068
209.466349420671 226.126196225148 31.6804071305299 57.6412032115813 36.248759434017 32.5597990394866 1.90679269150118 40.640251209184
247.830551846494 153.324585801399 159.380935067146 22.0005677571406 41.1449599726167 26.8400262184009 24.6444510938261 32.94749385298
130.806923166199 182.004650722687 108.711930180834 112.725068479211 16.0282946197486 30.9824483159036 20.5807613752698 44.6650700228033
218.90408013775 97.0565118910208 131.129951417747 78.1081532705346 83.4258981204447 12.1836116876564 23.8889266619597 50.7084794065165
124.799472786557 163.183708958746 70.3152724767191 94.3632487315094 57.6011757986776 63.3315608837299 9.3898351615721 57.9898412999774
43.8979163431975 93.5551188153986 119.245131542693 50.8994431812537 69.5473727127947 43.5741118650381 48.7402075343294 52.4067091130157
156.709149865379 33.6082800255006 70.8158717640994 89.8019170171147 38.5612416752 53.2768970293395 33.673835305765 78.646838141062
31.1911691605302 119.522074804707 25.2255916714622 52.6086906423711 66.9372829856744 29.1175435646564 40.7864436075353 87.1754570233538
27.8304890889322 23.945011633965 90.7927581884799 19.0035482262028 39.6391174491599 50.7849825397755 22.2935688507834 99.2488219804108
24.3954543709982 21.4422037308254 18.3009188434159 68.9533269095341 14.4091493923627 30.1644850738836 38.878653816417 94.2733749284819
33.4327954051512 18.9513218670788 16.6326472351555 14.1784186910604 53.4030212609269 11.1639084850356 23.3931511802861 103.555030003898
52.9801015350473 25.9938512239777 14.7222817386968 12.9113516513084 11.0027485526431 41.4482993784411 8.66803945680226 98.7591295898323
54.698585214267 41.1931116887814 20.1943434436731 11.4285016993594 10.0185700992389 8.53752504142821 32.1710350112067 83.5633660560502
40.7418345133816 42.5329367067124 32.0075826162834 15.6798386705252 8.86963243044476 7.77457001587584 6.62611075691389 89.9841668298517
132.330042805488 31.3304889122836 32.373931190211 24.1143914668139 11.7363896512981 6.62103604220187 5.80423268147016 73.7159507243064
248.793086072229 101.056416197379 23.5610111585739 23.9895756928841 17.718839314088 8.59724660438183 4.84679481917001 60.0805387797132
138.734378529071 182.520901023404 70.6704284528151 15.8101547399852 15.7960536681804 11.6456264969063 5.66332176069587 46.6285397519452
121.611341641432 101.978021010287 129.524296412692 49.3337138968518 11.1963783462802 11.4131184521626 8.51858661337121 39.6068173731966
147.556901908494 90.8238312060192 74.2487301440016 94.007919636539 36.4690726550059 8.44746651656747 8.7062607951765 37.1738746435679
136.033885291659 111.912488193108 67.6810858066754 55.0374012308507 70.6204122716071 27.8190273892725 6.50597693933797 35.6087610635428
347.788254374366 102.146868823744 81.7742679419133 48.7042470448472 40.0929688453865 52.8301915083953 21.2133769875586 32.6536688176659
238.972351946556 254.672450826688 71.5385547328854 55.684322437168 33.6296811652718 28.8118435638122 39.427096370021 41.5007646036453
126.456636566196 174.654967277149 179.127683741503 49.756753849944 39.7426790855586 24.8515542642288 21.8223782800002 62.5261643855183
92.6652819892268 93.3970311055709 125.037409046911 128.090532709599 36.6319493455483 30.0837602879525 19.0951932981558 65.4987082744843
78.9715003365583 71.1261796292246 71.0735479335052 95.0443811237191 98.1768115419314 28.3120760066931 23.3527026429147 65.8450830361851
12.9144181092881 60.8019176682255 54.2932313652867 54.0083306237294 72.5241811476133 75.5782302908643 21.9353412485885 69.409422936151
16.4802554311949 10.0095436598087 46.9698577627666 41.8245611194969 41.6135848766779 56.0447139765781 58.6167750010779 71.0931413057279
29.4718443694503 12.8070053435505 7.76895218566489 36.4159093103371 32.4121458648176 32.2690991906954 43.518034341178 100.934200974294
28.1524607987984 22.9241460060014 9.95701531554818 6.03740420714497 28.2934802985037 25.1835112013442 25.0822040408389 112.4261512625
33.8378174783344 21.8945641111902 17.8176832188754 7.73446396739548 4.6881313675724 21.9689738273955 19.5567854834384 106.977305277727
9.51330120557844 26.2945447218269 16.9916282496197 13.8098804686931 5.98986959454116 3.62959088076708 17.0098086861546 98.2922319748446
73.6260061297038 7.36780092050078 20.2802428217925 13.0514721929618 10.5799266355532 4.58389060150515 2.77700691161523 89.0019395719138
315.250947138058 56.6229986080943 5.61005094593454 15.2920415141747 9.78246246520046 7.91042401284371 3.42475067345138 70.0069679852633
98.4377973188319 229.87823944407 39.0675617960995 3.66963057301248 9.70638663323278 6.14996456226516 4.96409121093978 51.5302154649533
153.611118964877 71.8664634330298 161.615626420476 26.9964350462345 2.57869664157679 6.98302692530525 4.48532651652429 42.8038510640471
223.718186835881 113.858723961658 51.7621390328693 116.457735258932 19.9272021121772 1.94886236326412 5.34015153986005 36.6108741901534

