# Simulated data from SIR age-structured hybrid model
# random seed = 2362159
# Flag=0 if no issues, =1 if negative pop #'s, =2 if NaN, or=3 if NA. Flag:
0

# True SSB
39780.3809638589
17431.3227115173
17442.6456055534
18521.1758768854
19128.3850215277
17780.8165731931
15836.3537278937
16084.6230933395
15647.2148919886
15052.0123462107
21512.7909145964
14584.2305341197
10527.4518909914
12443.841239724
15606.7710922829
18207.7471144478
16279.9215587524
18438.5097920682
24236.7606172923
67159.5992856237
123375.925978222
113253.924741674
64358.6487585894
43470.3656411031
43419.5687430042
29248.7292751176
24410.7708651401
20166.9796696825
17898.7807477598
17793.1857598907
22438.7045467727
20463.8412283707
20878.4650941255
26524.212507444
25155.1929178185
19643.0002733063
17524.8478732812
18200.137982211
22693.1901038014
17344.3726745212
11047.2277184994
10367.4031272121
9786.03148976731
8990.02280289553
7798.56448357397
6566.46938132454
6588.61157582178
9207.43595883492
13571.8582694997
10219.6604946616

# True R (numbers)
77.6889536471316
70.9254585943728
26.8483827817796
28.587413601214
93.6147486255842
76.6551061825184
97.0913892913634
239.014443222654
44.719350990133
88.3817854372229
40.3344452752499
135.854090994893
130.811319718827
159.888541247866
183.591243690182
226.328258230305
1518.43369191809
2315.88782311379
968.99984099026
175.63274382521
224.138867238463
104.447637478001
24.4162315652439
14.7435467886627
10.7079130634995
55.1338884800857
52.6918520492795
223.57154416745
136.542225782759
220.076701185848
350.693237144907
218.329185703904
121.031157186634
80.4993801443068
39.070099535876
235.085589967935
80.6277133217591
22.341659482724
24.7246571164641
26.6336084306565
15.0020424167131
7.31495891854837
1.85048514166086
36.3152834535553
90.3997169260695
127.4406010699
42.0218088050986
33.7912001468172
24.9586456460294
23.7073740899454

# True infection rate given (selected) susceptible
-999 -999 0.940965095515991 0.940965095515991 0.940965095515991 0.940965095515991 0.940965095515992 0.940965095515991
-999 -999 0.00111635900263792 0.00111635900263809 0.00111635900263802 0.0011163590026373 0.00111635900263725 0.00111635900263699
-999 -999 0.00101471108883268 0.00101471108883285 0.00101471108883302 0.00101471108883272 0.00101471108883229 0.00101471108883185
-999 -999 0.00456425405017552 0.0045642540501751 0.0045642540501758 0.0045642540501748 0.00456425405017475 0.0045642540501753
-999 -999 0.0447295542259551 0.0447295542259553 0.0447295542259566 0.0447295542259562 0.044729554225955 0.0447295542259556
-999 -999 0.0383609721621375 0.0383609721621373 0.0383609721621373 0.0383609721621378 0.0383609721621378 0.0383609721621383
-999 -999 0.0286968606648063 0.0286968606648071 0.0286968606648063 0.0286968606648069 0.0286968606648063 0.0286968606648067
-999 -999 0.231443992656535 0.231443992656535 0.231443992656535 0.231443992656535 0.231443992656535 0.231443992656535
-999 -999 0.349408242059163 0.349408242059163 0.349408242059163 0.349408242059163 0.349408242059164 0.349408242059164
-999 -999 0.0341775948718245 0.0341775948718245 0.034177594871825 0.0341775948718249 0.0341775948718245 0.0341775948718248
-999 -999 0.780477678834015 0.780477678834016 0.780477678834016 0.780477678834016 0.780477678834016 0.780477678834016
-999 -999 0.690351632547357 0.690351632547357 0.690351632547356 0.690351632547357 0.690351632547357 0.690351632547356
-999 -999 0.00129623614932137 0.00129623614932132 0.0012962361493215 0.00129623614932191 0.00129623614932123 0.00129623614932245
-999 -999 0.0115293687652411 0.0115293687652395 0.0115293687652414 0.0115293687652409 0.0115293687652411 0.0115293687652415
-999 -999 0.243531809324008 0.243531809324008 0.243531809324008 0.243531809324008 0.243531809324008 0.243531809324008
-999 -999 0.641273332763265 0.641273332763265 0.641273332763265 0.641273332763265 0.641273332763264 0.641273332763265
-999 -999 0.536921707537095 0.536921707537095 0.536921707537095 0.536921707537094 0.536921707537095 0.536921707537095
-999 -999 0.697572360974627 0.697572360974627 0.697572360974627 0.697572360974627 0.697572360974627 0.697572360974627
-999 -999 0.79716454553618 0.79716454553618 0.79716454553618 0.79716454553618 0.79716454553618 0.79716454553618
-999 -999 0.973802048597266 0.973802048597266 0.973802048597266 0.973802048597266 0.973802048597266 0.973802048597266
-999 -999 0.982338157493272 0.982338157493272 0.982338157493272 0.982338157493272 0.982338157493272 0.982338157493272
-999 -999 0.972685339908778 0.972685339908778 0.972685339908778 0.972685339908778 0.972685339908778 0.972685339908778
-999 -999 0.881341079708463 0.881341079708463 0.881341079708463 0.881341079708463 0.881341079708463 0.881341079708463
-999 -999 0.0380454257880937 0.0380454257880958 0.0380454257880944 0.0380454257880946 0.0380454257880947 0.0380454257880953
-999 -999 0.612181124104958 0.612181124104958 0.612181124104957 0.612181124104958 0.612181124104958 0.612181124104957
-999 -999 0.00114221968317284 0.00114221968317307 0.0011422196831732 0.00114221968317356 0.00114221968317324 0.00114221968317211
-999 -999 0.00143591531229453 0.0014359153122936 0.00143591531229368 0.0014359153122939 0.00143591531229324 0.00143591531229328
-999 -999 0.00311506035642922 0.00311506035642924 0.00311506035642949 0.00311506035642946 0.00311506035642985 0.00311506035642929
-999 -999 0.00892271820973985 0.00892271820973877 0.00892271820973964 0.00892271820974056 0.00892271820973935 0.00892271820973936
-999 -999 0.0136014031471748 0.0136014031471751 0.0136014031471737 0.013601403147175 0.0136014031471745 0.013601403147175
-999 -999 0.679925538119808 0.679925538119807 0.679925538119808 0.679925538119808 0.679925538119808 0.679925538119807
-999 -999 0.671129588331427 0.671129588331427 0.671129588331427 0.671129588331427 0.671129588331427 0.671129588331427
-999 -999 0.659116447846259 0.65911644784626 0.65911644784626 0.65911644784626 0.65911644784626 0.65911644784626
-999 -999 0.846901837020468 0.846901837020469 0.846901837020468 0.846901837020468 0.846901837020468 0.846901837020468
-999 -999 0.810620399101522 0.810620399101521 0.810620399101522 0.810620399101522 0.810620399101521 0.810620399101521
-999 -999 0.468338633924675 0.468338633924675 0.468338633924675 0.468338633924675 0.468338633924675 0.468338633924675
-999 -999 0.0210509825765179 0.0210509825765175 0.0210509825765175 0.0210509825765164 0.0210509825765174 0.0210509825765179
-999 -999 0.0178822653212938 0.0178822653212936 0.0178822653212945 0.0178822653212946 0.017882265321294 0.0178822653212943
-999 -999 0.717218397972468 0.717218397972467 0.717218397972468 0.717218397972468 0.717218397972468 0.717218397972468
-999 -999 0.677252740514077 0.677252740514077 0.677252740514077 0.677252740514077 0.677252740514077 0.677252740514077
-999 -999 0.000900853557926343 0.000900853557925753 0.000900853557925046 0.000900853557925806 0.000900853557926349 0.000900853557926331
-999 -999 0.000503026024225286 0.000503026024226052 0.000503026024225676 0.000503026024225859 0.000503026024226926 0.000503026024224416
-999 -999 0.000785797268318709 0.000785797268318291 0.000785797268319905 0.000785797268318608 0.000785797268318785 0.000785797268317569
-999 -999 0.00169095731384973 0.00169095731384916 0.00169095731384887 0.00169095731384956 0.00169095731385033 0.00169095731384979
-999 -999 0.00165179608091384 0.00165179608091399 0.00165179608091422 0.00165179608091379 0.00165179608091386 0.00165179608091432
-999 -999 0.00195298110037436 0.00195298110037402 0.001952981100374 0.00195298110037307 0.00195298110037495 0.0019529811003746
-999 -999 0.00229203300525037 0.00229203300525094 0.00229203300525092 0.00229203300525077 0.00229203300525094 0.00229203300524994
-999 -999 0.0193249102649752 0.019324910264975 0.0193249102649752 0.0193249102649743 0.0193249102649753 0.0193249102649747
-999 -999 0.601586032926063 0.601586032926063 0.601586032926063 0.601586032926062 0.601586032926063 0.601586032926063
-999 -999 0.0997052242471142 0.0997052242471139 0.0997052242471142 0.0997052242471139 0.099705224247114 0.0997052242471141

# Duration of outbreak (days) based on incidence
2
0
0
0
0
0
0
0
0
0
0
0
0
0
0
0
0
0
0
4
3
3
0
0
0
0
0
0
0
0
0
0
0
0
0
0
0
0
0
0
0
0
0
0
0
0
0
0
0
0

# Duration of outbreak (days) based on prevalence
35
0
0
0
0
0
0
0
0
0
49
37
0
0
0
45
32
42
45
41
40
35
28
0
0
0
0
0
0
0
37
35
35
40
39
0
0
0
43
34
0
0
0
0
0
0
0
0
37
0

# Peak (point) prevalence
0.499044404922723
4.12473791802089e-05
5.59670820262761e-05
0.00057280705354394
0.0101795631230538
0.00908107066160781
0.00632255835736373
0.0661956084837158
0.0962741845767803
0.00958347307982933
0.302166427491005
0.179277168259831
0.00012635600163113
0.00281734537995454
0.083395497208512
0.190019411662292
0.13730156017595
0.20429106061106
0.300719549016464
0.755585038328921
0.778174848543713
0.631793091933783
0.265393763837381
0.00448732691148429
0.0908807460521991
4.57252261684158e-05
6.03627116256456e-05
0.000143143927844212
0.000650789934341211
0.0016363824834367
0.17298578612916
0.162638180920688
0.16081381252965
0.343807774987656
0.27307808109118
0.0850402326615669
0.00427302728459674
0.0041289360932403
0.215867014042175
0.16308455149453
5.86131785142896e-05
3.42925850262922e-05
5.83243381757185e-05
0.000151015870630474
0.000156176449306784
0.00020442199328029
0.000303060145191925
0.00587208918429584
0.2012409573451
0.0329758764524234

# Day of peak prevalence
21
79
102
119
119
119
119
119
119
119
67
76
119
119
119
93
103
80
60
16
12
13
29
119
83
103
91
93
119
119
76
79
83
46
50
105
119
119
75
77
112
96
93
119
119
119
119
119
103
119

# Total immunity
0.137168269610368
0.239321215022584
0.21440450392788
0.187681179248482
0.123212479417859
0.0929902896665178
0.0664271932467867
0.0344064215241553
0.0378146031399193
0.0407673506086984
0.0372000249773174
0.0673943961755504
0.0666909494160723
0.0420615349889645
0.0274229325477437
0.0223613229068446
0.00978541883443412
0.00548547435618203
0.00646654308122922
0.0108482162825953
0.0336427911857861
0.109617204818126
0.268353701076065
0.402866740337569
0.395142379218166
0.442483426213178
0.350926628499503
0.164842919578264
0.11651729800359
0.072610988965835
0.0411055998046151
0.0445091732925696
0.0517171985310447
0.0639491889721819
0.10857051478616
0.0966768443581514
0.0960633334653632
0.0907825902494747
0.0841656606600538
0.155329251833056
0.239468330305355
0.223035636748518
0.218248104086664
0.140433915717465
0.065660979247608
0.033453328740654
0.0277407615783326
0.023611403924021
0.0214141799772904
0.0684746803243236

# Observed immunity (based on survey selectivity)
0.229180050135364
0.635091223746713
0.49559767914186
0.362448158838545
0.2746813085545
0.237941385985078
0.212986700105911
0.162197266147215
0.151529510652008
0.156043394853445
0.086687905174699
0.226158190513181
0.334257792258868
0.223769795057389
0.137732870440486
0.112545718753879
0.170046637197585
0.16321734842295
0.140679010708245
0.0628209818678877
0.0823697459340859
0.19164230129854
0.446103264094315
0.613161715215493
0.488360006227498
0.636082273210833
0.600750789273771
0.568143237166112
0.490294559450736
0.374083541938677
0.222427432396263
0.254399680060955
0.246808197642293
0.194658977278451
0.247908723453454
0.348223151582003
0.354278456364642
0.270045722660306
0.165286678044894
0.261902127589106
0.429356754228388
0.362121521187689
0.300072853497384
0.256353508509237
0.232848167436335
0.216355196384144
0.160903404252284
0.0854752771660242
0.0465098091959674
0.141434957029887

# True total proportion of susceptible
1 1 1 0.992550880652602 0.868330418382009 0.232507056334989 0.0218146750822131 0.00233355553758719
1 1 1 0.992705441241178 0.871257278852639 0.25308064131926 0.0140077874564392 0.000435672975779356
1 1 1 0.9999914330338 0.992614305751874 0.871005693332104 0.252849543046707 0.00582216478998357
1 1 1 0.999992194715692 0.999913366312271 0.992460514658354 0.870767982219597 0.172188257431851
1 1 1 0.999964479586451 0.999636424708017 0.999236101489151 0.991722247393925 0.308845916110992
1 1 1 0.999648084846632 0.996379983590691 0.992687467283076 0.991892253997193 0.381388198636542
1 1 1 0.999698340995981 0.996578922857915 0.990364189100505 0.98623581240163 0.540021487870104
1 1 1 0.999774897345335 0.997417871890021 0.992130510489881 0.985541071404917 0.648648824955465
1 1 1 0.998161547252597 0.979424427040492 0.953719007422766 0.944434996482217 0.648450015021248
1 1 1 0.997212632673781 0.96527764014904 0.898330325550445 0.858531984387627 0.542454181185033
1 1 1 0.999730938204538 0.994447327435336 0.959187069151324 0.890442090954635 0.567377515163098
1 1 1 0.993805174511228 0.908117983161055 0.656718565600763 0.536107405759298 0.241385348787499
1 1 1 0.994510979630854 0.914853932192668 0.607663282056123 0.305753682921946 0.106612573985712
1 1 1 0.999989969544938 0.994406157885021 0.914590727242243 0.607264003670101 0.15795583036774
1 1 1 0.999909418972414 0.99908009105268 0.99262337515115 0.912092043218185 0.404685258903055
1 1 1 0.998059424182026 0.978314811700607 0.95268596681717 0.941673121245138 0.433905981244098
1 1 1 0.994863572731045 0.927313421724166 0.752841711636917 0.683226981474746 0.334012006311267
1 1 1 0.995698095736587 0.938143343129677 0.743442644880215 0.510334612516727 0.20607661817168
1 1 1 0.994437007600911 0.91588526291942 0.64385113174659 0.371457736186844 0.108076104020002
1 1 1 0.99369594980981 0.898322919766068 0.508828032491414 0.204527476436362 0.0391408208399415
1 1 1 0.99246401271445 0.866385425170436 0.213031800359273 0.0165926370612407 0.00190778022654396
1 1 1 0.992413163305756 0.863126376342396 0.174402631396681 0.00321409479906647 7.99136220081933e-05
1 1 1 0.992483872701495 0.865023158708541 0.191841033522139 0.00432742317153223 2.33699843007844e-05
1 1 1 0.993144282622157 0.882469998663101 0.345842837335745 0.0233601953132168 0.000333190700462852
1 1 1 0.999700859307715 0.990005260977261 0.873800197083971 0.335827559845356 0.013482579430121
1 1 1 0.995125231896525 0.934257740990639 0.794858069116178 0.59794839330001 0.0424221644699828
1 1 1 0.999991212303785 0.995033635708372 0.934040120871893 0.794552130800985 0.0974961820183552
1 1 1 0.999988966754569 0.999880842655831 0.994818754195631 0.933755028754178 0.235496323068797
1 1 1 0.999976055621653 0.999749280863586 0.999424776656213 0.994327062125012 0.345195091140722
1 1 1 0.999930961857953 0.999283304046011 0.998427259750874 0.998030511886799 0.381646411055114
1 1 1 0.999894153269564 0.998866568471035 0.997244021856287 0.996270668671601 0.405787063834826
1 1 1 0.99459642855921 0.924629178161392 0.762770205726577 0.728190182819188 0.167406199470339
1 1 1 0.994656776507808 0.918796395689074 0.647745133393885 0.416276457326604 0.0820075632720512
1 1 1 0.994740628547968 0.920511256087972 0.647959512451011 0.321766295299325 0.0374224516451856
1 1 1 0.993350662300865 0.890719308184927 0.454677780400013 0.162124757423021 0.0189503169615155
1 1 1 0.993627150250243 0.895239409935293 0.463135052708866 0.110814837970617 0.00799393362528229
1 1 1 0.996257008366904 0.945795410857776 0.738523091916341 0.289484493266529 0.0190040039716281
1 1 1 0.999834537408229 0.994557422392616 0.941823321367326 0.732294726575132 0.128792929813642
1 1 1 0.999859453632348 0.998417948090513 0.991778739290731 0.938232828806731 0.365658264388178
1 1 1 0.994294614950504 0.918596707005842 0.729414735895887 0.677635105692301 0.22154520046668
1 1 1 0.994614253005603 0.917560666051238 0.634284801688189 0.3790992275759 0.108315146547212
1 1 1 0.999993063156398 0.994541264339659 0.917379312065198 0.634010207707656 0.129784576048241
1 1 1 0.999996133223027 0.999954395840701 0.994465713712813 0.917274398607365 0.369506323226374
1 1 1 0.999993960922893 0.999935739590395 0.999839625121432 0.994341744068554 0.537203367556823
1 1 1 0.999986965086782 0.99986355742962 0.999687813206764 0.999578521217539 0.598491710240648
1 1 1 0.999987260483208 0.99985951203291 0.999621170619967 0.999432449109568 0.664316935942326
1 1 1 0.999984914020778 0.999836314788039 0.999572405343694 0.999318596866121 0.726137071763804
1 1 1 0.999982239578242 0.999807181819244 0.999498177825471 0.999216003113738 0.757925327828553
1 1 1 0.999847966617822 0.998450084590886 0.996871090720152 0.99640033885424 0.76913542917862
1 1 1 0.995165579919532 0.935171267071379 0.812179213714977 0.787943844654583 0.483347551497761

# True vulnerable proportion of susceptible
0 0 0.05 0.496275440326301 0.824913897462909 0.232507056334989 0.0218146750822131 0.00233355553758719
0 0 0.05 0.496352720620589 0.827694414910007 0.25308064131926 0.0140077874564392 0.000435672975779356
0 0 0.05 0.4999957165169 0.94298359046428 0.871005693332104 0.252849543046707 0.00582216478998357
0 0 0.05 0.499996097357846 0.949917697996657 0.992460514658354 0.870767982219597 0.172188257431851
0 0 0.05 0.499982239793226 0.949654603472616 0.999236101489151 0.991722247393925 0.308845916110992
0 0 0.05 0.499824042423316 0.946560984411156 0.992687467283076 0.991892253997193 0.381388198636542
0 0 0.05 0.499849170497991 0.946749976715019 0.990364189100505 0.98623581240163 0.540021487870104
0 0 0.05 0.499887448672667 0.94754697829552 0.992130510489881 0.985541071404917 0.648648824955465
0 0 0.05 0.499080773626299 0.930453205688467 0.953719007422766 0.944434996482217 0.648450015021248
0 0 0.05 0.498606316336891 0.917013758141588 0.898330325550445 0.858531984387627 0.542454181185033
0 0 0.05 0.499865469102269 0.944724961063569 0.959187069151324 0.890442090954635 0.567377515163098
0 0 0.05 0.496902587255614 0.862712084003002 0.656718565600763 0.536107405759298 0.241385348787499
0 0 0.05 0.497255489815427 0.869111235583035 0.607663282056123 0.305753682921946 0.106612573985712
0 0 0.05 0.499994984772469 0.94468584999077 0.914590727242243 0.607264003670101 0.15795583036774
0 0 0.05 0.499954709486207 0.949126086500046 0.99262337515115 0.912092043218185 0.404685258903055
0 0 0.05 0.499029712091013 0.929399071115577 0.95268596681717 0.941673121245138 0.433905981244098
0 0 0.05 0.497431786365522 0.880947750637958 0.752841711636917 0.683226981474746 0.334012006311267
0 0 0.05 0.497849047868293 0.891236175973193 0.743442644880215 0.510334612516727 0.20607661817168
0 0 0.05 0.497218503800456 0.870090999773449 0.64385113174659 0.371457736186844 0.108076104020002
0 0 0.05 0.496847974904905 0.853406773777764 0.508828032491414 0.204527476436362 0.0391408208399415
0 0 0.05 0.496232006357225 0.823066153911915 0.213031800359273 0.0165926370612407 0.00190778022654396
0 0 0.05 0.496206581652878 0.819970057525276 0.174402631396681 0.00321409479906647 7.99136220081933e-05
0 0 0.05 0.496241936350747 0.821772000773114 0.191841033522139 0.00432742317153223 2.33699843007844e-05
0 0 0.05 0.496572141311078 0.838346498729946 0.345842837335745 0.0233601953132168 0.000333190700462852
0 0 0.05 0.499850429653857 0.940504997928398 0.873800197083971 0.335827559845356 0.013482579430121
0 0 0.05 0.497562615948263 0.887544853941107 0.794858069116178 0.59794839330001 0.0424221644699828
0 0 0.05 0.499995606151892 0.945281953922953 0.934040120871893 0.794552130800985 0.0974961820183552
0 0 0.05 0.499994483377285 0.949886800523039 0.994818754195631 0.933755028754178 0.235496323068797
0 0 0.05 0.499988027810827 0.949761816820407 0.999424776656213 0.994327062125012 0.345195091140722
0 0 0.05 0.499965480928977 0.94931913884371 0.998427259750874 0.998030511886799 0.381646411055114
0 0 0.05 0.499947076634782 0.948923240047483 0.997244021856287 0.996270668671601 0.405787063834826
0 0 0.05 0.497298214279605 0.878397719253322 0.762770205726577 0.728190182819188 0.167406199470339
0 0 0.05 0.497328388253904 0.87285657590462 0.647745133393885 0.416276457326604 0.0820075632720512
0 0 0.05 0.497370314273984 0.874485693283573 0.647959512451011 0.321766295299325 0.0374224516451856
0 0 0.05 0.496675331150432 0.846183342775681 0.454677780400013 0.162124757423021 0.0189503169615155
0 0 0.05 0.496813575125121 0.850477439438528 0.463135052708866 0.110814837970617 0.00799393362528229
0 0 0.05 0.498128504183452 0.898505640314887 0.738523091916341 0.289484493266529 0.0190040039716281
0 0 0.05 0.499917268704114 0.944829551272985 0.941823321367326 0.732294726575132 0.128792929813642
0 0 0.05 0.499929726816174 0.948497050685988 0.991778739290731 0.938232828806731 0.365658264388178
0 0 0.05 0.497147307475252 0.87266687165555 0.729414735895887 0.677635105692301 0.22154520046668
0 0 0.05 0.497307126502801 0.871682632748676 0.634284801688189 0.3790992275759 0.108315146547212
0 0 0.05 0.499996531578199 0.944814201122676 0.917379312065198 0.634010207707656 0.129784576048241
0 0 0.05 0.499998066611514 0.949956676048666 0.994465713712813 0.917274398607365 0.369506323226374
0 0 0.05 0.499996980461446 0.949938952610875 0.999839625121432 0.994341744068554 0.537203367556823
0 0 0.05 0.499993482543391 0.949870379558139 0.999687813206764 0.999578521217539 0.598491710240648
0 0 0.05 0.499993630241604 0.949866536431264 0.999621170619967 0.999432449109568 0.664316935942326
0 0 0.05 0.499992457010389 0.949844499048637 0.999572405343694 0.999318596866121 0.726137071763804
0 0 0.05 0.499991119789121 0.949816822728282 0.999498177825471 0.999216003113738 0.757925327828553
0 0 0.05 0.499923983308911 0.948527580361341 0.996871090720152 0.99640033885424 0.76913542917862
0 0 0.05 0.497582789959766 0.88841270371781 0.812179213714977 0.787943844654583 0.483347551497761

# True survival by age
0.778267540515681 0.778267540515681 0.746704552237825 0.464992794590988 0.257602798822657 0.631904450542059 0.765018423880205 0.77732645899871
0.778267540515681 0.778267540515681 0.778255535128224 0.778152252150314 0.778137455770406 0.778605063080285 0.778789950144701 0.778800446143572
0.778267540515681 0.778267540515681 0.778258972869465 0.778181869355777 0.778109895886342 0.778187076396787 0.778622626426238 0.778796680800406
0.778267540515681 0.778267540515681 0.778133904185099 0.776931191802665 0.775728716402145 0.775618985261582 0.776009127768479 0.778248752827092
0.778267540515681 0.778267540515681 0.776708968996437 0.762682397875287 0.748665642027674 0.747120329283251 0.747358553569863 0.769008924312063
0.778267540515681 0.778267540515681 0.776934957002571 0.76494658260403 0.753042039622892 0.751814660817868 0.751836278621716 0.768432778141682
0.778267540515681 0.778267540515681 0.777279462589257 0.76838990273489 0.759560109702908 0.758701538852689 0.758785323436594 0.767841154393882
0.778267540515681 0.778267540515681 0.770083369806452 0.696444376243236 0.623171192908584 0.615876427588709 0.616958523245035 0.672281841638693
0.778267540515681 0.778267540515681 0.765912780946565 0.654948061582503 0.548367999354919 0.542632838846373 0.544931823936245 0.6182261213646
0.778267540515681 0.778267540515681 0.777081607959722 0.766442757595544 0.756535726554742 0.757014571531215 0.757979756669533 0.765645241945798
0.778267540515681 0.778267540515681 0.751301862631356 0.508683459484707 0.268767521650561 0.26098671295635 0.298098469468554 0.472503846981224
0.778267540515681 0.778267540515681 0.754282343991232 0.539904719683599 0.364470158340592 0.463420115641325 0.521342078081232 0.662878565555285
0.778267540515681 0.778267540515681 0.778248929967799 0.778085383552874 0.777989451297196 0.778250572217723 0.778523937324977 0.778704250341717
0.778267540515681 0.778267540515681 0.777885554111252 0.774447720135038 0.771053380367299 0.771325859906112 0.773837632196072 0.777509814706712
0.778267540515681 0.778267540515681 0.769632347397609 0.691923479483281 0.614350290043725 0.606841583287117 0.620792598086307 0.708694280416385
0.778267540515681 0.778267540515681 0.755780152980606 0.553831084767142 0.360283962242622 0.349824399670756 0.354783274713518 0.583421166856562
0.778267540515681 0.778267540515681 0.759349004029826 0.590056651485685 0.444981456840931 0.493546068039509 0.519923365826655 0.652242307093249
0.778267540515681 0.778267540515681 0.753968865253497 0.536328387599326 0.345183356679821 0.41711091973535 0.530519550446426 0.678543117767199
0.778267540515681 0.778267540515681 0.750842730686584 0.505548048735252 0.301070790017141 0.425307557320423 0.574859550509393 0.719463820297116
0.778267540515681 0.778267540515681 0.74570280913578 0.454676485314994 0.222502512144584 0.447132490378003 0.645484073717967 0.753287705187232
0.778267540515681 0.778267540515681 0.745492165681357 0.452987758761869 0.23881275533488 0.639043243281607 0.767915337187767 0.777549201521266
0.778267540515681 0.778267540515681 0.745785111374224 0.455911683578584 0.245648141522946 0.665407361837983 0.776711037047983 0.77874882468677
0.778267540515681 0.778267540515681 0.748532316263132 0.483154243216437 0.289628021362404 0.664609762215961 0.776224937536386 0.778786872375052
0.778267540515681 0.778267540515681 0.776946284614021 0.765149218829795 0.756176807332314 0.76947742715541 0.77817103050272 0.778791800796352
0.778267540515681 0.778267540515681 0.756895527122923 0.564611498491471 0.376263161902238 0.404837445327663 0.635075483391667 0.773030596223299
0.778267540515681 0.778267540515681 0.77825453890085 0.778140757599745 0.778071806759169 0.77817024215399 0.778326445647998 0.778767130635144
0.778267540515681 0.778267540515681 0.778244404141401 0.778036183492007 0.777832780850742 0.777870507093617 0.778009432952853 0.778703679794967
0.778267540515681 0.778267540515681 0.778186137894169 0.777453529165314 0.776721138541413 0.77665068628603 0.77678266300965 0.778291806049142
0.778267540515681 0.778267540515681 0.777982704092393 0.775419257253279 0.772857139032233 0.772574395674695 0.772606154288501 0.776650227656841
0.778267540515681 0.778267540515681 0.777816726453999 0.77375974794659 0.769708594352176 0.769266278202468 0.769270066955635 0.775156241589907
0.778267540515681 0.778267540515681 0.754644784169591 0.542065037411995 0.32994449509393 0.307115959202395 0.307576343938145 0.586868221393097
0.778267540515681 0.778267540515681 0.754900965965491 0.545867305977115 0.36780481561236 0.421927504002002 0.438106277206049 0.700477326160001
0.778267540515681 0.778267540515681 0.755257213358497 0.549396611384289 0.376616534275892 0.48035882912368 0.58700565733104 0.741016635943707
0.778267540515681 0.778267540515681 0.749394979845535 0.491063253548259 0.273337102606556 0.404290256784188 0.592824865936998 0.75717118771662
0.778267540515681 0.778267540515681 0.750553815963435 0.502976619837539 0.3093079719834 0.526542034209103 0.688852713844982 0.768287000666969
0.778267540515681 0.778267540515681 0.761758108511913 0.614228740048826 0.497505414177482 0.625631886527079 0.7421518912343 0.776157014293218
0.778267540515681 0.778267540515681 0.777548056228697 0.771101623804936 0.76536723090988 0.767779855926248 0.774480826735758 0.778517187682807
0.778267540515681 0.778267540515681 0.777660323355616 0.772196461863977 0.766796108392284 0.766860737146805 0.769517053875831 0.77716799965879
0.778267540515681 0.778267540515681 0.753366166495385 0.529288873234709 0.305890787807501 0.284338857792635 0.311034745635177 0.596497934421134
0.778267540515681 0.778267540515681 0.754720432253224 0.544142953439617 0.367335322137034 0.434899673006023 0.459312495272242 0.674347669334166
0.778267540515681 0.778267540515681 0.778262892488247 0.778224182481836 0.778230468581002 0.778403591959517 0.778563389958221 0.778732955790381
0.778267540515681 0.778267540515681 0.778276749238177 0.778359630800871 0.778444461981612 0.778480555212647 0.778579470329143 0.778755479415278
0.778267540515681 0.778267540515681 0.778266944507503 0.778261582518885 0.77825624119482 0.778258637438697 0.778300719265943 0.778599341999445
0.778267540515681 0.778267540515681 0.778235370306059 0.777945843582545 0.777656380077409 0.777624325027836 0.777630794091698 0.778168684475873
0.778267540515681 0.778267540515681 0.778236703462484 0.77795918095407 0.777681789204182 0.77765115846145 0.777651284145447 0.778112527408128
0.778267540515681 0.778267540515681 0.778226113746508 0.777853284894776 0.777480617394849 0.777439521013718 0.777439778010506 0.777896130923413
0.778267540515681 0.778267540515681 0.778214044189423 0.777732593368034 0.777251363975296 0.777198299497057 0.777198706394961 0.777636662569471
0.778267540515681 0.778267540515681 0.777608561320441 0.77167787507138 0.765749452825205 0.765094838011278 0.765098707424131 0.768407484580858
0.778267540515681 0.778267540515681 0.757067811611668 0.566302563211084 0.376097815763735 0.355601271472959 0.355801118736655 0.45228139554828
0.778267540515681 0.778267540515681 0.774747577307506 0.743240656160613 0.715758509339676 0.721190875537356 0.722909951016075 0.744515729627069

# True Numbers-at-age
77.6889536471316 60.0118817413317 19.5983491651204 43.3915582156913 214.681228006899 16.8090056094621 6.96692238865859 13.8654641254908
70.9254585943728 60.4627908801898 46.7052996045441 14.6341765379418 20.1767619163718 55.302485189262 10.6216854538055 16.1078161161087
26.8483827817796 55.1989822201892 47.0562275510393 36.3486579370585 11.3876174313647 15.7002941832908 43.0587949692818 20.816836262646
28.587413601214 20.8952248343991 42.9595761314755 36.6219313209836 28.2858665820339 8.86081781391267 12.2177660290645 49.7386350158454
93.6147486255842 22.2486560731213 16.26207524039 33.428302697322 28.4527207473272 21.9421589760035 6.8726185214147 48.1901286278973
76.6551061825184 72.8573201688271 17.3154068418074 12.6308996937058 25.4951780580945 21.3015744457318 16.3934330393372 42.1949492160012
97.0913892913634 59.658180956637 56.7024873763566 13.4529448701217 9.66196355591453 19.1989408854163 16.0148359668044 44.7491597397285
239.014443222654 75.5630767490399 46.4300257647613 44.0736789153686 10.3371070002506 7.33884209847594 14.5662659941071 46.5120689615651
44.719350990133 186.01718287462 58.8082898952729 35.7549907011277 30.6948658209585 6.44178730056985 4.51981985424698 40.2560013368256
88.3817854372229 34.8036193085483 144.771135409486 45.0420208564003 23.417661851604 16.8320821607067 3.49552533015273 27.3503052451519
40.3344452752499 68.7846747786121 27.0865272003079 112.498986690158 34.5221306728554 17.7162978231165 12.7421314648656 23.5901685158971
135.854090994893 31.3909895224331 53.5328796651214 20.3501583378062 57.2263737380736 9.27842750304018 4.62371833461093 14.9448552621403
130.811319718827 105.730829267589 24.4305882099775 40.3789059544083 10.9871465328901 20.8573054975736 4.29980994642853 12.3171631436272
159.888541247866 101.806204069182 82.2868724507698 19.0130791328989 31.4182365269812 8.54788410244507 16.2322099384065 12.9389322613375
183.591243690182 124.436061753617 79.2324640501597 64.009769372449 14.7246357872206 24.2251374793083 6.59320405569623 22.6212417290613
226.328258230305 142.883105686973 96.8445477324448 60.979867297021 44.2898623451073 9.0460842666672 14.7008207832915 20.124556904751
1518.43369191809 176.143936882098 111.201283244243 73.1931871005647 33.7725460540655 15.9569270928755 3.16454099795792 16.9566978103138
2315.88782311379 1181.74765484524 137.087108533979 84.4405836783542 43.1881268921244 15.0281567443655 7.87547862468183 12.7051945074369
968.99984099026 1802.38032020498 919.715840846578 103.359411662247 45.2878820921577 14.9078226093376 6.2684082815693 12.7991176724315
175.63274382521 754.141123007575 1402.7340988798 690.561953396952 52.2531488842729 13.634858439689 6.34040961894352 12.8119564641922
224.138867238463 136.689263570867 586.923557004839 1046.02275800521 313.982281862782 11.6264568942157 6.09658821008969 13.7437227137463
104.447637478001 174.440004939649 106.380816974198 437.546913600943 473.835504762689 74.9829738579841 7.42980872155338 15.3680842130491
24.4162315652439 81.2882059326776 135.760993611924 79.3372294351831 199.482750024419 116.396811132541 49.8942228176077 17.7386919557852
14.7435467886627 19.0023604889437 63.2639721041572 101.621491006518 38.3321190466447 57.7757941855035 77.3584569694945 52.5438004182945
10.7079130634995 11.4744238976904 14.7889203617226 49.15270807625 77.7556044599559 28.985859398974 44.4571694617218 101.1187911265
55.1338884800857 8.33362116398548 8.93017166568983 11.1936676727649 27.7521841618453 29.2565695897228 11.7345612697074 106.401577780025
52.6918520492795 42.9089157864621 6.4857868468844 6.94994663198687 8.71024904320507 21.5931920723202 22.7665918422296 91.9953707870925
223.57154416745 41.0083580996089 33.3946163553243 5.04752732004169 5.40730995302419 6.77511723517872 16.7967072670656 89.3497569654535
136.542225782759 173.998475808495 31.9154739987689 25.9872275280073 3.92421792852475 4.19997194315927 5.26189945036986 82.5875747193994
220.076701185848 106.266382236485 135.417365820954 24.8296867639527 20.1509966678394 3.03285984117863 3.24479078583694 68.2070346060509
350.693237144907 171.278552956715 82.7036759426883 105.329892187878 19.2122121720688 15.510395319998 2.33307680233321 55.367229020297
218.329185703904 272.933163148249 133.300538152707 62.4118976818018 57.0956519494236 6.3389636447507 4.76348993630953 33.2108664515945
121.031157186634 169.918518380569 212.415021608553 100.628705015198 34.0686144484845 21.0000557375252 2.6745831085891 25.3503737739748
80.4993801443068 94.194621029408 132.242067388114 160.427977295561 55.2850695433392 12.8308035011698 10.0875621856096 20.3550441096502
39.070099535876 62.6500545979465 73.308616038364 99.1015414250474 78.7802844909243 15.1114607263783 5.1873688422354 21.3924106248432
235.085589967935 30.4069902734891 48.7585039051169 55.0220615105924 49.8457583266602 24.3673700281631 7.9568192707382 20.0088441006857
80.6277133217591 182.959483915023 23.6647735346326 37.1421857086325 33.7961315165402 24.7985346412957 15.2450036804231 21.4351731666346
22.341659482724 62.7499321443288 142.391427560563 18.4004986629459 28.6403997115911 25.8664515942804 19.0398153540761 28.4946137851861
24.7246571164641 17.3877883766584 48.8362353574927 110.732163599815 14.2087999640597 21.9613470416475 19.835966136962 36.7965646140913
26.6336084306565 19.2423980841241 13.5323512949091 36.7915674173406 58.6093021025876 4.34634101480539 6.24446433340971 28.1187494679372
15.0020424167131 20.7280729283848 14.9757338305549 10.2131420186963 20.0198721561445 21.5292668680807 1.89022228611153 21.8299736629117
7.31495891854837 11.6756026543672 16.1319863376037 11.6550579281017 7.94811409807079 15.5800744890081 16.7584586623691 18.471377786195
1.85048514166086 5.69299508651189 9.08674256185274 12.5551498855849 9.07182658588003 6.18716540284119 12.1287850384574 27.4324785322291
36.3152834535553 1.44017251996121 4.43067328414746 7.07191136913941 9.77119081871707 7.06020565949823 4.81521491602303 30.7987518538609
90.3997169260695 28.2630063365283 1.12083952502848 3.44810666399366 5.50156405580615 7.59862888112914 5.49018766052502 27.711083612487
127.4406010699 70.3551653553659 21.996180429109 0.872278457068622 2.68248623616278 4.27846617834075 5.90908255212871 25.831792791337
42.0218088050986 99.1828831565111 54.7551415036946 17.1180020126125 0.678504663173774 2.08558105504502 3.32624869636262 24.6884074947691
33.7912001468172 32.7042097867643 77.190818535472 42.6112201097543 13.3132280985483 0.527368674915415 1.62091004944427 21.7837669923483
24.9586456460294 26.2985942293365 25.4526249152539 60.0242413485156 32.8821357884941 10.1945971318005 0.403487050906632 17.9789657829665
23.7073740899454 19.4245037615377 20.4673422498856 19.2693630443639 33.9918817304651 12.3668994476991 3.62521170222284 8.27511287894317

