# Simulated data from SIR age-structured hybrid model
# random seed = 7482884
# Flag=0 if no issues, =1 if negative pop #'s, =2 if NaN, or=3 if NA. Flag:
0

# True SSB
59503.1452627429
50440.7823517284
42661.9309149479
34980.4592018023
30063.2000325424
27089.7469263498
24121.3844939547
20136.6874478605
14864.5329852486
14163.8130519805
18456.6532614439
25343.8031025057
29290.7693446153
28124.8024139902
24458.1921749376
20324.4902505944
17077.3820911707
14418.8551537864
11778.2060879408
10896.0965337203
13026.3431599252
15504.3157187727
15309.9678935916
13555.9985700447
12567.6916427117
14385.8110281571
21318.3139885235
32397.8332143201
36770.1556151499
33475.5043084004
27974.4371872038
26111.263358365
27834.9213373731
28564.506781104
27687.6731461459
30040.4378200418
39679.8912906566
46061.6975026254
43955.203543544
40690.673710325
33238.3683194401
29848.3135408961
34391.2571974482
39736.7886711
48927.6497346939
53015.7910955162
50652.4335551516
51258.8928672361
54813.5596411627
55818.6249850067

# True R (numbers)
26.4938213244347
62.286891252757
65.9629118397912
37.3344469402778
4.28861159293414
4.02805741202988
103.494881708861
214.361499570798
244.708183971811
112.807045522903
43.5336344384853
19.1658391523229
7.89255949293042
28.3554500935171
7.93855346348359
16.9786964944971
53.396550441475
116.395528694991
82.5432500100711
18.1751339059808
29.5641499744874
94.5181628327045
96.8892305655656
318.597124846737
390.733807973601
57.9054963850887
58.585114505861
18.8837555473607
147.038097436676
163.839091245493
132.649536153637
113.322416595144
207.424246780791
514.608188920048
117.145014880503
108.052887006295
98.9180158774318
32.5647704595001
106.85570288202
405.091690109682
149.082671759603
621.695961196949
51.5162524742812
260.11341596413
233.25972517843
367.237220332551
142.07103868533
22.2198732629453
88.0375003085549
21.5129807214697

# True infection rate given (selected) susceptible
0.0169114705121994 0.0169114705121993 0.0169114705121994 0.0169114705121996 0.0169114705122002 0.0169114705121998 0.0169114705121996 0.0169114705122
0.0219698064266504 0.0219698064266495 0.0219698064266496 0.0219698064266498 0.02196980642665 0.0219698064266491 0.0219698064266485 0.0219698064266504
0.142296510051067 0.142296510051067 0.142296510051067 0.142296510051066 0.142296510051066 0.142296510051067 0.142296510051067 0.142296510051067
0.03777436140584 0.0377743614058398 0.03777436140584 0.0377743614058403 0.0377743614058397 0.03777436140584 0.0377743614058409 0.0377743614058391
0.0487871243397889 0.0487871243397895 0.0487871243397891 0.0487871243397893 0.0487871243397891 0.0487871243397884 0.0487871243397887 0.0487871243397886
0.0457390131312566 0.0457390131312573 0.0457390131312574 0.0457390131312574 0.0457390131312571 0.0457390131312572 0.0457390131312576 0.0457390131312574
0.056414355474937 0.056414355474937 0.0564143554749366 0.0564143554749373 0.0564143554749362 0.0564143554749369 0.0564143554749367 0.0564143554749372
0.618237975568635 0.618237975568636 0.618237975568635 0.618237975568635 0.618237975568635 0.618237975568635 0.618237975568636 0.618237975568635
0.710182368243434 0.710182368243434 0.710182368243434 0.710182368243434 0.710182368243434 0.710182368243434 0.710182368243434 0.710182368243434
0.635171339941406 0.635171339941407 0.635171339941406 0.635171339941407 0.635171339941407 0.635171339941407 0.635171339941406 0.635171339941406
0.243881498288437 0.243881498288437 0.243881498288438 0.243881498288438 0.243881498288437 0.243881498288437 0.243881498288437 0.243881498288438
0.0384398231916382 0.0384398231916393 0.0384398231916396 0.038439823191639 0.0384398231916387 0.0384398231916383 0.0384398231916383 0.0384398231916387
0.014546382029679 0.0145463820296788 0.0145463820296795 0.0145463820296791 0.0145463820296793 0.0145463820296794 0.0145463820296792 0.0145463820296784
0.00458246482375177 0.00458246482375286 0.00458246482375289 0.00458246482375291 0.00458246482375284 0.00458246482375239 0.00458246482375233 0.00458246482375205
0.00256094671576792 0.00256094671576757 0.00256094671576811 0.00256094671576762 0.0025609467157684 0.00256094671576825 0.00256094671576729 0.00256094671576827
0.00422681570245904 0.00422681570245875 0.00422681570245948 0.00422681570245827 0.00422681570245861 0.00422681570245866 0.00422681570245919 0.00422681570245875
0.0148463846753817 0.0148463846753819 0.0148463846753825 0.0148463846753819 0.0148463846753825 0.0148463846753824 0.0148463846753822 0.0148463846753821
0.226353444739724 0.226353444739724 0.226353444739724 0.226353444739723 0.226353444739724 0.226353444739724 0.226353444739724 0.226353444739724
0.35973447130431 0.35973447130431 0.35973447130431 0.359734471304311 0.35973447130431 0.359734471304311 0.359734471304311 0.35973447130431
0.136247344705753 0.136247344705754 0.136247344705753 0.136247344705754 0.136247344705754 0.136247344705753 0.136247344705754 0.136247344705754
0.0506755265904934 0.0506755265904933 0.0506755265904934 0.0506755265904935 0.0506755265904943 0.050675526590493 0.0506755265904929 0.0506755265904923
0.0390475434042307 0.0390475434042308 0.0390475434042306 0.0390475434042302 0.0390475434042306 0.0390475434042307 0.0390475434042315 0.0390475434042307
0.200279589755867 0.200279589755867 0.200279589755867 0.200279589755867 0.200279589755865 0.200279589755867 0.200279589755867 0.200279589755867
0.759064276604763 0.759064276604763 0.759064276604763 0.759064276604763 0.759064276604763 0.759064276604763 0.759064276604763 0.759064276604763
0.826013024280691 0.826013024280691 0.826013024280691 0.82601302428069 0.82601302428069 0.82601302428069 0.82601302428069 0.826013024280691
0.764417409317218 0.764417409317219 0.764417409317218 0.764417409317218 0.764417409317219 0.764417409317218 0.764417409317218 0.764417409317219
0.420002979171281 0.42000297917128 0.42000297917128 0.420002979171281 0.42000297917128 0.42000297917128 0.42000297917128 0.42000297917128
0.0123961366968567 0.0123961366968564 0.012396136696857 0.0123961366968574 0.0123961366968568 0.012396136696857 0.0123961366968572 0.012396136696857
0.0393284961243907 0.0393284961243907 0.0393284961243917 0.039328496124391 0.0393284961243895 0.0393284961243904 0.03932849612439 0.0393284961243906
0.451697996936614 0.451697996936614 0.451697996936614 0.451697996936614 0.451697996936615 0.451697996936614 0.451697996936614 0.451697996936614
0.445325834307578 0.445325834307577 0.445325834307578 0.445325834307578 0.445325834307578 0.445325834307577 0.445325834307578 0.445325834307578
0.308672816500014 0.308672816500015 0.308672816500014 0.308672816500014 0.308672816500015 0.308672816500015 0.308672816500015 0.308672816500014
0.496815367349189 0.496815367349189 0.496815367349189 0.496815367349189 0.49681536734919 0.496815367349189 0.496815367349189 0.496815367349189
0.815607537325604 0.815607537325604 0.815607537325604 0.815607537325604 0.815607537325604 0.815607537325604 0.815607537325604 0.815607537325604
0.803032339834239 0.80303233983424 0.80303233983424 0.80303233983424 0.803032339834239 0.80303233983424 0.803032339834239 0.80303233983424
0.583504791125862 0.583504791125862 0.583504791125862 0.583504791125862 0.583504791125863 0.583504791125862 0.583504791125862 0.583504791125862
0.0290129326414531 0.0290129326414523 0.0290129326414529 0.0290129326414514 0.0290129326414526 0.0290129326414531 0.0290129326414524 0.0290129326414529
0.0572907042742841 0.0572907042742849 0.0572907042742846 0.0572907042742852 0.0572907042742846 0.0572907042742852 0.0572907042742845 0.0572907042742849
0.0690154687922984 0.0690154687922988 0.0690154687922981 0.0690154687922988 0.0690154687922983 0.0690154687922991 0.0690154687922986 0.0690154687922984
0.734596533079123 0.734596533079122 0.734596533079122 0.734596533079123 0.734596533079122 0.734596533079122 0.734596533079122 0.734596533079122
0.740170457270103 0.740170457270102 0.740170457270102 0.740170457270102 0.740170457270103 0.740170457270102 0.740170457270102 0.740170457270102
0.841521489880681 0.841521489880681 0.841521489880681 0.841521489880681 0.841521489880682 0.841521489880682 0.841521489880682 0.841521489880682
0.82452182678907 0.82452182678907 0.82452182678907 0.82452182678907 0.82452182678907 0.82452182678907 0.82452182678907 0.82452182678907
0.675800070834071 0.675800070834071 0.675800070834071 0.675800070834071 0.675800070834072 0.675800070834072 0.675800070834071 0.675800070834072
0.515197281124707 0.515197281124707 0.515197281124707 0.515197281124707 0.515197281124707 0.515197281124707 0.515197281124707 0.515197281124707
0.674940727104056 0.674940727104056 0.674940727104056 0.674940727104057 0.674940727104056 0.674940727104056 0.674940727104056 0.674940727104056
0.641922919465421 0.64192291946542 0.64192291946542 0.64192291946542 0.64192291946542 0.64192291946542 0.64192291946542 0.64192291946542
0.335628796557843 0.335628796557844 0.335628796557843 0.335628796557843 0.335628796557843 0.335628796557843 0.335628796557842 0.335628796557844
0.0289833625985652 0.0289833625985642 0.0289833625985649 0.0289833625985646 0.0289833625985647 0.0289833625985652 0.0289833625985651 0.0289833625985644
0.0228772784794339 0.0228772784794331 0.022877278479434 0.022877278479434 0.0228772784794345 0.0228772784794344 0.0228772784794348 0.0228772784794339

# Duration of outbreak (days) based on incidence
0
0
0
0
0
0
0
0
0
0
0
0
0
0
0
0
0
0
0
0
0
0
0
0
0
0
0
0
0
0
0
0
0
0
0
0
0
0
0
0
0
0
0
0
0
0
0
0
0
0

# Duration of outbreak (days) based on prevalence
0
0
0
0
0
0
0
20
22
0
0
0
0
0
0
0
0
0
0
0
0
0
0
30
26
18
0
0
0
0
0
0
0
24
18
0
0
0
0
23
15
21
15
0
0
0
0
0
0
0

# Peak (point) prevalence
0.00117042445138514
0.00171895946911654
0.0156338685615244
0.00384728304785342
0.00577620805684259
0.00550126047610287
0.00844698807252824
0.12522821431293
0.152887283228694
0.094456171761989
0.021937564908399
0.00364019505463189
0.00124542538978242
0.000309689960319582
0.000151290419005638
0.000272064204460217
0.00162963077600928
0.0418037527262834
0.059783868415688
0.0244845104386012
0.00899611940450244
0.00799717571417762
0.0482099889759416
0.238000634372859
0.250265569940135
0.144637418442072
0.0295802925839084
0.00053946805085257
0.00379394728869526
0.0552844840758369
0.0510438778947694
0.0334127950874872
0.0620186597144654
0.220073467578686
0.161910222526413
0.0532797438498959
0.00171336831999383
0.00520413604261074
0.00834368941083524
0.163959026975161
0.12859591040705
0.211298115041194
0.153545499366399
0.0737149443507233
0.0401852748606251
0.0879381463201967
0.0706355308223887
0.0203265456575616
0.00182748889064946
0.00169784670096045

# Day of peak prevalence
119
119
119
119
119
119
119
68
51
60
112
119
119
119
115
118
119
119
105
119
119
119
119
49
33
39
86
119
119
91
92
107
85
36
34
63
119
119
119
49
44
30
30
49
75
54
58
99
119
119

# Total immunity
0.520314083922206
0.449676228302023
0.38176040877531
0.386742065723448
0.394418536404916
0.407396009246685
0.262619394566242
0.1389426414376
0.188670365238649
0.304232729727136
0.443742295235008
0.487094036880315
0.48480243113095
0.43087707114442
0.414593780343286
0.372903430100357
0.264662993158498
0.148251838837941
0.159535538115712
0.267715605112123
0.274334221908692
0.183298114109399
0.131633789737089
0.0849292612684664
0.160724003613234
0.348987306673182
0.517042103179533
0.601194537721531
0.406408952183325
0.283643479088018
0.314718704991506
0.347644537711995
0.28335167550924
0.19627961162434
0.349425407487048
0.487246835472821
0.534169876424943
0.505520674042033
0.408975262274079
0.208469312025142
0.336709568564391
0.246466846859687
0.422052514605535
0.459198366024322
0.454546918436478
0.36710020570966
0.445526855509045
0.590932255804656
0.577407717852969
0.558882432352601

# Observed immunity (based on survey selectivity)
0.67318751828098
0.625033578382287
0.584727590304113
0.603442176013034
0.56082646119211
0.506116981468841
0.468288467714489
0.46846979035566
0.761382714679127
0.831129673764551
0.808279989277817
0.722445308522165
0.628101904482141
0.562991403234641
0.523244200349083
0.498519446153835
0.463064904158462
0.433610049870917
0.511555199271708
0.584476203087369
0.495346027471888
0.412889177158291
0.378106580230968
0.437436447949906
0.753090552553278
0.851890605206051
0.838116647744486
0.792822511897359
0.727041925919967
0.680659622845005
0.772568780110386
0.774711540606606
0.723421502209449
0.766056344007164
0.887171472969958
0.889834508236536
0.843778747273228
0.76989793745585
0.701883347012564
0.630053577236454
0.849725635438099
0.894443609210571
0.897030731154827
0.915229029219791
0.880725819950911
0.895440049486779
0.902549015843677
0.891767671197038
0.826671849749119
0.742469660324026

# True total proportion of susceptible
1 0.995188496889487 0.984209671311434 0.962399439800705 0.885379973589072 0.798154404783318 0.607861551905622 0.0986358067046192
1 0.996627935800003 0.988952766836677 0.975153495260054 0.951618556122431 0.874323006912294 0.7875077194364 0.155311999740693
1 0.995616171801947 0.988512477596421 0.977139520522671 0.961016654806174 0.936572189122912 0.859601251486515 0.259552252162808
1 0.971143787548997 0.941753212833088 0.909381686208053 0.881775270261099 0.858815812098187 0.832737739918383 0.248691332059131
1 0.992430388613169 0.957317483750031 0.921890497814644 0.885920800536777 0.85692875518651 0.833617822664278 0.278204052302503
1 0.990195037929571 0.974287578156441 0.931297444594495 0.891182632672837 0.853573843235769 0.824270630475855 0.315781110988543
1 0.990810216672246 0.973215675381063 0.949654758861301 0.902349091435183 0.860766067765186 0.823061569878345 0.332924187532552
1 0.988629080002668 0.969777734771963 0.942710133851118 0.913332549491144 0.864333931781521 0.822724814530272 0.340226042482413
1 0.871485783273793 0.740803872820531 0.594787459191655 0.485720223904246 0.42516286914374 0.380394997582578 0.158200978774738
1 0.852861838079825 0.610692359921725 0.390919921029537 0.238551741741531 0.164087948435616 0.131769418204509 0.0538337499681316
1 0.86849192630624 0.624456316951514 0.3473808643425 0.176039485996178 0.0932734819386463 0.0599394703609459 0.0212005033481136
1 0.95004015348691 0.782426422612385 0.524946416180564 0.27468531268753 0.134442450640104 0.0700793066195719 0.0161292962313659
1 0.992276742502077 0.936110108085172 0.764461361507297 0.508970822292425 0.264882265207197 0.129274971019892 0.0163233564066248
1 0.997094086498112 0.986911769856423 0.928529293999252 0.75645840268882 0.502651714314791 0.261200991913007 0.0556017488033169
1 0.999090877174823 0.995412026776537 0.984469019043668 0.925686581009035 0.753777426512268 0.5006338017948 0.156953966105806
1 0.999493930212219 0.99815385806366 0.994046425456601 0.982832973294921 0.92398300041529 0.752243278472106 0.307861388875823
1 0.99916427133264 0.997946325417157 0.995895656406973 0.991330280015432 0.979919701244233 0.921086196893329 0.405349429351184
1 0.997038251352436 0.993676771598813 0.989932742762329 0.986241109718077 0.980932461826197 0.969264261916476 0.453697608089532
1 0.953584028994898 0.909760350317606 0.864302167383619 0.832567510003743 0.815861699442703 0.805390318456492 0.380312529903307
1 0.925531874763808 0.816067878272684 0.710135377028562 0.628556650382185 0.583301651823676 0.561919414773049 0.253985530830553
1 0.97224298230394 0.875989451150743 0.748986431530955 0.636709501898635 0.556301751991559 0.513052904120125 0.249818209949105
1 0.98976571330333 0.95352346265054 0.850285615216306 0.721114555050059 0.610044093540548 0.531575464469182 0.246986695904021
1 0.992116668745178 0.975210111968827 0.932678606839475 0.826884744878125 0.698589886407596 0.58957165231844 0.264011553964441
1 0.958890722358841 0.91519812020089 0.862413126348921 0.799303348000065 0.693892200400139 0.577544375918636 0.287588731500244
1 0.842349469265834 0.6581374669563 0.465865829913662 0.327223950495292 0.250017376709526 0.192821541779303 0.103069731217752
1 0.829328664195241 0.545777014034638 0.288488627716175 0.134437175680811 0.0709077437410236 0.0464771063458409 0.0214110178518903
1 0.842274258274752 0.559404482811582 0.25814348227167 0.0954892576725229 0.0355435354848894 0.0167938874908129 0.00510841911263595
1 0.913372781591988 0.69485239473304 0.400429054706641 0.162511238186653 0.0560147786568553 0.0202204182190958 0.00372547216706783
1 0.99753754813136 0.90902240947056 0.689574487906658 0.396364133922073 0.160591204994181 0.0553102904143509 0.00942862613103835
1 0.992096730666856 0.982881489547024 0.888725742796709 0.669336214099832 0.382449161319196 0.154325015909092 0.0231062975000066
1 0.906239323385847 0.813214208876402 0.713916626652591 0.58055752928747 0.402481432589993 0.215042163532639 0.0531520635849249
1 0.907588933474741 0.740388716558702 0.582671693033271 0.45892926180052 0.348034744957855 0.229557710695894 0.0716172287773154
1 0.936391613158397 0.794289471286055 0.594796583494094 0.436546209848037 0.330101600724412 0.244362346986989 0.057858252152733
1 0.896784854745303 0.74628996219316 0.540001964350107 0.349531121479372 0.234709361112001 0.169324082878019 0.0372265090156447
1 0.831292918161774 0.589357621179892 0.338477031049131 0.163414188286187 0.0793863059173936 0.0456323346173676 0.00721620341617288
1 0.834324543302796 0.546700125217549 0.264865850261073 0.10185402166559 0.0376307181111408 0.0159357903259042 0.00336986113224565
1 0.879504848619924 0.629010380024421 0.328345883882899 0.128847803463136 0.0438871701926127 0.0153462045450525 0.00276596717036503
1 0.994197474876355 0.869512365594708 0.617502475393954 0.320319585150633 0.125230606418486 0.0425840953449476 0.00547737658947603
1 0.988459456989795 0.972808670364329 0.84064748766381 0.590295446503543 0.303485758735531 0.118025297905369 0.0122001605435215
1 0.986053134556353 0.962674079070582 0.935334387859923 0.799379784529611 0.555989606962095 0.283497200278707 0.04347483208767
1 0.847711745655361 0.690277270641079 0.512628060282892 0.384115157163336 0.271257477449141 0.163688160890868 0.0438714218588439
1 0.847062210087844 0.581845037087383 0.347141345175341 0.189134923103077 0.116365175733142 0.0736029588819398 0.0146917718333064
1 0.826275695496657 0.543635241691248 0.244813427402338 0.0927788470586784 0.0369428725985706 0.0192534810286246 0.00334653756536295
1 0.830006163108034 0.535343753902946 0.233941281970247 0.067647301114223 0.0192200485408044 0.00661337928467989 0.0009054832380416
1 0.860603821922844 0.592341453483159 0.28645467877521 0.0945468543628418 0.0231723895110633 0.00611762185185013 0.000370247446560109
1 0.89344274776819 0.675501371553351 0.385976091066006 0.156761553867315 0.0467302066064172 0.0109511394189128 0.000665840164349248
1 0.860344432909753 0.641834707032625 0.369535500399593 0.160291199240561 0.05449973155559 0.0149027343936061 0.00171196780011966
1 0.867202852030036 0.628117194332786 0.364105915617954 0.163722271897422 0.0607751072034142 0.0191500743724899 0.00140065797268891
1 0.930899852379483 0.747693540482841 0.489038305904473 0.259034295072168 0.110241743972816 0.0398472054546705 0.00661697104936543
1 0.994192312105685 0.920550333940876 0.734610272343483 0.477706864277936 0.252045968546345 0.107030169411738 0.00804119358220648

# True vulnerable proportion of susceptible
0.27 0.497594248444744 0.718473060057347 0.84691150702462 0.841110974909619 0.782191316687652 0.601782936386565 0.0986358067046192
0.27 0.498313967900002 0.721935519790775 0.858135075828847 0.904037628316309 0.856836546774048 0.779632642242036 0.155311999740693
0.27 0.497808085900974 0.721614108645388 0.859882778059951 0.912965822065865 0.917840745340454 0.85100523897165 0.259552252162808
0.27 0.485571893774499 0.687479845368154 0.800255883863086 0.837686506748044 0.841639495856223 0.824410362519199 0.248691332059131
0.27 0.496215194306584 0.698841763137522 0.811263638076887 0.841624760509939 0.83979018008278 0.825281644437635 0.278204052302503
0.27 0.495097518964785 0.711229932054202 0.819541751243156 0.846623501039195 0.836502366371054 0.816027924171096 0.315781110988543
0.27 0.495405108336123 0.710447443028176 0.835696187797945 0.857231636863424 0.843550746409883 0.814830954179562 0.332924187532552
0.27 0.494314540001334 0.707937746383533 0.829584917788984 0.867665922016587 0.847047253145891 0.81449756638497 0.340226042482413
0.27 0.435742891636896 0.540786827158988 0.523412964088656 0.461434212709034 0.416659611760865 0.376591047606752 0.158200978774738
0.27 0.426430919039913 0.445805422742859 0.344009530505993 0.226624154654454 0.160806189466903 0.130451724022464 0.0538337499681316
0.27 0.43424596315312 0.455853111374605 0.3056951606214 0.167237511696369 0.0914080122998734 0.0593400756573364 0.0212005033481136
0.27 0.475020076743455 0.571171288507041 0.461952846238896 0.260951047053153 0.131753601627302 0.0693785135533761 0.0161292962313659
0.27 0.496138371251038 0.683360378902175 0.672725998126422 0.483522281177804 0.259584619903053 0.127982221309693 0.0163233564066248
0.27 0.498547043249056 0.720445591995189 0.817105778719342 0.718635482554379 0.492598680028495 0.258588981993877 0.0556017488033169
0.27 0.499545438587411 0.726650779546872 0.866332736758428 0.879402251958583 0.738701877982023 0.495627463776852 0.156953966105806
0.27 0.49974696510611 0.728652316386472 0.874760854401809 0.933691324630175 0.905503340406984 0.744720845687385 0.307861388875823
0.27 0.49958213566632 0.728500817554525 0.876388177638136 0.941763766014661 0.960321307219348 0.911875334924396 0.405349429351184
0.27 0.498519125676218 0.725384043267133 0.871140813630849 0.936929054232173 0.961313812589673 0.959571619297311 0.453697608089532
0.27 0.476792014497449 0.664125055731852 0.760585907297584 0.790939134503556 0.799544465453849 0.797336415271927 0.380312529903307
0.27 0.462765937381904 0.595729551139059 0.624919131785134 0.597128817863076 0.571635618787203 0.556300220625318 0.253985530830553
0.27 0.48612149115197 0.639472299340042 0.65910805974724 0.604874026803703 0.545175716951728 0.507922375078923 0.249818209949105
0.27 0.494882856651665 0.696072127734894 0.748251341390349 0.685058827297556 0.597843211669737 0.52625970982449 0.246986695904021
0.27 0.496058334372589 0.711903381737243 0.820757174018738 0.785540507634219 0.684618088679445 0.583675935795256 0.264011553964441
0.27 0.479445361179421 0.66809462774665 0.75892355118705 0.759338180600062 0.680014356392136 0.57176893215945 0.287588731500244
0.27 0.421174734632917 0.480440350878099 0.409961930324022 0.310862752970527 0.245017029175335 0.19089332636151 0.103069731217752
0.27 0.414664332097621 0.398417220245286 0.253869992390234 0.127715316896771 0.0694895888662031 0.0460123352823825 0.0214110178518903
0.27 0.421137129137376 0.408365272452454 0.227166264399069 0.0907147947888967 0.0348326647751916 0.0166259486159048 0.00510841911263595
0.27 0.456686390795994 0.507242248155119 0.352377568141844 0.154385676277321 0.0548944830837182 0.0200182140369049 0.00372547216706783
0.27 0.49876877406568 0.663586358913508 0.606825549357859 0.37654592722597 0.157379380894297 0.0547571875102074 0.00942862613103835
0.27 0.496048365333428 0.717503487369327 0.782078653661104 0.635869403394841 0.374800178092812 0.152781765750001 0.0231062975000066
0.27 0.453119661692924 0.593646372479774 0.62824663145428 0.551529652823097 0.394431803938193 0.212891741897312 0.0531520635849249
0.27 0.453794466737371 0.540483763087853 0.512751089869278 0.435982798710494 0.341074050058698 0.227262133588935 0.0716172287773154
0.27 0.468195806579199 0.57983131403882 0.523420993474802 0.414718899355635 0.323499568709924 0.241918723517119 0.057858252152733
0.27 0.448392427372651 0.544791672401007 0.475201728628094 0.332054565405403 0.230015173889761 0.167630842049239 0.0372265090156447
0.27 0.415646459080887 0.430231063461321 0.297859787323235 0.155243478871877 0.0777985797990457 0.0451760112711939 0.00721620341617288
0.27 0.417162271651398 0.399091091408811 0.233081948229745 0.0967613205823108 0.036878103748918 0.0157764324226451 0.00336986113224565
0.27 0.439752424309962 0.459177577417827 0.288944377816951 0.12240541328998 0.0430094267887604 0.0151927424996019 0.00276596717036503
0.27 0.497098737438177 0.634744026884137 0.54340217834668 0.304303605893102 0.122725994290116 0.0421582543914982 0.00547737658947603
0.27 0.494229728494897 0.71015032936596 0.739769789144153 0.560780674178366 0.29741604356082 0.116845044926315 0.0122001605435215
0.27 0.493026567278177 0.702752077721524 0.823094261316732 0.759410795303131 0.544869814822853 0.28066222827592 0.04347483208767
0.27 0.42385587282768 0.503902407567988 0.451112693048945 0.364909399305169 0.265832327900158 0.162051279281959 0.0438714218588439
0.27 0.423531105043922 0.424746877073789 0.3054843837543 0.179678176947923 0.114037872218479 0.0728669292931204 0.0146917718333064
0.27 0.413137847748329 0.396853726434611 0.215435816114057 0.0881399047057445 0.0362040151465992 0.0190609462183384 0.00334653756536295
0.27 0.415003081554017 0.39080094034915 0.205868328133817 0.0642649360585119 0.0188356475699883 0.00654724549183309 0.0009054832380416
0.27 0.430301910961422 0.432409261042706 0.252080117322185 0.0898195116446997 0.022708941720842 0.00605644563333162 0.000370247446560109
0.27 0.446721373884095 0.493116001233946 0.339658960138085 0.148923476173949 0.0457956024742888 0.0108416280247236 0.000665840164349248
0.27 0.430172216454876 0.468539336133816 0.325191240351642 0.152276639278533 0.0534097369244782 0.0147537070496701 0.00171196780011966
0.27 0.433601426015018 0.458525551862934 0.320413205743799 0.15553615830255 0.0595596050593459 0.018958573628765 0.00140065797268891
0.27 0.465449926189741 0.545816284552474 0.430353709195936 0.24608258031856 0.10803690909336 0.0394487334001238 0.00661697104936543
0.27 0.497096156052843 0.67200174377684 0.646457039662265 0.45382152106404 0.247005049175418 0.105959867717621 0.00804119358220648

# True survival by age
0.777279790700883 0.776449740929653 0.775647547139022 0.775189306718892 0.775251597051903 0.775513657146385 0.776275123261108 0.778387343669879
0.776940866073816 0.775820818624416 0.774726122471338 0.77406424945985 0.773851252093903 0.77412439703126 0.774550040440566 0.777954821657166
0.76883210835521 0.760873454368869 0.753056107010146 0.748230228406029 0.746383783357523 0.746226458898563 0.748603139693817 0.769592054071115
0.775875607977021 0.773981241903645 0.772208209767224 0.771226387657417 0.770909510333134 0.770886733725606 0.77105327271769 0.77646501142089
0.775129896520326 0.772505107973787 0.770169127828205 0.768881575223801 0.768547932117497 0.768584711392305 0.768765744068903 0.775419450334538
0.775334976727619 0.772895342806582 0.770556336126076 0.769402848003017 0.769130094636111 0.769260078402448 0.769498084151312 0.775202586807547
0.774608347284206 0.77155842971678 0.768653436113516 0.766968557726071 0.766701922493451 0.766909507522926 0.767318840089218 0.774111276194879
0.73748791001206 0.703614476959967 0.671359805509607 0.653001177248059 0.647265252694341 0.650405535279598 0.655343886732063 0.727233092288681
0.731911639836227 0.703524017148396 0.685558864370827 0.688619619391617 0.699318818842872 0.707038395618215 0.713941580272077 0.751555131505035
0.736585782664078 0.712514925630898 0.709653085251085 0.725485209603279 0.743688046991588 0.753888526429976 0.7585917877433 0.770461390216038
0.761974263963071 0.752132890033631 0.750959126718665 0.760168227060383 0.768614885296204 0.773234986335117 0.775187916116007 0.777510123749312
0.77582430582111 0.77399571629815 0.773215021085317 0.774340639965092 0.776292958611226 0.777536852003459 0.778135606427386 0.778646227962214
0.777436043192041 0.776743741374691 0.776197119228121 0.776321399493149 0.777040313418522 0.777860114661606 0.778337711583269 0.778741809032871
0.778106073704591 0.777970946364082 0.777843675078811 0.77781700186941 0.777967645112401 0.778238161349543 0.778506856852451 0.778737882604358
0.778241459758726 0.778219771509135 0.77819979589835 0.778192138541772 0.778222221384263 0.778327481669519 0.778485948492257 0.778701927506853
0.778130723392412 0.778014573550931 0.777899294906047 0.777827447571849 0.777803565219481 0.777849230229097 0.77802228248475 0.778480615649473
0.777417324086074 0.776694827125913 0.775974623162855 0.775510026802861 0.775306596813861 0.77525424465551 0.775438171115559 0.777308208525859
0.763117322933375 0.75029625605745 0.737568223121896 0.729391527800719 0.725701992042236 0.724336547302879 0.724440527088989 0.753101009684051
0.754162010427665 0.735724423889672 0.719022747125441 0.710434987512223 0.707741981516541 0.706982608046624 0.707185325981087 0.744643780051785
0.769192686890111 0.762753423627472 0.758342811776227 0.757418221080018 0.75839577059186 0.759276743409103 0.759803576785644 0.770128748973011
0.774986838181177 0.772375601328089 0.770563600568444 0.770392734779478 0.771111589758929 0.771879845794832 0.772355563941929 0.77563209090925
0.775770864701532 0.773696842098656 0.771855781389835 0.771428333756282 0.772081551120199 0.772947256832345 0.773651028525207 0.776385206254151
0.764835396865527 0.753593496813207 0.742864505877727 0.737471852987003 0.739280249449507 0.744369418871877 0.74944929091474 0.765525774512105
0.728801163768506 0.690450851117929 0.655911943602056 0.639299432486922 0.639257121548069 0.653846154121875 0.673739710311865 0.725958641333688
0.7249849346559 0.69523572728929 0.683638303370311 0.697649252656117 0.717279709843098 0.730315071335048 0.741026503642692 0.75840573351729
0.728779005042602 0.7023543626667 0.705483511774197 0.732114896347319 0.755320043630845 0.766026164698187 0.770342358438129 0.774864921670417
0.750345331854735 0.734799502909429 0.736271150175669 0.755170597257917 0.769368540325482 0.775179589249145 0.777072445609842 0.778269768880527
0.777584748688417 0.777158838519249 0.777147514273166 0.777696144208372 0.778323705615236 0.778632093220963 0.778739377450798 0.778789375298699
0.775764208827943 0.773644469611021 0.77216354712072 0.772806829547494 0.775098242064249 0.777255990520937 0.778263602594391 0.778708336887574
0.748124101927931 0.722891742145656 0.698172882507968 0.69101376606489 0.707453900402916 0.736753266566081 0.761661572726938 0.776208820107742
0.748543336872191 0.728433755850246 0.713012825360135 0.709256644894154 0.717773502439123 0.735163306311331 0.755248937549002 0.772920948417802
0.757603803254045 0.743586856431027 0.737041478245781 0.739248026611343 0.745189269854698 0.752511994070909 0.761285465656989 0.773281558165957
0.745200337495571 0.720960993328082 0.707364642350645 0.71437965571657 0.727776909013033 0.73900540360778 0.749042421095245 0.771683965513882
0.725558070224389 0.690787292818195 0.672048457388489 0.685743825867936 0.713790619497976 0.733772003923353 0.745985555639151 0.771513563531079
0.726444427139044 0.6985793779647 0.695909056285371 0.721449842607672 0.74891660512918 0.763825989353754 0.770105481250105 0.77741187535211
0.739915186013744 0.719099754878119 0.721820062942841 0.745551243452524 0.765001935102028 0.773542338592072 0.776551310137066 0.778320311641126
0.776466122965582 0.775397802047598 0.775401773351848 0.776697882209409 0.777915397199651 0.778490425245208 0.778691235107353 0.778780853837021
0.77455189571347 0.771429737113644 0.769601998578205 0.770993395289984 0.774442256105571 0.777045092920631 0.778197908386972 0.778722484575722
0.773751942371782 0.770007980184881 0.766405175240996 0.765980280401909 0.769107271043121 0.77366483549694 0.776783679300673 0.778590236603258
0.730384482515646 0.690839348998081 0.653658116517802 0.632330651660392 0.643697071021173 0.681874554101946 0.728875663059211 0.771067571157882
0.730192328128546 0.702878520768726 0.688709678350933 0.698203951941587 0.713621523657905 0.731323005103214 0.749859239544491 0.770965804060101
0.724095925976284 0.693373672091106 0.693271170012147 0.717324627034996 0.742650087752873 0.755858674219872 0.764141834077289 0.775845256198423
0.725182514879361 0.69713264719279 0.700485003841852 0.736313142498898 0.761422016475629 0.771662968477397 0.775042920671329 0.778141031768305
0.73421942484779 0.710654100542156 0.714759592690177 0.745090435883596 0.768280453848353 0.775717664557514 0.777729131251942 0.778652578635113
0.744172260997509 0.724003857929073 0.723880793173119 0.746815655242417 0.767408065347695 0.775920768361515 0.778032720129329 0.778753831231627
0.734141868740358 0.705317395751152 0.697851411002498 0.723085039043782 0.754378863623882 0.771291561856846 0.777023113384758 0.778691610815063
0.736198030269258 0.711315586852105 0.70545400948323 0.727934707987033 0.754988628847773 0.770449790107101 0.776494016929229 0.778533123336914
0.755859374147425 0.742352379933451 0.740411337400659 0.752014506225022 0.765805034531214 0.773825332460885 0.777217138577621 0.778683791081419
0.776464396390549 0.775195968025547 0.774756949846268 0.775665970878037 0.777019238817438 0.778020493341619 0.778516083912858 0.7787530644265
0.776874274627118 0.775705499949558 0.774842213471037 0.775073181531643 0.776204219646675 0.777391775104164 0.778196931255334 0.778755000643593

# True Numbers-at-age
26.4938213244347 29.3644331150569 41.1812264377245 26.6046856869453 17.212548645205 57.6704993162119 31.8436116733936 241.366519470566
62.286891252757 20.5931118939232 22.8000064847321 31.9421172745977 20.6236678531371 13.3440558265288 44.7242598341736 212.59604751838
65.9629118397912 48.3932312349626 15.9765649275677 17.6637606162378 24.72525103432 15.959651190919 10.329959170663 200.031297495413
37.3344469402778 50.7144045830356 36.8211250178174 12.0312497877489 13.2165596403971 18.4545264114602 11.9095139934557 161.675536986073
4.28861159293414 28.9668867182738 39.2519978415818 28.4335750316239 9.27881731280968 10.1887715206672 14.2263495877835 134.718267413501
4.02805741202988 3.32423106024691 22.3770679519646 30.2306769431656 21.8620519595591 7.13121585825591 7.8309340186541 115.399895094035
103.494881708861 3.1230937998137 2.56928270487782 17.2427914943101 23.2595689371308 16.8147620925953 5.48575967022672 95.484185918685
214.361499570798 80.1679992728754 2.40964934804247 1.97488797945137 13.2246789235624 17.8331562204671 12.8954009155474 78.1247117651089
244.708183971811 158.089014305519 56.4073648773112 1.61774171764814 1.28960417551478 8.55987514526111 11.5987835172976 65.2657978780651
112.807045522903 179.104768212154 111.219418411249 38.6705690074403 1.1140086858808 0.901844468795832 6.05216038939765 57.3316991406034
43.5336344384853 83.0920659165101 127.614820602822 78.9272034153741 28.0549258618409 0.828474943934361 0.679890197649515 48.7629797928193
19.1658391523229 33.1715090589022 62.4962756766497 95.8335142362542 59.9979522870991 21.5634336232924 0.640605811952073 38.4407531186037
7.89255949293042 14.8693238558299 25.6746059147356 48.3230591150745 74.2077847438048 46.5759878915673 16.7663642978403 30.4302256077917
28.3554500935171 6.13596022284161 11.5496542434893 19.9285551483351 37.5142248800048 57.6624403154203 36.2296032818121 36.7471825582426
7.93855346348359 22.063547940393 4.77359878141645 8.9838255026453 15.5007690170672 29.1848531881144 44.8751115300004 56.8214177130164
16.9786964944971 6.17811143579416 17.1702892368535 3.7148135973989 6.99114238018966 12.0630428976264 22.7153732847997 79.1815912599261
53.396550441475 13.2116453855232 4.80666073406953 13.3567558906812 2.88948397866998 5.43773546826853 9.38322863213925 79.3144004826651
116.395528694991 41.5114033596385 10.2614166287578 3.7298467517913 10.3582981187815 2.2402359900508 4.21562750308899 68.9278481991482
82.5432500100711 88.8234442591367 31.1458505244274 7.56849482958639 2.7205186207516 7.51703757896706 1.62268480217704 54.9636034844761
18.1751339059808 62.2509833748286 65.3495773554498 22.3945750056322 5.37692352974353 1.92542523940339 5.31441483236262 42.0758443447399
29.5641499744874 13.9801800837289 47.4821506933273 49.5573822401199 16.9620591626089 4.07783606375335 1.4619306054519 36.4417287653494
94.5181628327045 22.9118271122422 10.7979499988451 36.5880170009838 38.1786472324779 13.0796404064644 3.14759947206654 29.3945045158335
96.8892305655656 73.3244369107274 17.7268082834521 8.33446013376695 28.2250329905154 29.4770291749224 10.1098721725301 25.2566020202136
318.597124846737 74.1043131116099 55.2568188134144 13.1686166762759 6.14642975849541 20.8662094299488 21.9417990770063 26.9114163540094
390.733807973601 232.193955361602 51.1653860594206 36.2436074251733 8.41868916778097 3.92914899521317 13.6432907868736 34.3196366065853
57.9054963850887 283.276124241592 161.429533428 34.9786177169493 25.2853256337338 6.03855492352516 2.86951672872514 36.1382492446417
58.585114505861 42.2003100420229 198.960221700396 113.885874146856 25.6083670842168 19.0985132608919 4.62569106838733 30.2127719546391
18.8837555473607 43.9590671856479 31.0087668415022 146.488671270557 86.0032635987211 19.702272003703 14.8047776648476 27.1081841175244
147.038097436676 14.6837203115879 34.1631775963877 24.0983860715496 113.92367481732 66.9383788191605 15.3408212914521 32.6406291163898
163.839091245493 114.066893325529 11.359979012375 26.3795603937419 18.6233973371657 88.3020400804039 52.0282559329523 37.3567328592302
132.649536153637 122.571972998723 82.4580152372344 7.93122929229989 18.2286393748158 13.1751950849312 65.0568164736866 68.6245487758753
113.322416595144 99.2939264269917 89.2855626534347 58.7936224178895 5.62527707774286 13.0840343287612 9.68591997993479 102.175442846665
207.424246780791 85.8534938064207 73.8336586145405 65.8071630840938 43.4630693497573 4.19189611829357 9.84589276322833 86.3841357530071
514.608188920048 154.57261870581 61.8970201753634 52.227319519314 47.0112985076991 31.6314182675855 3.09783388278142 74.0362437885827
117.145014880503 373.378124474498 106.776800819606 41.5977969257972 35.8145619020015 33.5562238852148 23.2102491691439 59.4309056061097
108.052887006295 85.0993432270615 260.834257941021 74.3069426915429 30.0107240449423 26.8221201138359 25.6311159081003 64.0766318874584
98.9180158774318 79.9499719885845 61.1949168548689 188.275400484637 55.3996335208353 22.9582619681938 20.748045518854 69.7760207382706
32.5647704595001 76.8064882797973 61.9930325537155 47.4506470493842 146.233104828546 43.0962279150757 17.8727871225101 70.4965501990401
106.85570288202 25.2231046928798 59.2508090623062 47.7099617512631 36.5841354773114 113.249095620742 33.4877124247987 68.8058142807966
405.091690109682 82.6798076584647 19.4219918985562 45.4101267025676 36.5448898801969 28.1371246004268 87.6168429335982 79.5842436892632
149.082671759603 295.872684452148 57.1184644980603 12.6953426434342 28.7142150098155 23.523838576674 19.1859892906269 125.226613972298
621.695961196949 108.859023175768 207.962554783598 39.3380393123583 8.86393840489833 20.4910818659453 17.2035243194562 110.932228470255
51.5162524742812 450.167512698621 75.4799806396332 144.17444367354 28.2181443780254 6.58280463423381 15.4883619725242 99.2121758442295
260.11341596413 37.3586855264593 313.826469807783 52.8725945283363 106.157537689295 21.4859163935165 5.07970656495962 89.2052101750072
233.25972517843 190.980322664377 26.5491030602432 224.310479735207 39.3948645034148 81.558761235355 16.6670048856567 73.4105027042374
367.237220332551 173.58541708569 138.270490397548 19.2183857812838 167.51857790119 30.2319367532001 63.28313668435 70.1361853811608
142.07103868533 269.604219205953 122.432814319256 96.4922568239365 13.896527233018 126.372474432988 23.3176377163331 103.786919062107
22.2198732629453 104.592418838447 191.773683402286 86.370719753835 70.240062794142 10.491720041402 97.3636464022109 98.9075604345935
88.0375003085549 16.7950994981649 77.6444310477176 141.991409406137 64.95203416798 53.7901937135425 8.11875874912444 152.690408784034
21.5129807214697 68.3579845368148 13.0194934135653 60.1555625710785 110.137904433352 50.468980148848 41.8498730499516 125.228708016703

