# Simulated data from SIR age-structured hybrid model
# random seed = 1099083
# Flag=0 if no issues, =1 if negative pop #'s, =2 if NaN, or=3 if NA. Flag:
0

# Number of years (nyr)
50

# Starting age
0

# Ending age
8

# Sample size for comp data
200

# Sample size for fishery age comp data
200

# Sample size for antibody prevalence data
200

# Survey data
11674.5039453416
8481.2754986614
12155.9496939161
39248.8386516048
13998.5322975684
23810.0079007574
21422.1481263297
18606.2303649655
16703.5067119921
17972.4958800361
28586.3181651949
27151.3316103499
19781.6333754762
15992.5314647657
16111.8329980475
25243.9035259096
16974.5880246938
12391.7248058541
11267.6470002504
11316.994734433
25123.3210782245
16865.5521559968
29487.5248046472
25062.9920374594
18258.6176618784
16002.0646722026
20223.2892837058
19162.3042109199
24931.7261880515
22362.1700229627
19981.8330882482
21468.9074540994
19390.2862724824
8886.66305028123
10275.6558251498
13997.504920637
9558.12630804772
21182.1018897972
28423.3321104501
16385.480016317
9595.98271508357
21030.9907690046
14149.8917280712
10522.5733245392
12774.755952271
9555.46756192733
7662.85831284284
5821.41865456036
6060.81122662621
8461.69525175919

# Catches
0
0
0
0
0
0
0
0
0
0
0
0
0
0
0
0
0
0
0
0
0
0
0
0
0
0
0
0
0
0
0
0
0
0
0
0
0
0
0
0
0
0
0
0
0
0
0
0
0
0

# Catch compositions
-999 -999 -999 -999 -999 -999 -999 -999
-999 -999 -999 -999 -999 -999 -999 -999
-999 -999 -999 -999 -999 -999 -999 -999
-999 -999 -999 -999 -999 -999 -999 -999
-999 -999 -999 -999 -999 -999 -999 -999
-999 -999 -999 -999 -999 -999 -999 -999
-999 -999 -999 -999 -999 -999 -999 -999
-999 -999 -999 -999 -999 -999 -999 -999
-999 -999 -999 -999 -999 -999 -999 -999
-999 -999 -999 -999 -999 -999 -999 -999
-999 -999 -999 -999 -999 -999 -999 -999
-999 -999 -999 -999 -999 -999 -999 -999
-999 -999 -999 -999 -999 -999 -999 -999
-999 -999 -999 -999 -999 -999 -999 -999
-999 -999 -999 -999 -999 -999 -999 -999
-999 -999 -999 -999 -999 -999 -999 -999
-999 -999 -999 -999 -999 -999 -999 -999
-999 -999 -999 -999 -999 -999 -999 -999
-999 -999 -999 -999 -999 -999 -999 -999
-999 -999 -999 -999 -999 -999 -999 -999
-999 -999 -999 -999 -999 -999 -999 -999
-999 -999 -999 -999 -999 -999 -999 -999
-999 -999 -999 -999 -999 -999 -999 -999
-999 -999 -999 -999 -999 -999 -999 -999
-999 -999 -999 -999 -999 -999 -999 -999
-999 -999 -999 -999 -999 -999 -999 -999
-999 -999 -999 -999 -999 -999 -999 -999
-999 -999 -999 -999 -999 -999 -999 -999
-999 -999 -999 -999 -999 -999 -999 -999
-999 -999 -999 -999 -999 -999 -999 -999
-999 -999 -999 -999 -999 -999 -999 -999
-999 -999 -999 -999 -999 -999 -999 -999
-999 -999 -999 -999 -999 -999 -999 -999
-999 -999 -999 -999 -999 -999 -999 -999
-999 -999 -999 -999 -999 -999 -999 -999
-999 -999 -999 -999 -999 -999 -999 -999
-999 -999 -999 -999 -999 -999 -999 -999
-999 -999 -999 -999 -999 -999 -999 -999
-999 -999 -999 -999 -999 -999 -999 -999
-999 -999 -999 -999 -999 -999 -999 -999
-999 -999 -999 -999 -999 -999 -999 -999
-999 -999 -999 -999 -999 -999 -999 -999
-999 -999 -999 -999 -999 -999 -999 -999
-999 -999 -999 -999 -999 -999 -999 -999
-999 -999 -999 -999 -999 -999 -999 -999
-999 -999 -999 -999 -999 -999 -999 -999
-999 -999 -999 -999 -999 -999 -999 -999
-999 -999 -999 -999 -999 -999 -999 -999
-999 -999 -999 -999 -999 -999 -999 -999
-999 -999 -999 -999 -999 -999 -999 -999

# Age composition from fishery-independent survey
0 0 4 29 42 34 23 68
0 0 14 45 27 26 25 63
0 0 7 98 26 13 14 42
0 0 6 35 117 13 5 24
0 0 5 37 47 63 14 34
0 0 1 27 44 35 60 33
0 0 1 7 32 50 40 70
0 0 4 19 13 41 34 89
0 0 9 25 39 6 20 101
0 0 4 70 17 25 7 77
0 0 2 16 119 16 9 38
0 0 1 21 22 87 13 56
0 0 3 26 20 24 70 57
0 0 0 25 37 15 20 103
0 0 0 10 33 33 19 105
0 0 3 9 26 29 30 103
0 0 4 12 19 18 22 125
0 0 0 39 26 15 20 100
0 0 8 6 66 15 10 95
0 0 2 43 13 57 8 77
0 0 13 29 63 9 36 50
0 0 5 55 40 37 2 61
0 0 0 23 84 28 30 35
0 0 2 7 45 55 21 70
0 0 0 8 27 45 61 59
0 0 12 13 13 16 35 111
0 0 4 79 22 6 8 81
0 0 5 31 90 8 1 65
0 0 3 25 32 75 10 55
0 0 1 23 57 26 49 44
0 0 0 7 49 33 25 86
0 0 1 9 18 43 25 104
0 0 3 6 15 17 47 112
0 0 0 25 9 16 13 137
0 0 0 29 37 6 7 121
0 0 5 31 29 35 6 94
0 0 8 50 36 20 22 64
0 0 8 67 53 7 12 53
0 0 2 53 68 37 5 35
0 0 2 9 78 49 17 45
0 0 1 23 19 57 44 56
0 0 3 8 33 18 54 84
0 0 0 26 14 31 21 108
0 0 0 9 28 10 32 121
0 0 1 4 19 27 20 129
0 0 0 2 9 20 26 143
0 0 1 2 6 10 18 163
0 0 2 12 7 7 6 166
0 0 2 16 24 3 12 143
0 0 2 24 34 14 1 125

# Antibody prevalence values
0 0 0 0 0 4 0 19 0 47 0 31 1 22 25 51
0 0 0 0 0 17 0 27 0 30 0 40 1 20 18 47
0 0 0 0 0 3 0 99 0 30 0 12 0 12 12 32
0 0 0 0 0 2 2 30 35 69 15 6 5 1 29 6
0 0 0 0 0 2 1 30 16 37 52 28 7 1 25 1
0 0 0 0 0 2 0 28 1 45 11 27 32 25 28 1
0 0 0 0 0 3 0 4 0 43 2 33 11 17 67 20
0 0 0 0 0 7 0 20 1 6 6 22 6 30 76 26
0 0 0 0 0 11 0 26 2 26 0 8 11 20 55 41
0 0 0 0 0 0 0 89 0 24 0 19 0 3 42 23
0 0 0 0 0 1 3 21 31 77 13 7 5 5 30 7
0 0 0 0 0 3 0 20 6 17 49 31 11 0 57 6
0 0 0 0 0 1 0 24 0 21 5 18 51 20 56 4
0 0 0 0 0 1 0 27 0 35 0 16 3 13 81 24
0 0 0 0 0 1 0 16 0 37 1 37 2 13 71 22
0 0 0 0 0 2 0 4 2 23 3 17 2 28 92 27
0 0 0 0 0 15 0 15 0 21 1 13 4 21 78 32
0 0 0 0 0 1 0 39 0 22 2 19 3 16 45 53
0 0 0 0 0 5 0 14 10 64 5 17 5 5 48 27
0 0 0 0 0 4 0 47 0 12 9 55 3 6 36 28
0 0 0 0 0 12 1 37 6 40 1 11 9 13 53 17
0 0 0 0 0 7 3 66 5 32 16 14 4 2 44 7
0 0 0 0 0 0 0 23 15 56 10 18 20 7 45 6
0 0 0 0 0 1 0 13 13 23 55 16 20 2 57 0
0 0 0 0 0 0 0 8 0 17 12 31 47 21 59 5
0 0 0 0 0 17 0 17 0 18 1 16 5 28 74 24
0 0 0 0 0 1 0 75 0 21 0 11 0 11 63 18
0 0 0 0 0 3 0 24 17 63 6 14 1 2 53 17
0 0 0 0 0 2 0 31 10 29 42 22 9 3 49 3
0 0 0 0 0 1 0 25 0 49 8 29 18 17 49 4
0 0 0 0 0 2 0 7 3 53 5 29 6 16 70 9
0 0 0 0 0 1 0 6 0 22 4 39 4 30 67 27
0 0 0 0 0 1 0 4 0 18 1 13 3 28 90 42
0 0 0 0 0 4 0 21 0 5 0 14 1 19 69 67
0 0 0 0 0 3 0 23 2 37 1 4 1 5 60 64
0 0 0 0 0 6 0 26 0 25 4 33 0 4 61 41
0 0 0 0 0 14 0 53 0 22 0 25 1 19 37 29
0 0 0 0 0 8 0 57 0 55 1 20 1 10 21 27
0 0 0 0 0 1 0 49 19 56 8 27 5 4 24 7
0 0 0 0 0 3 0 10 18 61 29 25 10 5 35 4
0 0 0 0 0 3 0 14 3 12 31 40 28 18 41 10
0 0 0 0 0 2 0 11 1 25 2 13 28 39 57 22
0 0 0 0 0 1 0 21 0 24 1 27 6 20 59 41
0 0 0 0 0 1 0 12 0 35 0 14 0 19 72 47
0 0 0 0 0 0 0 4 2 23 3 22 2 10 67 67
0 0 0 0 0 0 0 4 0 10 1 26 0 25 64 70
0 0 0 0 0 1 0 2 0 7 1 9 0 24 65 91
0 0 0 0 0 1 0 17 0 2 0 9 0 4 69 98
0 0 0 0 0 5 0 21 0 23 0 2 1 6 58 84
0 0 0 0 0 5 0 22 0 30 1 17 0 1 49 75

# Average weight-at-age
70
94
115
134
150
160
165
168

# Maturity logistic function parameter age-at-50%
3

# Maturity logistic function parameter age-at-95%
4

# Infection prevalence index (avg of 3 different samples)
0
0
0.0944444444444444
0.0444444444444444
0
0
0.0277777777777778
0
0
0.0166666666666667
0
0
0
0
0.00555555555555556
0
0
0
0
0.00555555555555556
0.05
0.00555555555555556
0
0
0
0
0
0.0444444444444444
0
0
0
0
0
0.0166666666666667
0
0
0
0.0888888888888889
0.0222222222222222
0
0
0
0
0
0
0.00555555555555556
0
0.00555555555555556
0
0

