# Simulated data from SIR age-structured hybrid model
# random seed = 6279617
# Flag=0 if no issues, =1 if negative pop #'s, =2 if NaN, or=3 if NA. Flag:
0

# True SSB
42101.937604157
76504.0251090686
98400.7366718658
85685.9540189651
80487.5451908087
71320.5720188316
57558.8545879483
45730.2689064945
37084.076477869
30204.115701036
25794.1732782146
23209.1881566922
24756.204195791
24653.1032293168
22953.6701855036
24178.7616759972
28949.6667280772
27927.9709516056
27748.4989713816
27023.0298685319
28125.1719015228
25866.5183628077
26558.2854284038
23426.8414722414
27629.2784707668
29888.773581224
29480.0712542007
30467.9359488638
38697.2534746722
48565.6172810114
59300.1009403645
58689.3832257644
57827.3206724385
64256.9802462865
55424.1913961805
51898.518743424
40988.566513165
32636.7142177481
26834.5776539874
23365.3545652853
21549.127343088
22785.0905145003
45896.118713485
57173.4873957353
41157.0753469178
32601.0335531883
23915.1089348634
20217.5441340618
17937.2212109483
15330.522289328

# True R (numbers)
223.502193985474
260.052410048245
45.6662113199295
31.6821709547873
25.4289667345611
11.9963805581466
17.3248324873583
30.3857293890106
47.9331126905593
116.454439588593
46.3657373963125
30.1952164045115
135.816027990711
150.84100855376
75.4285425713114
90.3709903822657
152.952850558711
82.3115793397885
88.9499840615584
76.7978896751019
68.1319439379811
464.263879993351
105.843810015905
203.008881314932
50.0557005416414
550.050584075998
275.496854916016
480.616571997296
78.2129013463548
341.928498645443
142.948471667925
281.691668156414
79.4885652210088
10.127697370752
19.0284480823425
22.6955622003261
7.80752401376589
30.0943005880702
117.223042121076
679.930442235171
316.633469100032
35.9448640190019
6.33488090252466
15.9070007734098
13.3470974186471
22.5474721008047
51.7253203776152
33.5672947752831
30.3143072027434
41.2717612541021

# True infection rate given (selected) susceptible
-999 -999 0.810442727242087 0.810442727242087 0.810442727242087 0.810442727242087 0.810442727242087 0.810442727242087
-999 -999 0.942995152841622 0.942995152841622 0.942995152841622 0.942995152841622 0.942995152841622 0.942995152841623
-999 -999 0.889867450334268 0.889867450334267 0.889867450334268 0.889867450334268 0.889867450334267 0.889867450334268
-999 -999 0.0139304749266225 0.0139304749266226 0.0139304749266222 0.0139304749266229 0.0139304749266218 0.0139304749266214
-999 -999 0.486221257084565 0.486221257084565 0.486221257084564 0.486221257084564 0.486221257084564 0.486221257084565
-999 -999 0.0546120694644309 0.0546120694644316 0.0546120694644308 0.0546120694644319 0.0546120694644323 0.0546120694644317
-999 -999 0.0124735967094689 0.0124735967094697 0.0124735967094694 0.012473596709469 0.012473596709469 0.012473596709468
-999 -999 0.011724778731531 0.0117247787315311 0.0117247787315306 0.0117247787315304 0.0117247787315309 0.0117247787315305
-999 -999 0.106027237305496 0.106027237305497 0.106027237305497 0.106027237305496 0.106027237305496 0.106027237305497
-999 -999 0.0277422769267525 0.0277422769267526 0.0277422769267525 0.0277422769267525 0.0277422769267533 0.0277422769267524
-999 -999 0.0169766869039239 0.0169766869039246 0.0169766869039235 0.0169766869039243 0.0169766869039242 0.0169766869039238
-999 -999 0.0127220969414712 0.0127220969414711 0.0127220969414715 0.0127220969414717 0.0127220969414711 0.0127220969414713
-999 -999 0.0703449367811993 0.0703449367811988 0.0703449367811981 0.0703449367811987 0.0703449367811981 0.0703449367811981
-999 -999 0.342871875759367 0.342871875759366 0.342871875759366 0.342871875759367 0.342871875759366 0.342871875759366
-999 -999 0.0039342863435559 0.00393428634355563 0.00393428634355548 0.00393428634355513 0.00393428634355524 0.00393428634355414
-999 -999 0.0588547154738355 0.058854715473836 0.0588547154738364 0.0588547154738368 0.058854715473837 0.0588547154738355
-999 -999 0.638312074156818 0.638312074156818 0.638312074156818 0.638312074156818 0.638312074156818 0.638312074156818
-999 -999 0.0231872018372755 0.0231872018372758 0.0231872018372747 0.0231872018372752 0.0231872018372764 0.0231872018372756
-999 -999 0.0257524225996874 0.0257524225996874 0.0257524225996871 0.0257524225996868 0.0257524225996869 0.0257524225996878
-999 -999 0.241431773715695 0.241431773715695 0.241431773715696 0.241431773715695 0.241431773715694 0.241431773715694
-999 -999 0.342160544592791 0.34216054459279 0.342160544592791 0.342160544592791 0.34216054459279 0.34216054459279
-999 -999 0.0083360820812904 0.00833608208129011 0.00833608208129056 0.00833608208129103 0.00833608208129028 0.00833608208128975
-999 -999 0.0421032873601713 0.0421032873601703 0.0421032873601707 0.0421032873601704 0.0421032873601698 0.0421032873601698
-999 -999 0.038167395828219 0.0381673958282192 0.0381673958282186 0.0381673958282185 0.0381673958282186 0.038167395828219
-999 -999 0.775505383396867 0.775505383396867 0.775505383396867 0.775505383396867 0.775505383396868 0.775505383396867
-999 -999 0.644063387458673 0.644063387458673 0.644063387458673 0.644063387458672 0.644063387458672 0.644063387458672
-999 -999 0.0119245941003697 0.0119245941003691 0.011924594100369 0.0119245941003697 0.01192459410037 0.0119245941003694
-999 -999 0.336854312017566 0.336854312017566 0.336854312017566 0.336854312017566 0.336854312017566 0.336854312017566
-999 -999 0.820836675421488 0.820836675421488 0.820836675421488 0.820836675421488 0.820836675421488 0.820836675421488
-999 -999 0.763196220597711 0.763196220597711 0.763196220597711 0.763196220597711 0.763196220597711 0.763196220597711
-999 -999 0.740623340246019 0.740623340246019 0.74062334024602 0.740623340246019 0.740623340246019 0.740623340246019
-999 -999 0.617710665010445 0.617710665010445 0.617710665010445 0.617710665010445 0.617710665010445 0.617710665010445
-999 -999 0.484771015928914 0.484771015928914 0.484771015928914 0.484771015928914 0.484771015928914 0.484771015928913
-999 -999 0.600493259251264 0.600493259251264 0.600493259251264 0.600493259251264 0.600493259251263 0.600493259251264
-999 -999 0.158428339659691 0.158428339659691 0.158428339659691 0.158428339659691 0.158428339659691 0.158428339659691
-999 -999 0.561150682803447 0.561150682803447 0.561150682803447 0.561150682803447 0.561150682803447 0.561150682803447
-999 -999 0.00174843897446325 0.00174843897446195 0.00174843897446264 0.00174843897446294 0.0017484389744619 0.00174843897446249
-999 -999 0.00166515483805815 0.00166515483805753 0.00166515483805739 0.0016651548380573 0.00166515483805726 0.00166515483805733
-999 -999 0.00374951540367497 0.00374951540367436 0.00374951540367549 0.00374951540367584 0.0037495154036755 0.00374951540367431
-999 -999 0.00666486375638181 0.00666486375638181 0.00666486375638209 0.00666486375638115 0.00666486375638184 0.00666486375638117
-999 -999 0.00438694890062344 0.00438694890062358 0.00438694890062395 0.00438694890062335 0.00438694890062439 0.00438694890062365
-999 -999 0.0397773387164495 0.0397773387164497 0.0397773387164498 0.0397773387164496 0.0397773387164487 0.0397773387164495
-999 -999 0.907788803216687 0.907788803216688 0.907788803216687 0.907788803216687 0.907788803216687 0.907788803216687
-999 -999 0.825240864234243 0.825240864234243 0.825240864234243 0.825240864234243 0.825240864234243 0.825240864234243
-999 -999 0.00929919550447028 0.00929919550446954 0.00929919550446994 0.00929919550447068 0.00929919550447062 0.00929919550446997
-999 -999 0.00324248824064928 0.00324248824064918 0.00324248824064841 0.00324248824064846 0.00324248824064848 0.00324248824064951
-999 -999 0.00181403339312348 0.00181403339312306 0.00181403339312369 0.00181403339312363 0.00181403339312422 0.00181403339312267
-999 -999 0.00554364493267922 0.00554364493267947 0.00554364493268017 0.00554364493268065 0.00554364493268112 0.00554364493267932
-999 -999 0.00544793118564789 0.00544793118564772 0.00544793118564675 0.00544793118564787 0.00544793118564703 0.00544793118564755
-999 -999 0.00306765701151248 0.00306765701151278 0.00306765701151244 0.00306765701151217 0.00306765701151165 0.0030676570115111

# Duration of outbreak (days) based on incidence
0
2
0
0
0
0
0
0
0
0
0
0
0
0
0
0
0
0
0
0
0
0
0
0
0
0
0
0
0
0
0
0
0
0
0
0
0
0
0
0
0
0
2
0
0
0
0
0
0
0

# Duration of outbreak (days) based on prevalence
29
24
19
0
0
0
0
0
0
0
0
0
0
0
0
0
23
0
0
0
0
0
0
0
31
3
0
0
26
20
16
0
0
0
0
0
0
0
0
0
0
0
28
22
0
0
0
0
0
0

# Peak (point) prevalence
0.27551423704192
0.45382659625715
0.23187635215732
0.000520622258304628
0.0409073404877943
0.00415284793281736
0.000622498083275044
0.000523172770235259
0.00745428169830762
0.00149864356775847
0.000917953628954089
0.000826811711212203
0.010319986767781
0.0487712918039673
0.000253890333262552
0.0107645990183154
0.13678438706752
0.00256831218551649
0.00388788636729554
0.0450562160451506
0.0501982030835623
0.000786187725224968
0.00721094931543675
0.00718439975666974
0.260918540246978
0.100543140174996
0.00094492632416418
0.0455981271807113
0.251249107205383
0.156108160178418
0.130624541821552
0.0640405122786342
0.039249201718389
0.0675924340005295
0.0157977000160786
0.0620482224898453
4.35953165518898e-05
4.44102212771504e-05
0.000113662906880474
0.000242195183775279
0.000183990467426838
0.00593706175576949
0.452070495654715
0.217698233317942
0.00036460892280536
0.000107719940811161
5.67185439226185e-05
0.000198079560937668
0.000230349752264326
0.000155178522557138

# Day of peak prevalence
37
16
21
119
84
119
119
119
119
119
119
119
119
106
119
119
65
119
119
119
105
119
119
119
45
58
119
107
36
41
44
61
87
64
119
75
75
70
82
108
86
119
23
28
119
99
83
100
95
98

# Total immunity
0.0415604105564357
0.105230147716981
0.303022555905132
0.498483719198127
0.48102097880619
0.602996458019423
0.590209853743038
0.539353296751069
0.457933409489392
0.32623856266593
0.284479878629666
0.257512928590868
0.166408087460598
0.1193184553704
0.150047361364427
0.119267855751395
0.0904756579929587
0.193207657606284
0.157322781289592
0.130576584600495
0.156454128881443
0.0929912859906409
0.0798621884972682
0.0597517929124392
0.0581974839265621
0.0991224967594257
0.113231496939992
0.068510480631794
0.0860098555721765
0.139409056590456
0.206339260933602
0.233881614441092
0.278734204672368
0.341660363593518
0.450997691032531
0.461585028615972
0.640998283079235
0.564382731589587
0.352942029690975
0.0974723937410636
0.0698188363601893
0.0670560760489889
0.0697489747583395
0.334274978584424
0.631499980618186
0.57441400846847
0.440608294866975
0.371267306495578
0.317310932548859
0.249387852813303

# Observed immunity (based on survey selectivity)
0.222531860316471
0.258442696416778
0.512381327870597
0.747644538918766
0.613406845726302
0.690120297823521
0.672861595652308
0.649615342888178
0.631588560475843
0.643167660831882
0.604958778265019
0.52550192729314
0.401060396566371
0.341939061701654
0.457456123228505
0.333587295322216
0.24096633226918
0.49120070207018
0.392982522569524
0.294720370453608
0.329960432285445
0.422486647854644
0.338611512169318
0.270138787510818
0.155806435818034
0.447824008852928
0.566080724818739
0.418492671301595
0.309701953919861
0.442963645743177
0.507089171501406
0.612970343183675
0.620859754086727
0.587139274706412
0.622453111970185
0.552386021095993
0.740218428641587
0.71619596303627
0.68120708025164
0.649187128880893
0.585864236966487
0.3783704568748
0.156960427410446
0.428949407369674
0.715739390356889
0.691835644519569
0.674977415143929
0.647408888515358
0.597397981663907
0.499262023135542

# True total proportion of susceptible
1 1 1 0.99013197200518 0.895915706814899 0.781621703918756 0.727598387351521 0.296033062254656
1 1 1 0.970587141657378 0.660514937079092 0.239653059398456 0.164186034333559 0.0583142091536137
1 1 1 0.966367435765914 0.592257678014063 0.0793460110396625 0.0131575426992335 0.00449384602484083
1 1 1 0.9680677332093 0.610963573823034 0.100482050080069 0.00800251643885093 0.000611895036075988
1 1 1 0.999483532959821 0.962979000556211 0.603940329328309 0.0990417544445227 0.00475307210929917
1 1 1 0.982059746868664 0.806758620396044 0.578136352719115 0.326541990955723 0.0338009307279918
1 1 1 0.997955782353719 0.961670468276002 0.772392562157243 0.549951516720316 0.0776120786838696
1 1 1 0.999538068362573 0.993334370094056 0.953065330389114 0.764538442843963 0.150447918209607
1 1 1 0.999569939495245 0.995232554899952 0.985171978474191 0.944678945297366 0.275555447327157
1 1 1 0.996086296706914 0.959849831081026 0.918804631052133 0.905081557378627 0.274395687230142
1 1 1 0.998983884595467 0.985909412971423 0.940863210513304 0.899340667151198 0.29130527376334
1 1 1 0.999377569415092 0.992749608990884 0.974129239047355 0.928801392446982 0.310729070926599
1 1 1 0.999538071384992 0.994752541743022 0.983982000760356 0.964999997097153 0.321407617263383
1 1 1 0.997387488812368 0.973159892909556 0.944274170434499 0.931132882701165 0.325917268934351
1 1 1 0.987423513010878 0.865406564224004 0.713364461995737 0.675020079277995 0.25509182103022
1 1 1 0.999855945649863 0.985988839950855 0.862895469085055 0.711054394530725 0.315863618464576
1 1 1 0.997825216830566 0.977930411982504 0.944328437444865 0.822548034311396 0.416023877008842
1 1 1 0.976629428266252 0.741232144901163 0.445365561272896 0.393170301561383 0.176652763606152
1 1 1 0.999137216641002 0.968084893457163 0.727659435686051 0.435818476713507 0.193487757999349
1 1 1 0.999021811855061 0.989326572528 0.949723555177922 0.711672217592823 0.272008396102522
1 1 1 0.991073411598812 0.90662696560065 0.808440999143588 0.763682484459456 0.330605930452029
1 1 1 0.987207337542472 0.857253179574067 0.654980451002948 0.564188573339533 0.273071544219992
1 1 1 0.999695190873803 0.984175224835939 0.85197110824126 0.650387944797451 0.33282911979009
1 1 1 0.998375603720967 0.983358768299531 0.953237890745216 0.822219164849966 0.415987416700565
1 1 1 0.998520789058832 0.98351862140661 0.955233134078402 0.924163688504207 0.473988512416915
1 1 1 0.971786080468789 0.682081861599331 0.307255817764163 0.250932149999495 0.133993088220855
1 1 1 0.976410688966317 0.717224338889844 0.286461961791893 0.108660717043247 0.0535637349894142
1 1 1 0.999555710854463 0.972013560680524 0.71041107384144 0.283131753241753 0.0621591221765865
1 1 1 0.987235841826047 0.865342827103343 0.70823639970053 0.490548332575698 0.128636569122009
1 1 1 0.970335527485347 0.655116701997219 0.222492007708685 0.139582156125109 0.0316263699277092
1 1 1 0.972500548127603 0.669006660177629 0.2002371457123 0.0521500670118589 0.0143768924756105
1 1 1 0.973033474354195 0.677231968035516 0.215734647953536 0.0497926937663495 0.00431512852615534
1 1 1 0.977339692406459 0.72921636098692 0.301636300582187 0.0805589225204669 0.0111280652604402
1 1 1 0.982366639190207 0.790892568875126 0.426856931690782 0.157724633830784 0.0152095488139273
1 1 1 0.977542913700305 0.739388978332643 0.365475133101782 0.169096783190197 0.0265422966727951
1 1 1 0.994042374981463 0.917394772301166 0.643103293964129 0.309122765615037 0.0318022764812852
1 1 1 0.979233168902521 0.769118689849532 0.478058683152614 0.298405093820975 0.0510240352223575
1 1 1 0.999936025960384 0.978593538644817 0.76808428378649 0.477309523417047 0.0861467613125291
1 1 1 0.999939363105971 0.999329700516211 0.977455140017506 0.767059800723925 0.195676684104937
1 1 1 0.999864744412197 0.998586440980899 0.996759298703986 0.974783689496194 0.253045524232032
1 1 1 0.999759849502507 0.997461656915676 0.99402063410571 0.991957865315087 0.263063870786912
1 1 1 0.999838098387281 0.998140558868018 0.99438838262128 0.990792026953315 0.292501479192947
1 1 1 0.998550809711088 0.985268481367566 0.970334004759622 0.965164812497754 0.3232589552315
1 1 1 0.967372338995272 0.625435560871213 0.16681810468505 0.105331859710602 0.029810229757997
1 1 1 0.969849433665044 0.634146669016416 0.141141009923951 0.0259223326615568 0.00559328734243459
1 1 1 0.999653859655306 0.966433097736232 0.62930315428077 0.139802294047113 0.0121087430520843
1 1 1 0.999879236273828 0.998446251363002 0.964181822668786 0.627540482769059 0.101536514769901
1 1 1 0.999934280293669 0.999222053426883 0.997198652542225 0.962894951235307 0.266490173099015
1 1 1 0.999799574358085 0.997928995693516 0.995411508244734 0.993191973095668 0.301713738989675
1 1 1 0.999798462247666 0.997783553500581 0.994101230672707 0.991388020251302 0.307731221998274

# True vulnerable proportion of susceptible
0 0 0.05 0.49506598600259 0.851119921474154 0.781621703918756 0.727598387351521 0.296033062254656
0 0 0.05 0.485293570828689 0.627489190225138 0.239653059398456 0.164186034333559 0.0583142091536137
0 0 0.05 0.483183717882957 0.56264479411336 0.0793460110396625 0.0131575426992335 0.00449384602484083
0 0 0.05 0.48403386660465 0.580415395131883 0.100482050080069 0.00800251643885093 0.000611895036075988
0 0 0.05 0.49974176647991 0.914830050528401 0.603940329328309 0.0990417544445227 0.00475307210929917
0 0 0.05 0.491029873434332 0.766420689376241 0.578136352719115 0.326541990955723 0.0338009307279918
0 0 0.05 0.498977891176859 0.913586944862202 0.772392562157243 0.549951516720316 0.0776120786838696
0 0 0.05 0.499769034181287 0.943667651589354 0.953065330389114 0.764538442843963 0.150447918209607
0 0 0.05 0.499784969747622 0.945470927154954 0.985171978474191 0.944678945297366 0.275555447327157
0 0 0.05 0.498043148353457 0.911857339526974 0.918804631052133 0.905081557378627 0.274395687230142
0 0 0.05 0.499491942297733 0.936613942322852 0.940863210513304 0.899340667151198 0.29130527376334
0 0 0.05 0.499688784707546 0.94311212854134 0.974129239047355 0.928801392446982 0.310729070926599
0 0 0.05 0.499769035692496 0.945014914655871 0.983982000760356 0.964999997097153 0.321407617263383
0 0 0.05 0.498693744406184 0.924501898264078 0.944274170434499 0.931132882701165 0.325917268934351
0 0 0.05 0.493711756505439 0.822136236012803 0.713364461995737 0.675020079277995 0.25509182103022
0 0 0.05 0.499927972824931 0.936689397953312 0.862895469085055 0.711054394530725 0.315863618464576
0 0 0.05 0.498912608415283 0.929033891383379 0.944328437444865 0.822548034311396 0.416023877008842
0 0 0.05 0.488314714133126 0.704170537656105 0.445365561272896 0.393170301561383 0.176652763606152
0 0 0.05 0.499568608320501 0.919680648784305 0.727659435686051 0.435818476713507 0.193487757999349
0 0 0.05 0.499510905927531 0.9398602439016 0.949723555177922 0.711672217592823 0.272008396102522
0 0 0.05 0.495536705799406 0.861295617320617 0.808440999143588 0.763682484459456 0.330605930452029
0 0 0.05 0.493603668771236 0.814390520595364 0.654980451002948 0.564188573339533 0.273071544219992
0 0 0.05 0.499847595436901 0.934966463594142 0.85197110824126 0.650387944797451 0.33282911979009
0 0 0.05 0.499187801860484 0.934190829884554 0.953237890745216 0.822219164849966 0.415987416700565
0 0 0.05 0.499260394529416 0.93434269033628 0.955233134078402 0.924163688504207 0.473988512416915
0 0 0.05 0.485893040234394 0.647977768519365 0.307255817764163 0.250932149999495 0.133993088220855
0 0 0.05 0.488205344483159 0.681363121945352 0.286461961791893 0.108660717043247 0.0535637349894142
0 0 0.05 0.499777855427232 0.923412882646498 0.71041107384144 0.283131753241753 0.0621591221765865
0 0 0.05 0.493617920913023 0.822075685748176 0.70823639970053 0.490548332575698 0.128636569122009
0 0 0.05 0.485167763742673 0.622360866897358 0.222492007708685 0.139582156125109 0.0316263699277092
0 0 0.05 0.486250274063802 0.635556327168747 0.2002371457123 0.0521500670118589 0.0143768924756105
0 0 0.05 0.486516737177097 0.64337036963374 0.215734647953536 0.0497926937663495 0.00431512852615534
0 0 0.05 0.48866984620323 0.692755542937574 0.301636300582187 0.0805589225204669 0.0111280652604402
0 0 0.05 0.491183319595103 0.75134794043137 0.426856931690782 0.157724633830784 0.0152095488139273
0 0 0.05 0.488771456850152 0.70241952941601 0.365475133101782 0.169096783190197 0.0265422966727951
0 0 0.05 0.497021187490732 0.871525033686107 0.643103293964129 0.309122765615037 0.0318022764812852
0 0 0.05 0.489616584451261 0.730662755357055 0.478058683152614 0.298405093820975 0.0510240352223575
0 0 0.05 0.499968012980192 0.929663861712577 0.76808428378649 0.477309523417047 0.0861467613125291
0 0 0.05 0.499969681552985 0.9493632154904 0.977455140017506 0.767059800723925 0.195676684104937
0 0 0.05 0.499932372206099 0.948657118931854 0.996759298703986 0.974783689496194 0.253045524232032
0 0 0.05 0.499879924751254 0.947588574069892 0.99402063410571 0.991957865315087 0.263063870786912
0 0 0.05 0.499919049193641 0.948233530924617 0.99438838262128 0.990792026953315 0.292501479192947
0 0 0.05 0.499275404855544 0.936005057299188 0.970334004759622 0.965164812497754 0.3232589552315
0 0 0.05 0.483686169497636 0.594163782827653 0.16681810468505 0.105331859710602 0.029810229757997
0 0 0.05 0.484924716832522 0.602439335565595 0.141141009923951 0.0259223326615568 0.00559328734243459
0 0 0.05 0.499826929827653 0.91811144284942 0.62930315428077 0.139802294047113 0.0121087430520843
0 0 0.05 0.499939618136914 0.948523938794852 0.964181822668786 0.627540482769059 0.101536514769901
0 0 0.05 0.499967140146834 0.949260950755539 0.997198652542225 0.962894951235307 0.266490173099015
0 0 0.05 0.499899787179042 0.948032545908841 0.995411508244734 0.993191973095668 0.301713738989675
0 0 0.05 0.499899231123833 0.947894375825551 0.994101230672707 0.991388020251302 0.307731221998274

# True survival by age
0.756201833830592 0.756201833830592 0.746746997642277 0.6625921775322 0.595317963495524 0.608525864146525 0.618772699800034 0.700629557931227
0.835154210274653 0.835154210274653 0.823219930386247 0.719333717315445 0.685521156984975 0.778265092930333 0.796309013162325 0.821622622208385
0.758291408799563 0.758291408799563 0.748006654517037 0.658922179746503 0.64279196664492 0.742498289384482 0.756150888982898 0.757937937160674
0.752014626708806 0.752014626708806 0.751876246767465 0.750693721458759 0.750636172025044 0.752263481289851 0.752573603177282 0.752598386968556
0.799071302724542 0.799071302724542 0.792953312467112 0.737923250552723 0.687151011300848 0.725367297596471 0.787393921131593 0.798977254683635
0.758895053344877 0.758895053344877 0.758254383853557 0.752613562878832 0.749185193063966 0.751728587970313 0.755096345212597 0.75901487827823
0.757722721754695 0.757722721754695 0.757600343959975 0.756502620066638 0.755508690476809 0.7559630291504 0.756635278839682 0.758062758376255
0.780926514975343 0.780926514975343 0.780807912900499 0.779741285886653 0.778691614146583 0.778690575740384 0.779237270455418 0.781018024642486
0.793808956535806 0.793808956535806 0.792494784854513 0.780673106907405 0.768961122565284 0.76792268275273 0.769007264850354 0.786929344528326
0.799986065834335 0.799986065834335 0.799659616438367 0.796736257724316 0.79405215050252 0.794026818649177 0.79412311224537 0.798548579305432
0.788319754860595 0.788319754860595 0.788133562450827 0.786460243421191 0.784839167722878 0.784846428914224 0.785022331614341 0.787598162929145
0.826884182522105 0.826884182522105 0.826740764452407 0.825451161882515 0.824182110675632 0.82410114120403 0.824250629474541 0.826288991526216
0.784389366036502 0.784389366036502 0.783531539805813 0.775815306770077 0.768178926396869 0.767515994132521 0.767851542018023 0.779228426461332
0.837068060512079 0.837068060512079 0.832567278374495 0.792178885484316 0.753859347925545 0.752091286415578 0.753279554465862 0.808004661469504
0.782147706567369 0.782147706567369 0.782125321244423 0.781933274625826 0.781850328216519 0.78197888858519 0.782016196612527 0.782424775231549
0.805728328248579 0.805728328248579 0.804996188732437 0.798408056288485 0.792019246502136 0.793158347502024 0.795453950946419 0.801428627491574
0.799724712213091 0.799724712213091 0.791759437456143 0.720246254433842 0.65173528867071 0.649315197288825 0.66877497185039 0.73373508243787
0.767417137036258 0.767417137036258 0.767159105139805 0.764910098514233 0.763926853165908 0.765426736966976 0.765725080122188 0.766962673838347
0.712531091663187 0.712531091663187 0.712263262006531 0.709855675444167 0.707625805054536 0.708813099034144 0.710569028209388 0.712027067480318
0.815500040497366 0.815500040497366 0.812391511811644 0.784445605549066 0.75707324168624 0.756478036100107 0.771386034071756 0.798920041758822
0.773712594787064 0.773712594787064 0.769489306635662 0.731861551845481 0.701013261788181 0.705530937156111 0.709335782489792 0.746150884985278
0.809222880119896 0.809222880119896 0.809139795542936 0.808408652093068 0.807936442638477 0.808296029009804 0.808489402233251 0.809109438295615
0.672527260110822 0.672527260110822 0.672092328876226 0.668179495789672 0.66440587965696 0.665224249118279 0.667124771517121 0.670118710343984
0.659404057883632 0.659404057883632 0.659020673803029 0.655577664136741 0.652253472076258 0.652130036058602 0.653232997506558 0.6566527984097
0.773963735320888 0.773963735320888 0.764675291128914 0.681217490858112 0.600400869987398 0.596535407105535 0.602323983850582 0.686196531536503
0.777415958599571 0.777415958599571 0.769603894450609 0.701514500658305 0.676345162498784 0.729780523958795 0.73861073845352 0.756944008272376
0.749913549159782 0.749913549159782 0.74979920517976 0.748810997948129 0.748522166657129 0.74967937021215 0.750190867443721 0.750349370011171
0.737165264413281 0.737165264413281 0.733155292663249 0.697083635773811 0.663125269104658 0.680368634391517 0.714898734503249 0.732756390384943
0.787027474364509 0.787027474364509 0.777099610511477 0.689022619663434 0.623867734654046 0.646552288261642 0.689887982303629 0.761934639055978
0.827119973803056 0.827119973803056 0.817435315435584 0.733159020518527 0.706720898772067 0.784358382676401 0.800453026986139 0.821409643682934
0.764364378057638 0.764364378057638 0.755594495315765 0.67909265820547 0.653075104689844 0.729692230151172 0.755749490885808 0.762396022550173
0.77654142941149 0.77654142941149 0.76904364753701 0.703599976869703 0.680237668992186 0.744611776031779 0.769584780891618 0.776428809355185
0.85870736246141 0.85870736246141 0.852236456106842 0.795472726431033 0.769149032810547 0.819919796860383 0.848610244149164 0.857620674650458
0.697821570094114 0.697821570094114 0.691154015282148 0.632333838139929 0.597772013668155 0.641293091170004 0.677366889613834 0.696469243708762
0.758434925044266 0.758434925044266 0.756517507474638 0.739704217499 0.73164767205844 0.744783255437052 0.75242660224709 0.757975041676744
0.773899952639773 0.773899952639773 0.767049075962794 0.705802565387124 0.65453052719364 0.685977019904774 0.731919278374802 0.770067399326035
0.760095479194519 0.760095479194519 0.760102977488865 0.760180739853616 0.760336631348371 0.760464622444328 0.760540063875527 0.760643945914186
0.779125197491134 0.779125197491134 0.77913137238091 0.779186976439746 0.779251386119795 0.779343313693568 0.779461945777003 0.779621534777684
0.828114951037067 0.828114951037067 0.828087931844343 0.827844801376012 0.827602216597716 0.827596373233692 0.827799873788822 0.828352532330659
0.842412762170923 0.842412762170923 0.842345156272693 0.841736848027678 0.841130623904881 0.841066305430973 0.841104694917966 0.842365509016286
0.730307818130239 0.730307818130239 0.730288135802759 0.730111192791766 0.729936395700283 0.729920276759081 0.729922382930832 0.7306666136697
0.844712799776152 0.844712799776152 0.844204027264843 0.839625961447217 0.835064821076114 0.834596636443902 0.834634632041709 0.842012091129229
0.764340918199741 0.764340918199741 0.753750051322915 0.65858654487287 0.566087089841734 0.558824008337906 0.559921835048878 0.696249013520258
0.628913773502176 0.628913773502176 0.620870793775665 0.551134229891509 0.533635508265476 0.60274386511437 0.612683547054472 0.624892147232272
0.731255670429928 0.731255670429928 0.73117767061783 0.730518052346304 0.730544750731394 0.731572806214607 0.731824629472739 0.731869060866577
0.702395593878049 0.702395593878049 0.70239288183062 0.702368717568033 0.702368562082141 0.70261289261373 0.702971457599024 0.70306499458732
0.808283729612142 0.808283729612142 0.80828430222407 0.808289511820928 0.808295322880282 0.808311612739348 0.808466040373077 0.808707334410626
0.824479647204611 0.824479647204611 0.824430044717305 0.823983683510848 0.823538271438736 0.823491594805808 0.823540544038389 0.824534270025885
0.726287156849601 0.726287156849601 0.726255702584299 0.725972804490259 0.725692078396525 0.725663871353128 0.725666676824263 0.726540698678787
0.808998151527658 0.808998151527658 0.808982718673082 0.808843948534441 0.808706615931564 0.808694079557757 0.808696188540005 0.809227595923386

# True Numbers-at-age
223.502193985474 213.020242540738 784.182922147663 222.475613308455 31.5823832981857 31.3658852261783 3.94750755675394 74.5038673041491
260.052410048245 169.012768956976 161.086298052344 585.586242716115 147.410601069861 18.8015601074109 19.0869524119809 54.6422215218465
45.6662113199295 217.183865143862 141.151725584596 132.609451068829 421.231928781767 101.053085797262 14.6325979242294 60.0943975695317
31.6821709547873 34.6282957163279 164.688659068473 105.58243003384 87.3793085532598 270.764499915265 75.03174334149 56.6122756572996
25.4289667345611 23.8254559638889 26.0409848766765 123.82549086557 79.2600673227626 65.5900696866142 203.686245315963 99.0732167814812
11.9963805581466 20.3195575755248 19.0382381350709 20.6492852178666 91.3737087208082 54.4636354166096 47.5768915977435 239.538558136652
17.3248324873583 9.1039938636201 15.4204117302222 14.4358275267655 15.5409321187198 68.4558296089693 40.9418717474579 217.738466509066
30.3857293890106 13.1274192262653 6.89830300918027 11.6825092308208 10.9207413468282 11.741309273803 51.7500763142001 196.037487072334
47.9331126905593 23.7290217567439 10.2515497469877 5.38624957515328 9.10933477002287 8.50388970703897 9.14284687836353 193.434399122048
116.454439588593 38.049734168406 18.8363100003363 8.12429971116436 4.2049001904136 7.00472429057976 6.53032979766269 159.25012058122
46.3657373963125 93.161928975421 30.4392571434254 15.0626364299831 6.47292414850383 3.33891003884637 5.56193894396365 132.354843367261
30.1952164045115 36.5510267381918 73.4413890122441 23.9902001708047 11.8461647132894 5.08020440144506 2.62053162045443 108.608677768916
135.816027990711 24.9679468327225 30.2234658647533 60.7169900944293 19.8027386047848 9.76339703681006 4.18660224478061 91.9021296623909
150.84100855376 106.53264809323 19.5845919873523 23.6810387472786 47.1051702962654 15.2120464811414 7.49356338281778 74.8274408747411
75.4285425713114 126.264190475781 89.1750771206155 16.3054904489849 18.75961888193 35.5106729634644 11.4408476070152 66.1056691189952
90.3709903822657 58.9962615818703 98.7572470022179 69.7460858399576 12.7498055411549 14.6672141800538 27.768596576882 60.6696414336225
152.952850558711 72.8144670028714 47.5349592172763 79.4992074464932 55.6858368292104 10.0980913777542 11.6334233615097 70.7110273238721
82.3115793397885 122.320174395237 58.2315286688209 37.6362525693713 57.2590063937958 36.2924249407554 6.55684419518707 59.6633038438651
88.9499840615584 63.1673165618733 93.8705980361688 44.6728474244955 28.7883496605444 43.741692569819 27.7791923990214 50.7802670928288
76.7978896751019 63.3796292468053 45.0086770272657 66.8605783637455 31.7112742825295 20.3713791047342 31.0046846674122 55.8959584113884
68.1319439379811 62.6286821401578 51.6860902174777 36.5646671748224 52.4484868819091 24.0077572190761 15.4105008578001 68.5729821714163
464.263879993351 52.7145431321421 48.4566001667557 39.7718937241552 26.7602740612791 36.7670848649417 16.9382154497911 62.0970110178092
105.843810015905 375.692954103857 42.6578144175965 39.2081635516345 32.1519429967331 21.6206006291005 29.7186886945989 63.9376453883559
203.008881314932 71.1828475496869 252.663753066408 28.6699898366923 26.1980909527701 21.3619399694249 14.3825478189796 62.6718858752487
50.0557005416414 133.864880125483 46.9382585259755 166.510636791426 18.7954049679628 17.0877957857139 13.9307626825427 50.5488240651689
550.050584075998 38.7412969653126 103.606562650202 35.8925265034345 113.429958196242 11.2847774945304 10.1934752155671 43.0772602237939
275.496854916016 427.618102097696 30.1181025176791 79.7360141062362 25.1791278074219 76.7178035084675 8.23541083271677 40.1360842755684
480.616571997296 206.598824252427 320.676608629053 22.5825293292784 59.7072042952968 18.8471353009482 57.5137546182874 36.2942155472392
78.2129013463548 354.293842377791 152.297476907513 235.105752849692 15.7419116498221 39.5933559158055 12.8229997068983 67.7113287693921
341.928498645443 61.5557022093421 278.83898794949 118.350309986709 161.993181726439 9.82087076009863 25.5991748673217 60.4380402407795
142.948471667925 282.815890842137 50.9139507988198 227.932836070231 86.7695973479197 114.483966984655 7.70308230586491 70.1353261099686
281.691668156414 109.264719640744 216.174392508367 38.4703009583659 154.787515539245 56.6670638718882 83.5380611855863 59.2924941974083
79.4885652210088 218.745250643489 84.8485815740688 166.247543318732 27.0677028644768 105.292298759508 42.1949630721529 110.326021187013
10.127697370752 68.2574161867742 187.83815723103 72.3110544663767 132.245386546213 20.8190974786156 86.3312402098582 130.424954636431
19.0284480823425 7.06732568069617 47.6314973340222 129.825096593426 45.7247266106695 79.0525910140531 13.351143377431 149.314893173841
22.6955622003261 14.4318395950402 5.36010662290221 36.0340616404194 96.0321714873723 33.4543897802049 58.8770460861803 123.222717823995
7.80752401376589 17.5640945119654 11.1687999791064 4.11146483215919 25.4329331471258 62.8559878311798 22.9489426041577 137.983042936847
30.0943005880702 5.9344637065661 13.3503888346901 8.48943811909633 3.1254563779929 19.3375907143939 47.7997550544034 122.409556522772
117.223042121076 23.4472278890377 4.62369020738228 10.4017067745909 6.61485961969099 2.43551621480792 15.0706220262057 132.691216410108
679.930442235171 97.0741537865112 19.4169999752854 3.82882206132013 8.61099887878273 5.47447248373899 2.01562438632689 122.390564142561
316.633469100032 572.782081927428 81.7765060266998 16.3558158785287 3.22286061355444 7.24297485935475 4.60439434608188 104.792940997269
35.9448640190019 231.239897965453 418.307232516516 59.7204121387017 11.9415642401551 2.35248326010233 5.28679421389928 79.9295538280088
6.33488090252466 30.3630867230641 195.331301630349 353.136650324454 50.1428084599815 9.97198020557403 1.96337461617199 71.714192305146
15.9070007734098 4.8420086857217 23.2077495852852 147.230978628848 232.571046405161 28.3851965176024 5.57258194954514 51.0302719658354
13.3470974186471 10.0041318815072 3.04520595386755 14.4090139067629 81.1440320227831 124.108168556252 17.1090030610506 35.3026454976768
22.5474721008047 9.76014067116638 7.31557816608095 2.22658659590042 10.5260447753992 59.2793466474243 90.7941611448525 38.3577038322917
51.7253203776152 15.8372450566934 6.85547980305721 5.13841003033076 1.56388477191675 7.39316293330939 41.6504332201988 90.7936626387098
33.5672947752831 41.8087348702017 12.8009875012056 5.5411767090253 4.15332293495181 1.26408074666401 5.97597945386808 107.098461719286
30.3143072027434 27.6755513539386 34.470450975855 10.5535186980446 4.56583919568718 3.42042039057707 1.04095987003366 93.2278133252075
41.2717612541021 22.0168919901459 20.1003975070972 25.0343615918672 7.66156756645984 3.31339333554255 2.48207550228133 68.4891905191865

