# Simulated data from SIR age-structured hybrid model
# random seed = 4949134
# Flag=0 if no issues, =1 if negative pop #'s, =2 if NaN, or=3 if NA. Flag:
0

# Number of years (nyr)
50

# Starting age
0

# Ending age
8

# Sample size for comp data
200

# Sample size for fishery age comp data
200

# Sample size for antibody prevalence data
200

# Survey data
14451.0834447849
11496.5046208894
13018.4359731814
20867.1948807648
38117.7692315742
32592.5899335764
23177.881773105
14318.2326456602
21727.9350936252
33765.5332092419
31505.0640809106
32346.7318787737
14739.7603929262
13961.369332687
10204.1360759013
8038.12594469028
11260.6759549699
17646.1155096817
19429.7791814104
9416.16325394053
9791.20187523738
9480.55723291598
13684.1442242515
9171.34474652941
9814.71283825269
9945.94486566487
9289.71973790371
10658.1489124029
11652.757432389
8619.47735209964
7755.74574779539
6522.27927883941
10605.7068528448
12762.4327988684
10670.5733364094
16152.4166965863
9578.70133808327
7954.74606037329
8783.11150300646
5089.60677815789
8428.50251656928
50328.5582281179
52213.6835646998
28200.2674805457
18912.5112779315
15946.2696467473
41221.4935328728
15223.7847011111
16673.164607621
12991.9158252847

# Catches
0
0
0
0
0
0
0
0
0
0
0
0
0
0
0
0
0
0
0
0
0
0
0
0
0
0
0
0
0
0
0
0
0
0
0
0
0
0
0
0
0
0
0
0
0
0
0
0
0
0

# Catch compositions
-999 -999 -999 -999 -999 -999 -999 -999
-999 -999 -999 -999 -999 -999 -999 -999
-999 -999 -999 -999 -999 -999 -999 -999
-999 -999 -999 -999 -999 -999 -999 -999
-999 -999 -999 -999 -999 -999 -999 -999
-999 -999 -999 -999 -999 -999 -999 -999
-999 -999 -999 -999 -999 -999 -999 -999
-999 -999 -999 -999 -999 -999 -999 -999
-999 -999 -999 -999 -999 -999 -999 -999
-999 -999 -999 -999 -999 -999 -999 -999
-999 -999 -999 -999 -999 -999 -999 -999
-999 -999 -999 -999 -999 -999 -999 -999
-999 -999 -999 -999 -999 -999 -999 -999
-999 -999 -999 -999 -999 -999 -999 -999
-999 -999 -999 -999 -999 -999 -999 -999
-999 -999 -999 -999 -999 -999 -999 -999
-999 -999 -999 -999 -999 -999 -999 -999
-999 -999 -999 -999 -999 -999 -999 -999
-999 -999 -999 -999 -999 -999 -999 -999
-999 -999 -999 -999 -999 -999 -999 -999
-999 -999 -999 -999 -999 -999 -999 -999
-999 -999 -999 -999 -999 -999 -999 -999
-999 -999 -999 -999 -999 -999 -999 -999
-999 -999 -999 -999 -999 -999 -999 -999
-999 -999 -999 -999 -999 -999 -999 -999
-999 -999 -999 -999 -999 -999 -999 -999
-999 -999 -999 -999 -999 -999 -999 -999
-999 -999 -999 -999 -999 -999 -999 -999
-999 -999 -999 -999 -999 -999 -999 -999
-999 -999 -999 -999 -999 -999 -999 -999
-999 -999 -999 -999 -999 -999 -999 -999
-999 -999 -999 -999 -999 -999 -999 -999
-999 -999 -999 -999 -999 -999 -999 -999
-999 -999 -999 -999 -999 -999 -999 -999
-999 -999 -999 -999 -999 -999 -999 -999
-999 -999 -999 -999 -999 -999 -999 -999
-999 -999 -999 -999 -999 -999 -999 -999
-999 -999 -999 -999 -999 -999 -999 -999
-999 -999 -999 -999 -999 -999 -999 -999
-999 -999 -999 -999 -999 -999 -999 -999
-999 -999 -999 -999 -999 -999 -999 -999
-999 -999 -999 -999 -999 -999 -999 -999
-999 -999 -999 -999 -999 -999 -999 -999
-999 -999 -999 -999 -999 -999 -999 -999
-999 -999 -999 -999 -999 -999 -999 -999
-999 -999 -999 -999 -999 -999 -999 -999
-999 -999 -999 -999 -999 -999 -999 -999
-999 -999 -999 -999 -999 -999 -999 -999
-999 -999 -999 -999 -999 -999 -999 -999
-999 -999 -999 -999 -999 -999 -999 -999

# Age composition from fishery-independent survey
0 0 4 15 57 6 12 106
0 0 2 17 26 57 4 94
0 0 6 11 39 17 43 84
0 0 22 53 18 25 9 73
0 0 9 88 53 3 8 39
0 0 8 57 91 21 2 21
0 0 11 54 57 40 18 20
0 0 11 58 63 19 23 26
0 0 4 72 53 16 15 40
0 0 10 31 92 20 10 37
0 0 2 78 31 43 11 35
0 0 2 11 97 15 27 48
0 0 0 19 20 72 8 81
0 0 7 3 29 23 50 88
0 0 6 42 7 24 10 111
0 0 3 25 54 2 24 92
0 0 2 12 40 51 10 85
0 0 6 19 28 27 46 74
0 0 1 51 15 15 21 97
0 0 2 25 60 22 8 83
0 0 4 36 39 48 13 60
0 0 3 17 65 30 34 51
0 0 0 7 30 52 31 80
0 0 3 5 26 32 44 90
0 0 5 30 12 19 26 108
0 0 9 44 34 8 11 94
0 0 5 27 61 33 10 64
0 0 6 28 56 44 14 52
0 0 6 37 42 30 34 51
0 0 0 29 54 24 27 66
0 0 11 10 67 32 20 60
0 0 5 48 14 39 35 59
0 0 10 29 61 11 35 54
0 0 1 55 26 43 9 66
0 0 2 3 72 31 29 63
0 0 1 27 12 71 19 70
0 0 3 21 32 10 47 87
0 0 3 13 42 37 3 102
0 0 3 19 13 37 30 98
0 0 10 13 34 15 27 101
0 0 65 36 19 13 9 58
0 0 6 158 9 4 7 16
0 0 0 48 132 8 1 11
0 0 5 16 82 81 3 13
0 0 1 40 19 63 66 11
0 0 4 15 61 16 39 65
0 0 0 15 25 60 10 90
0 0 1 4 41 28 46 80
0 0 3 20 5 41 22 109
0 0 0 27 17 4 29 123

# Antibody prevalence values
0 0 0 0 0 1 0 9 0 72 0 4 1 13 58 42
0 0 0 0 0 1 0 23 0 24 12 35 0 3 74 28
0 0 0 0 0 13 0 10 1 26 0 12 8 42 73 15
0 0 0 0 0 12 0 62 0 20 0 13 1 11 32 49
0 0 0 0 0 8 1 84 2 60 2 6 0 7 20 10
0 0 0 0 0 8 0 50 24 75 18 3 3 1 17 1
0 0 0 0 0 11 0 46 7 65 27 11 14 1 17 1
0 0 0 0 0 9 0 69 4 58 13 19 11 0 17 0
0 0 0 0 0 2 0 63 5 49 10 11 15 4 41 0
0 0 0 0 0 11 0 27 13 66 11 14 10 2 46 0
0 0 0 0 0 3 0 63 4 27 10 32 11 2 48 0
0 0 0 0 0 0 0 18 11 80 5 7 18 6 55 0
0 0 0 0 0 0 0 17 1 17 31 37 8 2 84 3
0 0 0 0 0 7 0 5 1 34 2 7 30 39 69 6
0 0 0 0 0 1 0 43 0 8 0 29 2 8 83 26
0 0 0 0 0 2 0 28 0 64 0 3 0 19 56 28
0 0 0 0 0 1 0 5 2 34 2 56 0 4 66 30
0 0 0 0 0 3 0 26 2 12 0 37 5 35 45 35
0 0 0 0 0 4 0 49 0 27 0 17 2 12 32 57
0 0 0 0 0 7 0 27 0 72 1 18 0 6 25 44
0 0 0 0 0 2 0 51 4 27 16 28 2 15 36 19
0 0 0 0 0 2 0 18 0 66 2 26 6 26 28 26
0 0 0 0 0 1 0 7 0 25 0 53 3 28 38 45
0 0 0 0 0 4 0 5 0 20 0 28 1 46 35 61
0 0 0 0 0 9 0 26 0 9 0 16 1 19 28 92
0 0 0 0 0 6 0 51 0 31 0 6 0 4 20 82
0 0 0 0 0 0 0 27 4 65 1 24 1 3 23 52
0 0 0 0 0 8 0 19 2 37 3 58 0 12 18 43
0 0 0 0 0 6 0 41 0 34 1 31 3 37 10 37
0 0 0 0 0 0 0 29 0 53 1 31 1 17 8 60
0 0 0 0 0 7 0 14 1 62 2 32 1 18 14 49
0 0 0 0 0 3 0 31 0 19 4 56 2 25 8 52
0 0 0 0 0 3 0 30 0 61 0 13 2 29 18 44
0 0 0 0 0 0 0 58 0 34 0 43 0 6 7 52
0 0 0 0 0 3 0 4 1 73 0 25 2 31 8 53
0 0 0 0 0 4 1 21 1 3 17 50 12 15 30 46
0 0 0 0 0 0 0 27 0 36 0 5 15 45 21 51
0 0 0 0 0 2 0 8 0 44 0 30 1 6 32 77
0 0 0 0 0 2 0 24 0 14 0 37 0 21 32 70
0 0 0 0 0 11 0 18 0 29 0 9 0 28 24 81
0 0 0 0 0 64 0 37 0 11 0 17 0 6 17 48
0 0 0 0 0 8 0 158 0 12 0 4 0 4 3 11
0 0 0 0 0 1 2 67 42 75 6 0 1 0 6 0
0 0 0 0 0 7 0 18 25 66 54 13 8 0 9 0
0 0 0 0 0 0 0 43 2 16 26 35 63 6 9 0
0 0 0 0 0 4 0 12 3 54 6 7 19 14 80 1
0 0 0 0 0 1 0 25 0 26 4 49 5 5 67 18
0 0 0 0 0 1 0 2 0 37 1 29 2 35 67 26
0 0 0 0 0 5 0 7 0 12 1 32 1 19 74 49
0 0 0 0 0 3 0 24 1 15 0 6 2 34 51 64

# Average weight-at-age
70
94
115
134
150
160
165
168

# Maturity logistic function parameter age-at-50%
3

# Maturity logistic function parameter age-at-95%
4

# Infection prevalence index (avg of 3 different samples)
0.0333333333333333
0
0
0
0.188888888888889
0
0
0.0388888888888889
0.127777777777778
0.0444444444444444
0
0.0333333333333333
0
0
0
0
0
0
0.00555555555555556
0.0111111111111111
0
0
0
0.00555555555555556
0
0
0
0
0
0
0
0
0
0
0.0388888888888889
0
0
0
0
0
0
0.105555555555556
0.0166666666666667
0
0.0555555555555556
0
0
0
0
0.00555555555555556

