# Simulated data from SIR age-structured hybrid model
# random seed = 3102353
# Flag=0 if no issues, =1 if negative pop #'s, =2 if NaN, or=3 if NA. Flag:
0

# Number of years (nyr)
50

# Starting age
0

# Ending age
8

# Sample size for comp data
200

# Sample size for fishery age comp data
200

# Sample size for antibody prevalence data
200

# Survey data
22383.9115024754
10149.9500407995
6321.0095917142
9844.76108538626
13111.5714483195
21770.4583929849
28681.1542660765
54749.6200019265
50730.1106779135
32888.6159356448
95282.7013237486
49225.9303489161
32196.1746192898
38143.513660554
31485.2513585338
18126.8617808197
31880.698336378
39637.2398431846
22882.2745144093
42011.2634391751
70918.0303725293
27460.6597292815
25295.6506303859
35585.879531391
27229.217098624
29561.1552409738
19356.8766846446
35561.6144212354
29217.8364596729
58960.3758518653
53381.1586822003
39105.0437286376
56957.1100836954
32055.9708830291
21945.5933916682
35556.8997799404
28429.2089515762
28522.0093542219
27425.3022164971
42073.3006363339
61522.7935146763
29494.0513023746
35984.5981865556
28998.0430073279
22756.705014275
20100.2889613771
15247.9691883104
16901.3933840568
29094.7879226166
39793.7813358398

# Catches
0
0
0
0
0
0
0
0
0
0
0
0
0
0
0
0
0
0
0
0
0
0
0
0
0
0
0
0
0
0
0
0
0
0
0
0
0
0
0
0
0
0
0
0
0
0
0
0
0
0

# Catch compositions
-999 -999 -999 -999 -999 -999 -999 -999
-999 -999 -999 -999 -999 -999 -999 -999
-999 -999 -999 -999 -999 -999 -999 -999
-999 -999 -999 -999 -999 -999 -999 -999
-999 -999 -999 -999 -999 -999 -999 -999
-999 -999 -999 -999 -999 -999 -999 -999
-999 -999 -999 -999 -999 -999 -999 -999
-999 -999 -999 -999 -999 -999 -999 -999
-999 -999 -999 -999 -999 -999 -999 -999
-999 -999 -999 -999 -999 -999 -999 -999
-999 -999 -999 -999 -999 -999 -999 -999
-999 -999 -999 -999 -999 -999 -999 -999
-999 -999 -999 -999 -999 -999 -999 -999
-999 -999 -999 -999 -999 -999 -999 -999
-999 -999 -999 -999 -999 -999 -999 -999
-999 -999 -999 -999 -999 -999 -999 -999
-999 -999 -999 -999 -999 -999 -999 -999
-999 -999 -999 -999 -999 -999 -999 -999
-999 -999 -999 -999 -999 -999 -999 -999
-999 -999 -999 -999 -999 -999 -999 -999
-999 -999 -999 -999 -999 -999 -999 -999
-999 -999 -999 -999 -999 -999 -999 -999
-999 -999 -999 -999 -999 -999 -999 -999
-999 -999 -999 -999 -999 -999 -999 -999
-999 -999 -999 -999 -999 -999 -999 -999
-999 -999 -999 -999 -999 -999 -999 -999
-999 -999 -999 -999 -999 -999 -999 -999
-999 -999 -999 -999 -999 -999 -999 -999
-999 -999 -999 -999 -999 -999 -999 -999
-999 -999 -999 -999 -999 -999 -999 -999
-999 -999 -999 -999 -999 -999 -999 -999
-999 -999 -999 -999 -999 -999 -999 -999
-999 -999 -999 -999 -999 -999 -999 -999
-999 -999 -999 -999 -999 -999 -999 -999
-999 -999 -999 -999 -999 -999 -999 -999
-999 -999 -999 -999 -999 -999 -999 -999
-999 -999 -999 -999 -999 -999 -999 -999
-999 -999 -999 -999 -999 -999 -999 -999
-999 -999 -999 -999 -999 -999 -999 -999
-999 -999 -999 -999 -999 -999 -999 -999
-999 -999 -999 -999 -999 -999 -999 -999
-999 -999 -999 -999 -999 -999 -999 -999
-999 -999 -999 -999 -999 -999 -999 -999
-999 -999 -999 -999 -999 -999 -999 -999
-999 -999 -999 -999 -999 -999 -999 -999
-999 -999 -999 -999 -999 -999 -999 -999
-999 -999 -999 -999 -999 -999 -999 -999
-999 -999 -999 -999 -999 -999 -999 -999
-999 -999 -999 -999 -999 -999 -999 -999
-999 -999 -999 -999 -999 -999 -999 -999

# Age composition from fishery-independent survey
0 0 3 5 18 23 22 129
0 0 13 30 13 9 13 122
0 0 11 67 38 6 8 70
0 0 18 39 63 17 7 56
0 0 13 73 25 47 13 29
0 0 6 63 78 19 15 19
0 0 3 42 71 46 12 26
0 0 10 18 59 46 34 33
0 0 5 56 21 47 30 41
0 0 6 45 61 8 28 52
0 0 0 41 57 36 14 52
0 0 2 7 57 40 38 56
0 0 2 14 6 50 31 97
0 0 1 13 20 8 54 104
0 0 1 3 23 20 7 146
0 0 9 32 13 15 16 115
0 0 6 53 34 10 10 87
0 0 2 33 58 20 14 73
0 0 4 38 45 39 17 57
0 0 5 29 48 31 33 54
0 0 2 40 37 32 25 64
0 0 2 14 62 21 34 67
0 0 8 13 21 65 24 69
0 0 1 35 29 12 46 77
0 0 5 12 45 21 15 102
0 0 5 15 13 63 11 93
0 0 5 11 33 13 53 85
0 0 16 44 23 10 11 96
0 0 4 68 48 11 9 60
0 0 7 38 76 27 9 43
0 0 0 36 42 59 25 38
0 0 3 10 62 33 48 44
0 0 5 16 13 71 40 55
0 0 5 26 20 9 49 91
0 0 2 17 36 18 8 119
0 0 2 16 31 22 24 105
0 0 5 26 19 15 27 108
0 0 7 35 50 21 10 77
0 0 10 62 26 27 8 67
0 0 3 73 56 17 13 38
0 0 1 12 90 49 15 33
0 0 2 12 26 69 36 55
0 0 1 13 18 18 65 85
0 0 2 11 30 7 16 134
0 0 1 19 21 20 8 131
0 0 1 11 35 12 15 126
0 0 5 12 17 31 15 120
0 0 13 27 22 17 16 105
0 0 10 68 28 8 5 81
0 0 10 44 67 20 4 55

# Antibody prevalence values
0 0 0 0 0 4 0 6 0 16 2 14 3 11 83 61
0 0 0 0 0 11 0 27 0 17 1 8 1 16 59 60
0 0 0 0 0 8 0 75 0 28 0 5 0 3 40 41
0 0 0 0 0 21 0 43 16 57 2 10 0 3 31 17
0 0 0 0 0 12 0 77 5 37 9 28 3 5 17 7
0 0 0 0 0 5 1 55 37 57 14 4 14 1 11 1
0 0 0 0 0 1 2 41 19 50 43 15 7 1 19 2
0 0 0 0 0 6 0 20 23 37 44 10 28 3 29 0
0 0 0 0 0 7 0 54 1 21 10 33 33 10 27 4
0 0 0 0 0 7 0 31 14 61 5 8 19 4 48 3
0 0 0 0 0 3 1 39 12 21 29 15 10 4 62 4
0 0 0 0 0 1 0 5 8 42 22 21 37 1 63 0
0 0 0 0 0 0 0 12 3 11 23 34 27 7 80 3
0 0 0 0 0 2 0 7 0 23 3 8 25 21 102 9
0 0 0 0 0 3 0 11 0 24 0 18 2 10 100 32
0 0 0 0 0 6 0 25 1 18 1 18 0 15 88 28
0 0 0 0 0 4 0 45 0 33 3 8 1 16 60 30
0 0 0 0 0 3 0 35 13 46 12 10 3 3 59 16
0 0 0 0 0 4 1 45 13 30 29 13 11 4 47 3
0 0 0 0 0 9 0 22 1 42 12 16 32 9 53 4
0 0 0 0 0 0 1 35 9 31 23 16 13 5 65 2
0 0 0 0 0 2 1 16 12 41 23 11 20 1 72 1
0 0 0 0 0 4 0 14 3 25 22 40 17 5 66 4
0 0 0 0 0 2 0 48 2 23 5 6 26 19 65 4
0 0 0 0 0 2 0 6 13 44 14 14 10 3 81 13
0 0 0 0 0 0 0 27 3 13 18 35 8 4 82 10
0 0 0 0 0 4 0 16 1 31 3 9 14 25 86 11
0 0 0 0 0 14 0 40 0 23 2 14 1 10 64 32
0 0 0 0 0 3 2 74 8 28 6 4 3 7 55 10
0 0 0 0 0 8 1 26 28 57 18 9 9 1 38 5
0 0 0 0 0 0 3 43 11 34 39 8 18 3 41 0
0 0 0 0 0 3 0 9 22 37 22 16 41 1 48 1
0 0 0 0 0 1 0 13 3 11 16 43 25 13 72 3
0 0 0 0 0 1 0 21 0 25 0 9 8 36 88 12
0 0 0 0 0 2 0 17 4 27 4 19 1 7 98 21
0 0 0 0 0 4 0 12 1 25 5 25 6 15 82 25
0 0 0 0 0 0 0 26 0 26 0 18 3 25 69 33
0 0 0 0 0 8 0 38 1 45 0 14 1 10 52 31
0 0 0 0 0 12 2 55 4 28 14 14 10 4 48 9
0 0 0 0 0 0 0 83 10 37 5 10 11 4 32 8
0 0 0 0 0 0 0 13 31 61 36 8 8 0 42 1
0 0 0 0 0 2 0 9 5 11 60 20 42 4 46 1
0 0 0 0 0 1 0 14 1 11 8 12 68 15 68 2
0 0 0 0 0 3 0 12 0 18 1 8 4 15 121 18
0 0 0 0 0 2 0 13 0 12 1 22 0 13 103 34
0 0 0 0 0 6 0 4 0 34 0 16 0 17 102 21
0 0 0 0 0 6 0 5 0 14 1 30 1 17 74 52
0 0 0 0 0 10 0 42 0 17 0 10 1 19 60 41
0 0 0 0 0 9 2 58 14 26 1 8 2 2 57 21
0 0 0 0 0 10 1 50 16 43 18 10 2 1 41 8

# Average weight-at-age
70
94
115
134
150
160
165
168

# Maturity logistic function parameter age-at-50%
3

# Maturity logistic function parameter age-at-95%
4

# Infection prevalence index (avg of 3 different samples)
0
0
0.00555555555555556
0
0.0777777777777778
0
0
0
0.0222222222222222
0.00555555555555556
0.00555555555555556
0
0
0
0.00555555555555556
0
0.0555555555555556
0.00555555555555556
0
0.0722222222222222
0.0444444444444444
0.00555555555555556
0
0.00555555555555556
0
0
0
0.0611111111111111
0
0.0555555555555556
0.0277777777777778
0
0
0.0111111111111111
0.00555555555555556
0
0
0.0277777777777778
0.0277777777777778
0
0.05
0
0
0
0
0
0
0.0111111111111111
0.0111111111111111
0.0166666666666667

