# Simulated data from SIR age-structured hybrid model
# random seed = 1129972
# Flag=0 if no issues, =1 if negative pop #'s, =2 if NaN, or=3 if NA. Flag:
0

# Number of years (nyr)
50

# Starting age
0

# Ending age
8

# Sample size for comp data
200

# Sample size for fishery age comp data
200

# Sample size for antibody prevalence data
200

# Survey data
11920.8944295769
9673.28255596866
5083.29442841278
8958.33780339257
9912.1158192827
6821.25138201077
6821.06070358425
6738.82043004507
6455.55261043708
12229.4302750814
12126.0886817768
10708.4422261954
7328.37006667015
6830.34867155123
6319.41871016894
7544.47099554113
12094.1207518523
16554.1611796167
16041.0350539291
15469.482950232
13376.741242012
9594.74278198643
8686.02666666309
6244.42859629701
5075.41255972741
6826.26538332797
5289.69080619612
6007.61873284872
6144.00441758192
32201.6510089082
33812.2894242616
25670.9182110398
20503.4022075532
21398.4291773126
21770.7360206382
21506.0938429842
14788.140886158
12895.3362732031
14923.9283373048
25673.8909047746
9900.1067806856
13004.8606903266
9619.81201071182
6741.36645500525
6511.95618778725
5051.37689520628
5733.8485390013
3856.71963087048
3827.7403588536
5824.24065234843

# Catches
0
0
0
0
0
0
0
0
0
0
0
0
0
0
0
0
0
0
0
0
0
0
0
0
0
0
0
0
0
0
0
0
0
0
0
0
0
0
0
0
0
0
0
0
0
0
0
0
0
0

# Catch compositions
-999 -999 -999 -999 -999 -999 -999 -999
-999 -999 -999 -999 -999 -999 -999 -999
-999 -999 -999 -999 -999 -999 -999 -999
-999 -999 -999 -999 -999 -999 -999 -999
-999 -999 -999 -999 -999 -999 -999 -999
-999 -999 -999 -999 -999 -999 -999 -999
-999 -999 -999 -999 -999 -999 -999 -999
-999 -999 -999 -999 -999 -999 -999 -999
-999 -999 -999 -999 -999 -999 -999 -999
-999 -999 -999 -999 -999 -999 -999 -999
-999 -999 -999 -999 -999 -999 -999 -999
-999 -999 -999 -999 -999 -999 -999 -999
-999 -999 -999 -999 -999 -999 -999 -999
-999 -999 -999 -999 -999 -999 -999 -999
-999 -999 -999 -999 -999 -999 -999 -999
-999 -999 -999 -999 -999 -999 -999 -999
-999 -999 -999 -999 -999 -999 -999 -999
-999 -999 -999 -999 -999 -999 -999 -999
-999 -999 -999 -999 -999 -999 -999 -999
-999 -999 -999 -999 -999 -999 -999 -999
-999 -999 -999 -999 -999 -999 -999 -999
-999 -999 -999 -999 -999 -999 -999 -999
-999 -999 -999 -999 -999 -999 -999 -999
-999 -999 -999 -999 -999 -999 -999 -999
-999 -999 -999 -999 -999 -999 -999 -999
-999 -999 -999 -999 -999 -999 -999 -999
-999 -999 -999 -999 -999 -999 -999 -999
-999 -999 -999 -999 -999 -999 -999 -999
-999 -999 -999 -999 -999 -999 -999 -999
-999 -999 -999 -999 -999 -999 -999 -999
-999 -999 -999 -999 -999 -999 -999 -999
-999 -999 -999 -999 -999 -999 -999 -999
-999 -999 -999 -999 -999 -999 -999 -999
-999 -999 -999 -999 -999 -999 -999 -999
-999 -999 -999 -999 -999 -999 -999 -999
-999 -999 -999 -999 -999 -999 -999 -999
-999 -999 -999 -999 -999 -999 -999 -999
-999 -999 -999 -999 -999 -999 -999 -999
-999 -999 -999 -999 -999 -999 -999 -999
-999 -999 -999 -999 -999 -999 -999 -999
-999 -999 -999 -999 -999 -999 -999 -999
-999 -999 -999 -999 -999 -999 -999 -999
-999 -999 -999 -999 -999 -999 -999 -999
-999 -999 -999 -999 -999 -999 -999 -999
-999 -999 -999 -999 -999 -999 -999 -999
-999 -999 -999 -999 -999 -999 -999 -999
-999 -999 -999 -999 -999 -999 -999 -999
-999 -999 -999 -999 -999 -999 -999 -999
-999 -999 -999 -999 -999 -999 -999 -999
-999 -999 -999 -999 -999 -999 -999 -999

# Age composition from fishery-independent survey
0 0 1 19 71 20 11 78
0 0 3 8 28 74 16 71
0 0 6 15 19 23 54 83
0 0 1 41 25 14 16 103
0 0 1 13 47 19 12 108
0 0 7 12 32 44 25 80
0 0 4 63 18 20 32 63
0 0 3 35 68 13 9 72
0 0 2 17 66 57 10 48
0 0 11 57 19 49 29 35
0 0 4 64 50 8 23 51
0 0 0 24 115 22 7 32
0 0 2 26 51 84 17 20
0 0 1 15 25 38 71 50
0 0 3 41 16 28 23 89
0 0 3 43 42 11 19 82
0 0 6 21 69 36 8 60
0 0 3 58 25 41 20 53
0 0 2 16 85 26 30 41
0 0 2 16 18 83 21 60
0 0 13 14 17 29 59 68
0 0 0 61 18 11 13 97
0 0 1 12 109 10 7 61
0 0 3 8 20 83 6 80
0 0 0 32 8 13 79 68
0 0 6 10 39 8 10 127
0 0 13 39 15 26 8 99
0 0 7 52 54 11 12 64
0 0 27 35 57 34 1 46
0 0 37 88 19 25 10 21
0 0 4 149 39 1 4 3
0 0 3 16 147 21 3 10
0 0 8 24 35 109 16 8
0 0 6 56 28 18 77 15
0 0 2 31 88 12 10 57
0 0 1 5 50 52 11 81
0 0 3 4 11 55 41 86
0 0 5 11 13 11 50 110
0 0 2 37 12 11 7 131
0 0 2 29 44 11 6 108
0 0 2 15 41 28 17 97
0 0 1 24 25 32 33 85
0 0 1 9 35 17 36 102
0 0 0 1 21 49 17 112
0 0 0 1 4 16 45 134
0 0 5 2 4 4 17 168
0 0 5 68 4 3 2 118
0 0 1 31 67 2 1 98
0 0 9 17 39 54 0 81
0 0 24 35 20 30 39 52

# Antibody prevalence values
0 0 0 0 0 3 0 12 0 74 0 19 0 8 19 65
0 0 0 0 0 1 0 7 0 21 0 85 0 26 14 46
0 0 0 0 0 5 0 9 0 15 0 21 0 61 21 68
0 0 0 0 0 2 0 28 0 29 0 11 0 21 11 98
0 0 0 0 0 3 0 7 0 45 0 25 0 10 9 101
0 0 0 0 0 4 0 18 0 24 0 53 0 12 6 83
0 0 0 0 0 8 0 54 0 14 0 15 0 39 7 63
0 0 0 0 0 1 0 50 0 64 0 8 0 9 2 66
0 0 0 0 0 10 0 11 0 66 0 53 0 9 4 47
0 0 0 0 0 9 0 51 0 24 0 41 0 27 2 46
0 0 0 0 0 2 0 77 0 45 0 17 0 25 0 34
0 0 0 0 0 2 0 33 12 91 7 19 2 1 10 23
0 0 0 0 0 1 1 19 3 33 33 68 9 11 14 8
0 0 0 0 0 5 0 13 0 30 4 36 13 62 21 16
0 0 0 0 0 6 0 33 0 17 0 23 2 32 26 61
0 0 0 0 0 3 0 51 0 43 0 14 0 14 24 51
0 0 0 0 0 7 0 24 0 59 0 36 0 9 12 53
0 0 0 0 0 2 0 66 0 26 0 44 0 20 9 33
0 0 0 0 0 1 0 17 2 83 2 22 2 33 9 29
0 0 0 0 0 2 0 14 0 17 12 67 3 15 12 58
0 0 0 0 0 12 0 21 0 17 0 26 7 53 11 53
0 0 0 0 0 0 0 65 0 16 0 14 1 12 16 76
0 0 0 0 0 1 0 11 7 92 1 15 2 5 26 40
0 0 0 0 0 2 0 5 1 19 29 67 3 9 28 37
0 0 0 0 0 0 0 21 0 5 2 10 19 65 33 45
0 0 0 0 0 7 0 10 0 24 0 11 0 13 55 80
0 0 0 0 0 12 0 33 0 25 0 20 0 4 37 69
0 0 0 0 0 7 0 53 0 48 0 11 0 15 25 41
0 0 0 0 0 16 0 24 0 77 0 25 0 8 12 38
0 0 0 0 0 38 0 93 1 12 0 28 0 11 5 12
0 0 0 0 0 4 1 138 7 31 4 1 1 4 6 3
0 0 0 0 0 4 0 21 28 131 10 2 0 0 4 0
0 0 0 0 0 7 0 26 13 27 84 21 19 0 3 0
0 0 0 0 0 2 0 57 1 27 6 25 55 12 15 0
0 0 0 0 0 1 0 30 2 77 1 11 7 6 62 3
0 0 0 0 0 1 0 4 7 41 20 31 9 1 80 6
0 0 0 0 0 1 0 4 0 7 8 44 27 26 80 3
0 0 0 0 0 3 0 8 0 9 0 11 6 36 86 41
0 0 0 0 0 5 0 30 0 17 0 6 1 11 62 68
0 0 0 0 0 2 0 32 0 44 0 9 0 4 65 44
0 0 0 0 0 2 0 21 1 34 0 37 1 9 52 43
0 0 0 0 0 2 0 32 0 19 2 31 1 23 43 47
0 0 0 0 0 2 0 13 1 42 0 24 2 29 31 56
0 0 0 0 0 0 0 2 0 16 2 48 0 14 36 82
0 0 0 0 0 1 0 3 0 3 0 19 1 41 45 87
0 0 0 0 0 10 0 4 0 3 1 4 0 19 58 101
0 0 0 0 0 5 0 60 0 8 1 1 1 4 56 64
0 0 0 0 0 1 0 29 0 66 0 4 0 2 32 66
0 0 0 0 0 6 0 12 0 42 0 61 0 4 35 40
0 0 0 0 0 29 0 37 0 18 0 25 0 39 21 31

# Average weight-at-age
70
94
115
134
150
160
165
168

# Maturity logistic function parameter age-at-50%
3

# Maturity logistic function parameter age-at-95%
4

# Infection prevalence index (avg of 3 different samples)
0
0
0
0
0
0.00555555555555556
0
0
0
0
0.266666666666667
0.0111111111111111
0
0
0
0
0
0
0.00555555555555556
0
0
0.0222222222222222
0
0
0
0
0
0
0
0.261111111111111
0
0
0
0.05
0.0277777777777778
0
0
0
0.00555555555555556
0
0
0
0
0
0.0666666666666667
0
0
0
0
0

