# Simulated data from SIR age-structured hybrid model
# random seed = 5442252
# Flag=0 if no issues, =1 if negative pop #'s, =2 if NaN, or=3 if NA. Flag:
0

# Number of years (nyr)
50

# Starting age
0

# Ending age
8

# Sample size for comp data
200

# Sample size for fishery age comp data
200

# Sample size for antibody prevalence data
200

# Survey data
8804.74750169843
14349.9168370745
20367.1625485619
11826.2162439538
9501.63843258616
14962.4531135476
13239.6682476376
16002.8511010274
12117.4084521084
24766.6064022285
13661.3850161474
14233.4639498536
13697.8749466675
19319.3734688162
12601.741721485
7963.57591337626
13712.1901154999
7885.36164151518
9749.59327642769
10231.3355180378
20799.8954655895
11885.4305030783
8658.03647075088
8924.1347490973
13876.2370351917
7463.19028531862
12831.2835817755
8716.81289327714
6911.9971665636
8153.0476986813
12851.1406188829
55949.4741248461
48344.6651548687
56554.8349017181
63769.3689987546
34420.5915556797
40462.7328360076
28265.0968668512
23950.0127560049
33116.057695119
18813.160745097
27321.3708169443
20184.360601325
17770.067391208
10896.5097990318
21441.7727985585
10303.9674728767
36770.7132203349
11392.370209402
21810.8988125066

# Catches
0
0
0
0
0
0
0
0
0
0
0
0
0
0
0
0
0
0
0
0
0
0
0
0
0
0
0
0
0
0
0
0
0
0
0
0
0
0
0
0
0
0
0
0
0
0
0
0
0
0

# Catch compositions
-999 -999 -999 -999 -999 -999 -999 -999
-999 -999 -999 -999 -999 -999 -999 -999
-999 -999 -999 -999 -999 -999 -999 -999
-999 -999 -999 -999 -999 -999 -999 -999
-999 -999 -999 -999 -999 -999 -999 -999
-999 -999 -999 -999 -999 -999 -999 -999
-999 -999 -999 -999 -999 -999 -999 -999
-999 -999 -999 -999 -999 -999 -999 -999
-999 -999 -999 -999 -999 -999 -999 -999
-999 -999 -999 -999 -999 -999 -999 -999
-999 -999 -999 -999 -999 -999 -999 -999
-999 -999 -999 -999 -999 -999 -999 -999
-999 -999 -999 -999 -999 -999 -999 -999
-999 -999 -999 -999 -999 -999 -999 -999
-999 -999 -999 -999 -999 -999 -999 -999
-999 -999 -999 -999 -999 -999 -999 -999
-999 -999 -999 -999 -999 -999 -999 -999
-999 -999 -999 -999 -999 -999 -999 -999
-999 -999 -999 -999 -999 -999 -999 -999
-999 -999 -999 -999 -999 -999 -999 -999
-999 -999 -999 -999 -999 -999 -999 -999
-999 -999 -999 -999 -999 -999 -999 -999
-999 -999 -999 -999 -999 -999 -999 -999
-999 -999 -999 -999 -999 -999 -999 -999
-999 -999 -999 -999 -999 -999 -999 -999
-999 -999 -999 -999 -999 -999 -999 -999
-999 -999 -999 -999 -999 -999 -999 -999
-999 -999 -999 -999 -999 -999 -999 -999
-999 -999 -999 -999 -999 -999 -999 -999
-999 -999 -999 -999 -999 -999 -999 -999
-999 -999 -999 -999 -999 -999 -999 -999
-999 -999 -999 -999 -999 -999 -999 -999
-999 -999 -999 -999 -999 -999 -999 -999
-999 -999 -999 -999 -999 -999 -999 -999
-999 -999 -999 -999 -999 -999 -999 -999
-999 -999 -999 -999 -999 -999 -999 -999
-999 -999 -999 -999 -999 -999 -999 -999
-999 -999 -999 -999 -999 -999 -999 -999
-999 -999 -999 -999 -999 -999 -999 -999
-999 -999 -999 -999 -999 -999 -999 -999
-999 -999 -999 -999 -999 -999 -999 -999
-999 -999 -999 -999 -999 -999 -999 -999
-999 -999 -999 -999 -999 -999 -999 -999
-999 -999 -999 -999 -999 -999 -999 -999
-999 -999 -999 -999 -999 -999 -999 -999
-999 -999 -999 -999 -999 -999 -999 -999
-999 -999 -999 -999 -999 -999 -999 -999
-999 -999 -999 -999 -999 -999 -999 -999
-999 -999 -999 -999 -999 -999 -999 -999
-999 -999 -999 -999 -999 -999 -999 -999

# Age composition from fishery-independent survey
0 0 2 82 6 33 4 73
0 0 4 12 108 6 17 53
0 0 5 26 12 81 6 70
0 0 1 33 45 13 59 49
0 0 1 13 56 29 7 94
0 0 4 14 24 57 27 74
0 0 3 44 15 26 40 72
0 0 2 55 51 9 10 73
0 0 2 37 78 28 3 52
0 0 7 16 46 45 25 61
0 0 4 50 9 39 35 63
0 0 0 22 61 14 33 70
0 0 2 7 49 53 10 79
0 0 0 5 10 39 57 89
0 0 3 0 4 8 42 143
0 0 2 31 6 5 7 149
0 0 4 27 37 6 6 120
0 0 2 35 42 32 6 83
0 0 3 27 55 27 31 57
0 0 1 24 34 36 26 79
0 0 3 31 33 24 31 78
0 0 1 32 45 29 13 80
0 0 6 7 53 33 17 84
0 0 7 42 13 52 21 65
0 0 1 33 54 13 33 66
0 0 0 19 60 43 7 71
0 0 1 4 26 40 34 95
0 0 1 9 6 35 51 98
0 0 4 27 14 3 17 135
0 0 12 27 36 10 4 111
0 0 67 48 23 17 1 44
0 0 2 166 13 5 2 12
0 0 0 9 172 10 4 5
0 0 5 11 28 138 8 10
0 0 4 10 14 28 124 20
0 0 1 17 32 19 14 117
0 0 0 6 33 22 15 124
0 0 2 3 15 25 26 129
0 0 9 27 5 9 20 130
0 0 6 48 28 3 8 107
0 0 1 24 66 23 0 86
0 0 0 7 38 54 15 86
0 0 1 5 19 40 55 80
0 0 0 18 9 11 35 127
0 0 3 18 21 13 13 132
0 0 11 28 25 22 4 110
0 0 1 53 37 15 14 80
0 0 4 15 65 23 13 80
0 0 1 32 22 62 23 60
0 0 6 32 45 16 41 60

# Antibody prevalence values
0 0 0 0 0 2 0 89 1 4 3 17 0 5 43 36
0 0 0 0 0 2 1 10 32 72 2 2 10 8 53 8
0 0 0 0 0 3 1 33 8 15 49 32 2 1 52 4
0 0 0 0 0 4 0 46 1 30 3 21 28 16 47 4
0 0 0 0 0 4 0 19 5 62 2 26 1 4 66 11
0 0 0 0 0 7 0 8 4 16 25 38 8 19 59 16
0 0 0 0 0 2 0 43 1 10 6 21 19 25 53 20
0 0 0 0 0 3 0 48 0 56 1 8 3 12 38 31
0 0 0 0 0 2 0 41 11 54 21 10 2 2 43 14
0 0 0 0 0 8 0 14 6 53 24 20 24 8 37 6
0 0 0 0 0 4 1 40 1 17 6 34 18 16 55 8
0 0 0 0 0 0 0 23 5 57 3 14 14 22 52 10
0 0 0 0 0 0 0 8 9 43 22 25 10 3 69 11
0 0 0 0 0 1 0 1 0 10 11 34 17 34 64 28
0 0 0 0 0 2 0 5 0 6 0 10 6 37 89 45
0 0 0 0 0 3 0 38 0 6 0 3 0 6 83 61
0 0 0 0 0 5 0 14 0 53 0 8 0 3 64 53
0 0 0 0 0 2 1 28 2 26 3 42 1 4 44 47
0 0 0 0 0 1 0 25 0 57 2 26 2 24 35 28
0 0 0 0 0 5 0 20 2 22 6 46 3 15 46 35
0 0 0 0 0 5 0 36 1 35 1 21 6 32 29 34
0 0 0 0 0 2 0 27 1 46 3 21 0 17 29 54
0 0 0 0 0 6 0 6 11 37 10 32 7 14 37 40
0 0 0 0 0 7 0 43 0 11 6 35 13 17 25 43
0 0 0 0 0 1 0 30 0 49 0 18 8 16 38 40
0 0 0 0 0 1 1 20 10 44 12 34 0 5 44 29
0 0 0 0 0 0 0 9 1 25 9 39 16 27 45 29
0 0 0 0 0 1 0 8 0 8 0 23 9 34 52 65
0 0 0 0 0 5 0 21 0 10 0 7 0 26 51 80
0 0 0 0 0 8 0 33 1 32 0 17 0 3 32 74
0 0 0 0 0 73 0 44 1 27 0 12 0 1 16 26
0 0 0 0 0 4 2 161 4 8 4 2 1 3 11 0
0 0 0 0 0 3 2 14 80 76 12 0 3 0 10 0
0 0 0 0 0 2 0 9 19 16 129 7 10 1 7 0
0 0 0 0 0 2 0 21 0 19 6 10 115 10 17 0
0 0 0 0 0 1 0 10 0 37 1 12 7 8 119 5
0 0 0 0 0 0 0 8 1 16 4 21 3 13 114 20
0 0 0 0 0 2 0 1 0 17 0 17 8 28 99 28
0 0 0 0 0 6 0 17 0 4 1 11 3 16 99 43
0 0 0 0 0 6 1 53 0 22 2 6 2 8 70 30
0 0 0 0 0 1 1 25 19 48 10 13 1 0 71 11
0 0 0 0 0 1 0 12 7 33 32 16 13 5 75 6
0 0 0 0 0 3 0 6 0 18 12 33 26 26 70 6
0 0 0 0 0 1 0 11 0 10 0 14 9 42 99 14
0 0 0 0 0 4 0 15 0 24 0 12 0 15 88 42
0 0 0 0 0 14 0 20 0 23 0 25 0 4 60 54
0 0 0 0 0 3 0 53 1 34 4 16 2 15 48 24
0 0 0 0 0 5 0 20 12 52 21 11 7 8 54 10
0 0 0 0 0 3 0 22 2 27 34 22 18 6 57 9
0 0 0 0 0 2 0 27 2 48 3 15 24 23 47 9

# Average weight-at-age
70
94
115
134
150
160
165
168

# Maturity logistic function parameter age-at-50%
3

# Maturity logistic function parameter age-at-95%
4

# Infection prevalence index (avg of 3 different samples)
0.105555555555556
0
0
0
0
0
0
0.116666666666667
0
0
0.0111111111111111
0
0
0
0
0
0.00555555555555556
0
0
0
0
0
0
0
0
0
0
0
0.00555555555555556
0
0.194444444444444
0
0.188888888888889
0
0
0
0.00555555555555556
0
0
0.0444444444444444
0.0166666666666667
0
0
0
0.00555555555555556
0.00555555555555556
0.0333333333333333
0
0
0

