# Simulated data from SIR age-structured hybrid model
# random seed = 7824421
# Flag=0 if no issues, =1 if negative pop #'s, =2 if NaN, or=3 if NA. Flag:
0

# True SSB
18717.054602313
15570.7714455983
15933.3220132906
24346.9581157315
30061.0089073642
32308.3954090177
40926.6149160315
49550.6269069242
55140.5659461163
56409.7169577242
54163.2594054125
50365.2095102753
45574.5764724977
43199.4260685402
40024.8390120276
34235.8715088254
28567.1633402925
23498.134467047
20443.9545981306
20411.3208644541
19757.3962892882
18938.8049530733
15773.567324971
14834.8815805883
20289.9627098894
31342.3781607538
35782.9988407792
31254.9706008474
26223.3357464835
23557.34055607
20873.926750181
22771.6342651085
38518.6405446424
51888.1871435244
49338.8978748363
42445.1776338901
35797.3781914899
29825.5379193576
25158.7145013803
21159.7036077306
20236.0989321333
21496.7856927244
25255.1771897967
36873.9894380232
45347.8776766254
42618.3669887369
41029.3007567742
39961.9586952316
41213.9880016964
41081.1071813622

# True R (numbers)
503.266417679366
33.5375853335617
251.190234768109
441.823898184072
324.627804741865
349.097138981352
164.042702584271
187.940400647647
123.53371680598
95.0854993596137
182.425643653343
41.1136758133387
35.1078328972636
19.3844852296331
12.7367747616415
91.8425577876379
72.1088473416282
50.4524806688287
57.6581860899195
48.6887386816351
52.8402135933578
297.722177591992
412.15061158781
47.4610855647154
10.1726874264817
23.8027990752324
77.5744492060463
98.1018157210426
106.579686043602
833.48950851258
158.72240308538
73.2500711319372
20.7365186926538
46.4345769583093
9.56380169185885
44.3299354079857
51.5785406840234
107.878258334886
168.115682364924
158.29633452947
597.221125051699
158.761931828151
66.7002412198024
249.455421563544
82.9038092860569
294.791917719533
52.0915182505412
49.5525487298875
42.4331428474528
11.6871446330703

# True infection rate given (selected) susceptible
0.857908388306137 0.857908388306137 0.857908388306137 0.857908388306138 0.857908388306137 0.857908388306138 0.857908388306138 0.857908388306137
0.845445115353748 0.845445115353748 0.845445115353747 0.845445115353747 0.845445115353748 0.845445115353747 0.845445115353747 0.845445115353748
0.711819330029919 0.711819330029918 0.711819330029918 0.711819330029919 0.711819330029919 0.711819330029918 0.711819330029918 0.711819330029919
0.775975269459651 0.775975269459651 0.775975269459651 0.775975269459651 0.775975269459651 0.775975269459651 0.775975269459652 0.775975269459651
0.794626602358551 0.794626602358551 0.794626602358551 0.794626602358551 0.794626602358551 0.794626602358551 0.79462660235855 0.79462660235855
0.750953536526684 0.750953536526684 0.750953536526684 0.750953536526684 0.750953536526684 0.750953536526684 0.750953536526684 0.750953536526684
0.642480071401512 0.642480071401512 0.642480071401512 0.642480071401512 0.642480071401512 0.642480071401512 0.642480071401512 0.642480071401513
0.444956373615347 0.444956373615347 0.444956373615346 0.444956373615346 0.444956373615347 0.444956373615347 0.444956373615347 0.444956373615347
0.224701711276538 0.224701711276537 0.224701711276538 0.224701711276538 0.224701711276537 0.224701711276538 0.224701711276538 0.224701711276537
0.21508036440271 0.21508036440271 0.21508036440271 0.21508036440271 0.21508036440271 0.215080364402711 0.21508036440271 0.21508036440271
0.266999163214498 0.266999163214498 0.266999163214498 0.266999163214498 0.266999163214498 0.266999163214498 0.266999163214498 0.266999163214498
0.227782865602794 0.227782865602794 0.227782865602794 0.227782865602794 0.227782865602794 0.227782865602794 0.227782865602794 0.227782865602794
0.119485384564929 0.119485384564929 0.119485384564929 0.11948538456493 0.11948538456493 0.119485384564928 0.11948538456493 0.119485384564929
0.0316566266252382 0.0316566266252391 0.0316566266252393 0.0316566266252385 0.0316566266252382 0.0316566266252393 0.0316566266252387 0.0316566266252388
0.0160788081324686 0.0160788081324679 0.0160788081324684 0.0160788081324673 0.0160788081324681 0.0160788081324681 0.016078808132468 0.0160788081324691
0.0188259102702423 0.0188259102702422 0.0188259102702422 0.0188259102702427 0.0188259102702419 0.0188259102702412 0.0188259102702425 0.0188259102702415
0.0751616401461959 0.075161640146196 0.0751616401461964 0.0751616401461959 0.0751616401461958 0.0751616401461953 0.0751616401461955 0.0751616401461951
0.359015859803789 0.359015859803789 0.359015859803789 0.35901585980379 0.359015859803789 0.35901585980379 0.359015859803789 0.359015859803789
0.0127553948760061 0.0127553948760078 0.0127553948760059 0.0127553948760066 0.0127553948760071 0.0127553948760062 0.0127553948760062 0.0127553948760062
0.0184325649521335 0.0184325649521332 0.0184325649521333 0.0184325649521331 0.0184325649521334 0.0184325649521336 0.0184325649521341 0.018432564952132
0.0176452269564531 0.0176452269564537 0.0176452269564526 0.0176452269564534 0.0176452269564537 0.017645226956454 0.0176452269564524 0.0176452269564526
0.708639742502804 0.708639742502805 0.708639742502805 0.708639742502805 0.708639742502806 0.708639742502806 0.708639742502805 0.708639742502805
0.830018818056822 0.830018818056822 0.830018818056822 0.830018818056822 0.830018818056822 0.830018818056822 0.830018818056822 0.830018818056822
0.781924228800247 0.781924228800247 0.781924228800247 0.781924228800247 0.781924228800246 0.781924228800247 0.781924228800247 0.781924228800247
0.469841144380082 0.469841144380082 0.469841144380082 0.469841144380082 0.469841144380082 0.469841144380082 0.469841144380082 0.469841144380082
0.00913860142255095 0.00913860142255027 0.00913860142255061 0.00913860142254996 0.00913860142255048 0.00913860142255004 0.00913860142255012 0.00913860142255047
0.0066774773512914 0.00667747735129138 0.00667747735129182 0.00667747735129045 0.00667747735129267 0.0066774773512911 0.00667747735129187 0.00667747735129097
0.0112967748420336 0.0112967748420342 0.0112967748420344 0.0112967748420334 0.0112967748420336 0.0112967748420336 0.0112967748420338 0.0112967748420325
0.131821670638656 0.131821670638656 0.131821670638656 0.131821670638656 0.131821670638656 0.131821670638655 0.131821670638656 0.131821670638656
0.916975135300476 0.916975135300476 0.916975135300476 0.916975135300476 0.916975135300476 0.916975135300476 0.916975135300477 0.916975135300476
0.905244945631758 0.905244945631758 0.905244945631758 0.905244945631758 0.905244945631758 0.905244945631758 0.905244945631758 0.905244945631758
0.757401024608602 0.757401024608602 0.757401024608601 0.757401024608602 0.757401024608602 0.757401024608602 0.757401024608602 0.757401024608602
0.0230150563011911 0.0230150563011908 0.0230150563011909 0.0230150563011909 0.0230150563011908 0.0230150563011912 0.0230150563011905 0.0230150563011911
0.0151040236527034 0.0151040236527032 0.015104023652703 0.0151040236527038 0.0151040236527044 0.0151040236527046 0.0151040236527044 0.0151040236527034
0.00807100435357256 0.00807100435357257 0.00807100435357336 0.00807100435357141 0.00807100435357223 0.00807100435357184 0.0080710043535714 0.00807100435357206
0.00452937168855438 0.0045293716885543 0.00452937168855385 0.00452937168855362 0.00452937168855441 0.00452937168855418 0.00452937168855422 0.00452937168855356
0.00448441691167148 0.00448441691167019 0.00448441691166956 0.00448441691167036 0.00448441691167145 0.00448441691167079 0.00448441691167066 0.00448441691167104
0.0260594618992014 0.0260594618992016 0.0260594618992019 0.0260594618992017 0.0260594618992019 0.0260594618992014 0.0260594618992024 0.0260594618992016
0.496657774543058 0.496657774543058 0.496657774543058 0.496657774543058 0.496657774543058 0.496657774543058 0.496657774543058 0.496657774543058
0.506113573465315 0.506113573465315 0.506113573465315 0.506113573465315 0.506113573465314 0.506113573465315 0.506113573465315 0.506113573465315
0.859823150169356 0.859823150169356 0.859823150169356 0.859823150169355 0.859823150169356 0.859823150169356 0.859823150169356 0.859823150169356
0.847023319941865 0.847023319941865 0.847023319941866 0.847023319941865 0.847023319941865 0.847023319941865 0.847023319941865 0.847023319941865
0.657472491384477 0.657472491384477 0.657472491384477 0.657472491384476 0.657472491384476 0.657472491384477 0.657472491384477 0.657472491384477
0.329915343703923 0.329915343703923 0.329915343703923 0.329915343703923 0.329915343703923 0.329915343703924 0.329915343703923 0.329915343703923
0.472381885915453 0.472381885915453 0.472381885915452 0.472381885915453 0.472381885915453 0.472381885915453 0.472381885915453 0.472381885915453
0.596404603169437 0.596404603169437 0.596404603169437 0.596404603169437 0.596404603169437 0.596404603169437 0.596404603169436 0.596404603169437
0.542476262866592 0.542476262866593 0.542476262866593 0.542476262866593 0.542476262866592 0.542476262866592 0.542476262866593 0.542476262866592
0.180253545548148 0.180253545548148 0.180253545548148 0.180253545548148 0.180253545548148 0.180253545548148 0.180253545548148 0.180253545548148
0.034695000226295 0.0346950002262951 0.0346950002262956 0.0346950002262951 0.0346950002262956 0.0346950002262945 0.0346950002262946 0.0346950002262959
0.0125282132782794 0.0125282132782791 0.0125282132782795 0.0125282132782787 0.0125282132782785 0.0125282132782786 0.0125282132782796 0.0125282132782782

# Duration of outbreak (days) based on incidence
0
0
0
0
0
0
0
0
0
0
0
0
0
0
0
0
0
0
0
0
0
0
0
0
0
0
0
0
0
1
0
0
0
0
0
0
0
0
0
0
0
0
0
0
0
0
0
0
0
0

# Duration of outbreak (days) based on prevalence
29
21
9
18
19
15
0
0
0
0
0
0
0
0
0
0
0
0
0
0
0
30
26
18
0
0
0
0
0
26
22
7
0
0
0
0
0
0
0
0
25
21
0
0
0
0
0
0
0
0

# Peak (point) prevalence
0.347811211510828
0.213640932792495
0.108251904220156
0.155150786179619
0.162493295458687
0.127536199752742
0.0717768668979118
0.0328187742830822
0.0178727269205988
0.0202271556847583
0.0277552974950913
0.0247101120303759
0.0138313077594777
0.00319955049182122
0.00135014889474259
0.00188733057250865
0.0115769599057255
0.047773160184588
0.00125065314996685
0.00249515756198875
0.00284924672928757
0.195626312348878
0.257652136083794
0.156077885169499
0.0324680964002121
0.000294844175348331
0.000280834415552002
0.000901540112727009
0.021851949169933
0.440787008900661
0.288140043055576
0.106737362692278
0.000775131633939442
0.000590559088654893
0.000313936180133455
0.000186789576029273
0.000213640330810538
0.00276565396825889
0.0743165048483347
0.0683648958687597
0.28897708280045
0.209279561142397
0.0719000984189212
0.022765482734164
0.0397999874271589
0.068906011833614
0.0492944538450611
0.0139992333671364
0.00278256988903878
0.000908455070476254

# Day of peak prevalence
31
28
45
39
35
41
56
85
116
118
113
118
119
119
119
119
119
100
119
119
119
57
33
36
79
119
119
119
119
21
19
36
119
119
119
105
103
119
83
83
29
28
51
99
84
67
74
119
119
119

# Total immunity
0.0820328143142977
0.308952376261235
0.343425613324808
0.266709774647068
0.300959573829627
0.338749084958479
0.437759023633484
0.474047247517346
0.490855166702535
0.472562028062238
0.39667193189963
0.441619502246558
0.477613325181729
0.491976130811918
0.482558935337002
0.353294343344538
0.281168597395565
0.257763415157408
0.324288196105209
0.268987203643704
0.220216721253036
0.0920800649030158
0.153138961681173
0.34569130026801
0.576281428450676
0.659943030495193
0.514415657381947
0.37885007809613
0.278595443439885
0.0855629600646914
0.272941176375747
0.490259474957275
0.676964172517274
0.616585398766734
0.605012627800824
0.529410022897867
0.445390529277505
0.311957431102131
0.199537470811641
0.249918741807457
0.152211117536014
0.303317422799489
0.492937446405289
0.445169025220639
0.452603917178705
0.359098751978875
0.468211550806109
0.556239932186123
0.543857378562879
0.534992618447387

# Observed immunity (based on survey selectivity)
0.461382109253918
0.84072007295828
0.885271146824132
0.841200151326644
0.916816463971131
0.901996377369624
0.881367531143406
0.878607021818714
0.846325909016557
0.798577699981964
0.749867321723147
0.732916629997095
0.71824756635418
0.651281703907053
0.589283359762878
0.55541889349977
0.531047248475857
0.531017691251834
0.61139996511937
0.51909818107435
0.44875070253413
0.380506890553691
0.734151995915825
0.874394242890726
0.843298456313467
0.801779714234019
0.743913609595278
0.71847448543415
0.681099981027973
0.620782946760701
0.882766958711236
0.884848580013339
0.850566104085974
0.791433495647933
0.739842132992139
0.699200163497833
0.655262049285892
0.616185382650414
0.573333305325456
0.708111100585054
0.757394409416213
0.876905836398563
0.888347205394619
0.845366040217449
0.830900945819673
0.85723474615654
0.860271667535066
0.869350614210718
0.775892601936314
0.696178033824905

# True total proportion of susceptible
1 0.970230814948435 0.937707106384025 0.901335839681963 0.86940266675707 0.828943768197666 0.789291526640911 0.370339264935826
1 0.822528872252867 0.626320432922171 0.41425511710056 0.263320318287822 0.188868773295527 0.151633165315614 0.0643021845507838
1 0.825651859064577 0.52490478824904 0.264670622907639 0.111468893315301 0.0516812454702486 0.0313013354435143 0.0109102513974212
1 0.853157302373601 0.575856631014269 0.266962931749097 0.099288663461994 0.0347732527739919 0.0147768200024835 0.0031639481946876
1 0.839732209801957 0.572651591969827 0.268879632199578 0.085086675499157 0.0249094329373644 0.0077619839341943 0.00084675519053744
1 0.835979040370577 0.555875921780884 0.259776123463977 0.0814831111944121 0.0198524681423658 0.00512128100986183 0.000566235961379623
1 0.844996456770681 0.569247985565165 0.268648848251231 0.0884210947714017 0.0222741390584911 0.00489319442311891 0.000250499356069561
1 0.86724594209638 0.615946466399783 0.319258989428437 0.116845334379264 0.0330750367993847 0.0077812958139732 0.00118085308178919
1 0.908010674250501 0.707181622536024 0.432530465148241 0.19524734220204 0.0658209647417996 0.0179568690149012 0.000825393287371915
1 0.954009804847375 0.826489786802946 0.606302004646942 0.351166843732666 0.15295318737549 0.0506380861754753 0.00521549941714926
1 0.955971148756823 0.873505571819391 0.718202340909359 0.502609927186521 0.281238064378668 0.119864866884181 0.019671275932648
1 0.94509966620139 0.855093453316535 0.732233588068527 0.56937429673861 0.382533943462744 0.207802039079367 0.0358673723255965
1 0.953289010916285 0.860120222404534 0.737243911854171 0.604331348208973 0.456151518222226 0.299776366758935 0.0667735878867144
1 0.975723791632976 0.909207312562685 0.799410833690347 0.671337307314088 0.543192188264952 0.406198130140278 0.0908080677167396
1 0.993641507191466 0.964082237508737 0.89288871468403 0.781323908025422 0.654122670610411 0.528147060752366 0.147357733748072
1 0.996789816739748 0.987710180634464 0.955562183638598 0.883084874761953 0.771640759743204 0.645347216180729 0.199951259368397
1 0.996237150329237 0.989824754603949 0.977581740125871 0.943578604286422 0.870762981015245 0.760032035610145 0.253782296324774
1 0.984808300364095 0.968011488416692 0.948547664870786 0.928017879810102 0.891138261071184 0.819364863038684 0.354803599636202
1 0.925908806879538 0.845138022859775 0.760760644361992 0.697723167777601 0.659220659851111 0.621053089923716 0.251424813644524
1 0.99745524576392 0.921379613932435 0.838903543928191 0.753775813191722 0.690645362815931 0.65222546847009 0.273727950294666
1 0.996306856659821 0.990616976341386 0.911834202855088 0.828066925989441 0.742909770151268 0.680127779455262 0.286538585852316
1 0.996459239483259 0.989755006777371 0.981072028551329 0.900875823341173 0.816952668538594 0.732277313697561 0.296766216438046
1 0.852582694234124 0.708572465621104 0.546366499331333 0.428840777939332 0.335842394209891 0.278154838872767 0.122607003270684
1 0.828450317254794 0.551605735277449 0.311766930933273 0.158796501869073 0.0936877374381806 0.062465008798743 0.0251211718484734
1 0.838683014333626 0.552370757648268 0.254344845190491 0.0989864865058798 0.039646686285166 0.0207548956147823 0.00629026351712145
1 0.903028420189849 0.67375291847287 0.375937927295398 0.148867819992361 0.0533392040776873 0.0205979349211444 0.00453174116876272
1 0.998190244723381 0.899844211452237 0.669950114549561 0.373104485135056 0.147568291014171 0.0528454823469161 0.00709169331051071
1 0.998677940436247 0.995743090241043 0.896470346130432 0.666632996023016 0.370891795515287 0.146598552058048 0.0155457155306748
1 0.997747247429723 0.994506073747794 0.989658218639463 0.889576366239113 0.66057578492452 0.367032763555559 0.0908036051706902
1 0.973151741431288 0.947606526589695 0.920721894312467 0.900405253940263 0.799346312410571 0.585587989578231 0.205366024857903
1 0.810565412995893 0.603619658623115 0.378801413207056 0.218121209046927 0.13997994726825 0.0925699159617247 0.0185412441313921
1 0.81344546526712 0.494912708451505 0.228042021489661 0.081206682463454 0.0302246250787493 0.0150160172507561 0.00172073319661589
1 0.844055100523164 0.550656908963428 0.234878882224898 0.0761903898065513 0.0218552870654444 0.00733702094291505 0.000555176392826047
1 0.995423816796792 0.836368491498901 0.54247145930153 0.230207934323376 0.0744751954848371 0.0213398583188132 0.00175086376518393
1 0.997001992755189 0.98987970629832 0.829075401116852 0.536099795402601 0.226968741543472 0.0733416097591609 0.00614866770970268
1 0.998402830253777 0.994047040807844 0.98558099556191 0.824425948994133 0.532474637677981 0.225212472711566 0.0224545015231269
1 0.999105579301961 0.996747173313637 0.991635105208716 0.982687564650334 0.821629068667067 0.530393907425042 0.167926568133566
1 0.999114649070262 0.997466294255909 0.994356488152319 0.988761388682491 0.979601445823756 0.818782642702552 0.226261258176003
1 0.994785068957795 0.989444945014346 0.983337018666877 0.977335201642377 0.970436624998791 0.960796656901456 0.276955664183748
1 0.896945435115464 0.797135030793691 0.690298959433205 0.614663701093697 0.576143752039522 0.556570174087673 0.151358303081827
1 0.894872058535972 0.708919884843082 0.537146180720298 0.406138066984365 0.334836900386963 0.302657919957369 0.0898193980585946
1 0.822266567819448 0.57064907714017 0.296553010256649 0.14116205376236 0.0763356766701897 0.0522709914793475 0.012151861786238
1 0.825334031575226 0.524152806151465 0.237662983728568 0.07710065203836 0.0266413528753914 0.0121716702282149 0.0023371774681347
1 0.864421735061077 0.595376183247518 0.286796805768099 0.0999458924315959 0.0277913822587867 0.00896490435998423 0.00118966782602526
1 0.932146518130025 0.747367463354934 0.464741178664046 0.204020651638298 0.0674420166058924 0.0183273914908243 0.00213048578411687
1 0.902179866149943 0.75285432846881 0.518320517715181 0.278343540990725 0.11081909005909 0.0349085056101631 0.00394298548539728
1 0.876301892211536 0.678799088187085 0.457964715116412 0.256349861145626 0.119699859872821 0.0441238921499998 0.00504685324791903
1 0.887544848500249 0.678072963431281 0.433911511779474 0.245833611732278 0.12304550983622 0.0541049875970645 0.0123657542377323
1 0.9632305829942 0.823499707533895 0.60025214437788 0.368782594736161 0.203777145815467 0.100612753484755 0.0157344831171287
1 0.99303103246854 0.950562372444925 0.806717751195068 0.584206218762142 0.357262608149338 0.196857191112318 0.0220971957569251

# True vulnerable proportion of susceptible
0.27 0.485115407474217 0.684526187660338 0.793175538920128 0.825932533419217 0.812364892833712 0.781398611374502 0.370339264935826
0.27 0.411264436126434 0.457213916033185 0.364544503048493 0.250154302373431 0.185091397829616 0.150116833662458 0.0643021845507838
0.27 0.412825929532289 0.383180495421799 0.232910148158722 0.105895448649536 0.0506476205608436 0.0309883220890791 0.0109102513974212
0.27 0.4265786511868 0.420375340640417 0.234927379939205 0.0943242302888943 0.0340777877185121 0.0146290518024586 0.0031639481946876
0.27 0.419866104900978 0.418035662137974 0.236614076335629 0.0808323417241991 0.0244112442786171 0.00768436409485236 0.00084675519053744
0.27 0.417989520185288 0.405789422900046 0.2286029886483 0.0774089556346915 0.0194554187795185 0.00507006819976321 0.000566235961379623
0.27 0.422498228385341 0.41555102946257 0.236410986461083 0.0840000400328316 0.0218286562773213 0.00484426247888772 0.000250499356069561
0.27 0.43362297104819 0.449640920471842 0.280947910697024 0.111003067660301 0.032413536063397 0.00770348285583347 0.00118085308178919
0.27 0.454005337125251 0.516242584451298 0.380626809330452 0.185484975091938 0.0645045454469636 0.0177773003247522 0.000825393287371915
0.27 0.477004902423688 0.60333754436615 0.533545764089309 0.333608501546033 0.14989412362798 0.0501317053137206 0.00521549941714926
0.27 0.477985574378411 0.637659067428155 0.632018060000236 0.477479430827195 0.275613303091094 0.11866621821534 0.019671275932648
0.27 0.472549833100695 0.624218220921071 0.644365557500304 0.540905581901679 0.37488326459349 0.205724018688573 0.0358673723255965
0.27 0.476644505458143 0.62788776235531 0.648774642431671 0.574114780798524 0.447028487857781 0.296778603091346 0.0667735878867144
0.27 0.487861895816488 0.66372133817076 0.703481533647505 0.637770441948384 0.532328344499653 0.402136148838875 0.0908080677167396
0.27 0.496820753595733 0.703780033381378 0.785742068921946 0.742257712624151 0.641040217198203 0.522865590144843 0.147357733748072
0.27 0.498394908369874 0.721028431863159 0.840894721601967 0.838930631023855 0.75620794454834 0.638893744018922 0.199951259368397
0.27 0.498118575164619 0.722572070860883 0.860271931310766 0.896399674072101 0.85334772139494 0.752431715254043 0.253782296324774
0.27 0.492404150182047 0.706648386544185 0.834721945086292 0.881616985819597 0.873315495849761 0.811171214408297 0.354803599636202
0.27 0.462954403439769 0.616950756687636 0.669469367038553 0.662837009388721 0.646036246654089 0.614842559024479 0.251424813644524
0.27 0.49872762288196 0.672607118170678 0.738235118656808 0.716087022532136 0.676832455559612 0.645703213785389 0.273727950294666
0.27 0.49815342832991 0.723150392729212 0.802414098512477 0.786663579689969 0.728051574748242 0.67332650166071 0.286538585852316
0.27 0.498229619741629 0.722521154947481 0.86334338512517 0.855832032174115 0.800613615167823 0.724954540560585 0.296766216438046
0.27 0.426291347117062 0.517257899903406 0.480802519411573 0.407398739042365 0.329125546325693 0.27537329048404 0.122607003270684
0.27 0.414225158627397 0.402672186752538 0.27435489922128 0.150856676775619 0.091813982689417 0.0618403587107556 0.0251211718484734
0.27 0.419341507166813 0.403230653083236 0.223823463767632 0.0940371621805858 0.0388537525594627 0.0205473466586345 0.00629026351712145
0.27 0.451514210094924 0.491839630485195 0.33082537601995 0.141424428992743 0.0522724199961335 0.0203919555719329 0.00453174116876272
0.27 0.499095122361691 0.656886274360133 0.589556100803614 0.354449260878303 0.144616925193888 0.052317027523447 0.00709169331051071
0.27 0.499338970218123 0.726892455875961 0.78889390459478 0.633301346221865 0.363473959604981 0.145132566537468 0.0155457155306748
0.27 0.498873623714861 0.72598943383589 0.870899232402727 0.845097547927157 0.64736426922603 0.363362435920003 0.0908036051706902
0.27 0.486575870715644 0.691752764410477 0.810235266994971 0.85538499124325 0.78335938616236 0.579732109682449 0.205366024857903
0.27 0.405282706497947 0.440642350794874 0.333345243622209 0.20721514859458 0.137180348322885 0.0916442168021075 0.0185412441313921
0.27 0.40672273263356 0.361286277169598 0.200676978910901 0.0771463483402813 0.0296201325771743 0.0148658570782486 0.00172073319661589
0.27 0.422027550261582 0.401979543543303 0.20669341635791 0.0723808703162237 0.0214181813241355 0.0072636507334859 0.000555176392826047
0.27 0.497711908398396 0.610548998794198 0.477374884185346 0.218697537607207 0.0729856915751404 0.021126459735625 0.00175086376518393
0.27 0.498500996377595 0.722612185597773 0.72958635298283 0.509294805632471 0.222429366712603 0.0726081936615693 0.00614866770970268
0.27 0.499201415126889 0.725654339789726 0.867311276094481 0.783204651544427 0.521825144924422 0.22296034798445 0.0224545015231269
0.27 0.49955278965098 0.727625436518955 0.87263889258367 0.933553186417817 0.805196487293726 0.525089968350792 0.167926568133566
0.27 0.499557324535131 0.728150394806814 0.87503370957404 0.939323319248366 0.960009416907281 0.810594816275527 0.226261258176003
0.27 0.497392534478898 0.722294809860473 0.865336576426851 0.928468441560258 0.951027892498815 0.951188690332442 0.276955664183748
0.27 0.448472717557732 0.581908572479394 0.60746308430122 0.583930516039012 0.564620876998731 0.551004472346796 0.151358303081827
0.27 0.447436029267986 0.51751151593545 0.472688639033862 0.385831163635147 0.328140162379224 0.299631340757795 0.0898193980585946
0.27 0.411133283909724 0.416573826312324 0.260966649025851 0.134103951074242 0.0748089631367859 0.051748281564554 0.012151861786238
0.27 0.412667015787613 0.38263154849057 0.209143425681139 0.0732456194364419 0.0261085258178836 0.0120499535259327 0.0023371774681347
0.27 0.432210867530539 0.434624613770688 0.252381189075927 0.0949485978100161 0.0272355546136109 0.00887525531638438 0.00118966782602526
0.27 0.466073259065012 0.545578248249102 0.408972237224361 0.193819619056384 0.0660931762737745 0.0181441175759161 0.00213048578411687
0.27 0.451089933074971 0.549583659782231 0.45612205558936 0.264426363941188 0.108602708257908 0.0345594205540615 0.00394298548539728
0.27 0.438150946105768 0.495523334376572 0.403008949302442 0.243532368088344 0.117305862675364 0.0436826532284998 0.00504685324791903
0.27 0.443772424250124 0.494993263304835 0.381842130365937 0.233541931145664 0.120584599639496 0.0535639377210939 0.0123657542377323
0.27 0.4816152914971 0.601154786499744 0.528221887052535 0.350343464999353 0.199701602899158 0.0996066259499074 0.0157344831171287
0.27 0.49651551623427 0.693910531884795 0.70991162105166 0.554995907824034 0.350117355986351 0.194888619201195 0.0220971957569251

# True survival by age
0.723007845836292 0.678997009892397 0.638201838736897 0.615984455748813 0.609297256043578 0.612095658880693 0.61845453373144 0.70280761831105
0.723914536244366 0.695571591771852 0.68642624706284 0.705194370053745 0.728302451451938 0.741439797845452 0.748500292847195 0.76582198733038
0.731999447611873 0.707617293842824 0.712857804607631 0.738747396197769 0.760594748831597 0.770094080678404 0.773473830514139 0.77692534850084
0.728030856162059 0.698975854210812 0.700277921817903 0.734947417327136 0.761197702634736 0.772441666178092 0.776070995820681 0.778210406042663
0.726929066849685 0.698518613345048 0.699009077050305 0.733667014168551 0.763385748098179 0.774145885407082 0.777335519889312 0.778639327400865
0.729581880617004 0.702984278949341 0.705333529952755 0.737441195101661 0.76479916211582 0.775282049105788 0.777883831386291 0.778698379013852
0.736210985127671 0.712539750025574 0.713768921423936 0.741832966049136 0.765669365268861 0.77538876447192 0.778043607170207 0.778761630457287
0.748674440319557 0.730811486074837 0.729189857122728 0.747837504772872 0.766572087635752 0.775230490423008 0.777952300642179 0.778670727080779
0.763254885571474 0.753072795105177 0.749719343780557 0.757406365528173 0.768383254330054 0.77517907533517 0.777802746683877 0.778754449067624
0.76388921123729 0.752890088317274 0.746230486215905 0.750064526369917 0.760847848613204 0.770736899454641 0.776104113406364 0.778520260582306
0.760386437576698 0.746635799095772 0.736105187451335 0.736561584833832 0.746911070610528 0.76039796369339 0.770878040603855 0.777487537547382
0.763022035509394 0.751614368131257 0.743098433030503 0.742026331136517 0.747955024922505 0.757429078630284 0.767073801748294 0.77675641186081
0.770336762081228 0.764291848933295 0.759899023977096 0.75935103123248 0.761614908906714 0.765426862591923 0.76992357642506 0.776803819031248
0.776280235907389 0.774689633053569 0.773430708840486 0.773196606552166 0.773748559900578 0.774592987020873 0.775624303084029 0.778083977784389
0.777334045648186 0.776553228825205 0.7758534524729 0.775608041298197 0.775817874709792 0.776235652017095 0.776711403157782 0.778212732737816
0.777148848825629 0.776204251424386 0.775286655025863 0.774807155401319 0.774853941208249 0.775256113071254 0.775809526390072 0.777865701986869
0.773338760173071 0.769176520947404 0.765082599652586 0.762575452721637 0.761934082017194 0.762758812695378 0.764660054804451 0.774032725205084
0.754280948116706 0.734530835280197 0.715506498827542 0.704138921300495 0.699983749294056 0.700740913062172 0.706300035873348 0.747091107707365
0.777557146028004 0.77708897406971 0.7767268661169 0.776633678498841 0.776684743098459 0.776749478604689 0.776851904598492 0.778005191173504
0.777172202340365 0.776245655248314 0.775580826275273 0.775358565824509 0.775493810128009 0.775686722214268 0.775833494695749 0.777544357925507
0.777223259614795 0.776342798334964 0.775475610078031 0.775211051612612 0.775316638281952 0.775588741765529 0.775833880345163 0.777539741197745
0.731828701615728 0.69257607657629 0.654002472039777 0.629786284170486 0.631120968605892 0.640663050268871 0.653721238241882 0.727600021673048
0.724728940976241 0.693816365546828 0.675855299258401 0.683170572223938 0.697788558983931 0.713359027900235 0.724048383803557 0.75442352510022
0.727722515664904 0.700814496119391 0.703124881618914 0.72727425716128 0.75047516351324 0.761562898721052 0.767190724189665 0.774084608669959
0.747128570976309 0.729991108196429 0.732001839092813 0.752851703648498 0.76790273878765 0.774298657262045 0.7764200001159 0.778071975783153
0.7778037202213 0.777543614874496 0.777596601186934 0.778032007624723 0.778478454043165 0.778682544007414 0.778754768995064 0.778790581689258
0.777967416544746 0.777713726257924 0.777590772595768 0.777788204130255 0.77820783262416 0.778561341505225 0.778714449559307 0.778789118563339
0.777655086733212 0.777135571268011 0.776620965910566 0.776533261540918 0.777008758563184 0.777778522592134 0.778393399413224 0.77875723035181
0.769491050648526 0.76205259621061 0.754671807482355 0.749964024495472 0.750856089518062 0.757405625028563 0.766793781371579 0.775800744500164
0.719555433928662 0.672474840912183 0.627872286219667 0.602122335877701 0.592315260602939 0.608031279170101 0.652424472947856 0.734033969682967
0.72038354191512 0.691481949114705 0.684011717690256 0.707134509980928 0.734260614629826 0.749316706138619 0.759104258937561 0.774815928130424
0.729304040321626 0.704609357857638 0.71301894602684 0.742287154339397 0.764767275612761 0.773413164655113 0.77609690775889 0.778487816909877
0.776876463683817 0.776176353462885 0.776436095929843 0.777610622978943 0.778387238995564 0.778678779510342 0.778759447340156 0.778797626683213
0.777405168631631 0.776680303856643 0.77640472064986 0.776986793173398 0.777979513042882 0.778527955622813 0.778721926473458 0.778794257230096
0.777875066632386 0.777544514655264 0.777222542973633 0.777298152973943 0.777774597364496 0.778356428800656 0.778656130427211 0.778788566593847
0.77811101134097 0.777978986322246 0.777850025720438 0.777772416311849 0.777907110820483 0.778214323233718 0.778551431681082 0.77877579165491
0.778114057408861 0.777984043702653 0.777855652051676 0.777775944261836 0.777746088378387 0.777904936751897 0.778219463951252 0.778615778622018
0.776662681056891 0.775298681891037 0.773940821045307 0.773069416077955 0.772690267074252 0.772572194954876 0.773546059403368 0.777335251234862
0.745249805675603 0.717445229431954 0.689945248518927 0.672456227304645 0.664739164088397 0.661984094668863 0.661969571479595 0.744784770071593
0.744611588607457 0.722419618727559 0.705839839230513 0.702711396100199 0.705685102059805 0.708112621361459 0.709820366456295 0.759853006570323
0.72293179490609 0.686622835162906 0.672360217576363 0.681638138009489 0.699509194010709 0.711370824343531 0.71723078688186 0.760344652872778
0.723822158108949 0.695457467906033 0.694494558053865 0.726018837269209 0.751683506129337 0.763674882805142 0.768337891514783 0.776343885544878
0.735362861660259 0.712785325077923 0.717718750237829 0.74543986026355 0.767120485354189 0.774637769673473 0.776879480077183 0.778428144756699
0.756254665817485 0.743102045245258 0.743048721066105 0.758071423064128 0.771006407718801 0.776565471482789 0.778072410442911 0.778703156064752
0.746865921791369 0.724098334810297 0.71495025443223 0.730988554919215 0.756150324729923 0.771078032260222 0.7766808076737 0.778551866626863
0.738943775213834 0.712621351787685 0.698356000027401 0.712093145613882 0.740140357430813 0.762924402910377 0.773748810804594 0.77822441000072
0.742364892046891 0.72007135570599 0.712547707095223 0.724967359623757 0.746280912333886 0.7631384682679 0.772968650841616 0.778126997807685
0.766246213811698 0.758569234928333 0.756400406694906 0.761568480771335 0.768271605782144 0.773366329718394 0.776387081638067 0.778243623304144
0.776076226986149 0.774378369369552 0.773482700141981 0.774193666907215 0.775760753332019 0.777071347002027 0.777938727080427 0.778664692087504
0.777571746643702 0.776991729060041 0.776505685370743 0.776541154407957 0.77705902704077 0.777708017997877 0.778193579673187 0.778732055115907

# True Numbers-at-age
503.266417679366 24.5245027430476 57.954495841718 10.4934246566503 4.93607641513905 13.7911015331369 14.8593486340473 73.3273639294674
33.5375853335617 363.865568528106 16.6520640316272 36.9866658092543 6.46378647606788 3.00753781536564 8.44147337961597 60.7248615313192
251.190234768109 24.2783455335011 253.094552692064 11.43041381908 26.0827884957454 4.70759153618212 2.22990822983726 52.8228794349814
441.823898184072 183.871113095752 17.1797771653971 180.420427190215 8.44418844630835 19.8384319647492 3.62528837626561 42.764209674068
324.627804741865 321.661430867809 128.521468340796 12.0306186506789 132.599526996508 6.4276968459447 15.3240314412116 36.0930341348556
349.097138981352 235.981387174466 224.686496656366 89.8376729660499 8.82646806404409 101.224589113694 4.97597506593217 40.0153697697748
164.042702584271 254.694947176031 165.891205308307 158.478919819352 66.2500009172361 6.75047537982297 78.4776068679558 35.0306341245335
187.940400647647 120.770039672571 181.480273993586 118.407986686627 117.564887145853 50.7255961513616 5.23424276435905 88.3395140764041
123.53371680598 140.706174268311 88.260132166429 132.333575063976 88.5499333089067 90.1219609720583 39.3240287814195 72.8593848564891
95.0854993596137 94.2877128849674 105.961991944793 66.1703283698004 100.230292126556 68.040285926607 69.8606583737125 87.325907710185
182.425643653343 72.6347871059191 70.9882844811968 79.0720687693687 49.6320160084362 76.2600021303632 52.4411590130804 122.204132755235
41.1136758133387 138.713985300202 54.2317323129792 52.2548444548801 58.2414482888559 37.0707022134199 57.9879503311817 135.437928160979
35.1078328972636 31.3706406063671 104.25942441238 40.2995153023046 38.7744705149641 43.561983906414 28.0784278216883 149.683316624315
19.3844852296331 27.0448543177668 23.9763249112622 79.2266348513813 30.6014785029741 29.5312148291604 33.3435126697663 137.892815567899
12.7367747616415 15.0477927670029 20.951368267418 18.5440259715073 61.2577652156356 23.6778499225047 22.8746719048744 133.154229221821
91.8425577876379 9.90072865397646 11.6854120599087 16.2551914043074 14.3828956615437 47.5248692190658 18.3795912729583 121.38933511032
72.1088473416282 71.3753380578641 7.68498767341577 9.05954402852547 12.5946386124754 11.1446433893342 36.8439453849927 108.683662370025
50.4524806688287 55.764566600684 54.9002342087927 5.87965034747501 6.90858588900441 9.59628440953474 8.50067495956191 112.29780466684
57.6581860899195 38.0553449537239 40.9607936842386 39.2814743635453 4.14009065329514 4.83589785290532 6.72450909914166 89.9007183105412
48.6887386816351 44.8325346212294 29.5723889679582 31.8153489120195 30.5073159318181 3.21554524545887 3.75628113582974 75.1671732369861
52.8402135933578 37.8395342703809 34.8010602134989 22.9357778707028 24.6683033036298 23.6582346687445 2.49425575158166 61.3600601722982
297.722177591992 41.0686430477715 29.3764499231593 26.9873734004253 17.7800684827008 19.1257459894899 18.3490604591252 49.6450134245696
412.15061158781 217.881634669354 28.4431596723377 19.2122708694989 16.9962776133753 11.2213740426812 12.2531587642942 48.1168833675901
47.4610855647154 298.697476258744 151.169843885693 19.2234601922023 13.1252580836368 11.859808063928 8.004868478792 45.172388566789
10.1726874264817 34.5385005833419 209.331521316405 106.291278586478 13.9807277313534 9.85018020647084 9.0319898074403 41.1085115716977
23.8027990752324 7.60030541993594 25.2127983162768 153.231058583705 80.0215701668069 10.7358391151507 7.62698130765954 38.997998347435
77.5744492060463 18.5139056723958 5.90956895036722 19.6053862771485 119.218668140341 62.2950682335625 8.35981051423984 36.3108218840917
98.1018157210426 60.3503938387094 14.3985185680667 4.59522628582401 15.2488381837833 92.7769013418341 48.500531893082 34.7883782124386
106.579686043602 76.2893760132329 46.9004377920949 11.1821913980132 3.56834605524947 11.8484808267123 72.1598812563279 64.8441949587555
833.48950851258 82.0121145914815 58.1365170541716 35.394438160274 8.3862412635326 2.67931436509182 8.97410602619498 105.63792293738
158.72240308538 599.741904972756 55.1510837127783 36.5023078756514 21.311781782143 4.96729867948843 1.62910694070561 83.3967503171069
73.2500711319372 114.341006915926 414.710701416328 37.7239875028566 25.8120415928217 15.6484019902131 3.72207988492098 65.8537925169648
20.7365186926538 53.4215728303683 80.5657434598261 295.696587229922 28.0020313338304 19.7402047269455 12.1026801050461 54.1550698608866
46.4345769583093 16.1097133110622 41.4645615957272 62.5541513176327 229.936807408607 21.7964238562075 15.3712785240622 51.6009163504625
9.56380169185885 36.0984801306129 12.5120970294792 32.1932813625995 48.6037494319709 178.886125458383 16.9691253046615 52.1564489461685
44.3299354079857 7.43944287831363 28.0681752129501 9.72468387118469 25.0237781413191 37.802761644856 139.237165773773 53.831959559874
51.5785406840234 34.4936108729876 5.78773022927269 21.832830811319 7.56359087236018 19.4661749557263 29.4186505698171 150.326321678963
107.878258334886 40.1339875668735 26.8354788688727 4.5020186713901 16.9810506001825 5.88255321507261 15.1428335977356 139.940612478062
168.115682364924 83.7850173461207 31.1158276596283 20.7690725489193 3.4803729454636 13.1210925234564 4.54469704930751 120.494450416324
158.29633452947 125.288179613481 60.1111609928478 21.4682174474943 13.9662921708627 2.31354020248334 8.68595455520669 92.7508827064597
597.221125051699 117.869285124726 90.5106389474407 42.4288522111512 15.0859610543114 9.85580431599234 1.6382470174056 76.6425045319543
158.761931828151 431.750139889459 80.9317427309646 60.8557528956768 28.9211238190889 10.5527684579783 7.011131640836 59.4497197010498
66.7002412198024 114.915404121398 300.263859055599 56.2066549004704 44.1824229584616 21.7395317535334 8.05888421541637 51.5403444893194
249.455421563544 49.0488802568234 81.9100136831315 215.505001662972 41.8986809748882 33.8932417440191 16.8402623913028 46.381236520217
82.9038092860569 188.651826470898 36.4483232358352 60.863130909758 163.368183288087 32.3041515066047 26.3203212550244 49.2201588117707
294.791917719533 61.9180299424467 136.602473406498 26.0587379710886 44.490252111583 123.530904843824 24.9090215775488 58.7629348891583
52.0915182505412 217.834652582198 44.1241101976167 95.3971569220117 18.5562486925604 32.929031100054 94.2447418189532 65.0040761579603
49.5525487298875 38.6709143226217 156.856493604607 31.4405335489287 69.1598249693641 13.8481742037784 25.1294103552413 123.429657558768
42.4331428474528 37.969452848996 29.3345658916903 118.646315555261 23.9441193694978 53.1335297848253 10.7097116572771 115.568493490717
11.6871446330703 32.9313534002154 29.4027229830596 22.6897792333975 91.8552261047583 18.5749080799534 41.2885435608666 98.3206048530263

