# Simulated data from SIR age-structured hybrid model
# random seed = 6515611
# Flag=0 if no issues, =1 if negative pop #'s, =2 if NaN, or=3 if NA. Flag:
0

# True SSB
73954.6477117081
68531.0941835666
68466.5953170807
68323.4310034965
54935.3798075323
52055.4852851752
52560.3438458717
39767.435531595
33688.8699107006
36149.5478213638
37063.3179783415
53458.1462910402
56242.792839125
45528.3120907591
35695.2548070979
29840.4953010559
24296.3357870111
20664.3265651858
16733.6393716977
15912.9970346102
16798.9558118387
16863.7489403216
16322.3338435653
15959.3677819782
17803.3051731072
14771.5534785275
15887.3530471075
14306.4572393581
13317.5542393076
12773.7850308628
17171.0513301394
19855.5845998359
30101.5033650739
42029.7832678041
52663.050621657
47662.1627351393
42861.2103738151
39009.9692529495
31831.514825851
27598.4962958164
24520.8794002853
22572.7353930786
19990.7244012286
19494.4089900206
17513.8076848396
15252.6191235855
15069.9611589664
16294.1536762592
16104.624363454
17001.4157406177

# True R (numbers)
84.1071773275861
87.2876060600525
163.779681768307
198.413007929835
51.2218889084662
89.9085475582329
239.790277194624
211.818469787009
672.941615381904
163.892790010078
74.3931471941771
4.39055265635399
43.4557907469468
13.1593372496434
10.7110372048995
23.4743710846122
35.4066312729371
51.1658765134923
33.1147204200198
57.6211403150111
115.977961312637
60.658667169661
18.015518573036
84.3189611141523
47.4573093063691
96.6100176110233
37.8839924432047
241.442242473619
187.010530988497
355.776390967618
523.421173196775
227.696572515913
251.512480432201
50.713519523589
26.6573017167675
12.6930531482964
44.5095277551568
42.7148850503975
28.187715122613
38.0021811066197
89.8425425459082
17.3504677045059
44.9893559395002
43.9542487321331
60.3381201477157
86.1976544230937
12.6989651388029
38.4292544071112
55.7327192720116
43.5592105112268

# True infection rate given (selected) susceptible
-999 -999 0.859420140534587 0.859420140534587 0.859420140534587 0.859420140534587 0.859420140534587 0.859420140534586
-999 -999 0.707761315056703 0.707761315056703 0.707761315056702 0.707761315056702 0.707761315056702 0.707761315056702
-999 -999 0.0147071726577589 0.0147071726577587 0.0147071726577587 0.0147071726577586 0.0147071726577585 0.0147071726577581
-999 -999 0.459068757304161 0.459068757304161 0.459068757304161 0.459068757304161 0.45906875730416 0.459068757304161
-999 -999 0.00303923011148348 0.00303923011148404 0.00303923011148428 0.00303923011148485 0.0030392301114838 0.0030392301114826
-999 -999 0.0223289411915906 0.0223289411915909 0.0223289411915917 0.022328941191592 0.0223289411915912 0.0223289411915906
-999 -999 0.509282941420517 0.509282941420517 0.509282941420517 0.509282941420517 0.509282941420517 0.509282941420517
-999 -999 0.00861048445219783 0.00861048445219805 0.00861048445219749 0.00861048445219837 0.00861048445219775 0.00861048445219803
-999 -999 0.00632034531757839 0.00632034531757933 0.00632034531757938 0.00632034531758034 0.00632034531757846 0.0063203453175791
-999 -999 0.345471686468434 0.345471686468435 0.345471686468435 0.345471686468434 0.345471686468434 0.345471686468434
-999 -999 0.537679686198999 0.537679686198999 0.537679686198998 0.537679686198998 0.537679686198998 0.537679686198998
-999 -999 0.859142061336822 0.859142061336822 0.859142061336823 0.859142061336822 0.859142061336822 0.859142061336822
-999 -999 0.759201192364199 0.759201192364199 0.759201192364199 0.759201192364199 0.759201192364199 0.759201192364199
-999 -999 0.00230976955677256 0.00230976955677177 0.00230976955677248 0.00230976955677208 0.00230976955677206 0.00230976955677329
-999 -999 0.00164172986490119 0.00164172986490118 0.0016417298649017 0.00164172986490129 0.00164172986490158 0.00164172986490216
-999 -999 0.00189321841394467 0.0018932184139452 0.00189321841394418 0.00189321841394529 0.00189321841394489 0.00189321841394487
-999 -999 0.00377829523655673 0.00377829523655703 0.00377829523655611 0.00377829523655738 0.0037782952365566 0.00377829523655629
-999 -999 0.00726568866665778 0.00726568866665888 0.00726568866665776 0.00726568866665699 0.00726568866665808 0.00726568866665722
-999 -999 0.0034267100144156 0.00342671001441556 0.00342671001441583 0.00342671001441568 0.0034267100144158 0.00342671001441657
-999 -999 0.00566312732013544 0.0056631273201361 0.0056631273201353 0.00566312732013581 0.00566312732013598 0.00566312732013576
-999 -999 0.00702620956988421 0.00702620956988575 0.00702620956988506 0.00702620956988432 0.00702620956988498 0.00702620956988443
-999 -999 0.00768747637186399 0.00768747637186368 0.0076874763718643 0.00768747637186474 0.00768747637186401 0.00768747637186335
-999 -999 0.00595746851335602 0.00595746851335611 0.00595746851335604 0.00595746851335533 0.00595746851335496 0.00595746851335665
-999 -999 0.0476544842367844 0.047654484236784 0.0476544842367843 0.0476544842367837 0.0476544842367834 0.0476544842367849
-999 -999 0.409189738292409 0.409189738292409 0.409189738292408 0.409189738292408 0.409189738292409 0.409189738292408
-999 -999 0.00189378531173024 0.00189378531172952 0.00189378531172961 0.0018937853117305 0.00189378531172957 0.00189378531173012
-999 -999 0.00413457427083522 0.00413457427083446 0.00413457427083347 0.00413457427083565 0.00413457427083475 0.00413457427083375
-999 -999 0.0242937876329603 0.0242937876329611 0.0242937876329605 0.0242937876329606 0.0242937876329601 0.0242937876329615
-999 -999 0.0130864227257137 0.0130864227257142 0.013086422725715 0.0130864227257142 0.013086422725714 0.0130864227257135
-999 -999 0.00643493455036988 0.00643493455037001 0.0064349345503704 0.00643493455037036 0.00643493455037054 0.00643493455036947
-999 -999 0.554337481673358 0.554337481673358 0.554337481673358 0.554337481673358 0.554337481673358 0.554337481673358
-999 -999 0.484723177881151 0.484723177881151 0.48472317788115 0.484723177881151 0.484723177881151 0.484723177881151
-999 -999 0.712109556362209 0.712109556362209 0.712109556362209 0.71210955636221 0.71210955636221 0.712109556362209
-999 -999 0.814063772757382 0.814063772757382 0.814063772757382 0.814063772757382 0.814063772757382 0.814063772757382
-999 -999 0.698321805970707 0.698321805970707 0.698321805970707 0.698321805970707 0.698321805970708 0.698321805970707
-999 -999 0.225083159331678 0.225083159331679 0.225083159331679 0.225083159331678 0.225083159331678 0.225083159331678
-999 -999 0.396939783604491 0.396939783604491 0.396939783604492 0.396939783604493 0.396939783604492 0.396939783604492
-999 -999 0.00267977449863288 0.0026797744986333 0.00267977449863354 0.00267977449863381 0.00267977449863376 0.00267977449863345
-999 -999 0.00296303566740504 0.00296303566740503 0.00296303566740512 0.00296303566740417 0.00296303566740494 0.00296303566740438
-999 -999 0.00963706196933786 0.00963706196933865 0.00963706196933803 0.00963706196933769 0.0096370619693387 0.00963706196933851
-999 -999 0.0169402341284342 0.0169402341284323 0.0169402341284339 0.0169402341284324 0.0169402341284328 0.0169402341284327
-999 -999 0.015510470005335 0.0155104700053356 0.0155104700053342 0.015510470005335 0.0155104700053348 0.0155104700053348
-999 -999 0.00632473177175904 0.00632473177175931 0.00632473177175936 0.0063247317717601 0.00632473177175902 0.00632473177176001
-999 -999 0.0345720543676542 0.0345720543676546 0.0345720543676547 0.0345720543676544 0.034572054367654 0.0345720543676545
-999 -999 0.157442496094545 0.157442496094545 0.157442496094545 0.157442496094545 0.157442496094546 0.157442496094545
-999 -999 0.00667975113312708 0.00667975113312729 0.0066797511331283 0.00667975113312811 0.00667975113312687 0.00667975113312804
-999 -999 0.00869095801632183 0.00869095801632166 0.00869095801632165 0.0086909580163219 0.00869095801632259 0.00869095801632187
-999 -999 0.116320691016201 0.116320691016201 0.116320691016201 0.1163206910162 0.1163206910162 0.116320691016201
-999 -999 0.0441840645053146 0.0441840645053136 0.0441840645053145 0.0441840645053134 0.0441840645053141 0.0441840645053142
-999 -999 0.325465970777832 0.325465970777833 0.325465970777833 0.325465970777832 0.325465970777832 0.325465970777832

# Duration of outbreak (days) based on incidence
0
0
0
0
0
0
0
0
0
0
0
0
0
0
0
0
0
0
0
0
0
0
0
0
0
0
0
0
0
0
0
0
0
0
0
0
0
0
0
0
0
0
0
0
0
0
0
0
0
0

# Duration of outbreak (days) based on prevalence
22
0
0
0
0
0
0
0
0
0
0
25
15
0
0
0
0
0
0
0
0
0
0
0
0
0
0
0
0
0
28
0
26
25
13
0
0
0
0
0
0
0
0
0
0
0
0
0
0
0

# Peak (point) prevalence
0.25017434864272
0.0851039971796211
0.000722265943948133
0.0391601802176774
9.79300520810555e-05
0.00197865350705274
0.0655515789804679
0.000504432743745646
0.000416871660445525
0.0461860716761046
0.0794577485407098
0.286627009706875
0.131399926299166
5.61036791197739e-05
4.64230327648101e-05
5.97056213865126e-05
0.000137539805469039
0.000319339508406724
0.000149626862754529
0.000340396903886522
0.000603346890666737
0.000874650739630884
0.000764024457361396
0.0119240425288997
0.0828153887049091
0.000126623455954239
0.000453571788401019
0.00510740264600915
0.00273941680413165
0.0013401688817274
0.140577586723677
0.0813481721590132
0.177383006299204
0.226456954200051
0.11646417206721
0.0211348137027906
0.0365748862539958
9.03346320495766e-05
0.000104049853888275
0.000461143297358008
0.00123795309526348
0.00131163609389441
0.000477214498114868
0.00546512941148528
0.0307795351763572
0.000718266058060738
0.00117993449346871
0.0265497293077524
0.0101210721526044
0.0645533815159641

# Day of peak prevalence
26
47
119
87
99
119
75
119
119
101
80
29
38
75
80
72
89
108
94
119
119
119
119
119
102
117
119
119
119
119
84
91
53
36
47
116
100
99
89
119
119
119
119
119
119
119
119
119
119
111

# Total immunity
0.210727442588226
0.368890966442968
0.399849741726017
0.307550972437594
0.355886155114911
0.303512766390576
0.205572341262083
0.217681350929582
0.0926311910785501
0.0792367496484008
0.104993808763108
0.181270612277871
0.403791186191574
0.613716729914299
0.5891842898265
0.529134670418027
0.440277367528315
0.339141506344905
0.284098527807987
0.211172162543802
0.132183894215719
0.107164523859727
0.100793696862892
0.0683468276243145
0.0655667939213352
0.125630347896584
0.108233305287901
0.0462651626583723
0.0298903024036518
0.0151007354963637
0.0078984089159839
0.0386545738333368
0.0579971531719645
0.132140680044071
0.280841350595768
0.435257451571223
0.433068557937122
0.481850768153968
0.434926654109777
0.373272886531133
0.262301340612596
0.248020139195661
0.205650035916346
0.168272242593353
0.13186734867671
0.117241077403746
0.111791241666731
0.0943126095843394
0.0955058191241031
0.0874196703983466

# Observed immunity (based on survey selectivity)
0.416068948407933
0.618258681800465
0.71450355138456
0.610502251893503
0.686391901760682
0.565221918772966
0.448242145879592
0.596999248382981
0.514643893450407
0.377917513650484
0.361121520930845
0.329279732286144
0.540111086498127
0.751501872252128
0.707116300500468
0.668938611594007
0.628505350481319
0.601288886555403
0.557026592531156
0.479510173655791
0.386596357102938
0.312380251697091
0.242663463210612
0.168289482652707
0.146188591209677
0.376699402358297
0.287851484466321
0.212376753392153
0.16441654782952
0.125529373261498
0.0727204751406971
0.259178693549457
0.269316068784616
0.338160160626121
0.498230658052841
0.593161836458489
0.562379474516365
0.674282867871312
0.644298459073794
0.589418297764283
0.519441214607989
0.465969011367042
0.408567542711087
0.320627829641028
0.279211968271827
0.321665819863074
0.263393309236634
0.203737385202363
0.198776428760605
0.183451567596177

# True total proportion of susceptible
1 1 1 0.971243326876345 0.666071793247388 0.237647490801757 0.110960178622592 0.0261881480111567
1 1 1 0.968909255336251 0.625191959535707 0.132904660793982 0.0310072594952083 0.00682070018865802
1 1 1 0.974547424688827 0.692653449147253 0.226389694267746 0.0382319859234366 0.00355701716561297
1 1 1 0.999464745825724 0.969258051760938 0.684650290981499 0.223155557923843 0.0196748018303486
1 1 1 0.982747915850926 0.814685205800351 0.599656237112448 0.388483839126136 0.0578732891194928
1 1 1 0.999889152667757 0.981644728514704 0.812826953962616 0.598097183154018 0.0926001857231956
1 1 1 0.999177283630632 0.99163841422506 0.966089067899907 0.798301410299625 0.194037591153914
1 1 1 0.980701911054808 0.790770911192426 0.563485590179338 0.520119711033198 0.117968134926974
1 1 1 0.999678479794206 0.977511516756268 0.785490423346534 0.559176675568388 0.161826752992594
1 1 1 0.999769225548038 0.997369613838374 0.973177882538434 0.781525653245359 0.239702645902118
1 1 1 0.986836236032082 0.861116358350711 0.719519391011307 0.683896267410224 0.241549253161971
1 1 1 0.980289293703559 0.775301828912076 0.468097055093858 0.360833670812844 0.1275658952855
1 1 1 0.968971629859468 0.632654398966502 0.161394932597469 0.0661760103725329 0.0207221782203171
1 1 1 0.972358795034407 0.666261051730324 0.189782281640957 0.0366492064542984 0.00764483388703117
1 1 1 0.999914593125938 0.971506195686363 0.66501441344275 0.189345033841278 0.0158756596317868
1 1 1 0.999940196242949 0.99931659758003 0.970387963018248 0.664104248289491 0.114113563314456
1 1 1 0.999930777561083 0.99924801863855 0.998002030098685 0.969027545904933 0.206435827193091
1 1 1 0.999863104150703 0.998561478903913 0.996646668390005 0.995265653916792 0.288064412900662
1 1 1 0.999732460288254 0.997186016195139 0.993475328882916 0.991298350066389 0.291553429094201
1 1 1 0.999876287574514 0.998495147318144 0.994838011293123 0.99100901900098 0.356032650540579
1 1 1 0.999796401607925 0.997839189463165 0.994625387511366 0.990772880660802 0.377733119381929
1 1 1 0.999743574076531 0.99723050033065 0.992965907588115 0.989504736469318 0.400073381130039
1 1 1 0.999714337965807 0.996885104987762 0.991803183990067 0.987266606423504 0.457118543246146
1 1 1 0.99977372098216 0.997450852949287 0.992589830960243 0.987295050565484 0.543423748319149
1 1 1 0.998243786807044 0.982097556153766 0.963688270871932 0.957125850327604 0.619589986582248
1 1 1 0.984613224106093 0.834833083872448 0.65455653496187 0.621136068399765 0.417134090640254
1 1 1 0.999931486244563 0.983930176231823 0.833665267569708 0.653525972341225 0.467345319116568
1 1 1 0.999842465001736 0.998356000265235 0.980963244456464 0.830850030656227 0.534576619673576
1 1 1 0.99906440739009 0.990457659757431 0.980483614737879 0.962335389634694 0.582271207873028
1 1 1 0.99950058074476 0.994064931971419 0.980992053821545 0.970577127451089 0.605248305322433
1 1 1 0.999761419527863 0.997113793392665 0.989541449904861 0.976266663004272 0.730878726112006
1 1 1 0.978801109090237 0.768897829925751 0.516512940009188 0.481177439442313 0.36203774632373
1 1 1 0.982075127059048 0.788875026293494 0.447188783487929 0.275416854050231 0.210385299455689
1 1 1 0.97384661666201 0.694717529280987 0.28132780427946 0.129161304844782 0.0599469149622695
1 1 1 0.970770612531043 0.650372346461388 0.178829364557992 0.0525781366951267 0.0177096722139264
1 1 1 0.974239581713755 0.690512157206716 0.231448920334113 0.0504710940525046 0.00858818074834897
1 1 1 0.991475371986653 0.887497509795845 0.557903410250852 0.178225430681394 0.0230157257290334
1 1 1 0.98557525272481 0.839518783639847 0.604591611723079 0.353360571033978 0.0604751758703772
1 1 1 0.999901893478773 0.984597179568013 0.837840668697795 0.603203079699627 0.135299437393021
1 1 1 0.99989228912471 0.99882466630777 0.982567791228603 0.835909134310647 0.264810193261038
1 1 1 0.999647424500196 0.996362932995669 0.992115815911488 0.975571598052277 0.305410796139864
1 1 1 0.999382384867166 0.993459106541155 0.984602077920522 0.979763600618332 0.332088244504061
1 1 1 0.999427334683067 0.993646598101411 0.982577720695728 0.973205148703103 0.347528361993705
1 1 1 0.999767544125721 0.997101970554362 0.989240628630777 0.977969700573324 0.427357667469079
1 1 1 0.998698419130861 0.986692191517531 0.972180164341217 0.963114530501391 0.481512756606933
1 1 1 0.99410003085179 0.93838055401871 0.870259974734934 0.850449156784666 0.451870234153393
1 1 1 0.999755539680318 0.99166026636474 0.933898778519375 0.865761497683411 0.504723088613741
1 1 1 0.999683554782917 0.99658829012223 0.985664374516484 0.927807729127286 0.607899244907523
1 1 1 0.995579983771297 0.954737019221244 0.90987054870976 0.894822554542418 0.56354761335328
1 1 1 0.998385042696362 0.979372306210199 0.924519815066185 0.878982237004309 0.601667264595617

# True vulnerable proportion of susceptible
0 0 0.05 0.485621663438173 0.632768203585018 0.237647490801757 0.110960178622592 0.0261881480111567
0 0 0.05 0.484454627668126 0.593932361558922 0.132904660793982 0.0310072594952083 0.00682070018865802
0 0 0.05 0.487273712344414 0.658020776689891 0.226389694267746 0.0382319859234366 0.00355701716561297
0 0 0.05 0.499732372912862 0.920795149172891 0.684650290981499 0.223155557923843 0.0196748018303486
0 0 0.05 0.491373957925463 0.773950945510333 0.599656237112448 0.388483839126136 0.0578732891194928
0 0 0.05 0.499944576333878 0.932562492088969 0.812826953962616 0.598097183154018 0.0926001857231956
0 0 0.05 0.499588641815316 0.942056493513807 0.966089067899907 0.798301410299625 0.194037591153914
0 0 0.05 0.490350955527404 0.751232365632804 0.563485590179338 0.520119711033198 0.117968134926974
0 0 0.05 0.499839239897103 0.928635940918455 0.785490423346534 0.559176675568388 0.161826752992594
0 0 0.05 0.499884612774019 0.947501133146455 0.973177882538434 0.781525653245359 0.239702645902118
0 0 0.05 0.493418118016041 0.818060540433175 0.719519391011307 0.683896267410224 0.241549253161971
0 0 0.05 0.490144646851779 0.736536737466472 0.468097055093858 0.360833670812844 0.1275658952855
0 0 0.05 0.484485814929734 0.601021679018177 0.161394932597469 0.0661760103725329 0.0207221782203171
0 0 0.05 0.486179397517203 0.632947999143808 0.189782281640957 0.0366492064542984 0.00764483388703117
0 0 0.05 0.499957296562969 0.922930885902045 0.66501441344275 0.189345033841278 0.0158756596317868
0 0 0.05 0.499970098121475 0.949350767701029 0.970387963018248 0.664104248289491 0.114113563314456
0 0 0.05 0.499965388780542 0.949285617706622 0.998002030098685 0.969027545904933 0.206435827193091
0 0 0.05 0.499931552075352 0.948633404958717 0.996646668390005 0.995265653916792 0.288064412900662
0 0 0.05 0.499866230144127 0.947326715385382 0.993475328882916 0.991298350066389 0.291553429094201
0 0 0.05 0.499938143787257 0.948570389952237 0.994838011293123 0.99100901900098 0.356032650540579
0 0 0.05 0.499898200803963 0.947947229990007 0.994625387511366 0.990772880660802 0.377733119381929
0 0 0.05 0.499871787038266 0.947368975314118 0.992965907588115 0.989504736469318 0.400073381130039
0 0 0.05 0.499857168982903 0.947040849738374 0.991803183990067 0.987266606423504 0.457118543246146
0 0 0.05 0.49988686049108 0.947578310301823 0.992589830960243 0.987295050565484 0.543423748319149
0 0 0.05 0.499121893403522 0.932992678346078 0.963688270871932 0.957125850327604 0.619589986582248
0 0 0.05 0.492306612053046 0.793091429678826 0.65455653496187 0.621136068399765 0.417134090640254
0 0 0.05 0.499965743122282 0.934733667420232 0.833665267569708 0.653525972341225 0.467345319116568
0 0 0.05 0.499921232500868 0.948438200251973 0.980963244456464 0.830850030656227 0.534576619673576
0 0 0.05 0.499532203695045 0.940934776769559 0.980483614737879 0.962335389634694 0.582271207873028
0 0 0.05 0.49975029037238 0.944361685372848 0.980992053821545 0.970577127451089 0.605248305322433
0 0 0.05 0.499880709763932 0.947258103723032 0.989541449904861 0.976266663004272 0.730878726112006
0 0 0.05 0.489400554545118 0.730452938429463 0.516512940009188 0.481177439442313 0.36203774632373
0 0 0.05 0.491037563529524 0.749431274978819 0.447188783487929 0.275416854050231 0.210385299455689
0 0 0.05 0.486923308331005 0.659981652816938 0.28132780427946 0.129161304844782 0.0599469149622695
0 0 0.05 0.485385306265522 0.617853729138318 0.178829364557992 0.0525781366951267 0.0177096722139264
0 0 0.05 0.487119790856878 0.65598654934638 0.231448920334113 0.0504710940525046 0.00858818074834897
0 0 0.05 0.495737685993327 0.843122634306053 0.557903410250852 0.178225430681394 0.0230157257290334
0 0 0.05 0.492787626362405 0.797542844457854 0.604591611723079 0.353360571033978 0.0604751758703772
0 0 0.05 0.499950946739387 0.935367320589612 0.837840668697795 0.603203079699627 0.135299437393021
0 0 0.05 0.499946144562355 0.948883432992381 0.982567791228603 0.835909134310647 0.264810193261038
0 0 0.05 0.499823712250098 0.946544786345886 0.992115815911488 0.975571598052277 0.305410796139864
0 0 0.05 0.499691192433583 0.943786151214097 0.984602077920522 0.979763600618332 0.332088244504061
0 0 0.05 0.499713667341533 0.94396426819634 0.982577720695728 0.973205148703103 0.347528361993705
0 0 0.05 0.49988377206286 0.947246872026644 0.989240628630777 0.977969700573324 0.427357667469079
0 0 0.05 0.49934920956543 0.937357581941654 0.972180164341217 0.963114530501391 0.481512756606933
0 0 0.05 0.497050015425895 0.891461526317775 0.870259974734934 0.850449156784666 0.451870234153393
0 0 0.05 0.499877769840159 0.942077253046503 0.933898778519375 0.865761497683411 0.504723088613741
0 0 0.05 0.499841777391458 0.946758875616118 0.985664374516484 0.927807729127286 0.607899244907523
0 0 0.05 0.497789991885648 0.907000168260182 0.90987054870976 0.894822554542418 0.56354761335328
0 0 0.05 0.499192521348181 0.930403690899689 0.924519815066185 0.878982237004309 0.601667264595617

# True survival by age
0.710168342972926 0.710168342972926 0.700793739727576 0.619137240519274 0.591751188406645 0.666117832649762 0.689954869697281 0.705905275460254
0.858535194794715 0.858535194794715 0.849220118946045 0.768291688961118 0.7480188245285 0.834085155618519 0.853105261295714 0.857619909442916
0.830656827031896 0.830656827031896 0.830485949209347 0.829002262148603 0.82853745717411 0.830208969427357 0.830931260386095 0.831064369024846
0.737377601250486 0.737377601250486 0.731955821202897 0.683189149747238 0.637549502747881 0.663330773513714 0.713656609438636 0.735846113265024
0.785626846605952 0.785626846605952 0.785615148759472 0.785520824036172 0.785541781298423 0.785693958629947 0.785852765782162 0.786101393540522
0.795938015431453 0.795938015431453 0.795680185236891 0.793360054318744 0.791138273335008 0.79183951906068 0.793053407439215 0.795911031364652
0.680600856197387 0.680600856197387 0.675012025380689 0.624759117237698 0.575306955002544 0.572638965891046 0.591513821429379 0.659488977984623
0.723842510854124 0.723842510854124 0.72377400308401 0.723182993852151 0.722946995638859 0.723349573679793 0.723436721638263 0.724244884404553
0.803063912061208 0.803063912061207 0.803007964843387 0.802504774534904 0.802035645404727 0.802288250532286 0.802650423748272 0.803286308667961
0.710557622766237 0.710557622766237 0.706574694289917 0.670737682749678 0.63508278366557 0.633053466619767 0.648447408864428 0.691967863140573
0.819202891538444 0.819202891538444 0.8123117985242 0.751204966013525 0.706518275230943 0.720162620413623 0.725088170700598 0.786250759567637
0.747952975946225 0.747952975946225 0.738093979448892 0.651317991541463 0.60285612241271 0.655969435115676 0.677183306591286 0.723317526974206
0.733259378584662 0.733259378584663 0.724641823477664 0.649777009174476 0.629901060960507 0.705964264475108 0.722434561852765 0.730296845052449
0.715168449083804 0.715168449083804 0.715174843153778 0.715248737259247 0.715468109715284 0.715723701045492 0.71580447509789 0.715819774214078
0.782268786336844 0.782268786336844 0.782274836948992 0.782329332130684 0.7823954319829 0.782525134089197 0.782717306410547 0.782787388727707
0.761761917495984 0.761761917495985 0.761767477905205 0.761817552146531 0.761867880274081 0.761886610198131 0.762026083486861 0.762276534313709
0.810300961268731 0.810300961268731 0.810276357873867 0.810054976597368 0.809834198589782 0.80981080723162 0.809838561959443 0.810569050393689
0.752359234931632 0.752359234931632 0.752301586181433 0.751782906451374 0.751266326061341 0.751212088397409 0.751214488756817 0.752443684529652
0.828334365602412 0.828334365602412 0.8283114374602 0.828105259590075 0.827901156535991 0.827881576580521 0.827883503036079 0.828502722424905
0.859343868441585 0.859343868441585 0.859286127320332 0.858766572702126 0.858248973792924 0.858196844802567 0.858202629683811 0.859161958563247
0.80690789921315 0.80690789921315 0.806842221910736 0.806251356237583 0.805663749242109 0.805603955912472 0.805610839134463 0.806706149001407
0.75089938882577 0.75089938882577 0.750836176727903 0.750267580715353 0.749703313658013 0.74964817564377 0.749654586537781 0.750746350514659
0.678914820721653 0.678914820721653 0.678884427568835 0.678611181329243 0.678341388346859 0.678317831510103 0.678323849705502 0.679027140807198
0.817823956106615 0.817823956106615 0.817226722283833 0.811853071005598 0.806506585610268 0.805971122579057 0.806036747011156 0.811538165382285
0.759028452599413 0.759028452599413 0.754047326161089 0.709305671984889 0.666091603013761 0.663044160733798 0.663701679424223 0.697520929135806
0.826098273300173 0.826098273300173 0.826095400342023 0.826076622279093 0.826123941443101 0.826209657024422 0.82622599199277 0.826325702325761
0.659786561925603 0.659786561925603 0.659779185739657 0.659712856509059 0.659660719821254 0.659788337041598 0.659950026584775 0.660117138733905
0.678402411738454 0.678402411738454 0.678164429654303 0.6760230791625 0.673889368751224 0.673747076834368 0.674569581791746 0.676192932215757
0.698193340804375 0.698193340804375 0.698077089696242 0.69703255886843 0.696012189499621 0.695927076487091 0.695981715222197 0.697125971811028
0.782978236590111 0.782978236590111 0.782923760872294 0.782434012946017 0.781952448291864 0.781919383308427 0.781936183273659 0.782525482831974
0.680656062657236 0.680656062657236 0.674517743333169 0.619287685024994 0.564366674160364 0.559181120865861 0.56082032064949 0.591121360965329
0.802082066332621 0.802082066332621 0.795945860573171 0.742031065212385 0.712549605451355 0.738927221573348 0.743280823072172 0.757959736295684
0.745845408455657 0.745845408455657 0.737546448175575 0.664354099339879 0.621581612590961 0.671951843367614 0.700565098077473 0.711397860111894
0.843722264047065 0.843722264047065 0.833225862784023 0.741513663073315 0.705293236829808 0.784945268701919 0.816948904358308 0.831506064601912
0.694631306114636 0.694631306114636 0.68702415226122 0.620803515570791 0.600871042393719 0.667991815909771 0.68728741813765 0.692616538751486
0.735380360530638 0.735380360530638 0.732714271082004 0.70942217747614 0.700593195997608 0.723513926305929 0.73327580185138 0.735534950364525
0.869207934104051 0.869207934104051 0.863844220462629 0.816030872671016 0.778800025240222 0.809506451184592 0.850362547281988 0.867064233874329
0.769501341438184 0.769501341438184 0.769496298289044 0.769459586437954 0.769509335095841 0.769658257791657 0.769822043317822 0.770012984645858
0.795564861534 0.795564861534 0.79555272604317 0.795443567317917 0.79534549823324 0.795442148134733 0.795615777797766 0.795962022200008
0.784482791430598 0.784482791430598 0.784389400433507 0.783549038109036 0.782711059723075 0.782656604140814 0.783006863187795 0.784370796112234
0.816931755328677 0.816931755328677 0.816736522659732 0.814980276150357 0.813237467967457 0.813061446234255 0.813133514481079 0.816052801116142
0.771671397622882 0.771671397622882 0.771507962112291 0.77003838955804 0.768590009976547 0.768461436511728 0.768479897196789 0.770951032230405
0.772397399505173 0.772397399505173 0.772347138716605 0.771895391668257 0.771451975671183 0.771419195678461 0.771433727152292 0.772403792344568
0.735124973696234 0.735124973696234 0.734742961462413 0.731305883099253 0.727889567725074 0.727573585949019 0.727666667600563 0.732213930890671
0.768989640801231 0.768989640801231 0.76706313737682 0.749750400161338 0.732880536226515 0.731546831847618 0.731901136486603 0.750723178678981
0.803807632493241 0.803807632493241 0.803746782611005 0.803205554493896 0.8027522898137 0.802810775076851 0.802844389668634 0.803520690254054
0.831645929040557 0.831645929040557 0.83155325824251 0.830719550030486 0.829903362310026 0.829942722061335 0.830097557801756 0.830917984574049
0.728306131664638 0.728306131664638 0.726950305616499 0.714752361351566 0.702635478038157 0.70158739079545 0.703192777448694 0.712069490009043
0.841746930636377 0.841746930636377 0.841180178417113 0.836106210648511 0.831483981316689 0.831469226133775 0.831645759377456 0.835532060718901
0.800714027321218 0.800714027321218 0.796579385400684 0.759435166295141 0.723786338082412 0.724299571449128 0.728087351449991 0.751154193191156

# True Numbers-at-age
84.1071773275861 186.593187352577 80.3451639228694 324.93136691906 175.054108506662 40.9004570683419 41.1436538843849 80.0254461399818
87.2876060600525 59.7302547548619 132.512574672216 56.3053878945328 201.177109872423 103.588476744283 27.2445238167485 84.8776489559444
163.779681768307 74.9394818719315 51.2805259011033 112.532344424986 43.2589615631015 150.484265248811 86.4016107455407 96.0352082208892
198.413007929835 136.044710789955 62.2489922311529 42.5877562289323 93.2895680931992 35.8416700134846 124.933386767248 151.605239040444
51.2218889084662 146.305307844195 100.316322505113 45.5635122276063 29.0954929676869 59.4767177493837 23.774882694068 200.717663104526
89.9085475582329 40.2412910603587 114.941377643348 78.8100226278578 35.7910876710115 22.8557253735925 46.7304978148293 176.467991995944
239.790277194624 71.5616309138243 32.0295733449814 91.4565766546428 62.5247238328987 28.3156993008259 18.0980665876085 177.512602035722
211.818469787009 163.20146796647 48.7049072708302 21.6203471756752 57.1383300963364 35.9709084806799 16.2146727661068 127.772861023649
672.941615381904 153.323213015907 118.132160347928 35.2513457052442 15.6354673986277 41.3079840789678 26.0195413143747 104.269130670461
163.892790010078 540.41512623738 123.128339254348 94.8610656635427 28.289373237239 12.5402021862629 33.1409102797306 104.642560946011
74.3931471941771 116.455271258087 383.996087406149 86.9993686670661 63.6268913663296 17.96609390366 7.93861846612653 93.8994266896681
4.39055265635399 60.9430812921149 95.4004949495187 311.924552387145 65.3543577827415 44.9535615464458 12.938509264257 79.5846938992109
43.4557907469468 3.28392692536857 45.5825590157701 70.4145309586842 203.162072973265 39.3992747156765 29.4881623740598 66.3267464621079
13.1593372496434 31.8643661190114 2.4079702166132 33.0310286839659 45.7537433287574 127.972005312796 27.8144799955053 69.7414813484182
10.7110372048995 9.41114281179818 22.7883892983719 1.72211972198531 23.6254015565805 32.7353442518243 91.5925972726874 69.8320606854835
23.4743710846122 8.37891007468553 7.36204326542807 17.826783522714 1.34726477194985 18.4844062566303 25.6162296501149 126.354767457888
35.4066312729371 17.8818819294265 6.38273460501888 5.60816513053414 13.5807565859201 1.02643775597338 14.0830216243892 115.837509385791
51.1658765134923 28.6900273557485 14.4897061167082 5.17177894903019 4.54292207356901 10.9981611260015 0.831220387737812 105.29927396315
33.1147204200198 38.4951197082974 21.5852070315385 10.9006288949024 3.88805500982595 3.41294437579316 8.2619515879948 79.8561984777482
57.6211403150111 27.4300609312183 31.8868305623614 17.8792738641697 9.02686812070823 3.21892523931045 2.82551377061326 73.0010112639015
115.977961312637 49.5163736223171 23.5718546722215 27.3999111464512 15.3541227387357 7.7473003011619 2.76247148403158 65.1445551627394
60.658667169661 93.5835331178042 39.9551530162373 19.0187675982922 22.0912155226155 12.3702600920133 6.24125577025792 54.7779901940789
18.015518573036 45.5485561046843 70.2718178223153 29.9997743312899 14.2691647541582 16.5618574800382 9.27334291021671 45.8031622406618
84.3189611141523 12.2310025622203 30.9235898019419 47.706442816524 20.3581822985674 9.67936502988577 11.2342032516389 37.3919199587022
47.4573093063691 68.9580663531759 10.0028069025852 25.2715839350907 38.730622107348 16.419008094849 7.8012886989895 39.4001507676196
96.6100176110233 36.0214480473451 52.3411343982987 7.54258979900003 17.9252778252021 25.7981421652036 10.8865274423306 32.6601581827134
37.8839924432047 79.8093687319657 29.7572560336836 43.2387703751182 6.23075710439469 14.8085011684185 21.3146741901802 35.9826600837972
241.442242473619 24.9953491261175 52.6571490051164 19.6332181557503 28.5251727161085 4.11018571651639 9.77047635998943 37.8193904170061
187.010530988497 163.794999589644 16.9569051294028 35.7102054222764 13.2725085915194 19.222810635178 2.76922561174929 32.1640706527521
355.776390967618 130.569507396459 114.360577970545 11.8372269829888 24.8911758632066 9.23782776493595 13.3776744072044 24.3497394023009
523.421173196775 278.56517122022 102.233082653719 89.5356138002281 9.26184901045279 19.4637159070978 7.22323658906819 29.5147792496654
227.696572515913 356.269794859548 189.607072636193 68.95802820558 55.4483029976351 5.2270789226047 10.8837424771456 21.4977543386618
251.512480432201 182.631337380419 285.757613232845 150.916964600175 51.1689991243322 39.5096664239121 3.8624309052249 24.3841092759998
50.713519523589 187.58942869965 136.214744425301 210.759512679015 100.262304092057 31.8057089903679 26.5485931843873 20.0526874456172
26.6573017167675 42.7881255102375 158.273377493764 113.497647947677 156.281058274163 70.7143249851017 24.9657407896994 38.362775336837
12.6930531482964 18.5169963090102 29.7219715093733 108.737632998174 70.4597388549338 93.9047623915899 47.2365903576318 43.7293321999472
44.5095277551568 9.3342220004288 13.6170354216644 21.7777126896105 77.1408883751657 49.3636136335349 67.9414033367645 66.8019008603796
42.7148850503975 38.6880346680068 8.1133798214613 11.7629973488397 17.7712858908815 60.0773258136322 39.9601636901302 115.696363798218
28.187715122613 32.8691613456588 29.7704945746382 6.24321573922749 9.05115107530893 13.6751703896904 46.2390099185019 119.849917264189
38.0021811066197 22.4251556784814 26.1495497946977 23.6839981145068 4.96612579914648 7.19879226157591 10.8778069108838 132.184468347015
89.8425425459082 29.8120571149721 17.5921487249208 20.5114296850691 18.557573941198 3.88704158696804 5.63418230536017 112.199034138675
17.3504677045059 73.3952259852202 24.354416148893 14.3681503757047 16.7164106289762 15.0917144435588 3.16040365427293 96.1416785505756
44.9893559395002 13.3888596629468 56.6369966148621 18.7896259714671 11.0640273762354 12.8480662120969 11.597400560722 76.5492329942661
43.9542487321331 34.7496615330825 10.3415203859998 43.7434222809908 14.5036256985457 8.53536577827683 9.91124490335939 68.0735438056749
60.3381201477157 32.3118659430471 25.5453440204603 7.59835931443339 31.9898220609835 10.5570378401607 6.21010668668741 57.0564796502121
86.1976544230937 46.3993893390135 24.8474901851613 19.5948917297045 5.69687293656607 23.4447179458444 7.72296758566496 47.3788059089294
12.6989651388029 69.2863325282975 37.2961832937245 19.9710902922819 15.7387258770052 4.57317779460611 18.8216721855615 44.2701920250996
38.4292544071112 10.5610426607134 57.6216963853089 31.0137627379065 16.5903751412227 13.0616215238024 3.79547562732584 52.4087228491817
55.7327192720116 27.9882616199994 7.6916721265694 41.8881097974415 22.1671601513159 11.6569861681853 9.16386896444222 39.9876035993602
43.5592105112268 46.9128453832346 23.5590333124824 6.47008213175358 35.0229087539675 18.4316385771008 9.69242526831318 41.032017602353

# Simulated data from SIR age-structured hybrid model
# random seed = 6515611
# Flag=0 if no issues, =1 if negative pop #'s, =2 if NaN, or=3 if NA. Flag:
0

# True SSB
22526.5397191453
20968.6356138552
18113.5884227224
16683.5059818037
14873.3171349102
11826.121593455
11027.245775444
11521.4510906986
12935.895993756
22013.0618672764
37179.3674946559
43305.3594655525
50285.8635797966
51213.9071596795
48859.8475803362
51426.8723615122
64905.8034890468
60531.9806989371
58918.6739916389
56251.5247309904
50545.7211781286
44844.1274365992
34090.1171343323
27563.3578073438
24187.4562513086
29092.2275601377
30506.2201200215
30237.87324027
29880.9227173822
39460.3379189089
74048.7100547932
128265.649111243
151495.44087562
167946.250574902
156814.564950143
130972.077823572
114513.30900579
100434.006560136
95454.8488207674
81936.6997023481
66655.2714420285
55049.7475173463
45899.484040241
37815.5771813989
32163.0758041522
28924.5459464511
30084.9012437463
33128.0160570878
32058.6171038304
24640.2305340502

# True R (numbers)
70.3197613259412
11.4263555771339
8.14957452417246
44.6795829118205
50.6412803199502
44.1048514798837
301.653173827711
489.307937327602
147.604807490138
394.717045590793
90.0566717547309
157.147308377514
282.873217265187
541.88950395314
242.177525355913
221.600755565115
78.1702803918627
133.45863399078
37.7204112158869
7.67858864350784
11.2152398059953
42.731838688996
303.377054103681
79.4260730216276
119.386498540808
37.2655194470329
367.333069037654
1111.26105644694
1606.42115347865
458.284500842102
1227.85080193949
261.887662025401
309.451070539491
42.0934212559479
237.943648812917
350.020787672422
21.6396172551919
44.9893889104324
41.406885018006
49.5136930179998
27.3297572278269
49.6501362842006
70.0534932403677
168.791581840514
155.81145779322
73.0898651246939
24.2088200167916
100.053643605875
22.5343422768652
24.5015318288188

# True infection rate given (selected) susceptible
-999 -999 0.00689378003125446 0.00689378003125504 0.0068937800312546 0.00689378003125395 0.00689378003125465 0.00689378003125407
-999 -999 0.0175296577184363 0.0175296577184364 0.0175296577184361 0.0175296577184365 0.0175296577184363 0.0175296577184359
-999 -999 0.00325328840571184 0.00325328840571198 0.00325328840571273 0.00325328840571229 0.0032532884057124 0.00325328840571288
-999 -999 0.145483334892386 0.145483334892385 0.145483334892386 0.145483334892385 0.145483334892385 0.145483334892386
-999 -999 0.296458858444302 0.296458858444301 0.296458858444301 0.296458858444302 0.296458858444302 0.296458858444302
-999 -999 0.00176083439182777 0.00176083439182751 0.00176083439182819 0.00176083439182803 0.00176083439182702 0.00176083439182739
-999 -999 0.00234486148731329 0.00234486148731491 0.00234486148731356 0.00234486148731355 0.00234486148731426 0.0023448614873132
-999 -999 0.00119875900354044 0.00119875900354018 0.00119875900354053 0.00119875900354115 0.00119875900354087 0.00119875900354081
-999 -999 0.00122611132539141 0.00122611132539027 0.00122611132539132 0.0012261113253912 0.00122611132539107 0.00122611132539098
-999 -999 0.712213967610486 0.712213967610486 0.712213967610486 0.712213967610486 0.712213967610486 0.712213967610486
-999 -999 0.802653691519299 0.802653691519299 0.802653691519299 0.802653691519299 0.802653691519299 0.802653691519299
-999 -999 0.446651692450955 0.446651692450955 0.446651692450955 0.446651692450955 0.446651692450956 0.446651692450955
-999 -999 0.536437021012646 0.536437021012645 0.536437021012645 0.536437021012645 0.536437021012646 0.536437021012645
-999 -999 0.320292363967391 0.320292363967391 0.320292363967392 0.32029236396739 0.320292363967391 0.320292363967391
-999 -999 0.266531463809382 0.266531463809382 0.266531463809383 0.266531463809383 0.266531463809382 0.266531463809383
-999 -999 0.0809878281488931 0.0809878281488943 0.0809878281488931 0.0809878281488933 0.0809878281488935 0.0809878281488935
-999 -999 0.833355715871828 0.833355715871828 0.833355715871829 0.833355715871828 0.833355715871829 0.833355715871828
-999 -999 0.524623653471995 0.524623653471995 0.524623653471996 0.524623653471995 0.524623653471995 0.524623653471995
-999 -999 0.0148237682737675 0.0148237682737678 0.0148237682737673 0.0148237682737683 0.014823768273767 0.0148237682737675
-999 -999 0.168263048216223 0.168263048216223 0.168263048216222 0.168263048216223 0.168263048216223 0.168263048216222
-999 -999 0.0115373615756409 0.0115373615756409 0.0115373615756406 0.01153736157564 0.0115373615756409 0.0115373615756411
-999 -999 0.427814352478295 0.427814352478295 0.427814352478296 0.427814352478296 0.427814352478295 0.427814352478295
-999 -999 0.00372412971323467 0.00372412971323416 0.00372412971323398 0.00372412971323402 0.00372412971323384 0.00372412971323499
-999 -999 0.00514197257420079 0.0051419725742011 0.00514197257420057 0.00514197257419984 0.00514197257420023 0.00514197257420135
-999 -999 0.0124006808741987 0.0124006808741986 0.0124006808741984 0.0124006808741982 0.0124006808741987 0.0124006808741985
-999 -999 0.605195570925797 0.605195570925797 0.605195570925797 0.605195570925797 0.605195570925797 0.605195570925797
-999 -999 0.317272051394945 0.317272051394945 0.317272051394945 0.317272051394944 0.317272051394945 0.317272051394945
-999 -999 0.00314533548075665 0.00314533548075628 0.0031453354807561 0.00314533548075574 0.00314533548075651 0.00314533548075591
-999 -999 0.0388905503133964 0.0388905503133957 0.038890550313395 0.0388905503133952 0.0388905503133952 0.0388905503133956
-999 -999 0.622653623154219 0.622653623154219 0.622653623154219 0.622653623154218 0.622653623154219 0.622653623154219
-999 -999 0.879563839127199 0.8795638391272 0.879563839127199 0.8795638391272 0.8795638391272 0.8795638391272
-999 -999 0.929367451791862 0.929367451791863 0.929367451791862 0.929367451791862 0.929367451791862 0.929367451791862
-999 -999 0.793272117795451 0.793272117795451 0.793272117795451 0.793272117795451 0.793272117795451 0.793272117795451
-999 -999 0.869460591896026 0.869460591896026 0.869460591896025 0.869460591896026 0.869460591896026 0.869460591896026
-999 -999 0.809152854533555 0.809152854533555 0.809152854533555 0.809152854533555 0.809152854533554 0.809152854533554
-999 -999 0.00344864701395952 0.00344864701395995 0.00344864701395923 0.00344864701395987 0.00344864701396006 0.00344864701395969
-999 -999 0.0236434532406422 0.0236434532406409 0.0236434532406422 0.0236434532406426 0.0236434532406416 0.0236434532406418
-999 -999 0.0247394769568237 0.0247394769568235 0.0247394769568235 0.024739476956823 0.0247394769568233 0.0247394769568236
-999 -999 0.401080348617306 0.401080348617307 0.401080348617306 0.401080348617306 0.401080348617307 0.401080348617307
-999 -999 0.24201018978061 0.24201018978061 0.242010189780611 0.242010189780611 0.242010189780609 0.24201018978061
-999 -999 0.00719142034319319 0.00719142034319282 0.00719142034319308 0.00719142034319303 0.00719142034319283 0.00719142034319379
-999 -999 0.0130338493904005 0.0130338493903996 0.0130338493903989 0.0130338493903998 0.013033849390399 0.0130338493903995
-999 -999 0.0993585348750541 0.0993585348750556 0.0993585348750546 0.0993585348750536 0.099358534875055 0.0993585348750545
-999 -999 0.00931701610052342 0.0093170161005233 0.00931701610052332 0.00931701610052267 0.00931701610052309 0.00931701610052299
-999 -999 0.0711581147722365 0.0711581147722379 0.0711581147722369 0.0711581147722368 0.0711581147722373 0.0711581147722373
-999 -999 0.0209285042950746 0.0209285042950742 0.0209285042950738 0.0209285042950747 0.0209285042950745 0.0209285042950746
-999 -999 0.0339840096776445 0.0339840096776438 0.0339840096776449 0.0339840096776444 0.0339840096776439 0.0339840096776445
-999 -999 0.221630213894354 0.221630213894355 0.221630213894354 0.221630213894355 0.221630213894355 0.221630213894355
-999 -999 0.540651352057566 0.540651352057566 0.540651352057566 0.540651352057566 0.540651352057566 0.540651352057566
-999 -999 0.00113492929094958 0.00113492929095077 0.00113492929094988 0.00113492929094962 0.00113492929095032 0.00113492929094996

# Duration of outbreak (days) based on incidence
0
0
0
0
0
0
0
0
0
0
0
0
0
0
0
0
0
0
0
0
0
0
0
0
0
0
0
0
0
0
2
2
0
0
0
0
0
0
0
0
0
0
0
0
0
0
0
0
0
0

# Duration of outbreak (days) based on prevalence
0
0
0
0
0
0
0
0
0
28
21
0
0
0
0
0
25
0
0
0
0
0
0
0
0
4
0
0
0
13
14
16
8
15
7
0
0
0
0
0
0
0
0
0
0
0
0
0
0
0

# Peak (point) prevalence
0.000294732901042788
0.00112767014160826
0.000124149928908983
0.0236188349139362
0.0454320894278455
5.7710066022768e-05
0.000201588005810569
3.97959686622475e-05
6.96864476951857e-05
0.223510342831612
0.249171529305634
0.0386065233957557
0.0611969990725755
0.0173129970904073
0.0297432749346196
0.00534574773213682
0.271477266942
0.0510227667267137
0.000394915248948261
0.00898941549026265
0.000379478666917873
0.0454690865294343
6.35991591949555e-05
0.000141831257001482
0.000555690742423306
0.102216835779626
0.0212837168867927
7.72306342261468e-05
0.0046996127330416
0.125545531420575
0.357498462000694
0.383387403090304
0.137818738846885
0.173810051286537
0.108424828469469
4.3675662489427e-05
0.000734202232043034
0.00067337480903357
0.0270279350831778
0.00918810181166107
0.000128808096690818
0.000339826706687029
0.00393711188107302
0.000206192513628721
0.00705506258706368
0.00156636606112558
0.00232564789746555
0.0163680060355436
0.0890192678600359
2.17812816954573e-05

# Day of peak prevalence
94
119
68
119
108
51
119
43
82
55
31
53
55
72
115
119
32
51
105
102
99
84
39
67
113
54
79
57
119
50
17
13
20
24
31
67
119
114
61
79
61
87
104
59
119
119
119
93
81
33

# Total immunity
0.175316897373198
0.167835292184279
0.166170036282654
0.125593113338875
0.128558875366225
0.164671628210748
0.0531215630290423
0.0220889675963591
0.0180669195232265
0.0110964390875533
0.0783365004393893
0.171700707194841
0.170782526834567
0.144723565562283
0.143865469740033
0.133817160204845
0.133166654937381
0.261078339550092
0.34664868573689
0.344967380147587
0.391139907294322
0.346343583282635
0.234084162080049
0.198058307660372
0.152645712588914
0.140771272546972
0.127822402135915
0.056571515600759
0.02513476526524
0.0219660296328461
0.0348861899997972
0.111267407843744
0.242804317252235
0.369419360085091
0.45097060523453
0.449407975340402
0.441406526652346
0.423848259852451
0.406088663209856
0.495481999493043
0.53906578911905
0.48027500271396
0.401899413590523
0.277728941960391
0.198139218703109
0.17613227498018
0.168396528259619
0.134190171745323
0.191114941753922
0.325036877441773

# Observed immunity (based on survey selectivity)
0.314619226557065
0.270501364625322
0.255678873192187
0.215491216305567
0.259194904401885
0.416959444434368
0.342601087186639
0.251950921155177
0.170538792545601
0.0738298745183541
0.244263931479014
0.456022479154333
0.449172039478859
0.527729770474846
0.543645155331461
0.449472927567653
0.294627113326596
0.508540654043651
0.565148493308572
0.478006148352993
0.479402021035001
0.430672364832431
0.625109821355718
0.606619006179219
0.526204351607614
0.324311196832716
0.437317009444681
0.478771834524437
0.381911279159566
0.222269840985464
0.206953200646147
0.324560030801105
0.556033805237465
0.603306097534803
0.682660949116745
0.79636660055956
0.721462854251946
0.642906020168906
0.525653390521546
0.610062024457802
0.672586439918764
0.638709685791948
0.599652994569984
0.591314222831853
0.540936142634328
0.478870987126018
0.353967868069032
0.260396374146114
0.315820805182154
0.548693187135315

# True total proportion of susceptible
1 1 1 0.99183998152198 0.915466381284828 0.830337559273173 0.81020145771643 0.476504156833263
1 1 1 0.999739269545454 0.989241504714108 0.91077572008821 0.825719700671036 0.536844553377501
1 1 1 0.999313446328873 0.992862164692658 0.976241504417249 0.897837143894595 0.544955900639821
1 1 1 0.999856110487505 0.997875231295147 0.990144431446699 0.973420454374025 0.627938024154956
1 1 1 0.994868848849511 0.947314618715147 0.895696388353219 0.882749249685827 0.616340324724146
1 1 1 0.98895779831339 0.879857820695773 0.726078921433444 0.670781815999046 0.470747454847859
1 1 1 0.999923589466503 0.988196842654353 0.878546417907276 0.724908638888341 0.47664078742579
1 1 1 0.99992300123891 0.999153518159975 0.986740251721521 0.87709518332487 0.54342180264886
1 1 1 0.99995041173381 0.999427215837615 0.998212264878479 0.985758666689291 0.561938889410598
1 1 1 0.999959392323206 0.999544365744873 0.99865598599118 0.997400890516745 0.583455693934397
1 1 1 0.973167437434086 0.703899289067423 0.372388777443671 0.330446604903742 0.213135770383271
1 1 1 0.972379189021653 0.663375687034728 0.192266018488031 0.075619131717104 0.0477764180635899
1 1 1 0.981035629521876 0.779711842195368 0.393033755923235 0.105094087883782 0.02919638541476
1 1 1 0.979594363177975 0.765016811384993 0.41441724497448 0.18564580851543 0.0358315962201065
1 1 1 0.986293724179982 0.840908577535466 0.545890254586094 0.282650221824376 0.0839563305436584
1 1 1 0.991429421488463 0.896480141921283 0.675470182563371 0.416859995307546 0.0898659138275241
1 1 1 0.996697713026523 0.958314288946303 0.837539046106735 0.62585248486059 0.206400284581023
1 1 1 0.977216869201951 0.717511595323026 0.292510741804773 0.190665128205523 0.0426087448559621
1 1 1 0.981176967409359 0.776401349733514 0.393295767814827 0.140902593439404 0.0311439039291726
1 1 1 0.999333500499309 0.974605756230922 0.766181229010224 0.387513152619871 0.060195104664124
1 1 1 0.99314330143949 0.92950726110412 0.841876102987646 0.650228344954401 0.170500754956793
1 1 1 0.999524099255491 0.98840173282459 0.920925510062963 0.833505862974888 0.282684396990563
1 1 1 0.984845191902371 0.837013259915144 0.657949854915136 0.58704923560172 0.241804693407707
1 1 1 0.999834572845129 0.983206711428432 0.834304212488979 0.655645065975723 0.272488421015791
1 1 1 0.999828824243596 0.998121910670155 0.979974358536786 0.831176392311068 0.335999920913729
1 1 1 0.999631624802667 0.996136909676874 0.991094449339443 0.97260953744207 0.36286994828732
1 1 1 0.979989901323731 0.776106941827345 0.516213206235628 0.480248351299001 0.152631009809016
1 1 1 0.985719630484802 0.836505009506771 0.549943455747943 0.352902515324969 0.108379285709957
1 1 1 0.999878899062101 0.984514950914629 0.83446369791238 0.548398735824897 0.136109939062291
1 1 1 0.998409742309327 0.983913607978898 0.954391061681882 0.806404730134923 0.34544617803731
1 1 1 0.978440261182674 0.759553641562057 0.480293517350032 0.429742877464858 0.166694854768347
1 1 1 0.965875607701327 0.607151321130517 0.140102872858107 0.0597469874896022 0.0266072222359309
1 1 1 0.96384392749018 0.575187309075366 0.0770802761090388 0.00924975234728613 0.00188483924946922
1 1 1 0.966577683723907 0.61842970622357 0.147866556918069 0.0153821400013607 0.00111795141999575
1 1 1 0.975769427459087 0.672770867876105 0.131967238672279 0.0186091064721757 0.00127779105714211
1 1 1 0.97580780665468 0.691300742029377 0.187910419530478 0.0243209342338119 0.00193334587014788
1 1 1 0.999883170285332 0.974644479148653 0.689502212226995 0.1872786235788 0.00531602132753449
1 1 1 0.999071505077683 0.990574697258497 0.957209935304569 0.675265338747769 0.0630445256784758
1 1 1 0.999052306742735 0.989572307413256 0.972571805946488 0.938668114728001 0.123767121748776
1 1 1 0.985174904725535 0.842218428600888 0.675236602317957 0.643612432078202 0.152750080661112
1 1 1 0.989452551786614 0.878898789080139 0.662029387905687 0.51893325582 0.124051072438271
1 1 1 0.999733266755904 0.986796702458877 0.874216177194411 0.658008825825509 0.18326684443395
1 1 1 0.999503987834988 0.99476708373164 0.977425099364811 0.865111799475174 0.290868734141387
1 1 1 0.996629618295237 0.965237575908203 0.928692155911933 0.908340320719047 0.273537905982538
1 1 1 0.999642049331767 0.993053706794918 0.958579271761936 0.921862716204035 0.302303495899803
1 1 1 0.997641225897625 0.97575959170058 0.947226489715503 0.911032527194572 0.314358069362791
1 1 1 0.999309245941616 0.990715852247811 0.962679777589383 0.93363469773501 0.354431451484632
1 1 1 0.99868988352591 0.986159860550956 0.965767461421088 0.936891593488927 0.373010745877125
1 1 1 0.99132917691611 0.90959821668213 0.813496531022683 0.786149034521466 0.343146423099334
1 1 1 0.983915766806733 0.810315881691628 0.534223636890918 0.441106139708545 0.200888032041491

# True vulnerable proportion of susceptible
0 0 0.05 0.49591999076099 0.869693062220586 0.830337559273173 0.81020145771643 0.476504156833263
0 0 0.05 0.499869634772727 0.939779429478402 0.91077572008821 0.825719700671036 0.536844553377501
0 0 0.05 0.499656723164437 0.943219056458025 0.976241504417249 0.897837143894595 0.544955900639821
0 0 0.05 0.499928055243753 0.947981469730389 0.990144431446699 0.973420454374025 0.627938024154956
0 0 0.05 0.497434424424756 0.89994888777939 0.895696388353219 0.882749249685827 0.616340324724146
0 0 0.05 0.494478899156695 0.835864929660985 0.726078921433444 0.670781815999046 0.470747454847859
0 0 0.05 0.499961794733252 0.938787000521635 0.878546417907276 0.724908638888341 0.47664078742579
0 0 0.05 0.499961500619455 0.949195842251976 0.986740251721521 0.87709518332487 0.54342180264886
0 0 0.05 0.499975205866905 0.949455855045734 0.998212264878479 0.985758666689291 0.561938889410598
0 0 0.05 0.499979696161603 0.949567147457629 0.99865598599118 0.997400890516745 0.583455693934397
0 0 0.05 0.486583718717043 0.668704324614052 0.372388777443671 0.330446604903742 0.213135770383271
0 0 0.05 0.486189594510827 0.630206902682991 0.192266018488031 0.075619131717104 0.0477764180635899
0 0 0.05 0.490517814760938 0.740726250085599 0.393033755923235 0.105094087883782 0.02919638541476
0 0 0.05 0.489797181588988 0.726765970815743 0.41441724497448 0.18564580851543 0.0358315962201065
0 0 0.05 0.493146862089991 0.798863148658693 0.545890254586094 0.282650221824376 0.0839563305436584
0 0 0.05 0.495714710744231 0.851656134825219 0.675470182563371 0.416859995307546 0.0898659138275241
0 0 0.05 0.498348856513262 0.910398574498988 0.837539046106735 0.62585248486059 0.206400284581023
0 0 0.05 0.488608434600975 0.681636015556875 0.292510741804773 0.190665128205523 0.0426087448559621
0 0 0.05 0.49058848370468 0.737581282246839 0.393295767814827 0.140902593439404 0.0311439039291726
0 0 0.05 0.499666750249655 0.925875468419376 0.766181229010224 0.387513152619871 0.060195104664124
0 0 0.05 0.496571650719745 0.883031898048914 0.841876102987646 0.650228344954401 0.170500754956793
0 0 0.05 0.499762049627745 0.93898164618336 0.920925510062963 0.833505862974888 0.282684396990563
0 0 0.05 0.492422595951186 0.795162596919386 0.657949854915136 0.58704923560172 0.241804693407707
0 0 0.05 0.499917286422565 0.93404637585701 0.834304212488979 0.655645065975723 0.272488421015791
0 0 0.05 0.499914412121798 0.948215815136648 0.979974358536786 0.831176392311068 0.335999920913729
0 0 0.05 0.499815812401333 0.94633006419303 0.991094449339443 0.97260953744207 0.36286994828732
0 0 0.05 0.489994950661865 0.737301594735978 0.516213206235628 0.480248351299001 0.152631009809016
0 0 0.05 0.492859815242401 0.794679759031432 0.549943455747943 0.352902515324969 0.108379285709957
0 0 0.05 0.49993944953105 0.935289203368897 0.83446369791238 0.548398735824897 0.136109939062291
0 0 0.05 0.499204871154664 0.934717927579953 0.954391061681882 0.806404730134923 0.34544617803731
0 0 0.05 0.489220130591337 0.721575959483954 0.480293517350032 0.429742877464858 0.166694854768347
0 0 0.05 0.482937803850664 0.576793755073991 0.140102872858107 0.0597469874896022 0.0266072222359309
0 0 0.05 0.48192196374509 0.546427943621597 0.0770802761090388 0.00924975234728613 0.00188483924946922
0 0 0.05 0.483288841861954 0.587508220912391 0.147866556918069 0.0153821400013607 0.00111795141999575
0 0 0.05 0.487884713729544 0.6391323244823 0.131967238672279 0.0186091064721757 0.00127779105714211
0 0 0.05 0.48790390332734 0.656735704927908 0.187910419530478 0.0243209342338119 0.00193334587014788
0 0 0.05 0.499941585142666 0.92591225519122 0.689502212226995 0.1872786235788 0.00531602132753449
0 0 0.05 0.499535752538841 0.941045962395572 0.957209935304569 0.675265338747769 0.0630445256784758
0 0 0.05 0.499526153371368 0.940093692042593 0.972571805946488 0.938668114728001 0.123767121748776
0 0 0.05 0.492587452362767 0.800107507170844 0.675236602317957 0.643612432078202 0.152750080661112
0 0 0.05 0.494726275893307 0.834953849626132 0.662029387905687 0.51893325582 0.124051072438271
0 0 0.05 0.499866633377952 0.937456867335933 0.874216177194411 0.658008825825509 0.18326684443395
0 0 0.05 0.499751993917494 0.945028729545058 0.977425099364811 0.865111799475174 0.290868734141387
0 0 0.05 0.498314809147619 0.916975697112792 0.928692155911933 0.908340320719047 0.273537905982538
0 0 0.05 0.499821024665884 0.943401021455172 0.958579271761936 0.921862716204035 0.302303495899803
0 0 0.05 0.498820612948812 0.926971612115551 0.947226489715503 0.911032527194572 0.314358069362791
0 0 0.05 0.499654622970808 0.941180059635421 0.962679777589383 0.93363469773501 0.354431451484632
0 0 0.05 0.499344941762955 0.936851867523408 0.965767461421088 0.936891593488927 0.373010745877125
0 0 0.05 0.495664588458055 0.864118305848024 0.813496531022683 0.786149034521466 0.343146423099334
0 0 0.05 0.491957883403366 0.769800087607047 0.534223636890918 0.441106139708545 0.200888032041491

# True survival by age
0.778267540515681 0.778267540515681 0.778215837677296 0.777759082362108 0.777413305441764 0.777499395576548 0.777530954874894 0.778053958428793
0.778267540515681 0.778267540515681 0.778108488623444 0.776677575322612 0.775283803472335 0.775417906665073 0.775733828570935 0.776806791868703
0.778267540515681 0.778267540515681 0.77827389462076 0.778331404041772 0.778391212973182 0.778404272378632 0.778436117129308 0.778579443535319
0.778267540515681 0.778267540515681 0.77624234591097 0.758018585239227 0.739871734375497 0.738168092715236 0.73885439681425 0.753032005822337
0.778267540515681 0.778267540515681 0.774573026911436 0.741514711698697 0.71179816642253 0.712139909799251 0.713103481363417 0.732930569890692
0.778267540515681 0.778267540515681 0.778282228511776 0.778418686770332 0.778577149054888 0.778626899778943 0.778640142475395 0.778688047231054
0.778267540515681 0.778267540515681 0.778258414701665 0.778176330093955 0.778102490550129 0.778171955709919 0.778281923307799 0.778459623216188
0.778267540515681 0.778267540515681 0.778284173079172 0.778433894402742 0.778583743098059 0.778602851575464 0.778624845420725 0.778691777393225
0.778267540515681 0.778267540515681 0.778275905004952 0.778351207703162 0.778426680214832 0.778435484527726 0.778440041956483 0.778595139978084
0.778267540515681 0.778267540515681 0.770247956502174 0.698074978601111 0.625965113169207 0.618092145596192 0.618294121738555 0.684908220552703
0.778267540515681 0.778267540515681 0.767660853750706 0.675061026992558 0.63657068782423 0.69960598718526 0.708525702264008 0.733473842911148
0.778267540515681 0.778267540515681 0.774988897636184 0.746401428064951 0.737122575442817 0.766090826398624 0.773801897177183 0.775642470394288
0.778267540515681 0.778267540515681 0.772417892403884 0.720890520946679 0.691725249332509 0.73260901738273 0.766449473776377 0.775369442699968
0.778267540515681 0.778267540515681 0.77585865400148 0.754681105161151 0.743378908630176 0.758614115907135 0.769757795134998 0.777055391161118
0.778267540515681 0.778267540515681 0.773884473322515 0.735044932632446 0.708322957658095 0.730656217838002 0.753872563656353 0.771396289221844
0.778267540515681 0.778267540515681 0.77751153257231 0.770776825533508 0.765445565650413 0.768227377154385 0.772275506227609 0.777394075848003
0.778267540515681 0.778267540515681 0.762601159793507 0.622122843063693 0.493036755570273 0.515930060290054 0.582370185817981 0.714019812867923
0.778267540515681 0.778267540515681 0.771709754979173 0.714195902941741 0.689017719274927 0.740280349658259 0.753692291909901 0.773189682060494
0.778267540515681 0.778267540515681 0.778206265943017 0.777676365763835 0.777482873273923 0.778109080428954 0.778552972888364 0.778746009228388
0.778267540515681 0.778267540515681 0.77667103978844 0.762313529318544 0.748717864633807 0.753928044848435 0.766220843968062 0.776846653912495
0.778267540515681 0.778267540515681 0.778193217860379 0.777533066326568 0.776992544736355 0.77710044955847 0.777487519703952 0.77845642343629
0.778267540515681 0.778267540515681 0.772455558301906 0.720175631415084 0.669126832671731 0.671261652704832 0.681469897261072 0.745790909972669
0.778267540515681 0.778267540515681 0.778271960811748 0.77831915477757 0.778424749063514 0.778508102872354 0.778539642065225 0.778693219485409
0.778267540515681 0.778267540515681 0.778218533727574 0.777777641917953 0.77736100315534 0.777538165165735 0.777808544044352 0.778388405003172
0.778267540515681 0.778267540515681 0.778074286899045 0.77633542643086 0.774603619280305 0.774490547259962 0.775145007570181 0.777322949616731
0.778267540515681 0.778267540515681 0.769294815732632 0.688573542411152 0.608446416081261 0.600415934775675 0.603742992259218 0.713488641812358
0.778267540515681 0.778267540515681 0.77639025019148 0.759880955156143 0.750704346825913 0.759143875076194 0.760513382551033 0.772988739363898
0.778267540515681 0.778267540515681 0.77826070091138 0.77820773609418 0.778246017100311 0.778432301905056 0.778564326160979 0.778728165195528
0.778267540515681 0.778267540515681 0.77792089805574 0.774801600279718 0.771791578798597 0.772570600536961 0.774706387791662 0.777784573777658
0.778267540515681 0.778267540515681 0.769862757215699 0.694354213221751 0.621154085906123 0.617862860004998 0.642817633574873 0.72054857110435
0.778267540515681 0.778267540515681 0.769976172347603 0.697152952726549 0.658738717920057 0.698898862506908 0.707308497587713 0.751069326028845
0.778267540515681 0.778267540515681 0.769673668704932 0.695279625516702 0.679339192302289 0.75464555166421 0.768499764403814 0.774213413825501
0.778267540515681 0.778267540515681 0.772872846407652 0.726290388905284 0.719537836562335 0.770443190360559 0.777797859020047 0.778596415371029
0.778267540515681 0.778267540515681 0.762433855794013 0.625240499686185 0.592422611208023 0.731896485468299 0.773921461557232 0.77844616112576
0.778267540515681 0.778267540515681 0.764699762461953 0.645890231054334 0.605009922503627 0.742920368430405 0.773741175376052 0.778453365989584
0.778267540515681 0.778267540515681 0.778244981846482 0.778060311567575 0.778135850426588 0.778615801059183 0.778776841156074 0.778798879854909
0.778267540515681 0.778267540515681 0.778042837729292 0.776020837469989 0.774119959884553 0.775334449783399 0.777859277568545 0.778774057846505
0.778267540515681 0.778267540515681 0.778017451276204 0.775769465299805 0.773565657107234 0.773502599904336 0.775063170956125 0.778451829897802
0.778267540515681 0.778267540515681 0.773514226531754 0.730779952862912 0.688901891153382 0.685823383084415 0.689064559766879 0.766968705363909
0.778267540515681 0.778267540515681 0.776583756069039 0.761687224069387 0.751407504839747 0.755701660404141 0.756783489477256 0.773575366027193
0.778267540515681 0.778267540515681 0.778209662864597 0.777700492968364 0.777365613483306 0.77768142671023 0.777923373017502 0.778591038066752
0.778267540515681 0.778267540515681 0.7781491710537 0.777084303860098 0.776055255775477 0.776265003831838 0.776892141749603 0.778269193435405
0.778267540515681 0.778267540515681 0.77683141752144 0.763913698412827 0.751126781154976 0.75020552520648 0.753491329688165 0.770291213936108
0.778267540515681 0.778267540515681 0.778194339247922 0.777539792231188 0.776943601648903 0.776945936029308 0.776986584096666 0.778254454589371
0.778267540515681 0.778267540515681 0.777189752434242 0.767493708525467 0.757935517036002 0.757626721526292 0.75843775367565 0.772123199885486
0.778267540515681 0.778267540515681 0.77797227657253 0.775323123492329 0.772806440665314 0.772702045028975 0.772935080631895 0.776776781908657
0.778267540515681 0.778267540515681 0.777914476857779 0.774739711077668 0.771626561726373 0.771489696373183 0.771710279688546 0.776109047843652
0.778267540515681 0.778267540515681 0.775887446734234 0.754498483311805 0.733679014586437 0.732313452177013 0.733703395492611 0.760845866734463
0.778267540515681 0.778267540515681 0.768517056889711 0.681612775092872 0.609804318752213 0.619727299991724 0.625074909177579 0.711700931200955
0.778267540515681 0.778267540515681 0.778283205896352 0.778430251463647 0.778609872387965 0.778683288626645 0.778703768418016 0.778756600773665

# True Numbers-at-age
70.3197613259412 6.41349320251449 19.5208649488824 34.3525643849677 30.0986487897387 5.54984381368252 17.0176738012716 72.1888350711878
11.4263555771339 54.7275876967899 4.99141358083499 15.1914462683799 26.7180189528377 23.3990900449615 4.3150002106824 69.3985770419531
8.14957452417246 8.89276165207362 42.5927050751369 3.88386127747805 11.798855653369 20.7140473550019 18.1440734205316 57.2565776259297
44.6795829118205 6.34254932117695 6.9209477393515 33.1487904612603 3.02293120120296 9.18412556372142 16.1239029593868 58.7027964091208
50.6412803199502 34.772669104049 4.93620026079179 5.37233270912143 25.1273992478361 2.23658135073184 6.77942845062948 56.1183011226898
44.1048514798837 39.4124646831728 27.0624396607738 3.82344757744251 3.98366373995366 17.8856367115766 1.59275884136886 45.9652524529486
301.653173827711 34.3253742860585 30.673441954634 21.0622158481525 2.97624304216801 3.10158955744645 13.9262378633073 37.0327786442414
489.307937327602 234.766873683642 26.7143246228909 23.871864309057 16.3901178323621 2.31582212359342 2.41357001172757 39.6670620987414
147.604807490138 380.812484938753 182.711437376323 20.7913360484952 18.5826683007531 12.7610792917387 1.80310570917138 32.7676806669298
394.717045590793 114.87603049364 296.373996050948 142.199909278814 16.1829615231085 14.4652447948886 9.93367694156135 26.9163665995247
90.0566717547309 307.195464271562 89.4042857164895 228.281464818626 99.2661986268878 10.1299693412256 8.94085419184686 24.5771748116419
157.147308377514 70.0881844335824 239.080258436201 68.6321703020924 154.103920083827 63.1899523376145 7.08698720112453 24.3615398521124
282.873217265187 122.302649189627 54.5473589183336 185.284545932046 51.2271499246787 113.593478458025 48.4092428064128 24.379769095002
541.88950395314 220.151043078735 95.1841819833629 42.1333560118974 133.569872840321 35.4351130542422 83.21960663422 56.0065666512335
242.177525355913 421.735011472872 171.336410838848 73.8494713158439 31.797247679207 99.2930262979094 26.8815769617133 107.579145471525
221.600755565115 188.47890702692 328.222670128345 132.594588062992 54.2826796682962 22.5227205215229 72.5490670525198 103.251436953643
78.1702803918627 172.464675010079 146.687015410925 255.196911276465 102.200835670116 41.5504364437192 17.3025705126308 136.294922894881
133.45863399078 60.8373918619961 134.22365844593 111.863688079019 158.763827984387 50.3887684353648 21.4371191794861 107.393776544821
37.7204112158869 103.866522836587 47.3477673358244 103.581706571717 79.8925877139885 109.39109066116 37.3018151161809 99.1927514282982
7.67858864350784 29.3565716642284 80.8359432699464 36.8463292191507 80.5530451263089 62.1151186491607 85.1182009614752 106.287398372006
11.2152398059953 5.97599629821448 22.8472668270914 62.7829361117486 28.0884552694837 60.3115039367207 46.8303299586902 147.788349556101
42.731838688996 8.72845710010556 4.6509239411422 17.7795880914889 48.8158088279529 21.8245203375495 46.8680968227731 151.456787107495
303.377054103681 33.2568029981977 6.79307483979579 3.59263204957469 12.8044260800881 32.6639675453569 14.6499635912737 144.894292205072
79.4260730216276 236.108513746164 25.8826902748219 5.28685967550882 2.79621434025178 9.96728215829493 25.4291634060199 124.233780292846
119.386498540808 61.814734503361 183.75559228804 20.1423892745968 4.11200125156836 2.17366798457547 7.74994228104981 116.481154654765
37.2655194470329 92.9146365901334 48.1084013895605 142.975501433228 15.6372503668305 3.18517105195 1.68348530693532 96.5508037791177
367.333069037654 29.0025441660815 72.3124456969114 37.0095437821735 98.4491474998886 9.51442894306341 1.91242745457698 69.9042943108876
1111.26105644694 285.883404190012 22.5717387168337 56.1426778065828 28.122847479091 73.9062029694718 7.22282045697425 55.4896590078597
1606.42115347865 864.858409271817 222.493773853211 17.5666971945515 43.6906661941258 21.8864940401221 57.5309757025883 48.834790688582
458.284500842102 1250.22544015019 673.091227078281 173.0825563677 13.6107050979678 33.7200882407269 16.9088618442258 82.552561233922
1227.85080193949 356.667951326839 973.009878395823 518.187867936184 120.180602249104 8.45434508366597 20.8343901600364 70.3524445952565
261.887662025401 955.596423745656 277.583089259906 749.194421823622 361.256202198786 79.167615844435 5.90873216221502 67.5759043488925
309.451070539491 203.81866661591 743.709678434112 213.64839468112 520.89961704473 245.415496615916 59.7434891328639 56.8590308728891
42.0934212559479 240.835723578714 158.62545237835 574.793016072291 155.17077566194 374.806983514514 189.078698176687 90.7385955570311
237.943648812917 32.7599434327571 187.43462625792 120.941415283895 359.383872585169 91.9266761008211 274.319913963248 216.967173819554
350.020787672422 185.183818342956 25.4960006028447 143.331214176576 78.1148786617531 217.430808901806 68.2942000774045 381.15143942806
21.6396172551919 272.409817551177 144.122554845075 19.8421345263187 111.520329159586 60.7839875384329 169.295063448026 350.026255487221
44.9893889104324 16.8414116988989 212.00771871788 112.133521552457 15.3979098523061 86.3301127353308 47.1279195337519 404.279103088203
41.406885018006 35.0137810566256 13.1071240617141 164.945704967767 86.989762056934 11.9112942529771 66.7765666508127 351.238922342849
49.5136930179998 32.2256345633791 27.2500892670946 10.1385469306525 120.539014501285 59.9274115920045 8.1690441214907 315.402627044695
27.3297572278269 38.5349000869671 25.0801653531982 21.1619766762569 7.7224016677059 90.5739201222525 45.2872444438002 250.169900377994
49.6501362842006 21.2698629405915 29.9904619147014 19.5176270241007 16.45767969331 6.0031295099807 70.4376554234117 230.010048380747
70.0534932403677 38.6410894521732 16.5536439178798 23.3370530784425 15.1668416090243 12.7720688238626 4.66001935206819 233.732195817037
168.791581840514 54.5203598887128 30.0731056507892 12.8593906698717 17.8274945272094 11.3922209180738 9.58167659997914 183.55314102982
155.81145779322 131.365009258768 42.4314263986183 23.4027205810489 9.99868794967172 13.8509578063462 8.85113974464552 150.295883831665
73.0898651246939 121.263000040892 102.237122665641 32.977269778174 17.9614408083345 7.57836072081608 10.4938557528211 122.759977299121
24.2088200167916 56.8834695672184 94.3750567973778 79.5376470704136 25.568039808663 13.8807171403097 5.85581482694184 103.468169356037
100.053643605875 18.8409388132552 44.2705579560776 73.4157229369553 61.6209737111298 19.7289786476417 10.7088302520196 84.8215748989433
22.5343422768652 77.8685031287766 14.6632911111985 34.348970178041 55.3920516071724 45.2100152702385 14.447796461381 72.3932497894295
24.5015318288188 17.5377471409544 60.6025284136706 11.2689893290954 23.4126968846368 33.7783122945992 28.0178806960095 60.5532983487142

