# Simulated data from SIR age-structured hybrid model
# random seed = 8449451
# Flag=0 if no issues, =1 if negative pop #'s, =2 if NaN, or=3 if NA. Flag:
0

# True SSB
43315.3685078023
40453.6302269173
52168.828655733
56633.9804537914
67870.3573314963
68477.7959883672
47102.7556720682
42932.6306256112
39777.2625236657
37076.7490377928
35960.6191892588
24049.3738340623
21550.2262578453
21380.3074774247
28219.0320384251
33350.8298948573
31296.724312654
24720.0228982261
27070.5135485044
33259.2736140188
37434.3665907735
44497.6677733915
54774.5948603156
51195.8777757918
40136.1273990993
42594.2208860103
33777.2654213759
31928.2379333461
31280.8171179663
35517.8971608181
24266.4977685735
16941.0024428492
19392.0137730075
26051.2750385262
28087.786865614
28350.1321866855
44750.5658491415
40586.5369577364
27215.871332968
23664.7318257852
22434.0446223211
19439.2865352908
16864.8406138353
14747.6732495158
13081.2627634806
13813.8027025909
21583.8602669411
24328.9671172557
33793.9672186118
31762.2601474682

# True R (numbers)
600.374175582969
814.268303303529
372.050407272464
76.0129313957258
78.4780749433058
115.054097820556
67.7535719177016
160.36978798372
33.2165154946915
34.6663104746808
82.6904617056135
274.18875777418
336.046140146634
86.7163284590634
18.8031325955578
212.381897765164
153.054177661986
470.569650655016
485.013609353195
665.474751329664
164.385826565109
216.88595337164
148.485144146561
118.034351909873
43.8712033801255
125.685315995639
252.630855893153
16.3900001397399
27.1424548240831
158.415219946032
192.005967422103
234.677337119927
92.9073736341156
635.722312179234
337.018443860301
109.755713962868
94.3877320491815
25.0381554071415
18.9969216654418
30.4845286796724
18.9258745831507
22.5262688054606
79.179627254143
275.080818656428
161.056137219193
480.380962493588
52.7529018696183
59.865245259507
72.4908261787578
146.384528661538

# True infection rate given (selected) susceptible
-999 -999 0.00247084409145797 0.00247084409145895 0.002470844091458 0.00247084409145838 0.00247084409145782 0.00247084409145754
-999 -999 0.0161342422265653 0.0161342422265653 0.0161342422265657 0.0161342422265644 0.016134242226565 0.0161342422265658
-999 -999 0.820070146758846 0.820070146758847 0.820070146758847 0.820070146758847 0.820070146758847 0.820070146758847
-999 -999 0.83002195805042 0.83002195805042 0.83002195805042 0.83002195805042 0.83002195805042 0.83002195805042
-999 -999 0.850999856130926 0.850999856130927 0.850999856130926 0.850999856130926 0.850999856130926 0.850999856130927
-999 -999 0.828488483957737 0.828488483957737 0.828488483957737 0.828488483957737 0.828488483957737 0.828488483957737
-999 -999 0.00629098018881916 0.00629098018881847 0.00629098018881904 0.00629098018881895 0.0062909801888192 0.00629098018881884
-999 -999 0.0118964260592305 0.0118964260592309 0.0118964260592308 0.0118964260592305 0.0118964260592314 0.0118964260592318
-999 -999 0.0142861613317036 0.0142861613317039 0.0142861613317033 0.014286161331704 0.0142861613317033 0.0142861613317046
-999 -999 0.017295762891612 0.0172957628916127 0.0172957628916118 0.0172957628916128 0.0172957628916129 0.0172957628916122
-999 -999 0.545306010824733 0.545306010824733 0.545306010824733 0.545306010824733 0.545306010824733 0.545306010824733
-999 -999 0.00444454513395256 0.00444454513395281 0.00444454513395273 0.00444454513395306 0.00444454513395351 0.0044445451339523
-999 -999 0.00248468422062137 0.00248468422062146 0.0024846842206221 0.00248468422062208 0.0024846842206215 0.00248468422062169
-999 -999 0.00827018469808382 0.00827018469808557 0.0082701846980847 0.00827018469808355 0.00827018469808386 0.00827018469808365
-999 -999 0.593754799876404 0.593754799876404 0.593754799876404 0.593754799876404 0.593754799876404 0.593754799876404
-999 -999 0.685647026890473 0.685647026890474 0.685647026890474 0.685647026890474 0.685647026890474 0.685647026890474
-999 -999 0.456022228128935 0.456022228128935 0.456022228128934 0.456022228128935 0.456022228128934 0.456022228128935
-999 -999 0.00208797320905947 0.00208797320906051 0.00208797320905924 0.00208797320906016 0.00208797320906008 0.00208797320905912
-999 -999 0.00442408287839414 0.00442408287839299 0.00442408287839364 0.00442408287839293 0.0044240828783929 0.00442408287839257
-999 -999 0.581322756331118 0.581322756331119 0.581322756331118 0.581322756331118 0.581322756331118 0.581322756331119
-999 -999 0.769979763757349 0.769979763757348 0.769979763757349 0.769979763757349 0.769979763757349 0.769979763757349
-999 -999 0.801386378431703 0.801386378431703 0.801386378431704 0.801386378431703 0.801386378431703 0.801386378431703
-999 -999 0.852632732869497 0.852632732869498 0.852632732869498 0.852632732869497 0.852632732869497 0.852632732869497
-999 -999 0.78179118457579 0.78179118457579 0.78179118457579 0.781791184575789 0.78179118457579 0.78179118457579
-999 -999 0.010521056100712 0.0105210561007103 0.0105210561007119 0.0105210561007117 0.0105210561007112 0.0105210561007111
-999 -999 0.544392742151316 0.544392742151316 0.544392742151316 0.544392742151316 0.544392742151317 0.544392742151316
-999 -999 0.00360624676949505 0.00360624676949396 0.00360624676949417 0.00360624676949481 0.00360624676949487 0.00360624676949524
-999 -999 0.00843958342930994 0.00843958342931007 0.0084395834293103 0.00843958342930984 0.00843958342930966 0.00843958342930972
-999 -999 0.00860598943242689 0.00860598943242674 0.00860598943242608 0.0086059894324264 0.00860598943242731 0.00860598943242673
-999 -999 0.651799725615334 0.651799725615333 0.651799725615333 0.651799725615334 0.651799725615334 0.651799725615334
-999 -999 0.513956239443496 0.513956239443495 0.513956239443495 0.513956239443496 0.513956239443496 0.513956239443496
-999 -999 0.000879838296089543 0.000879838296090427 0.00087983829609039 0.000879838296091488 0.000879838296090627 0.000879838296090505
-999 -999 0.00173772664189522 0.00173772664189523 0.00173772664189661 0.00173772664189514 0.00173772664189447 0.00173772664189514
-999 -999 0.422134243115897 0.422134243115896 0.422134243115896 0.422134243115897 0.422134243115897 0.422134243115897
-999 -999 0.541879643071116 0.541879643071116 0.541879643071116 0.541879643071116 0.541879643071116 0.541879643071116
-999 -999 0.0461205208960517 0.0461205208960507 0.0461205208960511 0.0461205208960508 0.0461205208960517 0.0461205208960511
-999 -999 0.891224398510876 0.891224398510876 0.891224398510876 0.891224398510876 0.891224398510876 0.891224398510876
-999 -999 0.859509024819451 0.859509024819452 0.859509024819451 0.859509024819451 0.859509024819451 0.859509024819452
-999 -999 0.478947118500042 0.478947118500042 0.478947118500042 0.478947118500041 0.478947118500043 0.478947118500042
-999 -999 0.00180080151141941 0.00180080151141925 0.00180080151141961 0.00180080151141845 0.00180080151141935 0.0018008015114192
-999 -999 0.00244880569913056 0.00244880569912904 0.00244880569912968 0.00244880569912948 0.00244880569912858 0.00244880569912944
-999 -999 0.0034521592292567 0.00345215922925665 0.00345215922925569 0.00345215922925611 0.00345215922925635 0.00345215922925722
-999 -999 0.00416842345440479 0.00416842345440385 0.0041684234544036 0.00416842345440365 0.00416842345440479 0.0041684234544041
-999 -999 0.00720459287379312 0.00720459287379271 0.00720459287379309 0.00720459287379342 0.00720459287379277 0.00720459287379341
-999 -999 0.0549634150332608 0.0549634150332604 0.0549634150332607 0.0549634150332607 0.0549634150332611 0.0549634150332597
-999 -999 0.00188646793242392 0.00188646793242242 0.00188646793242368 0.00188646793242511 0.00188646793242422 0.00188646793242343
-999 -999 0.601944535358109 0.601944535358109 0.601944535358109 0.601944535358109 0.601944535358109 0.601944535358109
-999 -999 0.443151672061868 0.443151672061868 0.443151672061868 0.443151672061868 0.443151672061868 0.443151672061868
-999 -999 0.732593832993776 0.732593832993776 0.732593832993776 0.732593832993776 0.732593832993775 0.732593832993776
-999 -999 0.659482964330412 0.659482964330412 0.659482964330412 0.659482964330413 0.659482964330413 0.659482964330412

# Duration of outbreak (days) based on incidence
0
0
0
0
0
0
0
0
0
0
0
0
0
0
0
0
0
0
0
0
0
0
0
0
0
0
0
0
0
0
0
0
0
0
0
0
0
0
0
0
0
0
0
0
0
0
0
0
0
0

# Duration of outbreak (days) based on prevalence
0
0
24
18
16
19
0
0
0
0
0
0
0
0
14
17
0
0
0
3
23
20
21
18
0
0
0
0
0
22
0
0
0
0
0
0
30
25
0
0
0
0
0
0
0
0
17
0
17
9

# Peak (point) prevalence
5.48864191924735e-05
0.00132813385902683
0.266423083285061
0.283157616807176
0.292336791983969
0.214583020393642
0.000128620796772171
0.00062431707029734
0.000893227659106364
0.000610045243077576
0.0849088144839081
0.000157141261520357
7.07078378923648e-05
0.000726681124372596
0.118190304207663
0.15779319817184
0.0434909154971049
6.22625832336635e-05
0.000154556965446032
0.100475899644257
0.228580073947948
0.261870644654405
0.299416805642129
0.170243700965606
0.000556567071845482
0.0710970745061829
0.000158559455263049
0.000546891070831365
0.000443715765238755
0.14033440342294
0.0676260447937738
2.2005974995767e-05
6.46307032499213e-05
0.0491712127620681
0.0890006682205344
0.00392907732286247
0.434687006508957
0.331243254281485
0.0551510132830871
6.55105016775337e-05
0.000116038800118662
0.000168588646110944
0.000183146755048853
0.000281308336197612
0.00906584044603063
8.24679721578568e-05
0.129074555744196
0.0543207531410161
0.205766115448972
0.116167699750071

# Day of peak prevalence
62
119
34
27
22
28
87
119
119
94
79
82
49
119
60
44
72
65
97
62
40
31
25
35
119
78
119
119
119
60
82
42
78
81
67
119
29
29
81
84
110
96
83
85
119
67
62
70
35
39

# Total immunity
0.113407947119559
0.0644234294641055
0.0516178854717019
0.0715679588349189
0.134223100323733
0.254683244116442
0.344322366547351
0.247536613327076
0.231170935317121
0.213014204862855
0.170687409738625
0.117183276224581
0.0641572043841494
0.0558869487401535
0.0542798487133996
0.0928773466383138
0.155299532492221
0.0921605751115037
0.0538774258003626
0.0311833482783433
0.0432100701914053
0.058530025931974
0.112430955867733
0.205825019208714
0.273972103456504
0.210762632840152
0.170410151550048
0.165134334594413
0.155343363193535
0.105165161818977
0.120362845448354
0.0959391065975014
0.0798195614195726
0.032193829508881
0.0341832457041786
0.0610331787303693
0.056058726523815
0.127777502285287
0.232939912727742
0.290047940253195
0.263088006906916
0.230635603508086
0.147686236723118
0.0566599645035671
0.0389822777041448
0.0181217898606858
0.0168897302606082
0.0503531824845502
0.0813379904819236
0.162450508792002

# Observed immunity (based on survey selectivity)
0.575764919262461
0.477263325554977
0.272672159509632
0.248585573000549
0.283752714700929
0.423598511533562
0.600704002328732
0.524306506080678
0.441627962297919
0.37049252008912
0.297148831973372
0.403690501679254
0.354840704632731
0.272034241337805
0.154109139889128
0.234079648815186
0.419446827691294
0.514982246154983
0.358223723142084
0.224592999036265
0.220556291706405
0.214913121491721
0.274588578704494
0.445926128027813
0.559616779265378
0.417070715992359
0.492257283798712
0.411267911208151
0.324309216101944
0.220093727253393
0.383460535244906
0.531642302821065
0.347297358681463
0.198225332473513
0.204168688184567
0.304106368924202
0.151725294489072
0.237060595956734
0.38934101163956
0.44721485504703
0.377853258745946
0.345965604453351
0.312065689219203
0.27896888953342
0.244442734052795
0.176025870847354
0.0843951517840924
0.172496974845812
0.16875741227896
0.35580708493267

# True total proportion of susceptible
1 1 1 0.999977193550274 0.984691736135157 0.779570772769748 0.258672328903955 0.0171527162312811
1 1 1 0.999971514447465 0.999692143824602 0.984128837286215 0.77878055203273 0.147073009553793
1 1 1 0.999849022391134 0.998452430426351 0.996785359725642 0.980897299404546 0.223873992771149
1 1 1 0.993718034070979 0.905472984376602 0.637552499750934 0.56771492180768 0.0853215581759191
1 1 1 0.986477096558651 0.807796824583807 0.359921570199853 0.158715919087463 0.0185193919959139
1 1 1 0.982094541325876 0.751493083493436 0.241368815676494 0.0609377949415123 0.00328679844995091
1 1 1 0.992949722216792 0.87032301122821 0.302907635210423 0.0458948865363275 0.00412026431410809
1 1 1 0.999897200175972 0.991908898526996 0.868126167346481 0.301325598951327 0.0211054986303531
1 1 1 0.999913422685695 0.999026942835908 0.990178549589338 0.865357982105304 0.139011266750789
1 1 1 0.999810886849697 0.998012842606889 0.995392058044205 0.986284463017122 0.356344053401333
1 1 1 0.999734122428488 0.997136701034056 0.992890988697025 0.989977836345554 0.418625358079566
1 1 1 0.996534361447173 0.954483665999897 0.871940062863771 0.85135262525627 0.280066640967238
1 1 1 0.999913431745197 0.995664582609175 0.952788505441529 0.870101065349967 0.358631952307294
1 1 1 0.999956080232413 0.999473965066101 0.994825782079541 0.951873702858948 0.409241896229974
1 1 1 0.999903856908701 0.998991872205742 0.997634667569535 0.99286652356333 0.572211925671701
1 1 1 0.986996080313006 0.844090222074384 0.629820604946536 0.598160929747854 0.301579451228635
1 1 1 0.983106562807997 0.783533036160258 0.398276343520909 0.243234002129879 0.111393790451132
1 1 1 0.992714742557093 0.895535191270564 0.570002460041946 0.240133034386941 0.076406973437263
1 1 1 0.9999474736733 0.99218664232046 0.894537586641106 0.569126905123125 0.155483989375233
1 1 1 0.999920931767272 0.999155887868699 0.990670057310271 0.892830813075564 0.35271790098208
1 1 1 0.992546236519332 0.905412831502474 0.753686816793302 0.718476613085328 0.223521085205848
1 1 1 0.992444654800053 0.882493711096212 0.50730260358712 0.308613359716263 0.0607706944551537
1 1 1 0.985236196495233 0.796357994376218 0.355942025551769 0.127332566327895 0.0250392350421765
1 1 1 0.983046540490582 0.759171086033751 0.238217645299105 0.0592374697902384 0.00609924115592381
1 1 1 0.990392689518393 0.844770070465836 0.328098944885055 0.0561611956111551 0.00642199127641117
1 1 1 0.999942593290628 0.989770861333784 0.84258669071087 0.325518151282143 0.0278160321355061
1 1 1 0.992984202144505 0.912261674942113 0.764549238612275 0.569243813039966 0.0757095914651585
1 1 1 0.999944843319166 0.992424264619621 0.911096833378891 0.763220641579405 0.146127556891091
1 1 1 0.99982428937 0.998183933532932 0.989058113910411 0.907443353657638 0.295018996983129
1 1 1 0.999800566888504 0.997825865718468 0.994377830793283 0.985041789008213 0.431214751223095
1 1 1 0.992687017031401 0.902645157199973 0.722280256591191 0.686134166810448 0.255486703644057
1 1 1 0.992840151319308 0.903956525242942 0.668544971938074 0.466724434135005 0.147687723801769
1 1 1 0.99997942558496 0.992631667135763 0.9035585976394 0.668158054988077 0.203583614882251
1 1 1 0.999965352475338 0.999632870295907 0.991969892257059 0.90283423691903 0.381496305778254
1 1 1 0.994378275927697 0.933617540461362 0.845797747930486 0.824094636149928 0.261809668204468
1 1 1 0.987689501025151 0.849814918768747 0.605780101793001 0.505825523112714 0.151730030170821
1 1 1 0.999321962026798 0.980663582832398 0.834139244201918 0.588748791893104 0.271227695464478
1 1 1 0.992288197844258 0.879593129801658 0.464254850836948 0.212898432779606 0.0538423563150794
1 1 1 0.994241344032376 0.89911912253432 0.411910988307679 0.0905169534539077 0.0142379555655901
1 1 1 0.991696359068825 0.895377379721947 0.661069718534736 0.237661131358924 0.0108481576913431
1 1 1 0.999985351649429 0.991541656630914 0.894983086532358 0.660519300030353 0.118857650779845
1 1 1 0.999942990424326 0.999415057591627 0.990455239446157 0.893827577215514 0.343437422137282
1 1 1 0.999921691930552 0.999159395116151 0.997925087092982 0.988882635429407 0.478005362731859
1 1 1 0.99992905811586 0.999211465009348 0.997807511006035 0.996500050800219 0.604688175563632
1 1 1 0.999868224900224 0.998608690065437 0.996696446428055 0.9951564180491 0.633231528537234
1 1 1 0.999559969634962 0.995365553176027 0.989804854534709 0.987324489305077 0.641891931871774
1 1 1 0.999960692537876 0.999166568458606 0.994616489709789 0.989014398763602 0.685328989736686
1 1 1 0.990312075568239 0.878743416281627 0.69146316911138 0.657412246731784 0.387568683935067
1 1 1 0.991739273241774 0.89394635495971 0.656711707924918 0.468361178231315 0.2553968010111
1 1 1 0.984995514581936 0.801523931446536 0.42112601011497 0.235607287785385 0.0951831914381251

# True vulnerable proportion of susceptible
0 0 0.05 0.499988596775137 0.935457149328399 0.779570772769748 0.258672328903955 0.0171527162312811
0 0 0.05 0.499985757223732 0.949707536633372 0.984128837286215 0.77878055203273 0.147073009553793
0 0 0.05 0.499924511195567 0.948529808905033 0.996785359725642 0.980897299404546 0.223873992771149
0 0 0.05 0.49685901703549 0.860199335157772 0.637552499750934 0.56771492180768 0.0853215581759191
0 0 0.05 0.493238548279326 0.767406983354616 0.359921570199853 0.158715919087463 0.0185193919959139
0 0 0.05 0.491047270662938 0.713918429318764 0.241368815676494 0.0609377949415123 0.00328679844995091
0 0 0.05 0.496474861108396 0.826806860666799 0.302907635210423 0.0458948865363275 0.00412026431410809
0 0 0.05 0.499948600087986 0.942313453600647 0.868126167346481 0.301325598951327 0.0211054986303531
0 0 0.05 0.499956711342847 0.949075595694112 0.990178549589338 0.865357982105304 0.139011266750789
0 0 0.05 0.499905443424848 0.948112200476544 0.995392058044205 0.986284463017122 0.356344053401333
0 0 0.05 0.499867061214244 0.947279865982353 0.992890988697025 0.989977836345554 0.418625358079566
0 0 0.05 0.498267180723587 0.906759482699902 0.871940062863771 0.85135262525627 0.280066640967238
0 0 0.05 0.499956715872598 0.945881353478716 0.952788505441529 0.870101065349967 0.358631952307294
0 0 0.05 0.499978040116206 0.949500266812796 0.994825782079541 0.951873702858948 0.409241896229974
0 0 0.05 0.499951928454351 0.949042278595455 0.997634667569535 0.99286652356333 0.572211925671701
0 0 0.05 0.493498040156503 0.801885710970665 0.629820604946536 0.598160929747854 0.301579451228635
0 0 0.05 0.491553281403999 0.744356384352245 0.398276343520909 0.243234002129879 0.111393790451132
0 0 0.05 0.496357371278546 0.850758431707036 0.570002460041946 0.240133034386941 0.076406973437263
0 0 0.05 0.49997373683665 0.942577310204437 0.894537586641106 0.569126905123125 0.155483989375233
0 0 0.05 0.499960465883636 0.949198093475264 0.990670057310271 0.892830813075564 0.35271790098208
0 0 0.05 0.496273118259666 0.86014218992735 0.753686816793302 0.718476613085328 0.223521085205848
0 0 0.05 0.496222327400026 0.838369025541402 0.50730260358712 0.308613359716263 0.0607706944551537
0 0 0.05 0.492618098247616 0.756540094657408 0.355942025551769 0.127332566327895 0.0250392350421765
0 0 0.05 0.491523270245291 0.721212531732063 0.238217645299105 0.0592374697902384 0.00609924115592381
0 0 0.05 0.495196344759196 0.802531566942544 0.328098944885055 0.0561611956111551 0.00642199127641117
0 0 0.05 0.499971296645314 0.940282318267095 0.84258669071087 0.325518151282143 0.0278160321355061
0 0 0.05 0.496492101072253 0.866648591195007 0.764549238612275 0.569243813039966 0.0757095914651585
0 0 0.05 0.499972421659583 0.94280305138864 0.911096833378891 0.763220641579405 0.146127556891091
0 0 0.05 0.499912144685 0.948274736856286 0.989058113910411 0.907443353657638 0.295018996983129
0 0 0.05 0.499900283444252 0.947934572432545 0.994377830793283 0.985041789008213 0.431214751223095
0 0 0.05 0.4963435085157 0.857512899339975 0.722280256591191 0.686134166810448 0.255486703644057
0 0 0.05 0.496420075659654 0.858758698980794 0.668544971938074 0.466724434135005 0.147687723801769
0 0 0.05 0.49998971279248 0.943000083778975 0.9035585976394 0.668158054988077 0.203583614882251
0 0 0.05 0.499982676237669 0.949651226781112 0.991969892257059 0.90283423691903 0.381496305778254
0 0 0.05 0.497189137963848 0.886936663438293 0.845797747930486 0.824094636149928 0.261809668204468
0 0 0.05 0.493844750512576 0.807324172830309 0.605780101793001 0.505825523112714 0.151730030170821
0 0 0.05 0.499660981013399 0.931630403690778 0.834139244201918 0.588748791893104 0.271227695464478
0 0 0.05 0.496144098922129 0.835613473311575 0.464254850836948 0.212898432779606 0.0538423563150794
0 0 0.05 0.497120672016188 0.854163166407604 0.411910988307679 0.0905169534539077 0.0142379555655901
0 0 0.05 0.495848179534413 0.850608510735849 0.661069718534736 0.237661131358924 0.0108481576913431
0 0 0.05 0.499992675824714 0.941964573799369 0.894983086532358 0.660519300030353 0.118857650779845
0 0 0.05 0.499971495212163 0.949444304712046 0.990455239446157 0.893827577215514 0.343437422137282
0 0 0.05 0.499960845965276 0.949201425360344 0.997925087092982 0.988882635429407 0.478005362731859
0 0 0.05 0.49996452905793 0.949250891758881 0.997807511006035 0.996500050800219 0.604688175563632
0 0 0.05 0.499934112450112 0.948678255562165 0.996696446428055 0.9951564180491 0.633231528537234
0 0 0.05 0.499779984817481 0.945597275517226 0.989804854534709 0.987324489305077 0.641891931871774
0 0 0.05 0.499980346268938 0.949208240035675 0.994616489709789 0.989014398763602 0.685328989736686
0 0 0.05 0.49515603778412 0.834806245467546 0.69146316911138 0.657412246731784 0.387568683935067
0 0 0.05 0.495869636620887 0.849249037211724 0.656711707924918 0.468361178231315 0.2553968010111
0 0 0.05 0.492497757290968 0.761447734874209 0.42112601011497 0.235607287785385 0.0951831914381251

# True survival by age
0.778267540515681 0.778267540515681 0.778215981224173 0.777751971520815 0.77731107337632 0.777581200425678 0.778396108737422 0.778773948875234
0.778267540515681 0.778267540515681 0.777747519395947 0.773067492638946 0.76839034514531 0.768040648096502 0.770285857445599 0.777192736061695
0.778267540515681 0.778267540515681 0.750424252552636 0.499876778523316 0.250064593528143 0.223193618534913 0.232049607498695 0.654013642968062
0.778267540515681 0.778267540515681 0.755677427299848 0.553788861384463 0.389677938955109 0.490413149938809 0.522003166156509 0.740206812806755
0.778267540515681 0.778267540515681 0.758306894907926 0.581367554257533 0.472011254795006 0.634923519386532 0.715354704724795 0.771397727333452
0.778267540515681 0.778267540515681 0.750789327257672 0.508415056007443 0.386055997986086 0.646024399127426 0.745279053948372 0.776992723435717
0.778267540515681 0.778267540515681 0.778117601063309 0.776782476648004 0.775857270446474 0.777730903730998 0.778638680881731 0.77878623016763
0.778267540515681 0.778267540515681 0.777872182604993 0.774314422653284 0.770820833470743 0.771473450300533 0.776257474254151 0.778622644204521
0.778267540515681 0.778267540515681 0.777854007107364 0.774132610625346 0.770418570074428 0.770083339521933 0.771182248654338 0.777576940289569
0.778267540515681 0.778267540515681 0.777794522529643 0.773538356037702 0.769299117680432 0.768853230734154 0.76894424841655 0.775239622328124
0.778267540515681 0.778267540515681 0.758638252709225 0.582026994102082 0.406380484895968 0.388476471791628 0.389621687327055 0.61423120147908
0.778267540515681 0.778267540515681 0.778180558907434 0.777402586927322 0.776714383799987 0.776818972544592 0.776865765211093 0.778164226683048
0.778267540515681 0.778267540515681 0.778227544728593 0.777867663430332 0.777513226960243 0.777530565169625 0.777640800616482 0.77832266990844
0.778267540515681 0.778267540515681 0.778029499298339 0.7758872563093 0.773747417032321 0.773534108824683 0.77376150000568 0.776634229093429
0.778267540515681 0.778267540515681 0.764222612410517 0.637831813959687 0.511683466659654 0.498034658186942 0.499376565559482 0.617762148182221
0.778267540515681 0.778267540515681 0.763759943277075 0.635085058666417 0.545681979721022 0.595721262539591 0.604924261155459 0.691136103796782
0.778267540515681 0.778267540515681 0.765283229389803 0.650626934001389 0.585083872253445 0.675161526009048 0.715506561149531 0.749813950507722
0.778267540515681 0.778267540515681 0.778250256060305 0.778099839988295 0.778029147674307 0.77829978986115 0.77858972254409 0.778733626563155
0.778267540515681 0.778267540515681 0.778175059373551 0.777342805680605 0.776528294406637 0.776669220408706 0.777444630261935 0.778430285653127
0.778267540515681 0.778267540515681 0.760423473722438 0.59984102373406 0.439516907032365 0.424720862183962 0.459690034415098 0.6527342631905
0.778267540515681 0.778267540515681 0.753266221175769 0.530121860991098 0.348224187057061 0.401535589408389 0.419160395925929 0.666915151507969
0.778267540515681 0.778267540515681 0.757691030274538 0.574061093314659 0.433316023071301 0.569759923373166 0.651632498159635 0.75375940121462
0.778267540515681 0.778267540515681 0.757440668739379 0.573081533866218 0.463248860197989 0.63034780111673 0.725694103291135 0.768357652333711
0.778267540515681 0.778267540515681 0.754443171608705 0.544071946488022 0.434747292414888 0.665166054050266 0.750543288463646 0.775891319269433
0.778267540515681 0.778267540515681 0.777906287938841 0.774694844430757 0.772551983788961 0.776255294965537 0.778365067999261 0.778750959374419
0.778267540515681 0.778267540515681 0.761368385577676 0.609285722996097 0.460473463490491 0.49357141929056 0.668607569467483 0.769384601642966
0.778267540515681 0.778267540515681 0.778189692800004 0.777498266119262 0.776964994061993 0.777202724646465 0.777610951435543 0.778642535120348
0.778267540515681 0.778267540515681 0.77808426540853 0.776434919944529 0.774815733614871 0.774975320072218 0.775596214448604 0.778187230766564
0.778267540515681 0.778267540515681 0.778097139467873 0.776563923146739 0.775036768744198 0.774902644415914 0.775224309692529 0.777638035463278
0.778267540515681 0.778267540515681 0.757484633759554 0.570480027298239 0.384251983261114 0.364949303740831 0.368834883833421 0.599332921684675
0.778267540515681 0.778267540515681 0.762698352952182 0.623718136509289 0.511303870901993 0.553509296735824 0.564783876398787 0.69911013850831
0.778267540515681 0.778267540515681 0.778274543274918 0.778340884657101 0.778439028591864 0.77853791963151 0.778617272918177 0.778742714123554
0.778267540515681 0.778267540515681 0.778250433921878 0.778096489068393 0.777948839236552 0.778009830977423 0.778215894593685 0.778622571180206
0.778267540515681 0.778267540515681 0.765288654354966 0.648483194246849 0.531759432989355 0.520778536381634 0.543963697776153 0.679569410537724
0.778267540515681 0.778267540515681 0.765695347147763 0.653255378599995 0.555288153711219 0.565679110976042 0.571147798358649 0.712830739529675
0.778267540515681 0.778267540515681 0.776913027465782 0.764895721813754 0.756477003040285 0.762067014276768 0.76482810993615 0.774609468043775
0.778267540515681 0.778267540515681 0.748784869870155 0.48364109932162 0.22893880440873 0.286502932342745 0.431329102674229 0.618725816615408
0.778267540515681 0.778267540515681 0.748566254569837 0.483549297728185 0.28195585236233 0.502773901099167 0.652220111978813 0.746788327617469
0.778267540515681 0.778267540515681 0.765018895879493 0.646547108779197 0.551991249431493 0.669435888486677 0.75476797658258 0.775020518514899
0.778267540515681 0.778267540515681 0.778232277603873 0.777922267357898 0.777723431091172 0.777982047701518 0.778506439572017 0.778787347619509
0.778267540515681 0.778267540515681 0.778238554584996 0.777977693265924 0.777725976467454 0.777804701648818 0.778065650738825 0.778668499121395
0.778267540515681 0.778267540515681 0.778214424707445 0.777736443114351 0.777259242399473 0.777220453576901 0.777374628686008 0.778252808497585
0.778267540515681 0.778267540515681 0.778179682557506 0.777389071491 0.776600090779405 0.776515133736278 0.776535844583112 0.777705958766807
0.778267540515681 0.778267540515681 0.778103043844049 0.776622728325637 0.775144988751345 0.774985989354328 0.774990988004794 0.776488953758148
0.778267540515681 0.778267540515681 0.776358773556064 0.759182456467168 0.742052168230863 0.740220077196839 0.740279689511242 0.754289288683569
0.778267540515681 0.778267540515681 0.778248100142538 0.778073456970718 0.777902356522378 0.777888133486897 0.777890420507703 0.778208926603699
0.778267540515681 0.778267540515681 0.761286794891922 0.608466779938657 0.45590271157641 0.440483819133306 0.442389360032967 0.545687391623276
0.778267540515681 0.778267540515681 0.766572644649855 0.662456740544862 0.583072757508603 0.61670027032769 0.624682867555858 0.687942606966347
0.778267540515681 0.778267540515681 0.760557485824085 0.602634377797576 0.47751915491631 0.545842591162662 0.612656991321782 0.688202768349203
0.778267540515681 0.778267540515681 0.759372211542499 0.592157398694491 0.49061726747508 0.61942993075577 0.689637603015436 0.742779673044322

# True Numbers-at-age
600.374175582969 449.535313028715 33.3991122747876 35.8092958123854 52.8898128225702 25.3990195459094 94.4027046989916 80.6369825172447
814.268303303529 467.251733020087 349.858742445804 25.9917229309401 27.8507504168548 41.1118371757847 19.7498001081435 136.280679292321
372.050407272464 633.718589731914 363.646857059232 272.10176907621 20.0933560755881 21.400247725363 31.5755620689275 121.129345722226
76.0129313957258 289.554755415798 493.202608209722 272.88942090179 136.017355756311 5.02463691965817 4.77639872736731 86.547341450776
78.4780749433058 59.1583971647387 225.351067342072 372.702078109498 151.123121685068 53.0029628532432 2.4641480190684 66.5562270306885
115.054097820556 61.0769383705319 46.041060262251 170.885268140354 216.676895617219 71.3318142951072 33.6528277126948 53.1040621499413
67.7535719177016 89.5428697370546 47.5341986078616 34.5671366605254 86.8806431724248 83.6494151780324 46.0820924686657 66.3422174757872
160.36978798372 52.7304057775419 69.6883090009734 36.9871965892162 26.8511460257929 67.4069786663917 65.0567352629806 87.5477051410012
33.2165154946915 124.810600467111 41.0383632148814 54.2085970246384 28.6397197725424 20.6974227592463 52.0026944060956 118.667402669386
34.6663104746808 25.8513358185546 97.1360390558236 31.921855271823 41.9646427330207 22.0645719544944 15.9387404379377 132.376590687949
82.6904617056135 26.9796641918828 20.1192555465514 75.5518791178451 24.6927794486394 32.2833626282874 16.9644174319793 114.879580956767
274.18875777418 64.3553022557339 20.9973968945556 15.2632368736461 43.9732331017233 10.0346636857673 12.5413268114068 77.1723279808563
336.046140146634 213.392210149961 50.0856428057132 16.3397660510065 11.865679830457 34.1546426522982 7.79511713420826 69.7956723746595
86.7163284590634 261.533802991708 166.076230558615 38.9780268268435 12.7101756390947 9.22572301505568 26.556278604608 60.3853551998447
18.8031325955578 67.4885036723852 203.543269616069 129.212206506875 30.2425542910299 9.83446557077664 7.13641143071446 67.4455597518345
212.381897765164 14.633867759135 52.5241117661907 155.552369244571 82.4156560620137 15.474615020277 4.897904698993 45.2290705083352
153.054177661986 165.289937223747 11.3890642691337 40.1158126232246 98.7889855473884 44.9727383599265 9.21855719719353 34.2223049507289
470.569650655016 119.117098414644 128.639792915117 8.71585988361065 26.1004281720228 57.7998422000556 30.3638626598936 32.2562998295102
485.013609353195 366.229084656602 92.7049712165289 100.113951775734 6.78180918079784 20.3068938846134 44.9856050383109 48.7600567494764
665.474751329664 377.470348867945 285.024208981003 72.1406964806457 77.822860161122 5.26626671615622 15.771739442285 72.9301219800767
164.385826565109 517.917397992622 293.772920031051 216.739099088324 43.2729492298386 34.2044627944286 2.23669334017658 54.8541008820686
216.88595337164 127.936152936464 403.078299525999 221.289217355561 114.898134558237 15.068687567122 13.7343091285582 37.5205642666315
148.485144146561 168.795297502945 99.5685550889002 305.408812049163 127.033530053879 49.7872027250863 8.58553427357762 37.2312002227899
118.034351909873 115.56116793806 131.367901038229 75.4172729519502 175.024150465394 58.8481380043863 31.383253761511 34.8373491926884
43.8712033801255 91.8623047572591 89.9375059502737 99.1096159068603 41.032422493786 76.0912755220458 39.1437837445831 50.5844873058185
125.685315995639 34.1435335541135 71.4934499895339 69.9629514002548 76.7797084765572 31.6996793972412 59.0662555246696 69.8608719149701
252.630855893153 97.8168017588624 26.5728038836745 54.4328525979098 42.6274274268451 35.3550182879905 15.6460557511521 93.2420246526241
16.3900001397399 196.614394874336 76.1276417259798 20.6786820910714 42.3214485148002 33.1200188975767 27.4780165433518 84.7687507541402
27.1424548240831 12.7558050978071 153.018601528828 59.2337201896427 16.0556508739394 32.7913241786389 25.6671972459474 87.2778050164852
158.415219946032 21.1240915594971 9.92742906076768 119.063336134955 45.9987701330451 12.443719773423 25.4100838199268 87.7683760992982
192.005967422103 123.289423607649 16.4401947836379 7.51987496626956 67.9232552484887 17.6751186511947 4.54132686725672 61.974602593032
234.677337119927 149.432012029934 95.9521564827206 12.5389094836937 4.6902824007445 34.7294233328164 9.78334249434502 45.8919411948953
92.9073736341156 182.641753975095 116.298084476846 74.6771207628328 9.75954590017344 3.65109887585707 27.0381729915329 43.3554942954827
635.722312179234 72.3067931739946 142.144148661667 90.5090347083888 58.1060054792966 7.59242740451577 2.84059081928742 54.7991024259221
337.018443860301 494.762040350674 56.2740300861008 108.781304253719 58.6935879358949 30.8984165269471 3.95397323130753 38.7849720195088
109.755713962868 262.290515411578 385.057236284239 43.0887630021806 71.0619720948646 32.5918540796101 17.4785887915309 29.9054233931346
94.3877320491815 85.419309563424 204.132194329959 299.155983189195 32.9584104786147 53.7567476804556 24.8371769281926 36.5331401359576
25.0381554071415 73.4589080767696 66.4790759664735 152.851098567668 144.684128578263 7.54545909018621 15.4014658436596 33.3169942015438
18.9969216654418 19.4863836277654 57.1706837178749 49.7639929034867 73.9110413693774 40.794536796585 3.79365990235709 34.9258881582014
30.4845286796724 14.7846875019324 15.165619859526 43.7366533345244 32.1747657330578 40.7982480722654 27.3093269858243 29.9316129583071
18.9258745831507 23.7251191593084 11.5064423794219 11.8023748845535 34.0237165286396 25.0230692004684 31.7403045778955 44.5708483846158
22.5262688054606 14.7293938639369 18.4644901365564 8.95475708577682 9.18198438774458 26.4611281602881 19.463060873808 59.4019563522649
79.179627254143 17.5314638202209 11.463409135773 14.3693325691365 6.9644409248451 7.13678222894214 20.5661300308956 61.3598290812708
275.080818656428 61.6229337620302 13.644169229003 8.92059208230262 11.1705621038664 5.4085854544625 5.5418194069537 63.6902418587647
161.056137219193 214.086472178779 47.9591290983359 10.6165696078105 6.92793456123794 8.65880523634774 4.19157794943405 53.7496293630548
480.380962493588 125.344763798538 166.616552160257 37.233490647601 8.05991339411226 5.14088886252814 6.40942148048172 43.6457097222333
52.7529018696183 373.86491019044 97.5517610380068 129.66901517102 28.9703907832658 6.26982562264621 3.99903644173559 38.9513084844588
59.865245259507 41.0558711931329 290.96692413903 74.2648674966868 78.8992881189273 13.2076797135191 2.76175673556306 23.0243690994059
72.4908261787578 46.5911771904846 31.9524518972081 223.04728454289 49.1972620588512 46.0040254889687 8.14517964972879 17.5646666190639
146.384528661538 56.4172570000916 36.2604008817687 24.3016764808556 134.415961539943 23.4926350025388 25.1109564768119 17.0782534503489

