# Simulated data from SIR age-structured hybrid model
# random seed = 5214390
# Flag=0 if no issues, =1 if negative pop #'s, =2 if NaN, or=3 if NA. Flag:
0

# True SSB
49558.5371498448
77846.6954566395
84171.8096312272
70305.5483939288
58379.5701995914
46914.0251152127
38711.3194755559
33325.5680812889
32664.8379790376
32688.0845186282
26462.3742325704
22891.0378446163
25315.8142960382
31420.428204307
28103.6902462943
23626.2702347686
22938.477563161
28606.3406199331
40833.099741934
47528.8677290038
42742.4579616123
44719.7368251682
50889.7269853499
45945.9050804678
45462.164222733
44960.6279144141
38914.6919625744
35933.1862530295
31787.0091444092
27621.8791493585
22175.6192216495
18535.4518442147
17978.5555614772
19912.4917857242
17362.3112674862
15369.6875525214
14094.9636049665
15122.6625176586
17270.4114579127
20198.9935596242
21881.2761081996
22821.0285961015
29349.8592996272
32383.99063153
34344.3628316358
39686.2889229755
43732.0643826327
45556.7016375464
42757.1144567721
46381.5743688235

# True R (numbers)
36.4019353208598
11.1310659382179
4.89131983232948
58.6306025768047
30.4966822021658
185.317498954037
65.7812481455926
6.84681671112648
31.4429134017598
197.762695489053
208.293922359138
16.5919601337611
20.4394023337154
100.497532677234
205.793064718209
518.829310104389
95.3359690414684
83.2165307589857
249.118583709996
272.411223723748
166.357247085819
131.883892607773
154.985348920771
94.7425036970138
69.8092509558778
39.7179726109071
42.3222528981222
9.40878587233706
17.7603879748334
88.3316253129784
115.415259136347
9.39278420858625
31.1396038558414
24.4372233824267
103.343721533015
77.1428135772657
135.108357802413
50.9261760216226
188.192574253642
190.122377471059
162.706897274151
213.185604282529
179.500436609461
289.045118805588
101.123201276286
230.931427705841
198.019639818186
98.4130636377816
154.668764938092
308.980219024645

# True infection rate given (selected) susceptible
-999 -999 0.739118030981477 0.739118030981477 0.739118030981477 0.739118030981477 0.739118030981477 0.739118030981477
-999 -999 0.864649702408793 0.864649702408793 0.864649702408793 0.864649702408793 0.864649702408793 0.864649702408794
-999 -999 0.811483279717671 0.81148327971767 0.811483279717671 0.811483279717671 0.81148327971767 0.81148327971767
-999 -999 0.00741633092470866 0.00741633092470866 0.00741633092470797 0.00741633092470831 0.00741633092470769 0.00741633092470904
-999 -999 0.00446294688217429 0.00446294688217432 0.00446294688217439 0.0044629468821744 0.00446294688217393 0.00446294688217443
-999 -999 0.0027165830802972 0.00271658308029737 0.00271658308029724 0.00271658308029699 0.00271658308029686 0.00271658308029715
-999 -999 0.0139902481474875 0.0139902481474875 0.0139902481474873 0.0139902481474876 0.0139902481474881 0.0139902481474876
-999 -999 0.00633963634399106 0.00633963634399188 0.00633963634399079 0.00633963634399159 0.00633963634399179 0.00633963634399157
-999 -999 0.00774197774555854 0.00774197774555892 0.00774197774555814 0.00774197774555861 0.00774197774555839 0.00774197774555944
-999 -999 0.443183041608757 0.443183041608757 0.443183041608757 0.443183041608757 0.443183041608757 0.443183041608758
-999 -999 0.00272927319804566 0.00272927319804541 0.00272927319804659 0.00272927319804574 0.00272927319804567 0.00272927319804666
-999 -999 0.00190115868466563 0.00190115868466581 0.00190115868466708 0.00190115868466617 0.00190115868466505 0.00190115868466656
-999 -999 0.014988319225244 0.014988319225245 0.0149883192252442 0.0149883192252442 0.0149883192252452 0.0149883192252448
-999 -999 0.603934244441163 0.603934244441163 0.603934244441163 0.603934244441163 0.603934244441163 0.603934244441162
-999 -999 0.205427034379902 0.205427034379901 0.205427034379901 0.205427034379902 0.205427034379901 0.205427034379901
-999 -999 0.0016581864394322 0.00165818643943226 0.00165818643943099 0.00165818643943099 0.00165818643943137 0.00165818643943162
-999 -999 0.00179343204335294 0.00179343204335253 0.00179343204335232 0.00179343204335312 0.00179343204335213 0.00179343204335323
-999 -999 0.510975451806618 0.510975451806618 0.510975451806617 0.510975451806617 0.510975451806618 0.510975451806618
-999 -999 0.703445780373889 0.703445780373889 0.703445780373889 0.703445780373889 0.703445780373889 0.703445780373889
-999 -999 0.685473197243812 0.685473197243812 0.685473197243812 0.685473197243812 0.685473197243812 0.685473197243812
-999 -999 0.00314493146402904 0.00314493146402979 0.00314493146402895 0.00314493146402901 0.00314493146402939 0.00314493146402895
-999 -999 0.007012666941097 0.00701266694109732 0.00701266694109813 0.00701266694109748 0.0070126669410974 0.00701266694109717
-999 -999 0.756700800960916 0.756700800960916 0.756700800960916 0.756700800960916 0.756700800960915 0.756700800960915
-999 -999 0.118451221893817 0.118451221893816 0.118451221893816 0.118451221893816 0.118451221893816 0.118451221893817
-999 -999 0.014826600293708 0.0148266002937065 0.0148266002937063 0.0148266002937065 0.0148266002937064 0.0148266002937063
-999 -999 0.496940028589713 0.496940028589713 0.496940028589714 0.496940028589713 0.496940028589713 0.496940028589713
-999 -999 0.00322102788741643 0.00322102788741666 0.00322102788741487 0.00322102788741578 0.00322102788741568 0.00322102788741729
-999 -999 0.0233993133604882 0.0233993133604884 0.0233993133604878 0.0233993133604879 0.0233993133604882 0.0233993133604878
-999 -999 0.00334971401820463 0.00334971401820416 0.00334971401820499 0.00334971401820477 0.00334971401820364 0.00334971401820424
-999 -999 0.167552423063468 0.167552423063468 0.167552423063467 0.167552423063468 0.167552423063468 0.167552423063469
-999 -999 0.0248268623544593 0.0248268623544598 0.0248268623544595 0.0248268623544603 0.0248268623544596 0.0248268623544591
-999 -999 0.00624566286914209 0.00624566286914214 0.00624566286914192 0.00624566286914329 0.00624566286914239 0.00624566286914203
-999 -999 0.00778105379661424 0.00778105379661511 0.00778105379661444 0.00778105379661532 0.00778105379661454 0.00778105379661456
-999 -999 0.406907731406287 0.406907731406287 0.406907731406287 0.406907731406288 0.406907731406287 0.406907731406287
-999 -999 0.00521328820548442 0.00521328820548514 0.00521328820548387 0.00521328820548459 0.00521328820548451 0.00521328820548477
-999 -999 0.00162683548633536 0.00162683548633514 0.00162683548633487 0.00162683548633484 0.0016268354863362 0.00162683548633517
-999 -999 0.00190827717652015 0.00190827717651948 0.00190827717651805 0.00190827717651955 0.00190827717651993 0.00190827717652034
-999 -999 0.0620934704828624 0.0620934704828629 0.0620934704828625 0.0620934704828631 0.0620934704828628 0.0620934704828631
-999 -999 0.00847817429841191 0.00847817429841218 0.00847817429841102 0.0084781742984126 0.00847817429841238 0.00847817429841214
-999 -999 0.0640929319795113 0.0640929319795118 0.0640929319795123 0.0640929319795115 0.0640929319795105 0.0640929319795119
-999 -999 0.553901817630419 0.553901817630419 0.553901817630419 0.553901817630419 0.55390181763042 0.55390181763042
-999 -999 0.012493621245547 0.0124936212455474 0.0124936212455474 0.0124936212455476 0.0124936212455474 0.012493621245547
-999 -999 0.53090742195587 0.530907421955869 0.530907421955869 0.53090742195587 0.530907421955869 0.53090742195587
-999 -999 0.472377235933179 0.472377235933178 0.472377235933178 0.472377235933178 0.472377235933178 0.472377235933178
-999 -999 0.0158028512047577 0.0158028512047574 0.0158028512047572 0.0158028512047576 0.0158028512047579 0.0158028512047576
-999 -999 0.368573345830981 0.368573345830982 0.368573345830982 0.368573345830982 0.368573345830982 0.368573345830981
-999 -999 0.36750192906908 0.36750192906908 0.36750192906908 0.36750192906908 0.36750192906908 0.36750192906908
-999 -999 0.627544821806817 0.627544821806818 0.627544821806817 0.627544821806818 0.627544821806817 0.627544821806818
-999 -999 0.0180618134098396 0.0180618134098391 0.0180618134098395 0.0180618134098397 0.0180618134098398 0.0180618134098399
-999 -999 0.383892846133642 0.383892846133642 0.383892846133642 0.383892846133641 0.383892846133642 0.383892846133641

# Duration of outbreak (days) based on incidence
0
0
0
0
0
0
0
0
0
0
0
0
0
0
0
0
0
0
0
0
0
0
0
0
0
0
0
0
0
0
0
0
0
0
0
0
0
0
0
0
0
0
0
0
0
0
0
0
0
0

# Duration of outbreak (days) based on prevalence
15
18
16
0
0
0
0
0
0
0
0
0
0
11
0
0
0
0
13
5
0
0
26
0
0
0
0
0
0
0
0
0
0
0
0
0
0
0
0
0
22
0
0
0
0
0
0
0
0
0

# Peak (point) prevalence
0.202099774282363
0.281498246804826
0.163023831906097
0.000135518457106605
9.24430987140737e-05
3.47034224342621e-05
0.000365604856278886
0.000123746847357813
0.000205944698055379
0.0488023941206631
7.82039471866582e-05
6.27588935199891e-05
0.000690281432136755
0.11634707447701
0.0227182832567375
3.81691160744611e-05
4.97608021797334e-05
0.0794714311294789
0.16212212081084
0.105251592379768
9.26518579505565e-05
0.000226408498816537
0.185978212656866
0.0111658662459537
0.000726834713279268
0.0682939969783528
8.98743453241866e-05
0.00200921882789916
8.40286773599526e-05
0.0212516357826365
0.00174439696960264
0.000188986631846994
0.000336940013590936
0.0592572446018941
0.000299285424145521
6.73632820364227e-05
9.03049168944982e-05
0.0105542373579689
0.000700440127128479
0.0100985218555684
0.123837771275143
0.0011114930227827
0.0869142111033836
0.0660549841657279
0.000906563995246794
0.0348455861128915
0.0324479875134996
0.0998133282913341
0.00128646551811461
0.0328299024698333

# Day of peak prevalence
33
21
30
93
87
38
89
49
69
77
64
60
117
51
118
45
47
76
33
40
86
107
47
119
119
85
66
119
47
119
119
64
94
92
119
69
74
119
119
119
84
119
65
91
119
76
75
63
119
76

# Total immunity
0.0570003123999796
0.191826913934921
0.434672606471212
0.63792048308874
0.594962778994997
0.386104879051437
0.333099411677188
0.329139174699049
0.298397275258779
0.168669399390813
0.170188286087595
0.164168419401428
0.155244695939524
0.117431663863604
0.185215235278774
0.0896958999706758
0.0789559081603183
0.0696934505612207
0.0986531712927138
0.182162791033638
0.232478317167445
0.192672416411379
0.153843990787257
0.267625940049399
0.251646003797849
0.233957537151332
0.338769164076928
0.329328668575276
0.314047267630521
0.21854214310255
0.170363050006043
0.168708404877517
0.148015107936854
0.132692391521335
0.163248872457679
0.118287870611482
0.0726556106246681
0.0614274156476416
0.0409628279107477
0.0273459579244367
0.0279969163973436
0.0826462280444585
0.0619823223405786
0.103942387049821
0.133470607286575
0.0957271719953151
0.12579989781667
0.176964862156067
0.227494260198101
0.144933360645202

# Observed immunity (based on survey selectivity)
0.21458285325292
0.33778575929586
0.524188866266352
0.753123138197647
0.732439023184742
0.720251210283454
0.67683514813875
0.608262516704682
0.470630479665428
0.36990462908444
0.569318941175032
0.51253795391731
0.345356690140766
0.219542417508248
0.496151376734279
0.544393990336997
0.428326287037117
0.25622340700381
0.264477103468964
0.491801382548286
0.694727319327246
0.513949462282896
0.351572299386438
0.56478756474567
0.483414503815872
0.388292795092247
0.527141939913619
0.452082189092951
0.410233076265277
0.371175152664689
0.419271806080256
0.399052671133356
0.312599924653815
0.218729102890333
0.376665602406965
0.34066152333272
0.288682609693266
0.20398319454683
0.159330443590559
0.110182927017908
0.113420383858215
0.347172893941353
0.217603828989403
0.387685504116743
0.414790967910357
0.28904985699518
0.344760570047214
0.423913892081123
0.55392863785366
0.406303433463135

# True total proportion of susceptible
1 1 1 0.999825402464979 0.973817564953254 0.697079594709365 0.258665047893866 0.110166280818124
1 1 1 0.968084709427972 0.66246962945942 0.310607657532428 0.187023348819516 0.0527745642073057
1 1 1 0.972314514023442 0.648172423550843 0.140960532365386 0.0431746444559862 0.0122424288035352
1 1 1 0.974229447517806 0.675450343906247 0.17370009516064 0.0256914155590313 0.00409492799614129
1 1 1 0.999680910223206 0.971093861047718 0.671058067557388 0.172393122001434 0.0155458599487192
1 1 1 0.999811838540053 0.997799455918769 0.967596412808281 0.668333008333186 0.0937198532108657
1 1 1 0.999894661021807 0.99875849648106 0.995800769766654 0.96553519228098 0.234133571053979
1 1 1 0.999415977988182 0.994048864761633 0.987649552713187 0.984131835520825 0.257655017749085
1 1 1 0.99975873667909 0.997002840103833 0.989477427784285 0.982857202644751 0.266599565565547
1 1 1 0.999699569944895 0.996752935891054 0.991298611884189 0.983502544758978 0.270390436947149
1 1 1 0.983146719695451 0.820654914120776 0.634667158165729 0.608920083159818 0.196076343992043
1 1 1 0.999883658305516 0.98199301028011 0.818763364855758 0.633070032675409 0.221793599852819
1 1 1 0.99992934212644 0.99917712549628 0.980664658440943 0.817522029275802 0.358552422169694
1 1 1 0.999378435447821 0.993706511721082 0.987346047186078 0.968379687308519 0.416639969967494
1 1 1 0.97812282998527 0.760026181981946 0.493729908991432 0.457650155322895 0.175067233979826
1 1 1 0.992564018324713 0.902288209103286 0.634457723194015 0.399689915493694 0.159491506725709
1 1 1 0.99993666036251 0.991931166644675 0.901160951596097 0.633547308839055 0.261292358848364
1 1 1 0.999922294561393 0.999159752751542 0.990464494642807 0.899732890776682 0.403796381573272
1 1 1 0.982385570627984 0.807465673019001 0.596363622984578 0.564209771443663 0.214038585785879
1 1 1 0.969365285737139 0.665200964537922 0.280006430938135 0.179787063715853 0.0677523746941666
1 1 1 0.972020972174239 0.677110702485586 0.243848748111163 0.0868254550987558 0.0292709505200576
1 1 1 0.999908082027951 0.971098220455944 0.675619684877404 0.24313382934392 0.0532451341648483
1 1 1 0.999702026502211 0.996927555628056 0.965558465094347 0.671283786645074 0.164437025793528
1 1 1 0.976050053598096 0.721101626368322 0.365546143462968 0.303410895848517 0.0549450611416435
1 1 1 0.99559579222064 0.931877462163957 0.651773078750321 0.323968875306976 0.0714839066975368
1 1 1 0.999328555848183 0.988899888020002 0.919837030650475 0.642506550280408 0.14316704492949
1 1 1 0.983736455554628 0.820340828474094 0.613116646786941 0.537932254237128 0.155367030785494
1 1 1 0.999861844000449 0.982367145850877 0.818098741833154 0.61128064911085 0.233639548151292
1 1 1 0.999103574530695 0.990873377055972 0.965430052454914 0.80233941597608 0.293955333531526
1 1 1 0.99986639802346 0.997767997411841 0.988350456285769 0.962822729393549 0.409245370804362
1 1 1 0.995366063423198 0.951670366362718 0.902404438417228 0.88766758126192 0.430051629925434
1 1 1 0.999142010717594 0.98677122511979 0.935644582324208 0.886004934859785 0.479565042212962
1 1 1 0.999738598237661 0.996528670164453 0.981851148105334 0.93067247407301 0.512312499538158
1 1 1 0.999702587503137 0.996762829921379 0.990882350624297 0.975963149988762 0.555076917284666
1 1 1 0.987254228561019 0.861090716607151 0.70853639825995 0.685163106714563 0.360281184476289
1 1 1 0.999779191305041 0.985062931254764 0.857352395278431 0.705187488928027 0.380167358511132
1 1 1 0.999943704526493 0.999216250451123 0.984000895299384 0.856317198072532 0.477820652023786
1 1 1 0.999929231315502 0.999236055939965 0.997872371653826 0.982599213684879 0.612153564928624
1 1 1 0.99791321955756 0.978835823853366 0.958731690673658 0.955209868316459 0.594302145952647
1 1 1 0.999624484731513 0.99416239172787 0.971818115478503 0.951469016346557 0.640602666077117
1 1 1 0.997375249635008 0.973201851841391 0.943805908124142 0.919629534293883 0.640182757731031
1 1 1 0.978887815352807 0.76962663824668 0.511704254321647 0.465506046363553 0.358607946742733
1 1 1 0.999524361138745 0.974180097298891 0.762024012007741 0.50590051043758 0.383535695875276
1 1 1 0.978314162148939 0.770054986250566 0.521088847349838 0.375331608082692 0.203058788454067
1 1 1 0.985409346049065 0.818387131798232 0.478569325783161 0.293106261920139 0.121669926600147
1 1 1 0.999368939289863 0.979147030306364 0.807966256242279 0.471498782120595 0.192942461823349
1 1 1 0.985429104840547 0.847062794680086 0.680635104624726 0.537421045198801 0.185629682447986
1 1 1 0.983624328565369 0.819300678046695 0.563623742474163 0.435746986040401 0.181640426612622
1 1 1 0.978229894959082 0.743863291005846 0.376231940898296 0.223632111933409 0.0998605327336304
1 1 1 0.999334778119744 0.971638268888991 0.73336523005963 0.369849194119116 0.130817946719091

# True vulnerable proportion of susceptible
0 0 0.05 0.49991270123249 0.925126686705591 0.697079594709365 0.258665047893866 0.110166280818124
0 0 0.05 0.484042354713986 0.629346147986449 0.310607657532428 0.187023348819516 0.0527745642073057
0 0 0.05 0.486157257011721 0.615763802373301 0.140960532365386 0.0431746444559862 0.0122424288035352
0 0 0.05 0.487114723758903 0.641677826710935 0.17370009516064 0.0256914155590313 0.00409492799614129
0 0 0.05 0.499840455111603 0.922539167995332 0.671058067557388 0.172393122001434 0.0155458599487192
0 0 0.05 0.499905919270026 0.947909483122831 0.967596412808281 0.668333008333186 0.0937198532108657
0 0 0.05 0.499947330510904 0.948820571657007 0.995800769766654 0.96553519228098 0.234133571053979
0 0 0.05 0.499707988994091 0.944346421523551 0.987649552713187 0.984131835520825 0.257655017749085
0 0 0.05 0.499879368339545 0.947152698098641 0.989477427784285 0.982857202644751 0.266599565565547
0 0 0.05 0.499849784972448 0.946915289096501 0.991298611884189 0.983502544758978 0.270390436947149
0 0 0.05 0.491573359847726 0.779622168414737 0.634667158165729 0.608920083159818 0.196076343992043
0 0 0.05 0.499941829152758 0.932893359766105 0.818763364855758 0.633070032675409 0.221793599852819
0 0 0.05 0.49996467106322 0.949218269221466 0.980664658440943 0.817522029275802 0.358552422169694
0 0 0.05 0.499689217723911 0.944021186135028 0.987346047186078 0.968379687308519 0.416639969967494
0 0 0.05 0.489061414992635 0.722024872882849 0.493729908991432 0.457650155322895 0.175067233979826
0 0 0.05 0.496282009162357 0.857173798648122 0.634457723194015 0.399689915493694 0.159491506725709
0 0 0.05 0.499968330181255 0.942334608312441 0.901160951596097 0.633547308839055 0.261292358848364
0 0 0.05 0.499961147280696 0.949201765113965 0.990464494642807 0.899732890776682 0.403796381573272
0 0 0.05 0.491192785313992 0.767092389368051 0.596363622984578 0.564209771443663 0.214038585785879
0 0 0.05 0.48468264286857 0.631940916311026 0.280006430938135 0.179787063715853 0.0677523746941666
0 0 0.05 0.48601048608712 0.643255167361307 0.243848748111163 0.0868254550987558 0.0292709505200576
0 0 0.05 0.499954041013975 0.922543309433147 0.675619684877404 0.24313382934392 0.0532451341648483
0 0 0.05 0.499851013251105 0.947081177846653 0.965558465094347 0.671283786645074 0.164437025793528
0 0 0.05 0.488025026799048 0.685046545049906 0.365546143462968 0.303410895848517 0.0549450611416435
0 0 0.05 0.49779789611032 0.885283589055759 0.651773078750321 0.323968875306976 0.0714839066975368
0 0 0.05 0.499664277924091 0.939454893619002 0.919837030650475 0.642506550280408 0.14316704492949
0 0 0.05 0.491868227777314 0.77932378705039 0.613116646786941 0.537932254237128 0.155367030785494
0 0 0.05 0.499930922000225 0.933248788558333 0.818098741833154 0.61128064911085 0.233639548151292
0 0 0.05 0.499551787265348 0.941329708203174 0.965430052454914 0.80233941597608 0.293955333531526
0 0 0.05 0.49993319901173 0.947879597541249 0.988350456285769 0.962822729393549 0.409245370804362
0 0 0.05 0.497683031711599 0.904086848044582 0.902404438417228 0.88766758126192 0.430051629925434
0 0 0.05 0.499571005358797 0.9374326638638 0.935644582324208 0.886004934859785 0.479565042212962
0 0 0.05 0.49986929911883 0.94670223665623 0.981851148105334 0.93067247407301 0.512312499538158
0 0 0.05 0.499851293751569 0.94692468842531 0.990882350624297 0.975963149988762 0.555076917284666
0 0 0.05 0.493627114280509 0.818036180776793 0.70853639825995 0.685163106714563 0.360281184476289
0 0 0.05 0.499889595652521 0.935809784692026 0.857352395278431 0.705187488928027 0.380167358511132
0 0 0.05 0.499971852263247 0.949255437928567 0.984000895299384 0.856317198072532 0.477820652023786
0 0 0.05 0.499964615657751 0.949274253142966 0.997872371653826 0.982599213684879 0.612153564928624
0 0 0.05 0.49895660977878 0.929894032660698 0.958731690673658 0.955209868316459 0.594302145952647
0 0 0.05 0.499812242365756 0.944454272141476 0.971818115478503 0.951469016346557 0.640602666077117
0 0 0.05 0.498687624817504 0.924541759249321 0.943805908124142 0.919629534293883 0.640182757731031
0 0 0.05 0.489443907676404 0.731145306334346 0.511704254321647 0.465506046363553 0.358607946742733
0 0 0.05 0.499762180569372 0.925471092433946 0.762024012007741 0.50590051043758 0.383535695875276
0 0 0.05 0.48915708107447 0.731552236938038 0.521088847349838 0.375331608082692 0.203058788454067
0 0 0.05 0.492704673024533 0.777467775208321 0.478569325783161 0.293106261920139 0.121669926600147
0 0 0.05 0.499684469644931 0.930189678791046 0.807966256242279 0.471498782120595 0.192942461823349
0 0 0.05 0.492714552420274 0.804709654946081 0.680635104624726 0.537421045198801 0.185629682447986
0 0 0.05 0.491812164282684 0.77833564414436 0.563623742474163 0.435746986040401 0.181640426612622
0 0 0.05 0.489114947479541 0.706670126455554 0.376231940898296 0.223632111933409 0.0998605327336304
0 0 0.05 0.499667389059872 0.923056355444541 0.73336523005963 0.369849194119116 0.130817946719091

# True survival by age
0.778267540515681 0.778267540515681 0.773617086688131 0.731771214920768 0.692236323281088 0.713594341180315 0.754604654619559 0.768495573676311
0.778267540515681 0.778267540515681 0.765400667130484 0.653722325283245 0.616493182041042 0.698704165811425 0.730572939276173 0.765191768715619
0.778267540515681 0.778267540515681 0.765869007519518 0.657729567747307 0.625763793520364 0.74377154068309 0.768071715435947 0.775758491737901
0.778267540515681 0.778267540515681 0.778240229700137 0.778015212463562 0.778090109308475 0.778613280963551 0.77877305024508 0.778796362765067
0.778267540515681 0.778267540515681 0.778258953688198 0.77818186979279 0.778124520805458 0.778327701155279 0.77867924952248 0.778789823564962
0.778267540515681 0.778267540515681 0.778266052246022 0.778252760955136 0.778240499040961 0.778256018599658 0.778424506275194 0.778748018049072
0.778267540515681 0.778267540515681 0.778178792853569 0.777380213551676 0.77658409038824 0.776502279919036 0.776572138797812 0.778260356946537
0.778267540515681 0.778267540515681 0.778224738754343 0.777840084299401 0.777462320111161 0.777428663490946 0.777433550577287 0.778442828679699
0.778267540515681 0.778267540515681 0.778213110672026 0.77772350205025 0.777238071263387 0.777196009565095 0.777206746507254 0.778368401384261
0.778267540515681 0.778267540515681 0.773207114133623 0.727678639938966 0.682433369778097 0.677944307504607 0.678737493174499 0.751290781372092
0.778267540515681 0.778267540515681 0.778273909891659 0.778339147712939 0.778462489081865 0.778543200208979 0.778553649789036 0.778721204499721
0.778267540515681 0.778267540515681 0.778272028195215 0.778312474128327 0.778360873137672 0.778437670554119 0.77852002349782 0.778702420057352
0.778267540515681 0.778267540515681 0.778163580363793 0.777228050130625 0.776294361798534 0.776238850005789 0.776665051248456 0.777864084376077
0.778267540515681 0.778267540515681 0.770870461371525 0.704343058140651 0.638610907919444 0.632204751067725 0.635020778039755 0.716940236259637
0.778267540515681 0.778267540515681 0.775545778856773 0.751657034190171 0.739091912451904 0.751661202549918 0.753644451613932 0.769177604068584
0.778267540515681 0.778267540515681 0.778276243360083 0.778357886999659 0.778468841604686 0.778572894950482 0.77865722018224 0.778743496008069
0.778267540515681 0.778267540515681 0.778281923886559 0.778411398889476 0.778542922124252 0.778579480346209 0.778645199603502 0.778736616164276
0.778267540515681 0.778267540515681 0.771003094443238 0.705628766096787 0.640359487880521 0.634369107092897 0.64759978591226 0.719918320893173
0.778267540515681 0.778267540515681 0.774041452750447 0.736760456871288 0.713534212782023 0.728077076394433 0.730811922168449 0.760595731615342
0.778267540515681 0.778267540515681 0.772544682891468 0.722808481087734 0.706115911789759 0.746602732964094 0.75812699759164 0.771009910740422
0.778267540515681 0.778267540515681 0.778237877177656 0.777994126257332 0.778058096920584 0.778526085184904 0.778702973387347 0.778767809072945
0.778267540515681 0.778267540515681 0.778239416002395 0.777986370248881 0.777764030543215 0.778060484407875 0.778534373354589 0.778742440630315
0.778267540515681 0.778267540515681 0.766306100841041 0.658688944581624 0.551700091357792 0.547296519556513 0.617852415619029 0.739375026965385
0.778267540515681 0.778267540515681 0.776803380952112 0.763989381441334 0.75835591198873 0.767901500674087 0.769754152172913 0.777162517291745
0.778267540515681 0.778267540515681 0.778207196761267 0.777669109146888 0.777235439642179 0.777666621237194 0.778237039115378 0.778676392664095
0.778267540515681 0.778267540515681 0.770421704879489 0.699862222600901 0.630857285908751 0.633972483731009 0.677638155462932 0.756259138249746
0.778267540515681 0.778267540515681 0.778270832505403 0.778308597432694 0.778414652949404 0.778514210657705 0.778549352050388 0.7787281640922
0.778267540515681 0.778267540515681 0.778027726155194 0.775869801899401 0.773800813875834 0.774440701475724 0.775542944656921 0.777555594145142
0.778267540515681 0.778267540515681 0.778262263041119 0.778215291090901 0.778173050347646 0.778184074032008 0.778288255033523 0.778613006742183
0.778267540515681 0.778267540515681 0.774949303051231 0.745089670344284 0.715362938867473 0.71268212230708 0.71438987597253 0.751423089592845
0.778267540515681 0.778267540515681 0.777941587073952 0.775025581586333 0.772399507538198 0.772436745971693 0.772540674877267 0.77576792506326
0.778267540515681 0.778267540515681 0.778243761707912 0.778030413974013 0.777828774039203 0.777856887309816 0.777906964714992 0.778316988883629
0.778267540515681 0.778267540515681 0.778208163558514 0.777674065546969 0.777145145613362 0.777111231584544 0.777199298910201 0.777919205097998
0.778267540515681 0.778267540515681 0.771361522475554 0.709228058068102 0.647479687094399 0.641411374653248 0.643479975580589 0.701837368348892
0.778267540515681 0.778267540515681 0.778252800832806 0.778128818960959 0.778100460979275 0.77821408927526 0.778233443207081 0.778502457203714
0.778267540515681 0.778267540515681 0.778271900898498 0.778311252460341 0.778357115374501 0.778418373982043 0.778486244840735 0.778631215161901
0.778267540515681 0.778267540515681 0.778271690590587 0.77830906894758 0.778346748067744 0.778357745467625 0.778415233910502 0.778585648595691
0.778267540515681 0.778267540515681 0.777341290274666 0.769005731337518 0.760682637767908 0.759783084562732 0.760074164185516 0.767134208998881
0.778267540515681 0.778267540515681 0.778237700554524 0.777970876358725 0.777723866118774 0.777717376206231 0.777721356012632 0.778129196817213
0.778267540515681 0.778267540515681 0.777672558348734 0.772320153335821 0.767031984388425 0.766718279331306 0.766971277358874 0.770836243220257
0.778267540515681 0.778267540515681 0.771861454476272 0.714376223516892 0.659827949293153 0.657375468557947 0.660485879046866 0.696438093842127
0.778267540515681 0.778267540515681 0.778149415237551 0.777122484476512 0.776663050542587 0.777319016439812 0.777452794813576 0.777762344784406
0.778267540515681 0.778267540515681 0.773514079942931 0.730755797724801 0.690297501804492 0.705949417508366 0.730435452788292 0.742133829345015
0.778267540515681 0.778267540515681 0.770088388901445 0.698261305741582 0.658720623789503 0.693281622583453 0.717202757723002 0.745475531136709
0.778267540515681 0.778267540515681 0.778134765137871 0.776966939891094 0.77629981267391 0.777274745080251 0.777866140445901 0.778412808079338
0.778267540515681 0.778267540515681 0.774502934865967 0.740645577474117 0.708242713804894 0.717536454419433 0.743049220275718 0.764170852302954
0.778267540515681 0.778267540515681 0.775984772098147 0.755780245954572 0.741609777430007 0.74736319305466 0.75397805152181 0.770226805896134
0.778267540515681 0.778267540515681 0.769619332546819 0.693210395153916 0.64373972668117 0.681013528084406 0.703199813093276 0.747286640968117
0.778267540515681 0.778267540515681 0.778067229179999 0.776319643893505 0.77557304277067 0.777092889737546 0.777785611971639 0.778347469251836
0.778267540515681 0.778267540515681 0.77567572901223 0.752367021503006 0.730434902590177 0.740394832731862 0.759431975824701 0.771949916191872

# True Numbers-at-age
36.4019353208598 274.205287817681 522.391063655076 262.729484267564 73.3476118181222 37.0681068737293 50.5374626336447 25.1803569611357
11.1310659382179 28.3304446721765 213.405074946261 404.130652776753 192.257873897982 50.7738811264254 26.4515913033604 57.4867974042326
4.89131983232948 8.66294731105469 22.0486654967304 163.340386732899 264.189230051455 118.525668451812 35.4759222574475 63.3132409905693
58.6306025768047 3.80675545578264 6.74209069739146 16.8863895611107 107.433801961508 165.320054804223 88.1560190348976 76.3638368028322
30.4966822021658 45.6302948664022 2.9626742059166 5.24696621299709 13.13786796213 83.5931787116545 128.72039028019 128.125410190101
185.317498954037 23.7345778513679 35.5125773586801 2.30572772761567 4.08309397836967 10.2228972124378 65.0628866189045 200.014662497756
65.7812481455926 144.226594125476 18.471851529562 27.6382333860214 1.79443897002771 3.17762909535755 7.9560312831054 206.407567394041
6.84681671112648 51.195410206322 112.246876686987 14.3744031250449 21.4854157718164 1.39353275529618 2.46743623728221 166.817259306416
31.4429134017598 5.32865520213007 39.8437259869656 87.3532962857217 11.1809869385385 16.7041011945093 1.08337230748076 131.775966921855
197.762695489053 24.4709988798351 4.14711937841785 31.0069099410803 67.9367115029646 8.69028872293082 12.9823607917442 103.412252980183
208.293922359138 153.912286624017 19.0449841121713 3.2065822065541 22.5630660546354 46.3622789626105 5.89153177028243 86.5042873642053
16.5919601337611 162.108398658811 119.784936766018 14.8222142488041 2.49580846172079 17.56450056221 36.0950370325322 71.9495964132454
20.4394023337154 12.9129840056364 126.163704721128 93.2252656841243 11.5363142440468 1.94263965344938 13.6728689020932 84.1280339278657
100.497532677234 15.9073233838712 10.049756302785 98.1760001777534 72.4572914705814 8.95557570358968 1.50795237056919 76.0594155082164
205.793064718209 78.213967584605 12.380153446153 7.74706027779926 69.1495842012159 46.2720166914118 5.66175750835607 55.4876364118363
518.829310104389 160.162062333425 60.8713921860437 9.60137574676309 5.82313235210307 51.1078984325306 34.7808797106765 46.9467993632411
95.3359690414684 403.78801112239 124.648934336154 47.3747584386524 7.47330653854029 4.53312709665245 39.7912244374505 63.641897773528
83.2165307589857 74.1968901485827 314.255102305941 97.0120124255512 36.8770519882825 5.81828991044544 3.52939973925498 80.5435220129964
249.118583709996 64.7647247240433 57.7450312098496 242.291656322457 68.4544666244079 23.6145701257599 3.69094337529688 60.2703956419589
272.411223723748 193.880907440729 50.4042830231563 44.6970478467919 178.510911408235 48.8446039542601 17.1932271774746 48.5387910907575
166.357247085819 212.008813096349 150.891216986844 38.9395608444961 32.3074052632454 126.049394973446 36.4675148027994 50.4585386853027
131.883892607773 129.47044553644 164.999577536144 117.429260392595 30.294749616058 25.1370382555628 98.1327420086031 67.6928478299626
154.985348920771 102.640952733486 100.762645217114 128.40917486237 91.3583640538454 23.5621665656828 19.5581361617025 129.115006337557
94.7425036970138 120.620066320533 79.8821218400762 77.2150297667561 84.581703864692 50.402417794805 12.895491754609 107.548452964981
69.8092509558778 73.7350153345728 93.8746823521193 62.0527023229998 58.9914628294782 64.1430351718692 38.704092262233 93.5089847595191
39.7179726109071 54.3302740466729 57.3855690343239 73.0539534000972 48.2564697356842 45.8502555474047 49.881897438006 102.934197098033
42.3222528981222 30.9112088581599 42.2834887578471 44.2110879309035 51.1277021963747 30.4429455249916 29.0678003890896 111.646804164669
9.40878587233706 32.9380356721042 24.0571904924066 32.9080059968025 34.409869838475 39.7985525612915 23.7002657054843 109.57322799237
17.7603879748334 7.32255264010245 25.6346040119463 18.7171612164895 25.5323280936434 26.6263852863734 30.821618963285 103.579850248391
88.3316253129784 13.8223334677779 5.69890503350914 19.9504449305003 14.5659810644857 19.8685696351074 20.720228978896 104.636722680048
115.415259136347 68.7456367820844 10.7574734721551 4.41636248387306 14.8648704364883 10.4199630217784 14.1599743747544 93.4287712514675
9.39278420858625 89.8239498660251 53.5024976595771 8.36868598583424 3.42279390255978 11.4816186047626 8.04876232968791 83.4182001746785
31.1396038558414 7.31009906461095 69.9070645416351 41.6379850393581 6.51109222197714 2.66234758501693 8.93105610917914 71.1869906516475
24.4372233824267 24.2349429055183 5.68921281994074 54.4022483167124 32.3807811067415 5.06006371295045 2.06894021069865 62.3189377276299
103.343721533015 19.0186977388735 18.8612694096157 4.38843986247693 38.5836009282006 20.9658980188652 3.24558242195657 45.0690808493163
77.1428135772657 80.4290639852367 14.8016351130442 14.6788357452955 3.41477152727037 30.0219176684733 16.3159572325891 37.6122109685572
135.108357802413 60.0377477912382 62.5953298137685 11.5196966958349 11.4247030335806 2.65791171562914 23.3696123353157 41.9877898083539
50.9261760216226 105.150449329997 46.7254303115877 48.716173157237 8.96588440989378 8.89238045382713 2.06880617062909 50.8823528134293
188.192574253642 39.6341897602168 81.8351815841754 36.3216062870486 37.4630163667462 6.82019260284016 6.75628025031412 40.6060395985348
190.122377471059 146.464171907697 30.8460033850157 63.6872235405306 28.2571518738918 29.1358819252167 5.304182296302 36.8512484166115
162.706897274151 147.966075111395 113.988310844269 23.9880903672589 49.1869262503553 21.6741392749963 22.3390132565023 32.4744333585763
213.185604282529 126.629496766491 115.157193356704 87.983183401551 17.1365214059443 32.4549086798054 14.2480474614909 37.3710352746106
179.500436609461 165.915435918313 98.5516270051951 89.6095026709165 68.3737100771659 13.3093029908291 25.2278176936303 40.1429683417745
289.045118805588 139.699363321536 129.126598245732 76.2310710898024 65.4826636080082 47.1982012553723 9.39569469381814 48.2187472566641
101.123201276286 224.954433710887 108.723479903858 99.4388940073803 53.2292072372447 43.1347810192654 32.7216455493449 42.6845143670381
230.931427705841 78.7009051463675 175.07473385227 84.6015194999609 77.2607331830692 41.3218236070538 33.5275759208419 58.6792328224567
198.019639818186 179.7264342684 61.2503598846213 135.595895189461 62.6597412652363 54.7193513401327 29.6499148011506 69.7535985041368
98.4130636377816 154.112258055101 139.875249963721 47.5293465559974 102.480699016721 46.4690767735337 40.8952291394414 76.0814763651618
154.668764938092 76.5916929919895 119.940568039861 107.650696516898 32.9478371074904 65.9708971751195 31.6460699203693 85.6121884000788
308.980219024645 120.373679282967 59.6088285288078 93.3218254410499 83.5713503848862 25.5534542781687 51.2655151243922 91.2498880378245

