# Simulated data from SIR age-structured hybrid model
# random seed = 4875274
# Flag=0 if no issues, =1 if negative pop #'s, =2 if NaN, or=3 if NA. Flag:
0

# True SSB
52061.7102485567
43756.7495066083
35652.8787198926
30549.3231182876
27367.0838406339
23439.3248458863
19715.8401163981
15987.4696503454
12986.687183462
13052.5573895132
21861.5408643632
36083.4891402349
61895.0225849221
85910.9497489291
100176.460527821
100260.391369301
91264.4944864775
100066.259206059
125972.852077784
153359.818510567
144272.987752071
118845.937142215
103183.48678319
86634.0680372288
70101.5481348444
56381.2212260831
45549.9728669653
37941.7687484409
31401.4266081531
25857.3173170398
21276.41398697
17982.6757990845
15229.2119146654
12791.1087370202
13005.8740988371
23550.5606767929
29635.9781106719
33841.3204840145
39702.9911477487
44729.0691050555
57911.0480325856
66164.0154443093
61936.7516789133
53190.7102396572
45886.7586333956
39808.5249265234
39961.4543691463
42905.2376401634
44330.6687443371
45669.5577585602

# True R (numbers)
91.7085174454295
34.6329248254048
33.2315645156095
8.8763887007181
4.53122559531374
3.98180866965534
58.8812698356054
311.356420601688
305.701081535562
900.671831254474
510.059577093052
808.733693019597
238.817136923088
153.641027729657
638.988991547919
1251.06149985262
850.991622776828
150.120900165936
180.65166240665
126.634180854333
50.3509988061002
11.8069537377764
29.1963054548226
43.8309583891283
35.7470569019988
24.4637112439582
15.1810149052239
16.5798424350931
28.2648153395267
10.1573974211944
11.842891803282
41.9213900466701
409.078856825133
105.395433037008
281.893772790167
223.382626209251
191.337857617443
544.207519145899
416.361618614972
50.17663685576
65.9272736590394
62.2006910246247
31.7387355737643
251.900091274581
120.376460243923
395.750476371914
77.1611614711189
196.13445899083
1773.5073296761
432.407929600973

# True infection rate given (selected) susceptible
-999 -999 0.00802444095911112 0.00802444095911074 0.00802444095911094 0.00802444095911134 0.00802444095911171 0.00802444095911116
-999 -999 0.0198942992642982 0.0198942992642979 0.0198942992642976 0.0198942992642971 0.0198942992642985 0.0198942992642984
-999 -999 0.126399076682498 0.126399076682499 0.126399076682498 0.126399076682499 0.1263990766825 0.126399076682499
-999 -999 0.0911368387856199 0.0911368387856189 0.0911368387856197 0.0911368387856197 0.0911368387856195 0.0911368387856193
-999 -999 0.127502474815588 0.127502474815589 0.127502474815589 0.127502474815589 0.127502474815589 0.127502474815588
-999 -999 0.00334666085437544 0.00334666085437471 0.00334666085437531 0.00334666085437426 0.00334666085437568 0.00334666085437451
-999 -999 0.00422980011684802 0.00422980011684804 0.00422980011684772 0.00422980011684826 0.00422980011684901 0.00422980011684739
-999 -999 0.00446220467731065 0.00446220467731112 0.00446220467731032 0.00446220467731007 0.00446220467731057 0.00446220467730956
-999 -999 0.00378385442263906 0.00378385442263934 0.00378385442263964 0.00378385442264087 0.00378385442263966 0.00378385442263935
-999 -999 0.00954012400207955 0.00954012400208066 0.00954012400208013 0.00954012400208047 0.00954012400208043 0.00954012400208021
-999 -999 0.659551624246949 0.659551624246949 0.659551624246949 0.65955162424695 0.659551624246949 0.659551624246949
-999 -999 0.673744901240019 0.673744901240019 0.673744901240018 0.673744901240019 0.673744901240018 0.673744901240018
-999 -999 0.827294841780862 0.827294841780862 0.827294841780862 0.827294841780862 0.827294841780862 0.827294841780862
-999 -999 0.799623065622791 0.799623065622791 0.799623065622791 0.799623065622791 0.799623065622791 0.799623065622791
-999 -999 0.840461529064167 0.840461529064166 0.840461529064167 0.840461529064167 0.840461529064166 0.840461529064166
-999 -999 0.547682945569067 0.547682945569068 0.547682945569067 0.547682945569068 0.547682945569068 0.547682945569068
-999 -999 0.00538135384857622 0.00538135384857781 0.00538135384857656 0.00538135384857678 0.00538135384857709 0.00538135384857645
-999 -999 0.744454291677816 0.744454291677816 0.744454291677816 0.744454291677816 0.744454291677817 0.744454291677816
-999 -999 0.848264293613605 0.848264293613605 0.848264293613605 0.848264293613605 0.848264293613605 0.848264293613604
-999 -999 0.858125680153695 0.858125680153695 0.858125680153695 0.858125680153694 0.858125680153695 0.858125680153695
-999 -999 0.652950323517799 0.652950323517799 0.652950323517799 0.652950323517799 0.652950323517799 0.6529503235178
-999 -999 0.00204675656109942 0.00204675656109888 0.00204675656109862 0.00204675656109884 0.00204675656109912 0.00204675656109914
-999 -999 0.0110252792360793 0.0110252792360798 0.0110252792360795 0.0110252792360794 0.0110252792360806 0.0110252792360793
-999 -999 0.0156282563626111 0.0156282563626117 0.0156282563626113 0.0156282563626107 0.0156282563626108 0.0156282563626104
-999 -999 0.00739424197781295 0.00739424197781273 0.00739424197781282 0.00739424197781282 0.00739424197781235 0.00739424197781271
-999 -999 0.122167521616395 0.122167521616396 0.122167521616395 0.122167521616395 0.122167521616395 0.122167521616395
-999 -999 0.0183008125269126 0.0183008125269118 0.018300812526912 0.0183008125269123 0.0183008125269127 0.0183008125269119
-999 -999 0.0470780512533894 0.0470780512533897 0.0470780512533888 0.0470780512533889 0.0470780512533892 0.0470780512533897
-999 -999 0.00475020370097846 0.00475020370097792 0.00475020370097887 0.00475020370097852 0.0047502037009789 0.00475020370097798
-999 -999 0.00977174656771619 0.00977174656771582 0.00977174656771635 0.00977174656771629 0.00977174656771635 0.00977174656771622
-999 -999 0.00697683018645199 0.00697683018645242 0.00697683018645206 0.00697683018645174 0.00697683018645254 0.00697683018645138
-999 -999 0.0036380309876805 0.00363803098767978 0.00363803098767969 0.00363803098767877 0.00363803098767984 0.00363803098767968
-999 -999 0.00342860886138867 0.00342860886138891 0.0034286088613886 0.00342860886138925 0.00342860886138932 0.0034286088613893
-999 -999 0.00397517987597772 0.00397517987597674 0.00397517987597784 0.00397517987597766 0.00397517987597832 0.00397517987597829
-999 -999 0.00215101079555301 0.00215101079555259 0.0021510107955525 0.00215101079555239 0.00215101079555267 0.00215101079555313
-999 -999 0.760670404576886 0.760670404576887 0.760670404576886 0.760670404576886 0.760670404576886 0.760670404576886
-999 -999 0.638290684127663 0.638290684127663 0.638290684127663 0.638290684127663 0.638290684127663 0.638290684127663
-999 -999 0.422273799036616 0.422273799036616 0.422273799036616 0.422273799036616 0.422273799036616 0.422273799036616
-999 -999 0.412273686879676 0.412273686879676 0.412273686879676 0.412273686879677 0.412273686879677 0.412273686879677
-999 -999 0.157843122414904 0.157843122414904 0.157843122414904 0.157843122414903 0.157843122414904 0.157843122414905
-999 -999 0.821861787374727 0.821861787374728 0.821861787374728 0.821861787374728 0.821861787374728 0.821861787374728
-999 -999 0.695472796050934 0.695472796050935 0.695472796050935 0.695472796050935 0.695472796050935 0.695472796050935
-999 -999 0.238481593859135 0.238481593859135 0.238481593859133 0.238481593859135 0.238481593859134 0.238481593859135
-999 -999 0.0202999498991478 0.0202999498991478 0.0202999498991483 0.0202999498991483 0.0202999498991478 0.0202999498991488
-999 -999 0.00286235669385203 0.00286235669385088 0.00286235669385081 0.00286235669385009 0.00286235669385111 0.00286235669385153
-999 -999 0.00610701508050077 0.00610701508050029 0.00610701508050111 0.00610701508050152 0.00610701508050078 0.00610701508050064
-999 -999 0.107393125628043 0.107393125628044 0.107393125628044 0.107393125628044 0.107393125628043 0.107393125628044
-999 -999 0.709162139603488 0.709162139603488 0.709162139603488 0.709162139603488 0.709162139603488 0.709162139603488
-999 -999 0.598657456830084 0.598657456830085 0.598657456830084 0.598657456830085 0.598657456830085 0.598657456830085
-999 -999 0.385467359748499 0.385467359748499 0.385467359748498 0.385467359748498 0.385467359748499 0.385467359748499

# Duration of outbreak (days) based on incidence
0
0
0
0
0
0
0
0
0
0
0
0
0
0
0
0
0
0
0
0
0
0
0
0
0
0
0
0
0
0
0
0
0
0
0
0
0
0
0
0
0
0
0
0
0
0
0
0
0
0

# Duration of outbreak (days) based on prevalence
0
0
0
0
0
0
0
0
0
0
19
17
13
13
18
0
0
14
12
13
0
0
0
0
0
0
0
0
0
0
0
0
0
0
0
20
8
0
0
0
25
7
0
0
0
0
0
24
0
0

# Peak (point) prevalence
0.000236513585500763
0.00105116235384268
0.0114799347898551
0.00554556751446492
0.00996340231653148
8.21355610281012e-05
0.000184367622228235
0.00012888143840275
0.000105002120472954
0.000684864323561235
0.164845601730996
0.143223226832793
0.259837068787305
0.183619410209813
0.190720052724957
0.0415414250434229
8.4093893171497e-05
0.13914880272316
0.223399839958273
0.187097388943395
0.0485058788301613
1.90816552425988e-05
0.000482119850295164
0.000503280434994728
0.000130413641314938
0.00722919769876902
0.000391056215858873
0.00229660388607229
7.96863857455408e-05
0.000420673029875142
0.000246059051924164
8.71511466467122e-05
0.000100747763974936
0.00019369889680697
0.000107260090411626
0.248532785916723
0.109499489874793
0.0408584986069028
0.0369601112191111
0.0105608207373673
0.257351826207092
0.110246342693502
0.0100823997147654
0.00126885451301595
5.62487953039981e-05
0.000131087021446739
0.00593701836709111
0.156086402593146
0.0779678317800952
0.0248479059240568

# Day of peak prevalence
102
119
119
116
116
45
86
57
52
119
48
44
21
24
28
44
60
39
19
21
52
40
119
119
54
119
75
119
37
110
84
45
54
92
76
36
44
84
69
108
35
38
94
119
49
48
107
50
59
70

# Total immunity
0.392469277046818
0.359595118916999
0.32855023890813
0.348721735773113
0.371578612100334
0.413704376384315
0.284513501664994
0.0911413685770146
0.0492680105782416
0.0180034541626716
0.0125179549761954
0.0350974055016558
0.0695577854423966
0.169732086400998
0.196617126386642
0.16330950040993
0.142134887264995
0.13335322882507
0.193516312766462
0.35502883117786
0.56198913086418
0.665947230189931
0.639756393123435
0.596163271384262
0.558159075608257
0.527799028263696
0.532256244029551
0.505523954093251
0.459481173262814
0.437735169656459
0.409448550671818
0.312037119574126
0.0776778062465728
0.0624298604108079
0.0372006070878481
0.026434867554816
0.096289731364916
0.0924451639620039
0.0846004488599099
0.12359905174892
0.134282927478638
0.317829293592494
0.488416631420074
0.337392873333986
0.275211385208801
0.152748785894807
0.138016729598325
0.118167903760185
0.0599209483372839
0.0717528130508968

# Observed immunity (based on survey selectivity)
0.54937463346566
0.521537675723745
0.507461791773579
0.490515421091882
0.459986089238088
0.473779495510582
0.444176192510478
0.43239094909852
0.415230553344276
0.304342265504732
0.134135222352194
0.2740349269022
0.276766038656216
0.428843059337427
0.50788240732651
0.637552593898202
0.691137671589629
0.479449349425242
0.432103253357464
0.541996619996172
0.740461092190028
0.816483547409513
0.741411279920093
0.695378675112968
0.677547312222212
0.659497053550944
0.659046931507781
0.619157200534218
0.595378058005965
0.565718453103803
0.537274997682528
0.494403078572797
0.456397299411771
0.423603278153291
0.307016543298635
0.124099116657137
0.355116407416618
0.44915113373851
0.405466136557316
0.429602597889053
0.297280859956605
0.485521157611849
0.652561641816756
0.674100711971059
0.618530607450503
0.554811293345677
0.418205046848385
0.339024785542796
0.477017518733848
0.542885456169483

# True total proportion of susceptible
1 1 1 0.999880223954097 0.976675846585829 0.733804099507778 0.352777562938082 0.0970367718131386
1 1 1 0.9996458496295 0.996337976928623 0.97007041554873 0.728343012685539 0.165369733468675
1 1 1 0.999347113318091 0.993096381156084 0.98386977524008 0.957086358737982 0.290538623522461
1 1 1 0.995870866451032 0.957090745120975 0.911087042898 0.897665017346335 0.369913494236447
1 1 1 0.996034069154386 0.956043251808098 0.883249266940889 0.836363784037756 0.377499688322531
1 1 1 0.994541039751938 0.940976525798425 0.853584031229354 0.781954641673435 0.335684660466933
1 1 1 0.999870147638596 0.993245209132608 0.938605681573184 0.851255629765252 0.352273204726666
1 1 1 0.999823586214369 0.998105969043797 0.989909434874291 0.935241902648531 0.452445408193875
1 1 1 0.999830042032721 0.998123697477417 0.994878905685231 0.986530218721178 0.494813292456354
1 1 1 0.999853466505998 0.998364593284354 0.995342088130778 0.991957160763066 0.543539132868994
1 1 1 0.999638625796332 0.996236521053966 0.991492097348648 0.988120627579632 0.554105626098618
1 1 1 0.972031844970605 0.703423639359171 0.399731018545557 0.361938095179511 0.193951794018547
1 1 1 0.975058791734368 0.703376377146528 0.277516104719807 0.133519642546201 0.0632982001599742
1 1 1 0.966715140131482 0.620545354476943 0.163220741407446 0.0474703857098357 0.0138635487776788
1 1 1 0.97146832851236 0.652769303027958 0.166735301716196 0.0321318549217476 0.0068655980395649
1 1 1 0.970639649201259 0.64232359708937 0.148167067622125 0.0254227288015292 0.00267201711540522
1 1 1 0.979192245632155 0.752151006800824 0.328858991251618 0.0662049185485606 0.00739791720300232
1 1 1 0.999766500359053 0.9768889623694 0.7486397717995 0.327114626933164 0.0251513138155625
1 1 1 0.974834861408235 0.713423288363644 0.357421469033191 0.221913067840308 0.0364139428379347
1 1 1 0.963379717829181 0.594496340621271 0.145001771674866 0.0533981039016365 0.00871219389825778
1 1 1 0.965366287602962 0.597478621755548 0.116011349582551 0.0196077957221743 0.00171498880985519
1 1 1 0.980835479185887 0.746836085174036 0.258172539416677 0.0391136817637498 0.00264233845693333
1 1 1 0.999913756050198 0.979979414250679 0.74553308381783 0.257649472262867 0.0202231989155159
1 1 1 0.999648005078238 0.996387674270957 0.973316145538638 0.739396589875157 0.086747636525768
1 1 1 0.999428052135226 0.993918462919261 0.98550081475558 0.962008282411053 0.128707409758736
1 1 1 0.999669400787598 0.996122823629344 0.987666450658821 0.978966490436644 0.216607017462168
1 1 1 0.99601712072291 0.958941034146587 0.917059893823001 0.904534578228603 0.25158910403538
1 1 1 0.999213748641993 0.988168196652111 0.944452757881738 0.902345109714649 0.274186245475547
1 1 1 0.998201385915852 0.98112991706505 0.953847764229669 0.909348911236037 0.269160173923998
1 1 1 0.99981069209 0.99630964898212 0.977578398691254 0.950183680085118 0.292856253037653
1 1 1 0.999734715096815 0.997152722774283 0.991251157991093 0.972262432014563 0.337065311715182
1 1 1 0.999761242703732 0.997345375533664 0.992614876282457 0.986487701992332 0.379292970554565
1 1 1 0.999848058918413 0.998241976524284 0.994464001369637 0.989592794105107 0.413353962807226
1 1 1 0.999869643664927 0.998544401525542 0.99576725607311 0.99186528486773 0.437699133658821
1 1 1 0.999878029344661 0.998649371239277 0.996225753321736 0.993328538348501 0.468865579654463
1 1 1 0.999909447533562 0.998972648182507 0.996930978697912 0.994420328501847 0.527907949663245
1 1 1 0.97387651673705 0.703283384682606 0.347528573249754 0.300267365452947 0.143375655874881
1 1 1 0.976472842782741 0.721137695436771 0.303495353159648 0.127971106824588 0.0541753664569809
1 1 1 0.985854815833988 0.825483630006383 0.469130927556851 0.177270534238055 0.0392666617181742
1 1 1 0.98186317370379 0.80087013441414 0.515659440839752 0.275941324595792 0.0808982081933833
1 1 1 0.993558962551137 0.917166788537153 0.693996946681489 0.438066436073323 0.101541362490392
1 1 1 0.96953306911864 0.653658857751558 0.234431914500684 0.133596047465681 0.0426820319418443
1 1 1 0.97413409560669 0.691371202169225 0.241525174517318 0.070837421106241 0.0205581689797805
1 1 1 0.990150973741596 0.875076777533304 0.545739061330019 0.183076152158234 0.0246087350317082
1 1 1 0.999378926954402 0.983930663091353 0.863731330286141 0.536676434502978 0.0985011616187162
1 1 1 0.999887359485507 0.998252758785505 0.981813292458374 0.861699528420742 0.249602377105562
1 1 1 0.999761668948401 0.997503206059786 0.993725947450171 0.977100802732961 0.282508161716122
1 1 1 0.995183459763705 0.951238378061631 0.904775953863254 0.896344880543905 0.307658860067659
1 1 1 0.975574354310675 0.720483019864505 0.374455020849128 0.313558221501933 0.107843339265244
1 1 1 0.978167776628871 0.740679833847492 0.338857082948569 0.152453544286141 0.0458621436252349

# True vulnerable proportion of susceptible
0 0 0.05 0.499940111977048 0.927842054256538 0.733804099507778 0.352777562938082 0.0970367718131386
0 0 0.05 0.49982292481475 0.946521078082192 0.97007041554873 0.728343012685539 0.165369733468675
0 0 0.05 0.499673556659045 0.94344156209828 0.98386977524008 0.957086358737982 0.290538623522461
0 0 0.05 0.497935433225516 0.909236207864926 0.911087042898 0.897665017346335 0.369913494236447
0 0 0.05 0.498017034577193 0.908241089217693 0.883249266940889 0.836363784037756 0.377499688322531
0 0 0.05 0.497270519875969 0.893927699508504 0.853584031229354 0.781954641673435 0.335684660466933
0 0 0.05 0.499935073819298 0.943582948675978 0.938605681573184 0.851255629765252 0.352273204726666
0 0 0.05 0.499911793107185 0.948200670591607 0.989909434874291 0.935241902648531 0.452445408193875
0 0 0.05 0.49991502101636 0.948217512603546 0.994878905685231 0.986530218721178 0.494813292456354
0 0 0.05 0.499926733252999 0.948446363620137 0.995342088130778 0.991957160763066 0.543539132868994
0 0 0.05 0.499819312898166 0.946424695001268 0.991492097348648 0.988120627579632 0.554105626098618
0 0 0.05 0.486015922485302 0.668252457391213 0.399731018545557 0.361938095179511 0.193951794018547
0 0 0.05 0.487529395867184 0.668207558289202 0.277516104719807 0.133519642546201 0.0632982001599742
0 0 0.05 0.483357570065741 0.589518086753096 0.163220741407446 0.0474703857098357 0.0138635487776788
0 0 0.05 0.48573416425618 0.62013083787656 0.166735301716196 0.0321318549217476 0.0068655980395649
0 0 0.05 0.485319824600629 0.610207417234901 0.148167067622125 0.0254227288015292 0.00267201711540522
0 0 0.05 0.489596122816078 0.714543456460783 0.328858991251618 0.0662049185485606 0.00739791720300232
0 0 0.05 0.499883250179526 0.92804451425093 0.7486397717995 0.327114626933164 0.0251513138155625
0 0 0.05 0.487417430704117 0.677752123945462 0.357421469033191 0.221913067840308 0.0364139428379347
0 0 0.05 0.481689858914591 0.564771523590208 0.145001771674866 0.0533981039016365 0.00871219389825778
0 0 0.05 0.482683143801481 0.567604690667771 0.116011349582551 0.0196077957221743 0.00171498880985519
0 0 0.05 0.490417739592944 0.709494280915334 0.258172539416677 0.0391136817637498 0.00264233845693333
0 0 0.05 0.499956878025099 0.930980443538145 0.74553308381783 0.257649472262867 0.0202231989155159
0 0 0.05 0.499824002539119 0.946568290557409 0.973316145538638 0.739396589875157 0.086747636525768
0 0 0.05 0.499714026067613 0.944222539773298 0.98550081475558 0.962008282411053 0.128707409758736
0 0 0.05 0.499834700393799 0.946316682447876 0.987666450658821 0.978966490436644 0.216607017462168
0 0 0.05 0.498008560361455 0.910993982439258 0.917059893823001 0.904534578228603 0.25158910403538
0 0 0.05 0.499606874320997 0.938759786819506 0.944452757881738 0.902345109714649 0.274186245475547
0 0 0.05 0.499100692957926 0.932073421211797 0.953847764229669 0.909348911236037 0.269160173923998
0 0 0.05 0.499905346045 0.946494166533014 0.977578398691254 0.950183680085118 0.292856253037653
0 0 0.05 0.499867357548407 0.947295086635569 0.991251157991093 0.972262432014563 0.337065311715182
0 0 0.05 0.499880621351866 0.947478106756981 0.992614876282457 0.986487701992332 0.379292970554565
0 0 0.05 0.499924029459207 0.94832987769807 0.994464001369637 0.989592794105107 0.413353962807226
0 0 0.05 0.499934821832464 0.948617181449265 0.99576725607311 0.99186528486773 0.437699133658821
0 0 0.05 0.49993901467233 0.948716902677313 0.996225753321736 0.993328538348501 0.468865579654463
0 0 0.05 0.499954723766781 0.949024015773381 0.996930978697912 0.994420328501847 0.527907949663245
0 0 0.05 0.486938258368525 0.668119215448476 0.347528573249754 0.300267365452947 0.143375655874881
0 0 0.05 0.48823642139137 0.685080810664933 0.303495353159648 0.127971106824588 0.0541753664569809
0 0 0.05 0.492927407916994 0.784209448506063 0.469130927556851 0.177270534238055 0.0392666617181742
0 0 0.05 0.490931586851895 0.760826627693433 0.515659440839752 0.275941324595792 0.0808982081933833
0 0 0.05 0.496779481275568 0.871308449110295 0.693996946681489 0.438066436073323 0.101541362490392
0 0 0.05 0.48476653455932 0.62097591486398 0.234431914500684 0.133596047465681 0.0426820319418443
0 0 0.05 0.487067047803345 0.656802642060764 0.241525174517318 0.070837421106241 0.0205581689797805
0 0 0.05 0.495075486870798 0.831322938656639 0.545739061330019 0.183076152158234 0.0246087350317082
0 0 0.05 0.499689463477201 0.934734129936786 0.863731330286141 0.536676434502978 0.0985011616187162
0 0 0.05 0.499943679742754 0.94834012084623 0.981813292458374 0.861699528420742 0.249602377105562
0 0 0.05 0.4998808344742 0.947628045756797 0.993725947450171 0.977100802732961 0.282508161716122
0 0 0.05 0.497591729881853 0.90367645915855 0.904775953863254 0.896344880543905 0.307658860067659
0 0 0.05 0.487787177155338 0.68445886887128 0.374455020849128 0.313558221501933 0.107843339265244
0 0 0.05 0.489083888314436 0.703645842155118 0.338857082948569 0.152453544286141 0.0458621436252349

# True survival by age
0.778267540515681 0.778267540515681 0.778241992409162 0.778012153920685 0.777805885794155 0.778034541392013 0.778432411087029 0.778699456819549
0.778267540515681 0.778267540515681 0.777985144531628 0.775444769629631 0.772923618236799 0.77280462045181 0.774298776745978 0.77777860591978
0.778267540515681 0.778267540515681 0.77627629981226 0.758368482173794 0.740698837024059 0.739093710971487 0.740174637611266 0.767075208851783
0.778267540515681 0.778267540515681 0.777623910270374 0.771860016244731 0.766586183086219 0.766586889149838 0.766766822777013 0.773841779193585
0.778267540515681 0.778267540515681 0.777272851967383 0.768362218495757 0.76022263991366 0.760758638352588 0.761716368745821 0.771089591833607
0.778267540515681 0.778267540515681 0.778259501672579 0.778190501871822 0.778155291453488 0.778208379179034 0.778258091366267 0.778567811398791
0.778267540515681 0.778267540515681 0.778259337544458 0.77818559069801 0.77811633878214 0.778146291471036 0.77820720083513 0.778555142268183
0.778267540515681 0.778267540515681 0.778245267509943 0.778044943822292 0.777846164914054 0.777831956063958 0.777885459323736 0.778357973542157
0.778267540515681 0.778267540515681 0.77825464826482 0.778138730547303 0.778024047879174 0.77801374673254 0.778020351275047 0.778409342424816
0.778267540515681 0.778267540515681 0.778184421262749 0.777436547921807 0.776691729520345 0.776615382496978 0.776622814536978 0.777607373541795
0.778267540515681 0.778267540515681 0.773446153768974 0.730071288996678 0.687007957738109 0.682664740139009 0.68299164114339 0.72507415993225
0.778267540515681 0.778267540515681 0.770544658782737 0.703213584532522 0.675208993728574 0.716846121857145 0.722703680202152 0.748740024379124
0.778267540515681 0.778267540515681 0.771360515268832 0.710933283312611 0.686119183349648 0.740316584840332 0.760285113875634 0.770022984445675
0.778267540515681 0.778267540515681 0.768640349780892 0.685217779016889 0.664961820625048 0.747286602638045 0.769635340691952 0.776124049870344
0.778267540515681 0.778267540515681 0.767554106012509 0.67420513172288 0.645578076400215 0.742985718026925 0.771898798535571 0.777326039343916
0.778267540515681 0.778267540515681 0.772438636956442 0.721705547644507 0.707321465071007 0.761448743129098 0.775823493902586 0.778487859636679
0.778267540515681 0.778267540515681 0.778257306968012 0.778178429990576 0.77825345785579 0.778558113579171 0.778751929567635 0.778795324048358
0.778267540515681 0.778267540515681 0.76791930653348 0.674809488294812 0.586207428717125 0.623459585946922 0.710925177661628 0.773581937714078
0.778267540515681 0.778267540515681 0.773215950275692 0.729036296923589 0.709945835124708 0.742499254643172 0.756262171827396 0.775102399242665
0.778267540515681 0.778267540515681 0.771189668735136 0.710100286820815 0.698536163737876 0.758197382998759 0.771213410275205 0.777562861532077
0.778267540515681 0.778267540515681 0.766724313608172 0.666851587618385 0.647442387281254 0.751956014241302 0.774263582656755 0.778403938466864
0.778267540515681 0.778267540515681 0.778278344680562 0.77838373093612 0.778555848152499 0.778718901260337 0.778788377805111 0.778799945029297
0.778267540515681 0.778267540515681 0.778115297039477 0.77674528304338 0.775443502363963 0.776133182138313 0.777878884382347 0.77872842219907
0.778267540515681 0.778267540515681 0.778100275407156 0.776595665893796 0.775102909804566 0.775025732868188 0.775933000327164 0.778464328483242
0.778267540515681 0.778267540515681 0.778251361092978 0.778106143813458 0.777965243938131 0.777956375413163 0.777976504543374 0.778690502571531
0.778267540515681 0.778267540515681 0.776351419485595 0.759112841185429 0.742004462063938 0.740424348152709 0.740762390876585 0.770384373763356
0.778267540515681 0.778267540515681 0.778161220978208 0.777210703560507 0.776352305726507 0.776361740034955 0.776395052781469 0.778131648311091
0.778267540515681 0.778267540515681 0.777759720657067 0.773193753932761 0.768739432492438 0.768704923349533 0.769155038938233 0.775869830888895
0.778267540515681 0.778267540515681 0.778248946457406 0.778082893465857 0.777930982296726 0.77793743283357 0.777977709800981 0.778557159813176
0.778267540515681 0.778267540515681 0.778101933877588 0.776611888588252 0.775134594030009 0.775041627226077 0.775146970200838 0.777674640864372
0.778267540515681 0.778267540515681 0.77819604631502 0.77755292963359 0.776914536704882 0.776854831586655 0.776892108859129 0.778139081202504
0.778267540515681 0.778267540515681 0.778264882801726 0.778241097037175 0.778218593558702 0.778218716849769 0.778222309805378 0.778578366874003
0.778267540515681 0.778267540515681 0.778256489244103 0.778157125612777 0.778058872948141 0.778050690710673 0.778054364906373 0.778489003409843
0.778267540515681 0.778267540515681 0.778227269862552 0.777864955991286 0.777504288033408 0.777467793639542 0.777473017035219 0.778214854667004
0.778267540515681 0.778267540515681 0.778277223449233 0.778364423080814 0.778451987982991 0.778462480860082 0.778463464707597 0.778641563876475
0.778267540515681 0.778267540515681 0.768080763837129 0.67640904639413 0.584918174118082 0.57515891216994 0.575671759612773 0.67096567228611
0.778267540515681 0.778267540515681 0.770881107045218 0.706346729675416 0.679725399736996 0.72727553233893 0.73428256936866 0.757543634202158
0.778267540515681 0.778267540515681 0.771880290199289 0.715910321457007 0.690900589270193 0.739868930623786 0.762384873580252 0.771851261929675
0.778267540515681 0.778267540515681 0.775574574695287 0.751726350100722 0.736123615253699 0.753283551432618 0.769158585085349 0.776664968858592
0.778267540515681 0.778267540515681 0.776770480741342 0.763578133230723 0.755593666242814 0.763086351390502 0.770391626271643 0.776335455638062
0.778267540515681 0.778267540515681 0.769044996080637 0.686639558341318 0.617598092938092 0.650422360794802 0.697765443961707 0.760017242344506
0.778267540515681 0.778267540515681 0.770497884026317 0.702954397758468 0.681956833418298 0.742246665081889 0.757969636030715 0.772145528666481
0.778267540515681 0.778267540515681 0.776115918642955 0.757321651045899 0.750168295910173 0.768278574603966 0.775714702650737 0.777905152460032
0.778267540515681 0.778267540515681 0.77794134798228 0.775042993889874 0.772910728185405 0.77494945163976 0.777508797598577 0.778627116934164
0.778267540515681 0.778267540515681 0.778265739224314 0.77824986997193 0.778242434799599 0.77830908813362 0.778495270145311 0.778744709474398
0.778267540515681 0.778267540515681 0.77823189163044 0.777911151883072 0.777592326856298 0.777577227454267 0.777726915660581 0.778489723531972
0.778267540515681 0.778267540515681 0.777613509179719 0.771728913004082 0.765873303177237 0.765272327927681 0.765498660474539 0.774954753888689
0.778267540515681 0.778267540515681 0.768574377721521 0.681805356044456 0.603103881650106 0.602915505768649 0.604554476900013 0.718992977960538
0.778267540515681 0.778267540515681 0.770913544714875 0.706536868259667 0.677746437914461 0.723526294700777 0.732515463599332 0.762881687131523
0.778267540515681 0.778267540515681 0.775674780981213 0.75291764409463 0.741918131741101 0.761048591401728 0.770813980743589 0.776398137221614

# True Numbers-at-age
91.7085174454295 14.5875832543112 5.26375792895539 29.8963142617447 59.6716758158604 58.278908383776 52.4932789118264 140.114050114956
34.6329248254048 71.3737623165938 11.3530425414005 4.09647745818976 23.2596958530697 46.4129806647769 45.3430037571983 149.9692043865
33.2315645156095 26.9536812247323 55.5478824554862 8.83249844244517 3.17659201885894 17.9779682778421 35.8681659066801 151.751871061818
8.8763887007181 25.8630479830516 20.9771751946161 43.1205046549512 6.69828843759955 2.35289801406873 13.287403290198 142.95380489015
4.53122559531374 6.90820520276905 20.1283707440086 16.312353001264 33.2829934234516 5.13481536658999 1.80370076909177 120.811966722469
3.98180866965534 3.52650579958652 5.3764318725367 15.6452361336524 12.5337957409371 25.3024851246054 3.90635514647895 94.5307585087803
58.8812698356054 3.09891244013668 2.74456499525849 4.18425918989698 12.1749741587501 9.75323947780744 19.6906059380208 76.6387582625462
311.356420601688 45.8253810573967 2.41178296305862 2.13598333505758 3.25613020932356 9.47354631717381 7.58944712948476 74.9908706721282
305.701081535562 242.318595685442 35.664406608734 1.87695867726148 1.66189103393023 2.53276839578312 7.36882706274981 64.2734626968521
900.671831254474 237.917228859666 188.588697485322 27.7559902208538 1.46053424241399 1.2929911893525 1.97052862920899 55.7641612530683
510.059577093052 700.963650922173 185.163256550918 146.756786409311 21.578521221452 1.13438486676421 1.00415684708422 44.8929804599016
808.733693019597 396.962812580677 545.537256594092 143.213808598645 107.142916222856 14.8246157953582 0.774404550287213 33.2365708267734
238.817136923088 629.411182198525 308.943271823351 420.360819235565 100.709895699208 72.3438606479795 10.6269683409247 25.4452158695747
153.641027729657 185.863625786128 489.850292742713 238.306641342499 298.848497395119 69.0989913923688 53.5573598490771 27.672926898987
638.988991547919 119.573824773462 144.651626911897 376.518700354031 163.291947505682 198.722840918918 51.6367505233188 62.6972609906137
1251.06149985262 497.304390868594 93.0604265164949 111.027950177616 253.850839968317 105.417701362363 147.648232648493 88.5945592527763
850.991622776828 973.660556524153 387.035865168949 71.8834690129865 80.1294875867835 179.554148035896 80.2701762059297 183.518756530045
150.120900165936 662.29915725797 757.768406623182 301.213490126421 55.9381650588021 62.3610507906268 139.793338780142 205.43410406787
180.65166240665 116.834223752143 515.445936204768 581.904989327054 203.261721139705 32.7913679062745 38.8795949051392 258.302716505563
126.634180854333 140.595324991292 90.9282839676389 398.551019378313 424.229858580356 144.304812363413 24.3475662291388 229.61422217709
50.3509988061002 98.5552724787199 109.420777788976 70.1229531916578 283.011193173269 296.339897955783 109.411531088067 197.316661227956
11.8069537377764 39.1865480033316 76.7023695168661 83.8955707447248 46.7616026643467 183.233442535417 222.834568527505 238.30543026918
29.1963054548226 9.18896884648163 30.4976183358525 59.6957931806633 65.3029473652941 36.4065192233106 142.687345045329 359.133228136258
43.8309583891283 22.7225368384694 7.15147618402647 23.7306633503985 46.3684257706134 50.6387462196332 28.2563076153677 390.660724885146
35.7470569019988 34.112212183952 17.6842128595525 5.56456558835871 18.4291303067042 35.9403017378594 39.2463314003974 326.040440408652
24.4637112439582 27.8207740557927 26.5484274779534 13.7627627278047 4.32982267195487 14.3372228546228 27.9599868712405 284.417318119488
15.1810149052239 19.0393123817211 21.6520053996442 20.6109093576195 10.4474899168647 3.21274774253611 10.6156288864542 239.822364230553
16.5798424350931 11.8148911328205 14.8176788204319 16.8487509584139 16.0190193628573 8.11093288601237 2.49425442768871 194.85529333019
28.2648153395267 12.9035531940974 9.19514626340074 11.5245937401652 13.0273490026143 12.3144518540883 6.23491404243535 153.100811845351
10.1573974211944 21.9975883174233 10.0424166082835 7.15611289201338 8.96708924336625 10.134378406326 9.57987306212202 124.048357382948
11.842891803282 7.90517270903329 17.1200089570775 7.81402378370977 5.55752234801724 6.95070108028755 7.85456513096371 103.895071356612
41.9213900466701 9.21693827633356 6.15233932161102 13.3227232832754 6.07581708525009 4.31771990023685 5.39968571713596 86.9469650356683
409.078856825133 32.6260571266205 7.17324388340696 4.78814964109005 10.368290783499 4.72831382680325 3.36013044047903 71.8971819331344
105.395433037008 318.372795778262 25.391801236659 5.58262360119204 3.72593276171449 8.06714064140781 3.6788678388411 58.5855296669714
281.893772790167 82.0258444512976 247.779212737449 19.7605921532977 4.34252726185716 2.89692869915717 6.27194203545522 48.4523499333092
223.382626209251 219.388773236089 63.8380522198332 192.840917717739 15.3809419111368 3.38044897986304 2.25515030202066 42.6094912529278
191.337857617443 173.851447093807 170.743160963204 49.032779910884 130.439341259225 8.99659245887845 1.94429535790401 29.8877322868453
544.207519145899 148.912043855467 135.302938144789 131.622676943714 34.6341437369474 88.6629333788568 6.54300156976723 24.0689235256513
416.361618614972 423.539047455819 115.893410124557 104.437671160016 94.2300329618061 23.9287503167255 65.5989497049828 23.5659144211652
50.17663685576 324.040732884602 329.626692775794 89.8839822673401 78.5085493541385 69.36495252932 18.0251340199274 68.758815528208
65.9272736590394 39.0508477570808 252.190384208998 256.044284612632 68.6334433870389 59.3205626378984 52.9314485399742 67.2663186936011
62.2006910246247 51.3090571235248 30.3920072389556 193.945753035583 175.810134502237 42.3878837476097 38.5834203946178 88.0572977262087
31.7387355737643 48.4087788221104 39.9321736937042 23.4169772689278 136.335020022941 119.89492260799 31.4622653515421 97.2381098190737
251.900091274581 24.7012276740711 37.6749812332515 30.9919956696993 17.7341838878087 102.274209643489 92.1127002435196 100.047768455622
120.376460243923 196.045664491944 19.2241637096172 29.3089256858027 24.0201291104658 13.7069409825001 79.2573426801116 149.518340318195
395.750476371914 93.6850916500219 152.575977132907 14.9615079804344 22.8096676039929 18.6934837631296 10.668236737191 178.13808289294
77.1611614711189 307.999749903879 72.9120658614487 118.739491301505 11.6387239069675 17.7366225070076 14.5356272759957 146.975641754993
196.13445899083 60.052027361461 239.706207837137 56.6974073960639 91.6346985527683 8.9137879233971 13.5733463955122 125.026475492804
1773.5073296761 152.645083009167 46.7365436375846 184.232049524413 38.6565960364709 55.2652423910119 5.37426095414944 98.098985268403
432.407929600973 1380.26318755355 118.798713325356 36.0298345233718 130.166735304038 26.1993702656164 39.9858560529091 78.7746486417823

