# Simulated data from SIR age-structured hybrid model
# random seed = 5729445
# Flag=0 if no issues, =1 if negative pop #'s, =2 if NaN, or=3 if NA. Flag:
0

# True SSB
17859.2585095816
17101.6911563907
15619.0372358479
13985.0836437316
12609.6044698478
13424.1360493279
20277.4979606434
23019.8481250311
20787.0346804815
19101.3795107463
20680.6229904699
23343.5875518661
21809.666434296
20848.7127984709
20047.852451791
18902.8105813479
18456.9719281382
25024.5553490021
30536.9507575903
35786.5613999795
37177.8093670191
35190.7094166754
33810.4538340163
30194.5617971658
27026.4225077939
23420.0331115295
21925.4407563166
25721.4736183708
29535.4185617397
35497.9085589602
27642.9174801946
23588.2410792814
19094.6005277233
15396.3964607785
12907.185272572
11230.7300103248
10145.5201688954
10159.9053230609
14444.7597107924
19757.8798252449
18694.373327531
16820.5516907336
15421.0300631029
17344.5147148921
22918.6613386041
27059.5618816893
26551.2997299181
25498.2838275953
22284.5174436616
19050.1783501413

# True R (numbers)
16.103565477259
27.9175419158963
64.0688588923652
266.435396453512
52.7025666938553
17.9437903032125
49.0963400637557
131.625010715629
109.945172232846
53.5481809761351
52.3607729672717
61.863786300881
40.4556322864597
42.469191332119
290.670360177641
227.207667676109
175.257081501482
155.844078233025
73.634211713214
110.713957658733
54.6657273102485
48.2764620333117
8.05034573145404
113.124594130794
162.822949127413
210.633513733584
200.036256535612
29.6618136865768
8.00115122517957
2.73536072579986
7.34189922702502
24.3022623919275
12.9263571930946
28.6328695319346
25.5543579028944
182.256591346173
113.250449557947
32.9110292884668
19.5367620485396
35.0841802605437
117.097979602673
228.605200965814
119.845957533286
66.536733303285
72.2226297469498
17.5724020003594
18.6981978813789
72.5424185397566
115.979903956171
136.242309587317

# True infection rate given (selected) susceptible
-999 -999 0.00278878711940539 0.00278878711940578 0.00278878711940532 0.00278878711940483 0.00278878711940587 0.00278878711940522
-999 -999 0.0214570033879621 0.0214570033879612 0.0214570033879618 0.0214570033879619 0.0214570033879618 0.021457003387962
-999 -999 0.0140070100348773 0.0140070100348775 0.0140070100348776 0.0140070100348774 0.0140070100348771 0.0140070100348767
-999 -999 0.0086061405652909 0.00860614056529088 0.00860614056529081 0.00860614056529072 0.00860614056529086 0.00860614056529133
-999 -999 0.0501121311493985 0.0501121311493984 0.0501121311493979 0.050112131149399 0.0501121311493983 0.0501121311493992
-999 -999 0.00148031851223738 0.00148031851223769 0.00148031851223731 0.00148031851223661 0.00148031851223772 0.00148031851223719
-999 -999 0.660898058754882 0.660898058754883 0.660898058754883 0.660898058754882 0.660898058754883 0.660898058754883
-999 -999 0.18720343712109 0.18720343712109 0.18720343712109 0.18720343712109 0.18720343712109 0.18720343712109
-999 -999 0.00349125569031212 0.00349125569031278 0.00349125569031188 0.00349125569031361 0.00349125569031215 0.00349125569031272
-999 -999 0.00340744026343489 0.00340744026343412 0.00340744026343548 0.00340744026343434 0.00340744026343487 0.00340744026343481
-999 -999 0.0268187021737984 0.0268187021737981 0.0268187021737977 0.0268187021737974 0.0268187021737981 0.026818702173799
-999 -999 0.41303681178784 0.413036811787841 0.413036811787841 0.41303681178784 0.41303681178784 0.41303681178784
-999 -999 0.00186667933639052 0.00186667933639043 0.00186667933639082 0.00186667933639089 0.00186667933639047 0.00186667933639038
-999 -999 0.00208910430175915 0.00208910430175904 0.00208910430176047 0.0020891043017595 0.0020891043017594 0.00208910430175929
-999 -999 0.0283864870015178 0.0283864870015175 0.0283864870015166 0.0283864870015176 0.0283864870015157 0.0283864870015175
-999 -999 0.00498761075597121 0.00498761075597031 0.00498761075597014 0.00498761075597059 0.00498761075597065 0.00498761075597088
-999 -999 0.0034897058357715 0.00348970583577115 0.00348970583577153 0.00348970583577297 0.00348970583577225 0.00348970583577296
-999 -999 0.69722312086095 0.69722312086095 0.69722312086095 0.69722312086095 0.69722312086095 0.69722312086095
-999 -999 0.43977918467188 0.439779184671881 0.439779184671881 0.43977918467188 0.439779184671881 0.43977918467188
-999 -999 0.445048669580776 0.445048669580776 0.445048669580776 0.445048669580776 0.445048669580776 0.445048669580776
-999 -999 0.243812203681058 0.243812203681058 0.243812203681057 0.243812203681058 0.243812203681058 0.243812203681057
-999 -999 0.00380947477553459 0.00380947477553504 0.00380947477553464 0.00380947477553503 0.00380947477553439 0.003809474775534
-999 -999 0.226674736616749 0.226674736616749 0.226674736616749 0.226674736616748 0.226674736616749 0.226674736616749
-999 -999 0.0200097306051014 0.020009730605101 0.0200097306051013 0.0200097306051005 0.0200097306051014 0.0200097306051012
-999 -999 0.00692202279587795 0.00692202279587798 0.00692202279587699 0.00692202279587869 0.00692202279587774 0.00692202279587855
-999 -999 0.147436729387377 0.147436729387377 0.147436729387378 0.147436729387377 0.147436729387376 0.147436729387378
-999 -999 0.0137056961969301 0.0137056961969293 0.0137056961969297 0.0137056961969285 0.0137056961969296 0.0137056961969299
-999 -999 0.523841928089603 0.523841928089604 0.523841928089603 0.523841928089603 0.523841928089603 0.523841928089603
-999 -999 0.0100079447532003 0.0100079447531988 0.0100079447531995 0.0100079447531996 0.0100079447531995 0.0100079447531996
-999 -999 0.712420158641302 0.712420158641302 0.712420158641302 0.712420158641302 0.712420158641302 0.712420158641302
-999 -999 0.00622002661011968 0.00622002661011942 0.0062200266101197 0.00622002661011864 0.00622002661011904 0.00622002661011853
-999 -999 0.00169689868189658 0.00169689868189604 0.00169689868189655 0.0016968986818972 0.0016968986818959 0.00169689868189712
-999 -999 0.00221281801421491 0.00221281801421543 0.0022128180142165 0.00221281801421567 0.00221281801421648 0.00221281801421662
-999 -999 0.0267517633652376 0.0267517633652369 0.0267517633652368 0.0267517633652364 0.0267517633652373 0.026751763365238
-999 -999 0.00972524897967648 0.00972524897967533 0.00972524897967574 0.0097252489796759 0.00972524897967538 0.00972524897967537
-999 -999 0.00307674082656559 0.00307674082656535 0.00307674082656473 0.00307674082656534 0.0030767408265663 0.003076740826566
-999 -999 0.00160364204824628 0.00160364204824607 0.00160364204824567 0.0016036420482463 0.00160364204824578 0.00160364204824569
-999 -999 0.00108138223645018 0.00108138223645035 0.00108138223645158 0.00108138223645031 0.00108138223645073 0.00108138223645028
-999 -999 0.0539333469431124 0.0539333469431118 0.0539333469431116 0.0539333469431116 0.0539333469431117 0.0539333469431119
-999 -999 0.515616055608051 0.515616055608051 0.515616055608051 0.515616055608051 0.515616055608051 0.515616055608051
-999 -999 0.0191769669707644 0.0191769669707634 0.0191769669707639 0.019176966970763 0.0191769669707631 0.0191769669707636
-999 -999 0.0017978261456484 0.00179782614564901 0.00179782614564889 0.00179782614564816 0.00179782614564844 0.00179782614564874
-999 -999 0.00166671798387576 0.00166671798387632 0.00166671798387571 0.00166671798387654 0.00166671798387624 0.00166671798387647
-999 -999 0.225031014761621 0.225031014761621 0.225031014761621 0.225031014761621 0.225031014761621 0.225031014761621
-999 -999 0.359812180416966 0.359812180416966 0.359812180416966 0.359812180416966 0.359812180416967 0.359812180416965
-999 -999 0.292513009767751 0.29251300976775 0.292513009767751 0.292513009767751 0.29251300976775 0.292513009767751
-999 -999 0.00597954297741552 0.00597954297741502 0.0059795429774134 0.00597954297741542 0.00597954297741491 0.00597954297741485
-999 -999 0.13931894623851 0.139318946238509 0.13931894623851 0.13931894623851 0.13931894623851 0.13931894623851
-999 -999 0.0166046707697197 0.0166046707697206 0.0166046707697198 0.0166046707697205 0.0166046707697206 0.0166046707697199
-999 -999 0.00685521571091815 0.00685521571091816 0.00685521571091815 0.00685521571091766 0.0068552157109192 0.00685521571091819

# Duration of outbreak (days) based on incidence
0
0
0
0
0
0
0
0
0
0
0
0
0
0
0
0
0
0
0
0
0
0
0
0
0
0
0
0
0
0
0
0
0
0
0
0
0
0
0
0
0
0
0
0
0
0
0
0
0
0

# Duration of outbreak (days) based on prevalence
0
0
0
0
0
0
24
0
0
0
0
0
0
0
0
0
0
26
0
0
0
0
0
0
0
0
0
0
0
26
0
0
0
0
0
0
0
0
0
0
0
0
0
0
0
0
0
0
0
0

# Peak (point) prevalence
0.000115633810439512
0.00248864668490043
0.00215762420387343
0.00081339875475557
0.00854613517699901
6.23480578602087e-05
0.180339284121278
0.0110080918840427
9.37979881763769e-05
0.000164435170172896
0.00285893978584455
0.0565079193460132
5.77134963909141e-05
9.14733446078937e-05
0.00488746602709688
0.000230187348399683
0.000155891035325798
0.202092211120196
0.0475717242149854
0.0475882924768415
0.0299460300250299
0.000118405927764314
0.0378273786544948
0.00191372608316388
0.000262685487131403
0.0236513040903894
0.000748813687718211
0.0885063253160656
0.000362608257132601
0.183128169037861
0.00027710215405351
3.92567591072761e-05
5.8967662711978e-05
0.00189106309159651
0.000456273245074337
0.000113539898205816
6.63067126370223e-05
5.97910979174546e-05
0.00804202203124263
0.0915748017027094
0.00240060172316051
7.87300179426752e-05
7.25392624656049e-05
0.0505676574291747
0.0400059655397707
0.0236762920940722
0.000237288449545369
0.0277805519129361
0.00164655654183863
0.000294946703417837

# Day of peak prevalence
74
119
119
119
119
63
54
97
59
96
119
85
54
77
119
92
81
52
62
77
116
83
119
119
84
119
119
73
105
53
119
47
51
119
112
66
58
69
119
65
119
75
64
119
83
85
99
119
119
91

# Total immunity
0.157730750801071
0.13389349480839
0.0963257888093401
0.0370809015056449
0.0330666307770575
0.0382349613313949
0.0320991895303401
0.177170776298841
0.15416885236297
0.130857196185491
0.110107414876369
0.094091705821101
0.191975500298051
0.160347902707966
0.0651531514165954
0.0433112724851989
0.0320319992705022
0.0248259028017684
0.121751118197615
0.176548236242412
0.247701225462158
0.260612951923412
0.255071970978833
0.222594823136922
0.142489262315808
0.0888101864014765
0.0724193018198796
0.0699839554158568
0.174818851191178
0.176058785622496
0.478108779702414
0.415000590834505
0.380336666832199
0.306894028866929
0.25610702304261
0.0966586835055401
0.0646689814172512
0.0576714751263508
0.0533178153207462
0.0590267123121253
0.169239630813691
0.0851910554995239
0.0636523440095422
0.0540494564436048
0.0693369240460179
0.154847524200445
0.236832233907228
0.176241260916656
0.142110571987694
0.094843273714284

# Observed immunity (based on survey selectivity)
0.26908616520064
0.222305185927404
0.199918323204134
0.181652166491872
0.161420372201562
0.137982534175369
0.0689879430153256
0.399038939812883
0.443738665743547
0.378898077089074
0.267067726964228
0.194929095459567
0.372923085898652
0.310571065013457
0.252965497364808
0.22233968690631
0.17685485660392
0.0977732155935716
0.320134229740253
0.39752358791822
0.472841438944293
0.46342450713213
0.38051825851157
0.412861961815336
0.370948862787568
0.339006040848152
0.324610375221593
0.214797993424385
0.344721635426835
0.234181425465375
0.538979833680224
0.512464100923062
0.502010252703326
0.487464185541226
0.455609778027569
0.408858709873129
0.34948666211447
0.264630964568448
0.137675919427595
0.102782074805194
0.398855395247719
0.365870994542034
0.311011193188524
0.207280085002233
0.178536733232846
0.275162072900388
0.362298985271363
0.303083973759645
0.336312959687653
0.316383344034909

# True total proportion of susceptible
1 1 1 0.999936772515016 0.988655421703069 0.884910526921487 0.765064654240325 0.509941478688645
1 1 1 0.999877443480074 0.998711370288461 0.986348403851932 0.88269479067931 0.568139674870356
1 1 1 0.999292286388614 0.992775275059413 0.985175139232706 0.972166262263257 0.577983405770974
1 1 1 0.999543817679355 0.994721023249007 0.984091860906212 0.976059834960905 0.667813394487505
1 1 1 0.999626662571716 0.995810046797559 0.987650874790451 0.976712105219442 0.736380013399995
1 1 1 0.997847192185921 0.978010458978952 0.954680294211787 0.944609783469609 0.730561107074425
1 1 1 0.999942460123126 0.997271947532488 0.976932722532748 0.953564881092744 0.765966851592885
1 1 1 0.972509852720015 0.706722550509065 0.401781354921113 0.356819544084903 0.276875082646254
1 1 1 0.992743275526373 0.899524142024476 0.595045469714504 0.329240402334014 0.235559502017377
1 1 1 0.999864701530295 0.991394114463429 0.89712775609443 0.593209391057684 0.264043002590709
1 1 1 0.999871659033192 0.998581168512831 0.988967535910205 0.894732039366903 0.472846072607294
1 1 1 0.998837991733651 0.988228996137006 0.976437289541417 0.965828840554791 0.52184494317455
1 1 1 0.984363859534734 0.833251979149646 0.656242027923141 0.627664835751668 0.333071212603499
1 1 1 0.999923337099827 0.983600857816286 0.831979254004956 0.65514286936039 0.383213773091238
1 1 1 0.9999241766337 0.999165115767636 0.982173095550864 0.830624442717116 0.484153992405229
1 1 1 0.998977049313306 0.989653156126354 0.979577874812692 0.961735633342572 0.573477311167448
1 1 1 0.999808401273661 0.997061347822115 0.986034251033613 0.975793781609516 0.634844989101522
1 1 1 0.999848173679034 0.998290351370614 0.994183491449981 0.983031863800968 0.691494279503247
1 1 1 0.976249840544664 0.731677839313388 0.41387010008029 0.370774563828298 0.2594763915576
1 1 1 0.980507079877828 0.779156620447926 0.434421254381547 0.231025729071206 0.152020277474898
1 1 1 0.981437891891061 0.789301986239244 0.467145555442521 0.241693068273259 0.0891242766445624
1 1 1 0.992690363441118 0.904778762089944 0.650385391694037 0.365378673642587 0.137241065329137
1 1 1 0.999838720453637 0.991084059117811 0.901940922744024 0.648114671579685 0.226466190839063
1 1 1 0.992652493321337 0.923076395751714 0.838999612922628 0.748460585893656 0.272988399740187
1 1 1 0.999262008765031 0.98528198414409 0.909633711457894 0.82568844952426 0.385465645719963
1 1 1 0.999689350970402 0.996156690722174 0.979450027984226 0.903895768274597 0.443405731796707
1 1 1 0.99516225235271 0.94997316414272 0.899145353896115 0.877781650136637 0.474680195218658
1 1 1 0.999407367890678 0.989251767772345 0.939141430051512 0.888237729740569 0.517888197452597
1 1 1 0.979978982697596 0.784555167211946 0.552166818829224 0.494098332938418 0.278252887433359
1 1 1 0.999597378020937 0.975999307424533 0.778143453249685 0.547105884634145 0.28088072023953
1 1 1 0.980581424855538 0.767767716781872 0.437220965529661 0.283527116779411 0.11073076665286
1 1 1 0.999785981792358 0.978453300796559 0.76425336817039 0.434792548470348 0.169401401613005
1 1 1 0.999929120292425 0.999077331987881 0.977128250071628 0.763107097691939 0.265466023886045
1 1 1 0.999915895116376 0.999088107322957 0.997480321401812 0.975470768160788 0.440746440795987
1 1 1 0.999170767223405 0.9915824642858 0.983179435725228 0.980733406525984 0.46965684248512
1 1 1 0.999588549700447 0.99505617330958 0.983805751874399 0.97504630630877 0.478212288360042
1 1 1 0.999893560200829 0.998524035456 0.993037869566017 0.981693403819569 0.482408995369016
1 1 1 0.999940630975732 0.999299924283944 0.997397162401896 0.991855628841228 0.500122539785554
1 1 1 0.999964449672379 0.999585158869106 0.998624802102843 0.996687103378329 0.566645302075621
1 1 1 0.997586648920756 0.975737356784441 0.953387485191205 0.950012654538967 0.571834738134718
1 1 1 0.979250847078772 0.77805969538348 0.54022792256118 0.500749010976649 0.324783719268428
1 1 1 0.999270384722631 0.97202457988935 0.766283405824758 0.530893707696131 0.349288681059766
1 1 1 0.999932489324441 0.998595376195613 0.970763381815119 0.765154471520954 0.460987186324432
1 1 1 0.999932309967966 0.999255689754173 0.997310856778427 0.969438604046488 0.564921524637244
1 1 1 0.993023511071788 0.926839931594804 0.853458912404431 0.843097567605229 0.497139497721636
1 1 1 0.985606247511378 0.84357334583968 0.64569381517674 0.575377816391117 0.342771969353598
1 1 1 0.988397917337068 0.866628029838705 0.635798965694798 0.469987588438554 0.269764960214408
1 1 1 0.99973453720387 0.9857643211307 0.862146466167045 0.632200221628653 0.348636957789995
1 1 1 0.995086697048424 0.949472841501419 0.888746042098868 0.767532122010401 0.433577963413982
1 1 1 0.99938925321381 0.988981724985611 0.938164596007965 0.877316523655301 0.516062382784571

# True vulnerable proportion of susceptible
0 0 0.05 0.499968386257508 0.939222650617915 0.884910526921487 0.765064654240325 0.509941478688645
0 0 0.05 0.499938721740037 0.948775801774038 0.986348403851932 0.88269479067931 0.568139674870356
0 0 0.05 0.499646143194307 0.943136511306442 0.985175139232706 0.972166262263257 0.577983405770974
0 0 0.05 0.499771908839678 0.944984972086556 0.984091860906212 0.976059834960905 0.667813394487505
0 0 0.05 0.499813331285858 0.946019544457681 0.987650874790451 0.976712105219442 0.736380013399995
0 0 0.05 0.49892359609296 0.929109936030004 0.954680294211787 0.944609783469609 0.730561107074425
0 0 0.05 0.499971230061563 0.947408350155864 0.976932722532748 0.953564881092744 0.765966851592885
0 0 0.05 0.486254926360007 0.671386422983611 0.401781354921113 0.356819544084903 0.276875082646254
0 0 0.05 0.496371637763186 0.854547934923252 0.595045469714504 0.329240402334014 0.235559502017377
0 0 0.05 0.499932350765148 0.941824408740258 0.89712775609443 0.593209391057684 0.264043002590709
0 0 0.05 0.499935829516596 0.948652110087189 0.988967535910205 0.894732039366903 0.472846072607294
0 0 0.05 0.499418995866825 0.938817546330155 0.976437289541417 0.965828840554791 0.52184494317455
0 0 0.05 0.492181929767367 0.791589380192164 0.656242027923141 0.627664835751668 0.333071212603499
0 0 0.05 0.499961668549914 0.934420814925472 0.831979254004956 0.65514286936039 0.383213773091238
0 0 0.05 0.49996208831685 0.949206859979254 0.982173095550864 0.830624442717116 0.484153992405229
0 0 0.05 0.499488524656653 0.940170498320036 0.979577874812692 0.961735633342572 0.573477311167448
0 0 0.05 0.499904200636831 0.947208280431009 0.986034251033613 0.975793781609516 0.634844989101522
0 0 0.05 0.499924086839517 0.948375833802083 0.994183491449981 0.983031863800968 0.691494279503247
0 0 0.05 0.488124920272332 0.695093947347719 0.41387010008029 0.370774563828298 0.2594763915576
0 0 0.05 0.490253539938914 0.740198789425529 0.434421254381547 0.231025729071206 0.152020277474898
0 0 0.05 0.490718945945531 0.749836886927282 0.467145555442521 0.241693068273259 0.0891242766445624
0 0 0.05 0.496345181720559 0.859539823985447 0.650385391694037 0.365378673642587 0.137241065329137
0 0 0.05 0.499919360226818 0.94152985616192 0.901940922744024 0.648114671579685 0.226466190839063
0 0 0.05 0.496326246660669 0.876922575964128 0.838999612922628 0.748460585893656 0.272988399740187
0 0 0.05 0.499631004382515 0.936017884936886 0.909633711457894 0.82568844952426 0.385465645719963
0 0 0.05 0.499844675485201 0.946348856186065 0.979450027984226 0.903895768274597 0.443405731796707
0 0 0.05 0.497581126176355 0.902474505935584 0.899145353896115 0.877781650136637 0.474680195218658
0 0 0.05 0.499703683945339 0.939789179383728 0.939141430051512 0.888237729740569 0.517888197452597
0 0 0.05 0.489989491348798 0.745327408851348 0.552166818829224 0.494098332938418 0.278252887433359
0 0 0.05 0.499798689010468 0.927199342053306 0.778143453249685 0.547105884634145 0.28088072023953
0 0 0.05 0.490290712427769 0.729379330942778 0.437220965529661 0.283527116779411 0.11073076665286
0 0 0.05 0.499892990896179 0.929530635756731 0.76425336817039 0.434792548470348 0.169401401613005
0 0 0.05 0.499964560146213 0.949123465388486 0.977128250071628 0.763107097691939 0.265466023886045
0 0 0.05 0.499957947558188 0.949133701956809 0.997480321401812 0.975470768160788 0.440746440795987
0 0 0.05 0.499585383611702 0.94200334107151 0.983179435725228 0.980733406525984 0.46965684248512
0 0 0.05 0.499794274850223 0.945303364644101 0.983805751874399 0.97504630630877 0.478212288360042
0 0 0.05 0.499946780100414 0.9485978336832 0.993037869566017 0.981693403819569 0.482408995369016
0 0 0.05 0.499970315487866 0.949334928069747 0.997397162401896 0.991855628841228 0.500122539785554
0 0 0.05 0.49998222483619 0.94960590092565 0.998624802102843 0.996687103378329 0.566645302075621
0 0 0.05 0.498793324460378 0.926950488945218 0.953387485191205 0.950012654538967 0.571834738134718
0 0 0.05 0.489625423539386 0.739156710614306 0.54022792256118 0.500749010976649 0.324783719268428
0 0 0.05 0.499635192361316 0.923423350894882 0.766283405824758 0.530893707696131 0.349288681059766
0 0 0.05 0.499966244662221 0.948665607385832 0.970763381815119 0.765154471520954 0.460987186324432
0 0 0.05 0.499966154983983 0.949292905266464 0.997310856778427 0.969438604046488 0.564921524637244
0 0 0.05 0.496511755535894 0.880497935015064 0.853458912404431 0.843097567605229 0.497139497721636
0 0 0.05 0.492803123755689 0.801394678547696 0.64569381517674 0.575377816391117 0.342771969353598
0 0 0.05 0.494198958668534 0.82329662834677 0.635798965694798 0.469987588438554 0.269764960214408
0 0 0.05 0.499867268601935 0.936476105074165 0.862146466167045 0.632200221628653 0.348636957789995
0 0 0.05 0.497543348524212 0.901999199426348 0.888746042098868 0.767532122010401 0.433577963413982
0 0 0.05 0.499694626606905 0.939532638736331 0.938164596007965 0.877316523655301 0.516062382784571

# True survival by age
0.778267540515681 0.778267540515681 0.778276134088788 0.778353504528841 0.778435015497851 0.778481001986574 0.778524310820645 0.778616504961589
0.778267540515681 0.778267540515681 0.777959202183168 0.77518460043164 0.772417348694941 0.772192239685303 0.772886719847791 0.774994242019494
0.778267540515681 0.778267540515681 0.778070751524773 0.776301420692092 0.774559415399506 0.774398013331983 0.774456150294219 0.776217762299282
0.778267540515681 0.778267540515681 0.778231054640098 0.777903091457793 0.777580783408351 0.777557914348446 0.777568058476475 0.777957361421703
0.778267540515681 0.778267540515681 0.777891100123116 0.77450474106232 0.771147375403248 0.770838291934312 0.770926480845983 0.772864050284654
0.778267540515681 0.778267540515681 0.778278825648024 0.778381296860639 0.778488968846517 0.778507180780726 0.77851027786468 0.778576106375112
0.778267540515681 0.778267540515681 0.772898678075514 0.724582036033567 0.676538893096317 0.673379492958162 0.675901128209953 0.696144923751272
0.778267540515681 0.778267540515681 0.776210274298195 0.758275082770343 0.750799516394725 0.762055111988965 0.763929055830091 0.76726102641488
0.778267540515681 0.778267540515681 0.778257680838054 0.778173528823355 0.778152607175873 0.778366140374264 0.778560293993238 0.778628721905484
0.778267540515681 0.778267540515681 0.77825521056801 0.778144329868111 0.778039876626592 0.778101165608211 0.778338173764652 0.778594871377787
0.778267540515681 0.778267540515681 0.778091568318605 0.776508112826206 0.774929569175554 0.77479280769241 0.775174714616811 0.776884486177672
0.778267540515681 0.778267540515681 0.773417744147292 0.729826551498752 0.68721233878043 0.683569664740077 0.684604297963918 0.727905678934812
0.778267540515681 0.778267540515681 0.77827808950393 0.778379718799057 0.778523466997878 0.778589300684085 0.778598510049786 0.778693446612914
0.778267540515681 0.778267540515681 0.778268226023356 0.778274435946824 0.778289096288981 0.778368542890975 0.778460415122688 0.778601691099304
0.778267540515681 0.778267540515681 0.777914953361468 0.774741976749253 0.771574422801105 0.771351014245686 0.772500508601188 0.775128481991475
0.778267540515681 0.778267540515681 0.778239879392128 0.777991757720643 0.777752934446854 0.77773650596941 0.777755890940766 0.778177720029166
0.778267540515681 0.778267540515681 0.778270211910427 0.778294351513377 0.778319714874554 0.778327669381704 0.778332582909066 0.778496175138294
0.778267540515681 0.778267540515681 0.768495319019245 0.680560243315951 0.592913677977462 0.58396301639458 0.586148486425646 0.64328334363805
0.778267540515681 0.778267540515681 0.775582782291846 0.752070257232212 0.741087437480812 0.7563572668257 0.758694269106854 0.764729791694713
0.778267540515681 0.778267540515681 0.774470294907852 0.741045672945119 0.722170971562489 0.745577047168503 0.761132361620975 0.76717455277127
0.778267540515681 0.778267540515681 0.773840316303783 0.734826982647115 0.711985973247464 0.737188518910819 0.757271313967834 0.770861795105773
0.778267540515681 0.778267540515681 0.77826454816067 0.778241733505132 0.778266875565964 0.77841504622322 0.778584080759567 0.778719386815186
0.778267540515681 0.778267540515681 0.774576727893888 0.741365452824726 0.708772089336445 0.711741930953152 0.730613784542823 0.761963136149852
0.778267540515681 0.778267540515681 0.778043994088518 0.776052419335955 0.774387901279897 0.774602285456357 0.775055358238744 0.777434702411063
0.778267540515681 0.778267540515681 0.778253946255082 0.778132091762481 0.778020899367021 0.778068411711883 0.778135998373231 0.778490433976543
0.778267540515681 0.778267540515681 0.775935692353228 0.754956468406121 0.734134753105002 0.732599923675887 0.736163833655818 0.757885243447531
0.778267540515681 0.778267540515681 0.778193964316243 0.777537917645083 0.776966204068769 0.776998206547295 0.777041035785859 0.777849160096704
0.778267540515681 0.778267540515681 0.772385800361448 0.719485312070759 0.667721356872618 0.667824275702316 0.673839466483921 0.717602946918215
0.778267540515681 0.778267540515681 0.778197957635026 0.777596318968146 0.777345184306161 0.777737917068625 0.777849693106919 0.778265174041407
0.778267540515681 0.778267540515681 0.764466953614536 0.640317450395506 0.522362436812503 0.563609116905083 0.627501396830801 0.70112462974785
0.778267540515681 0.778267540515681 0.778206215736542 0.777676555933248 0.777496796124331 0.778031388663405 0.778301849590705 0.778605925918215
0.778267540515681 0.778267540515681 0.778280524818118 0.778397469874902 0.778520416270625 0.778591716589565 0.778681842740585 0.778754442215699
0.778267540515681 0.778267540515681 0.778269869836035 0.778290869864286 0.778312248773665 0.778325257600503 0.778429412310245 0.778671592398624
0.778267540515681 0.778267540515681 0.777839378560106 0.773986325913355 0.770140367937036 0.76972722161437 0.769927431111929 0.774791541152813
0.778267540515681 0.778267540515681 0.778217058919282 0.77776358534384 0.777320952454529 0.777283860607123 0.777287634523162 0.778076161513036
0.778267540515681 0.778267540515681 0.778252037038999 0.77811278894077 0.777977067001035 0.77797112778726 0.777978514733601 0.778397500867344
0.778267540515681 0.778267540515681 0.778275316820584 0.778345352045866 0.778415859282504 0.778425696325002 0.778429981316419 0.778618569254535
0.778267540515681 0.778267540515681 0.778277949296641 0.778371653803783 0.77846554221233 0.778476562231332 0.77847836360067 0.778638209769511
0.778267540515681 0.778267540515681 0.777931219594505 0.774904469824064 0.771880315099569 0.771551105562686 0.771565172598506 0.77468713028286
0.778267540515681 0.778267540515681 0.773406940777108 0.729780133367695 0.68816977230481 0.685611697066621 0.685941570689663 0.722906660880495
0.778267540515681 0.778267540515681 0.778070105320216 0.776345219022994 0.775467177538149 0.776379510443577 0.776556452811795 0.777345119828932
0.778267540515681 0.778267540515681 0.778273648696058 0.77832896681515 0.778395266928032 0.778485780094928 0.778582543844447 0.778657197847781
0.778267540515681 0.778267540515681 0.778279190083576 0.778384064329493 0.778489320408924 0.778509310203208 0.778571044524808 0.778662371116525
0.778267540515681 0.778267540515681 0.774348903669996 0.739083860680579 0.703869254295099 0.700106993081825 0.702306280483658 0.734225096846548
0.778267540515681 0.778267540515681 0.7746737953902 0.742584526652446 0.715020849338407 0.717003406334717 0.717753652092009 0.742803834202664
0.778267540515681 0.778267540515681 0.775272404571467 0.748754968889414 0.73034523372013 0.739777656555335 0.744027271546558 0.758085029548835
0.778267540515681 0.778267540515681 0.778256655310089 0.778166138094523 0.778159425064659 0.778323331956875 0.778447847458069 0.778598203973504
0.778267540515681 0.778267540515681 0.776319323937597 0.758790688081107 0.741785966127769 0.744748089123919 0.75383040796059 0.765030468991027
0.778267540515681 0.778267540515681 0.778085811085555 0.776461795114101 0.7750160877371 0.775096639625384 0.77560183877834 0.776993703325961
0.778267540515681 0.778267540515681 0.778247577051449 0.77806835347576 0.777898289404257 0.777925933477429 0.777982675025359 0.778319548789096

# True Numbers-at-age
16.103565477259 29.8526838791753 17.814563514423 31.1497566986537 24.1123480262551 4.73319832744846 16.0545522618386 52.5444560787343
27.9175419158963 12.5328822975196 23.2333748604379 13.8646496224843 24.2455222916178 18.7698960095075 3.68470497655326 53.4108399823137
64.0688588923652 21.7273166841281 9.75393548126311 18.0746177704487 10.7476628777302 18.7276620462155 14.4939680382418 44.2409529906528
266.435396453512 49.8627132338073 16.9096653177617 7.58925191023053 14.0313514536659 8.32470347548568 14.5026642829421 45.5655562217765
52.7025666938553 207.358020704195 38.8065311919139 13.1596266738527 5.90370252282029 10.9105092556194 6.47293907196791 46.7248683992289
17.9437903032125 41.0166969596904 161.380016779654 30.1872552408399 10.1921932495091 4.5526247056344 8.41023831873516 41.1021311795281
49.0963400637557 13.9650695468103 31.9219638628952 125.598649942327 23.4971948830281 7.93451001309478 3.54425102473612 38.5485942279028
131.625010715629 38.2100878297406 10.8685603293265 24.6724436712061 91.0065254982786 15.8967662170322 5.34293632948923 29.2309714557806
109.945172232846 102.439473360003 29.7376710781404 8.43628819445301 18.7084992669304 68.3276553328718 12.1142119597829 26.5094094678133
53.5481809761351 85.5667587852297 79.7253169836109 23.1435709267984 6.5648961544483 14.5580674809098 53.1839333622705 30.0726320372975
52.3607729672717 41.6748111073852 66.5938309096792 62.0466433566815 18.0090384895886 5.10775099407335 11.3276492758989 64.8094826398817
61.863786300881 40.7506899967385 32.4341527420002 51.8160983328563 48.1797219400974 13.9557364380029 3.95744873369178 59.1303889148495
40.4556322864597 48.1465768113743 31.7149392780786 25.0851492470465 37.8167643583887 33.1096993962451 9.53971807812652 45.7506323008002
42.469191332119 31.4853054395897 37.4709179192376 24.6830423500762 19.5257714169484 29.4412384989346 25.7788576987828 43.0533278329546
290.670360177641 33.0523930857381 24.5039912268545 29.1624248164718 19.2101808624571 15.196694990442 22.9161339113214 53.5892141237743
227.207667676109 226.21930631626 25.7236046749949 19.0620211924083 22.5933546491148 14.8220842108552 11.7219860940598 59.241251296546
175.257081501482 176.828352708589 176.059143143919 20.0191349997988 14.8300953731899 17.5720478773475 11.5276759853349 55.2170656038017
155.844078233025 136.396897778115 137.619767155953 137.021586643386 15.5807796925272 11.5425556024236 13.6768110706396 51.9586401995244
73.634211713214 121.28838747035 106.153278167742 105.760146863868 93.2514443455604 9.23805739325283 6.74042558649344 41.4407699066214
110.713957658733 57.307116847854 94.3948150096619 82.3306548307378 79.5390608568259 69.1074739314359 6.98727184073966 36.8049136021729
54.6657273102485 86.1650795278195 44.6002688832241 73.105980218305 61.0107755130564 57.4408008561419 51.5249463510743 33.5540318499621
48.2764620333117 42.5445611442479 67.0594845224541 34.5134861798279 53.7202468572768 43.438816382246 42.3446989081906 64.8838850502983
8.05034573145404 37.5720033714641 33.1110509640528 52.1900194217552 26.8598353138947 41.8086886762451 33.813428262068 83.4952476550295
113.124594130794 6.26532277271964 29.2410706561563 25.6470495128638 38.6918773815408 19.037501594662 29.7569968090499 88.3248575477516
162.822949127413 88.0411996460076 4.8760973448614 22.7508394047404 19.903454823287 29.9625217220705 14.7464922446042 91.7301291650831
210.633513733584 126.719816156901 68.5196079125483 3.79484200096231 17.7031582553629 15.4853038221246 23.3128916871742 82.8858045277081
200.036256535612 163.929226683612 98.6219196550308 53.1668094053949 2.86494051520573 12.9965037149796 11.3445323981864 79.9800358608595
29.6618136865768 155.681725387934 127.580796069693 76.7469826248264 41.3392102729037 2.22596195698222 10.0982600779244 71.0275709240668
8.00115122517957 23.0848267850865 121.162033520905 98.5415952830402 55.2183267443124 27.6030735754657 1.48655143166256 57.7742003908774
2.73536072579986 6.22703628531453 17.9661713652597 94.2880470288751 76.6255817573409 42.9237003801353 21.4679569472747 46.1199616972157
7.34189922702502 2.12884246449144 4.84630021447364 13.7345442917168 60.3742818763008 40.0263256089402 24.1921888655465 45.8070140404638
24.3022623919275 5.71396185413074 1.65680898898509 3.77142095022872 10.681033102095 46.9408107271311 31.1417376966174 54.4944379202265
12.9263571930946 18.9136619807322 4.44699103881475 1.2894621694707 2.93566452549124 8.31540233684331 36.5477264021429 66.68729130217
28.6328695319346 10.0601642204969 14.7198891918894 3.46095913694037 1.00357663353444 2.28486365848016 6.47208766587539 80.3773244955073
25.5543579028944 22.2840329485251 7.82949926506995 11.4497094614928 2.67873504653673 0.772894877803223 1.75872175560958 67.2587089501325
182.256591346173 19.8881272745431 17.342939515619 6.09304989087342 8.90516708191597 2.08223687774726 0.60075871446236 53.6994307614438
113.250449557947 141.844389089758 15.4782838994215 13.4971780062747 4.74108004374277 6.92801576754315 1.61992017210126 42.2668800750975
32.9110292884668 88.1391488397588 110.392883832835 12.0463663056612 10.5054657669196 3.69053189617716 5.39294549800037 34.1707721202283
19.5367620485396 25.6135858201745 68.5958385906646 85.9163472463611 9.37655006366366 8.17814310443811 2.87299258334107 30.8049602164074
35.0841802605437 15.204827749157 19.9342224400546 53.3628443739435 66.5769615121616 7.23757441768758 6.30985535367908 26.0809072469661
117.097979602673 27.3048786823822 11.833423896301 15.417265994133 38.9431436840961 45.8162524445704 4.96216567915674 23.1822536627654
228.605200965814 91.1335565847274 21.2505007762166 9.20723337729366 11.9691207449509 30.1991297171686 35.5707996432749 21.8740135294574
119.845957533286 177.916007504757 70.9262889416424 16.5387047757245 7.16625644177494 9.31670693715991 23.5095930560579 44.7271617533739
66.536733303285 93.2722186101771 138.466253579096 55.2004547131351 12.873464242074 5.57885410723344 7.25314309101381 53.1312462462027
72.2226297469498 51.7833797818954 72.5907401761835 107.221191654265 40.7977651807073 9.06123567626327 3.90579477385739 44.1042223667616
17.5724020003594 56.2085284227333 40.3013236224452 56.2341442024679 79.6207978516936 29.1712527106183 6.49693684548243 35.5641839418154
18.6981978813789 13.6760300857726 43.7452731715664 31.2445040721859 42.1055948928417 58.1506702159784 21.5802409690446 31.7945736289659
72.5424185397566 14.5522004772162 10.6436102988727 34.0450499841294 24.3134150705315 32.7648655138191 45.2600233980257 41.5542900535954
115.979903956171 56.4574096599955 11.3255052744942 8.26284035147607 25.8330669032132 18.0353500879597 24.401570981819 65.9086799107308
136.242309587317 90.2633946012144 43.9389693599709 8.81221495745855 6.41577985204834 20.0210424455791 13.9791392476449 70.136532607743

