# Simulated data from SIR age-structured hybrid model
# random seed = 2289458
# Flag=0 if no issues, =1 if negative pop #'s, =2 if NaN, or=3 if NA. Flag:
0

# Number of years (nyr)
50

# Starting age
0

# Ending age
8

# Sample size for comp data
200

# Sample size for fishery age comp data
200

# Sample size for antibody prevalence data
200

# Survey data
11148.7476761568
8447.65056179886
6564.3886348912
13897.5023982483
12575.9868341528
9615.04461186948
6977.67427128437
6683.09717821205
7232.79242880026
8936.75024880896
16135.7793353692
7609.70526206538
7473.93950669318
5025.24135362188
5342.41772339476
8113.28501985499
4778.69512780141
7308.29175492819
5841.66872536353
17564.2331146703
11513.6349643694
5672.11837625188
4572.96041837661
6090.63911654961
10153.3183220237
6556.48776655021
16368.9485970526
6328.58830758115
8356.76121718181
7918.54824304861
18003.534281545
34326.6156555197
26464.4629302264
19807.4899201493
10026.6855315413
15490.2091130085
9579.30036044451
7079.97934197012
12729.105637519
14029.6817547422
14593.5671576147
7985.86333262613
8163.64387785161
10479.8913592695
7590.92447276967
7694.41439656401
8957.05558297775
8656.3784393914
9487.5675368007
7743.92335910343

# Catches
0
0
0
0
0
0
0
0
0
0
0
0
0
0
0
0
0
0
0
0
0
0
0
0
0
0
0
0
0
0
0
0
0
0
0
0
0
0
0
0
0
0
0
0
0
0
0
0
0
0

# Catch compositions
-999 -999 -999 -999 -999 -999 -999 -999
-999 -999 -999 -999 -999 -999 -999 -999
-999 -999 -999 -999 -999 -999 -999 -999
-999 -999 -999 -999 -999 -999 -999 -999
-999 -999 -999 -999 -999 -999 -999 -999
-999 -999 -999 -999 -999 -999 -999 -999
-999 -999 -999 -999 -999 -999 -999 -999
-999 -999 -999 -999 -999 -999 -999 -999
-999 -999 -999 -999 -999 -999 -999 -999
-999 -999 -999 -999 -999 -999 -999 -999
-999 -999 -999 -999 -999 -999 -999 -999
-999 -999 -999 -999 -999 -999 -999 -999
-999 -999 -999 -999 -999 -999 -999 -999
-999 -999 -999 -999 -999 -999 -999 -999
-999 -999 -999 -999 -999 -999 -999 -999
-999 -999 -999 -999 -999 -999 -999 -999
-999 -999 -999 -999 -999 -999 -999 -999
-999 -999 -999 -999 -999 -999 -999 -999
-999 -999 -999 -999 -999 -999 -999 -999
-999 -999 -999 -999 -999 -999 -999 -999
-999 -999 -999 -999 -999 -999 -999 -999
-999 -999 -999 -999 -999 -999 -999 -999
-999 -999 -999 -999 -999 -999 -999 -999
-999 -999 -999 -999 -999 -999 -999 -999
-999 -999 -999 -999 -999 -999 -999 -999
-999 -999 -999 -999 -999 -999 -999 -999
-999 -999 -999 -999 -999 -999 -999 -999
-999 -999 -999 -999 -999 -999 -999 -999
-999 -999 -999 -999 -999 -999 -999 -999
-999 -999 -999 -999 -999 -999 -999 -999
-999 -999 -999 -999 -999 -999 -999 -999
-999 -999 -999 -999 -999 -999 -999 -999
-999 -999 -999 -999 -999 -999 -999 -999
-999 -999 -999 -999 -999 -999 -999 -999
-999 -999 -999 -999 -999 -999 -999 -999
-999 -999 -999 -999 -999 -999 -999 -999
-999 -999 -999 -999 -999 -999 -999 -999
-999 -999 -999 -999 -999 -999 -999 -999
-999 -999 -999 -999 -999 -999 -999 -999
-999 -999 -999 -999 -999 -999 -999 -999
-999 -999 -999 -999 -999 -999 -999 -999
-999 -999 -999 -999 -999 -999 -999 -999
-999 -999 -999 -999 -999 -999 -999 -999
-999 -999 -999 -999 -999 -999 -999 -999
-999 -999 -999 -999 -999 -999 -999 -999
-999 -999 -999 -999 -999 -999 -999 -999
-999 -999 -999 -999 -999 -999 -999 -999
-999 -999 -999 -999 -999 -999 -999 -999
-999 -999 -999 -999 -999 -999 -999 -999
-999 -999 -999 -999 -999 -999 -999 -999

# Age composition from fishery-independent survey
0 0 5 21 37 25 21 91
0 0 2 17 36 42 21 82
0 0 22 26 24 25 20 83
0 0 12 106 22 8 15 37
0 0 5 64 105 7 6 13
0 0 2 45 91 43 6 13
0 0 4 35 66 50 28 17
0 0 10 28 56 32 41 33
0 0 6 53 33 32 32 44
0 0 1 56 69 17 15 42
0 0 2 19 90 42 7 40
0 0 5 32 38 75 29 21
0 0 1 32 52 29 49 37
0 0 2 6 50 43 25 74
0 0 3 16 19 45 31 86
0 0 7 27 18 19 38 91
0 0 2 74 24 12 8 80
0 0 10 18 100 18 3 51
0 0 30 45 45 53 5 22
0 0 0 142 19 8 20 11
0 0 1 13 161 8 0 17
0 0 5 30 39 98 2 26
0 0 5 46 28 22 80 19
0 0 1 49 66 15 13 56
0 0 2 6 68 44 18 62
0 0 7 3 12 77 33 68
0 0 4 55 6 4 47 84
0 0 4 37 68 2 2 87
0 0 15 34 71 45 1 34
0 0 22 74 32 36 11 25
0 0 20 110 55 7 3 5
0 0 7 106 69 9 0 9
0 0 4 87 76 22 7 4
0 0 2 35 99 41 12 11
0 0 16 21 46 55 37 25
0 0 3 86 26 16 25 44
0 0 4 38 84 11 12 51
0 0 0 22 41 50 9 78
0 0 6 23 34 42 32 63
0 0 12 52 37 17 23 59
0 0 0 64 41 31 15 49
0 0 2 17 103 23 6 49
0 0 5 67 16 55 14 43
0 0 6 36 66 19 30 43
0 0 2 39 52 46 5 56
0 0 5 21 56 40 29 49
0 0 1 19 34 56 28 62
0 0 9 45 30 24 38 54
0 0 5 58 54 19 12 52
0 0 3 23 95 25 8 46

# Antibody prevalence values
0 0 0 0 0 2 0 29 0 37 0 29 1 30 17 55
0 0 0 0 0 3 0 15 0 37 0 29 0 30 13 73
0 0 0 0 0 25 0 30 0 19 1 29 0 23 8 65
0 0 0 0 0 7 0 92 0 23 0 18 0 13 7 40
0 0 0 0 0 3 0 56 14 99 4 1 3 0 13 7
0 0 0 0 0 5 0 54 7 78 18 18 4 1 14 1
0 0 0 0 0 7 0 49 3 56 12 33 15 12 13 0
0 0 0 0 0 9 0 27 1 62 0 46 5 22 22 6
0 0 0 0 0 9 0 53 0 30 1 34 1 31 18 23
0 0 0 0 0 3 0 61 2 67 2 11 3 10 23 18
0 0 0 0 0 6 0 16 6 84 11 22 2 3 40 10
0 0 0 0 0 8 0 34 1 29 7 56 13 13 30 9
0 0 0 0 0 2 0 35 0 38 0 23 4 47 34 17
0 0 0 0 0 0 0 11 0 54 0 32 0 21 27 55
0 0 0 0 0 1 0 13 0 13 0 49 0 26 36 62
0 0 0 0 0 14 0 20 0 14 0 10 0 50 19 73
0 0 0 0 0 3 0 77 0 24 0 4 1 10 15 66
0 0 0 0 0 5 0 26 3 88 2 13 0 8 22 33
0 0 0 0 0 36 0 33 1 26 4 59 0 12 13 16
0 0 0 0 0 3 0 134 1 20 0 8 1 12 5 16
0 0 0 0 0 1 0 16 17 142 4 1 2 1 13 3
0 0 0 0 0 3 1 32 5 29 70 34 6 1 19 0
0 0 0 0 0 14 0 39 0 28 2 26 42 23 26 0
0 0 0 0 0 2 0 53 0 54 0 16 2 17 41 15
0 0 0 0 0 4 0 5 0 72 0 31 0 8 52 28
0 0 0 0 0 8 0 8 2 6 3 69 0 38 34 32
0 0 0 0 0 6 0 66 0 5 0 5 2 46 20 50
0 0 0 0 0 1 0 50 1 76 0 3 0 8 14 47
0 0 0 0 0 25 0 37 6 53 4 32 0 0 23 20
0 0 0 0 0 24 0 79 0 36 1 30 1 13 11 5
0 0 0 0 0 12 0 115 6 45 2 5 2 3 8 2
0 0 0 0 0 12 1 90 11 63 11 3 4 1 4 0
0 0 0 0 0 3 0 79 10 80 11 6 7 0 4 0
0 0 0 0 0 1 0 32 8 93 30 11 12 0 13 0
0 0 0 0 0 12 0 26 4 44 28 17 34 3 32 0
0 0 0 0 0 2 0 71 0 23 7 32 15 9 41 0
0 0 0 0 0 2 0 39 7 85 1 7 7 3 44 5
0 0 0 0 0 3 0 31 3 43 13 27 2 4 72 2
0 0 0 0 0 8 0 29 1 23 5 39 11 22 61 1
0 0 0 0 0 7 0 46 0 24 0 31 2 22 47 21
0 0 0 0 0 2 0 67 0 45 0 15 0 14 31 26
0 0 0 0 0 3 0 14 1 100 4 14 3 6 46 9
0 0 0 0 0 4 0 52 0 14 25 37 13 5 46 4
0 0 0 0 0 7 0 28 0 78 1 15 12 21 33 5
0 0 0 0 0 6 0 45 1 30 4 50 0 8 41 15
0 0 0 0 0 1 0 18 0 69 5 44 4 19 22 18
0 0 0 0 0 5 0 19 0 25 2 57 1 21 31 39
0 0 0 0 0 14 0 38 0 20 0 28 1 39 22 38
0 0 0 0 0 3 0 58 0 38 0 17 1 23 12 48
0 0 0 0 0 1 1 29 11 89 1 15 0 3 25 25

# Average weight-at-age
70
94
115
134
150
160
165
168

# Maturity logistic function parameter age-at-50%
3

# Maturity logistic function parameter age-at-95%
4

# Infection prevalence index (avg of 3 different samples)
0
0
0
0.288888888888889
0.0277777777777778
0.0166666666666667
0.0166666666666667
0
0.00555555555555556
0.216666666666667
0
0
0
0
0
0
0
0
0
0.35
0.0388888888888889
0
0
0
0
0
0
0.133333333333333
0
0.0666666666666667
0.0722222222222222
0.0333333333333333
0.327777777777778
0.161111111111111
0
0
0.0166666666666667
0
0
0
0.177777777777778
0.00555555555555556
0
0
0.00555555555555556
0.0111111111111111
0
0
0.227777777777778
0.0111111111111111

