# Simulated data from SIR age-structured hybrid model
# random seed = 4386204
# Flag=0 if no issues, =1 if negative pop #'s, =2 if NaN, or=3 if NA. Flag:
0

# True SSB
21778.734583576
18498.9999260549
16527.9669219935
14841.6760250381
15170.7090099492
18103.8940989265
19625.4411994259
21877.3981570144
33863.545367591
35862.559724894
32716.8289821244
33699.4265219907
62212.2850874378
100812.165944346
105848.569663287
98010.1709497008
78758.4366913824
66501.5189270289
56376.965355938
50061.0847240027
39218.1572503601
33300.1276816407
27734.9845605596
24751.4027055943
34752.5721549961
66059.8125298468
86044.513775207
83446.4909918309
81841.9487259127
67508.5869122919
57403.1743643909
41485.9432960058
34750.8101749305
31622.8019213598
26496.9117284999
31978.0611475004
28118.9596348201
20960.9755518509
17578.6237126222
21856.3687596381
22825.6692193242
17309.1101078585
15911.2238599574
14630.3462789659
15243.0219144488
14252.2273853046
13043.253023858
12095.7606043843
13722.613537364
12996.4661413802

# True R (numbers)
46.5899292048855
60.4116393085812
105.572384830287
99.2978215285959
96.291989379267
370.60027085165
86.6955774628226
24.0185876503366
137.523786923125
1107.15450633907
931.628930860062
537.812170586247
61.4549358536884
121.337861382749
155.270118191768
117.035686049093
114.434702789853
27.3366199018431
35.5630721248503
14.1541603242331
44.2369978997015
222.045676236487
1225.58410495891
293.54380068504
251.220339030775
227.439240292784
107.56752679245
26.1051952322233
21.6817156976145
65.4319197791284
14.1138677231289
45.3367037042953
233.039149895941
12.6346422603512
12.9057228216217
44.7833132539597
259.800107695919
63.4449911026963
29.2871104992358
50.2240210764046
65.0622119754259
50.6323863992471
38.8160960502449
25.1612707429975
84.3575931851036
78.6049644447501
57.6389757639395
99.8368902548579
30.2480005227457
15.3398700018805

# True infection rate given (selected) susceptible
-999 -999 0.208278422629189 0.208278422629189 0.20827842262919 0.20827842262919 0.208278422629189 0.20827842262919
-999 -999 0.0128450682570291 0.012845068257029 0.0128450682570297 0.0128450682570291 0.0128450682570297 0.0128450682570283
-999 -999 0.00726257519575841 0.00726257519575962 0.0072625751957596 0.00726257519575892 0.00726257519575897 0.00726257519575945
-999 -999 0.00310082541181275 0.00310082541181328 0.00310082541181352 0.00310082541181312 0.0031008254118133 0.0031008254118128
-999 -999 0.0120934743345586 0.0120934743345589 0.012093474334559 0.0120934743345594 0.0120934743345594 0.0120934743345592
-999 -999 0.146668262366996 0.146668262366996 0.146668262366995 0.146668262366996 0.146668262366995 0.146668262366996
-999 -999 0.281637229848505 0.281637229848504 0.281637229848505 0.281637229848505 0.281637229848504 0.281637229848505
-999 -999 0.0935157752187532 0.0935157752187526 0.0935157752187527 0.0935157752187519 0.0935157752187534 0.0935157752187521
-999 -999 0.798670974438219 0.798670974438219 0.798670974438219 0.798670974438218 0.798670974438219 0.798670974438219
-999 -999 0.677480434423244 0.677480434423244 0.677480434423244 0.677480434423244 0.677480434423244 0.677480434423244
-999 -999 0.00214316655566497 0.00214316655566609 0.00214316655566677 0.00214316655566635 0.00214316655566646 0.00214316655566589
-999 -999 0.0185742700473319 0.0185742700473323 0.0185742700473328 0.0185742700473331 0.018574270047333 0.0185742700473319
-999 -999 0.937754588925216 0.937754588925216 0.937754588925216 0.937754588925216 0.937754588925216 0.937754588925216
-999 -999 0.91832437432077 0.91832437432077 0.918324374320769 0.918324374320769 0.91832437432077 0.918324374320769
-999 -999 0.815056982147677 0.815056982147678 0.815056982147677 0.815056982147678 0.815056982147678 0.815056982147677
-999 -999 0.398558624308522 0.398558624308523 0.398558624308523 0.398558624308523 0.398558624308522 0.398558624308522
-999 -999 0.00301774573924086 0.00301774573924019 0.00301774573924093 0.00301774573924024 0.00301774573924042 0.00301774573924122
-999 -999 0.00580543561288999 0.00580543561288916 0.00580543561288869 0.00580543561289009 0.00580543561288889 0.00580543561289019
-999 -999 0.0640558721357959 0.064055872135796 0.0640558721357954 0.0640558721357954 0.0640558721357956 0.0640558721357953
-999 -999 0.060966915560246 0.0609669155602453 0.0609669155602453 0.060966915560246 0.060966915560245 0.0609669155602458
-999 -999 0.0608460482197639 0.060846048219764 0.0608460482197633 0.0608460482197643 0.0608460482197636 0.0608460482197634
-999 -999 0.100211891075864 0.100211891075865 0.100211891075864 0.100211891075865 0.100211891075864 0.100211891075865
-999 -999 0.0791829474793446 0.0791829474793445 0.0791829474793435 0.0791829474793444 0.0791829474793451 0.0791829474793438
-999 -999 0.135404545550403 0.135404545550403 0.135404545550404 0.135404545550403 0.135404545550404 0.135404545550404
-999 -999 0.643455309535037 0.643455309535037 0.643455309535037 0.643455309535038 0.643455309535037 0.643455309535037
-999 -999 0.947436509245278 0.947436509245278 0.947436509245278 0.947436509245279 0.947436509245278 0.947436509245278
-999 -999 0.900287625073674 0.900287625073674 0.900287625073674 0.900287625073674 0.900287625073674 0.900287625073674
-999 -999 0.0568983988221852 0.0568983988221862 0.0568983988221852 0.0568983988221858 0.0568983988221861 0.0568983988221861
-999 -999 0.523482898363578 0.523482898363579 0.523482898363579 0.523482898363579 0.523482898363579 0.523482898363578
-999 -999 0.0151278466523955 0.0151278466523961 0.0151278466523962 0.0151278466523963 0.0151278466523961 0.0151278466523966
-999 -999 0.0179135176836757 0.0179135176836757 0.0179135176836769 0.0179135176836768 0.0179135176836759 0.0179135176836762
-999 -999 0.00909780304200631 0.00909780304200622 0.00909780304200666 0.00909780304200571 0.00909780304200632 0.00909780304200622
-999 -999 0.0493428999294883 0.0493428999294878 0.0493428999294881 0.0493428999294885 0.0493428999294886 0.0493428999294894
-999 -999 0.247860995902631 0.247860995902631 0.247860995902631 0.247860995902632 0.247860995902632 0.247860995902631
-999 -999 0.00756762171501102 0.00756762171501184 0.0075676217150112 0.0075676217150119 0.00756762171501204 0.00756762171501152
-999 -999 0.588401085297061 0.588401085297061 0.588401085297061 0.588401085297061 0.588401085297061 0.588401085297062
-999 -999 0.45794466156524 0.45794466156524 0.45794466156524 0.45794466156524 0.45794466156524 0.45794466156524
-999 -999 0.00148506187954529 0.00148506187954557 0.00148506187954589 0.00148506187954618 0.00148506187954573 0.00148506187954656
-999 -999 0.000975412809478096 0.000975412809478213 0.00097541280947793 0.000975412809476582 0.00097541280947818 0.000975412809478238
-999 -999 0.531715291998222 0.531715291998221 0.531715291998221 0.531715291998221 0.531715291998222 0.531715291998221
-999 -999 0.467870736751278 0.467870736751277 0.467870736751277 0.467870736751277 0.467870736751278 0.467870736751277
-999 -999 0.00127963159981338 0.0012796315998121 0.00127963159981263 0.00127963159981261 0.00127963159981331 0.00127963159981396
-999 -999 0.000856348596876975 0.00085634859687607 0.000856348596876304 0.000856348596876861 0.000856348596876261 0.000856348596876362
-999 -999 0.00152178717481033 0.00152178717481073 0.00152178717481128 0.00152178717481038 0.00152178717481073 0.00152178717481065
-999 -999 0.00362927989119607 0.00362927989119604 0.0036292798911957 0.00362927989119634 0.00362927989119602 0.00362927989119586
-999 -999 0.00347160649533562 0.00347160649533577 0.00347160649533563 0.00347160649533615 0.00347160649533576 0.00347160649533529
-999 -999 0.00315399846230099 0.00315399846230085 0.00315399846230072 0.00315399846230049 0.00315399846230054 0.00315399846230087
-999 -999 0.00628029398659489 0.00628029398659495 0.00628029398659513 0.00628029398659529 0.00628029398659452 0.00628029398659533
-999 -999 0.0830636077804219 0.0830636077804218 0.0830636077804219 0.0830636077804218 0.0830636077804218 0.0830636077804224
-999 -999 0.0146465297036873 0.0146465297036877 0.0146465297036878 0.0146465297036869 0.0146465297036874 0.0146465297036877

# Duration of outbreak (days) based on incidence
0
0
0
0
0
0
0
0
0
0
0
0
3
0
0
0
0
0
0
0
0
0
0
0
0
3
0
0
0
0
0
0
0
0
0
0
0
0
0
0
0
0
0
0
0
0
0
0
0
0

# Duration of outbreak (days) based on prevalence
0
0
0
0
0
0
0
0
30
7
0
0
27
23
15
0
0
0
0
0
0
0
0
0
21
26
20
0
0
0
0
0
0
0
0
0
0
0
0
0
0
0
0
0
0
0
0
0
0
0

# Peak (point) prevalence
0.0247391046607567
0.00105652280620626
0.000572822446221278
0.000230573057829182
0.00173626492951862
0.0358081307147348
0.059604130405645
0.021182870528511
0.281486527533688
0.104034247356241
6.28219530244141e-05
0.00225411754554965
0.498268840713985
0.346372017664189
0.146553923026199
0.0196882618056795
6.91963167882817e-05
0.000239543768053857
0.00560786821980038
0.00631863388959891
0.00656662377888353
0.0109466516096072
0.00822567739308819
0.0156692259051343
0.134985552233562
0.502540517174454
0.262592552931644
0.00333850967223406
0.0490146427597771
0.000919650954206987
0.00118103553777284
0.000436960001209991
0.00391455825560917
0.021066678913231
0.00036907126133828
0.0956070350603471
0.0453864728552054
4.24665718205752e-05
3.6688220983356e-05
0.0815600061530637
0.0591446182429793
5.03967131945369e-05
4.12361476254835e-05
9.21922829478133e-05
0.000340590926475325
0.000380661351646248
0.000359193590554616
0.00106324028864829
0.0245756162782553
0.00351146816730324

# Day of peak prevalence
116
119
119
119
119
119
116
119
41
54
76
119
19
18
31
89
90
119
119
119
119
119
119
119
59
15
20
119
76
119
119
119
119
107
119
67
85
70
71
80
85
80
73
98
119
119
119
119
119
119

# Total immunity
0.252281075024652
0.229298659212246
0.147151009306573
0.101817667392297
0.0737332880454351
0.0328865726212904
0.041917134260715
0.0768830614103748
0.0693294097485988
0.0772140038681082
0.0671035846736048
0.0501913082778328
0.0490694626562309
0.188449672103286
0.36749267189307
0.489121946796579
0.4707564529861
0.450416425131399
0.418711776444798
0.419655350016686
0.379264347533768
0.212617164812569
0.0538225510472942
0.0462913790813783
0.0433593879762579
0.0782781109884079
0.255350376209869
0.45683976793402
0.451073309790964
0.52609959705743
0.512391486821863
0.449177975449732
0.241222605638934
0.241214276800143
0.272192524956023
0.236916313521309
0.2001191737553
0.223127706246186
0.203144966713431
0.169899164922099
0.233333714919765
0.275395520454766
0.22709362628977
0.196564561107555
0.126416660734059
0.0881440331244333
0.0684495755869085
0.0438330732913145
0.0394067527232839
0.0555895141430134

# Observed immunity (based on survey selectivity)
0.435938057537478
0.46656851545779
0.416507904865113
0.347867879655411
0.263959284894763
0.183966040023625
0.186998426325072
0.24746048874064
0.161795306302467
0.482971917023819
0.698107679642013
0.481530038096927
0.182876688939688
0.365130883381448
0.575618570793728
0.748783399738966
0.775309871970084
0.67846132919856
0.58702788922487
0.531164628451677
0.505678027481128
0.499437336870519
0.512071826573425
0.475933449589259
0.294690589586651
0.208569867547951
0.464814000946298
0.722108038172128
0.599509323835431
0.679564563513055
0.635330761048342
0.615041447868498
0.571899760588829
0.545053129900851
0.567829492481874
0.384964577838937
0.540379522784245
0.702884806833566
0.598438929717668
0.362523634022846
0.443205496606602
0.591772151812612
0.502854933056494
0.396880834091874
0.30956749825879
0.251802214780848
0.209924681206557
0.1544934692205
0.108505640066395
0.12126176443703

# True total proportion of susceptible
1 1 1 0.999096592932349 0.990410687859774 0.970209316470588 0.896368449361377 0.431028055587008
1 1 1 0.992199494953504 0.918724476651613 0.833716104314317 0.806892313437023 0.370889920908433
1 1 1 0.999528052892494 0.987491376526075 0.910171096127048 0.825259919708811 0.394282891489195
1 1 1 0.999731383276972 0.996840559574706 0.982416896862681 0.905085302824614 0.404225118071503
1 1 1 0.99988664291777 0.998597734752765 0.994689937636179 0.980172069090162 0.497174434147756
1 1 1 0.999558810966418 0.995468461266144 0.99019693783721 0.985865459523522 0.540521741960556
1 1 1 0.994457336300361 0.942947339054898 0.885806579510414 0.874862277478916 0.514094906847415
1 1 1 0.989480552180624 0.885187083901723 0.733899029516464 0.67432970543032 0.434395692326112
1 1 1 0.996592877689687 0.95517002102226 0.8236323012836 0.677021546016098 0.453319450987021
1 1 1 0.971058464702608 0.671398636410325 0.274249636839653 0.188094632668524 0.112003166930957
1 1 1 0.975472096502648 0.705455619186857 0.263511990460547 0.0888388309286591 0.042497313341052
1 1 1 0.999921171433255 0.974685134210887 0.704256427249278 0.262964783617532 0.0550393659366982
1 1 1 0.999300856471745 0.992913634598672 0.961535557391321 0.693116301154268 0.170899777673848
1 1 1 0.966522284589541 0.614748918849022 0.139346129775185 0.0733936006350795 0.0156276519277654
1 1 1 0.967082019625762 0.598571129754659 0.086492314724977 0.0103363734588677 0.00132857793606011
1 1 1 0.970681439806509 0.644152243474642 0.148481928538587 0.0151530720848136 0.000612970485669051
1 1 1 0.985027555987138 0.814780440631409 0.416366244794251 0.0869369772790679 0.0063569054843502
1 1 1 0.999888738736159 0.983918299458959 0.81291408155758 0.415206765301754 0.0406216130244982
1 1 1 0.999784361565779 0.997731463848919 0.979854818316097 0.809122646085658 0.141230077725655
1 1 1 0.997622546048499 0.97579854651234 0.951799876303889 0.93197562885622 0.161109956477518
1 1 1 0.997686428728958 0.974317921966367 0.931720105646463 0.906058771500302 0.225658106522902
1 1 1 0.997754317556451 0.975067897094753 0.931582140302122 0.887916151131523 0.307981592150512
1 1 1 0.996291737739482 0.960189198093908 0.903664448627668 0.858429138210274 0.342995197727881
1 1 1 0.997079846377825 0.966825892709036 0.904824853322263 0.84751612131294 0.384416861547189
1 1 1 0.995084772625628 0.947065719308501 0.871771586016166 0.808773189060384 0.353865182102194
1 1 1 0.97608813575585 0.732477532456803 0.413848783590289 0.342424052851809 0.135524941825638
1 1 1 0.966145586543276 0.593316418052856 0.0850313627019231 0.02119486023558 0.00669224108005901
1 1 1 0.967842211209054 0.607907272097246 0.096508721943394 0.00802609807266502 0.000777892505516454
1 1 1 0.997891133250214 0.946979506352572 0.579159169044919 0.09084911652357 0.00364424333874901
1 1 1 0.980421375322508 0.786365187898794 0.52657777233642 0.285098858600888 0.0311831360296253
1 1 1 0.999440019070458 0.974868058927242 0.777195829291857 0.519463073992234 0.0794847226480684
1 1 1 0.999319822890108 0.992625272274456 0.962077514517713 0.765567753528211 0.152986985719373
1 1 1 0.999666167639169 0.99597926067386 0.986296560179331 0.955535956065073 0.270279418200144
1 1 1 0.998207567695646 0.981623298142106 0.96153758366934 0.950223016526875 0.331255686430973
1 1 1 0.990761944064524 0.902523243735196 0.794934107632172 0.766911479085611 0.266002953409957
1 1 1 0.999727292066393 0.988044921208166 0.897640764698123 0.790208246196214 0.279686564670956
1 1 1 0.978055575608832 0.759975298390983 0.490591018628737 0.408039171936327 0.136687690470922
1 1 1 0.982755227464834 0.795952481366366 0.45486641146805 0.269874087871853 0.0753559574244151
1 1 1 0.999945239333551 0.982205673371101 0.795044614353984 0.454251373598604 0.0978560695223221
1 1 1 0.999964554504798 0.999590832163934 0.981538753302478 0.794431358751364 0.258060649931012
1 1 1 0.980162739107155 0.785109069766203 0.55448781009028 0.514891949963619 0.126154264470613
1 1 1 0.982112565320777 0.790526823776556 0.458753117522163 0.298254895478959 0.0709340237652163
1 1 1 0.999953301907641 0.981644307751415 0.789756449692779 0.458224792561356 0.100142087892173
1 1 1 0.999968451083362 0.999637884796768 0.981050758816087 0.789213228923593 0.287195395041733
1 1 1 0.999944865071672 0.999417124707211 0.99859060999843 0.97996020559955 0.369903104119768
1 1 1 0.999865744245446 0.99860209854565 0.996866217104337 0.995906682962602 0.431038443120419
1 1 1 0.999871485547692 0.998580448635667 0.996161464627845 0.994299691045631 0.532923176742265
1 1 1 0.99988114536801 0.998682954360474 0.996323940162436 0.993789553011833 0.641652309145094
1 1 1 0.999767895664975 0.997558824028357 0.994270940925872 0.991685727702041 0.713885695725357
1 1 1 0.996797797057087 0.967361285327925 0.935311783246062 0.928788099330383 0.707909355903491

# True vulnerable proportion of susceptible
0 0 0.05 0.499548296466175 0.940890153466785 0.970209316470588 0.896368449361377 0.431028055587008
0 0 0.05 0.496099747476752 0.872788252819033 0.833716104314317 0.806892313437023 0.370889920908433
0 0 0.05 0.499764026446247 0.938116807699771 0.910171096127048 0.825259919708811 0.394282891489195
0 0 0.05 0.499865691638486 0.94699853159597 0.982416896862681 0.905085302824614 0.404225118071503
0 0 0.05 0.499943321458885 0.948667848015127 0.994689937636179 0.980172069090162 0.497174434147756
0 0 0.05 0.499779405483209 0.945695038202836 0.99019693783721 0.985865459523522 0.540521741960556
0 0 0.05 0.497228668150181 0.895799972102153 0.885806579510414 0.874862277478916 0.514094906847415
0 0 0.05 0.494740276090312 0.840927729706637 0.733899029516464 0.67432970543032 0.434395692326112
0 0 0.05 0.498296438844844 0.907411519971147 0.8236323012836 0.677021546016098 0.453319450987021
0 0 0.05 0.485529232351304 0.637828704589808 0.274249636839653 0.188094632668524 0.112003166930957
0 0 0.05 0.487736048251324 0.670182838227514 0.263511990460547 0.0888388309286591 0.042497313341052
0 0 0.05 0.499960585716628 0.925950877500343 0.704256427249278 0.262964783617532 0.0550393659366982
0 0 0.05 0.499650428235873 0.943267952868739 0.961535557391321 0.693116301154268 0.170899777673848
0 0 0.05 0.483261142294771 0.584011472906571 0.139346129775185 0.0733936006350795 0.0156276519277654
0 0 0.05 0.483541009812881 0.568642573266926 0.086492314724977 0.0103363734588677 0.00132857793606011
0 0 0.05 0.485340719903255 0.61194463130091 0.148481928538587 0.0151530720848136 0.000612970485669051
0 0 0.05 0.492513777993569 0.774041418599838 0.416366244794251 0.0869369772790679 0.0063569054843502
0 0 0.05 0.499944369368079 0.934722384486011 0.81291408155758 0.415206765301754 0.0406216130244982
0 0 0.05 0.499892180782889 0.947844890656473 0.979854818316097 0.809122646085658 0.141230077725655
0 0 0.05 0.498811273024249 0.927008619186723 0.951799876303889 0.93197562885622 0.161109956477518
0 0 0.05 0.498843214364479 0.925602025868049 0.931720105646463 0.906058771500302 0.225658106522902
0 0 0.05 0.498877158778225 0.926314502240016 0.931582140302122 0.887916151131523 0.307981592150512
0 0 0.05 0.498145868869741 0.912179738189212 0.903664448627668 0.858429138210274 0.342995197727881
0 0 0.05 0.498539923188913 0.918484598073584 0.904824853322263 0.84751612131294 0.384416861547189
0 0 0.05 0.497542386312814 0.899712433343076 0.871771586016166 0.808773189060384 0.353865182102194
0 0 0.05 0.488044067877925 0.695853655833963 0.413848783590289 0.342424052851809 0.135524941825638
0 0 0.05 0.483072793271638 0.563650597150213 0.0850313627019231 0.02119486023558 0.00669224108005901
0 0 0.05 0.483921105604527 0.577511908492384 0.096508721943394 0.00802609807266502 0.000777892505516454
0 0 0.05 0.498945566625107 0.899630531034944 0.579159169044919 0.09084911652357 0.00364424333874901
0 0 0.05 0.490210687661254 0.747046928503854 0.52657777233642 0.285098858600888 0.0311831360296253
0 0 0.05 0.499720009535229 0.92612465598088 0.777195829291857 0.519463073992234 0.0794847226480684
0 0 0.05 0.499659911445054 0.942994008660733 0.962077514517713 0.765567753528211 0.152986985719373
0 0 0.05 0.499833083819585 0.946180297640167 0.986296560179331 0.955535956065073 0.270279418200144
0 0 0.05 0.499103783847823 0.932542133235 0.96153758366934 0.950223016526875 0.331255686430973
0 0 0.05 0.495380972032262 0.857397081548437 0.794934107632172 0.766911479085611 0.266002953409957
0 0 0.05 0.499863646033196 0.938642675147758 0.897640764698123 0.790208246196214 0.279686564670956
0 0 0.05 0.489027787804416 0.721976533471434 0.490591018628737 0.408039171936327 0.136687690470922
0 0 0.05 0.491377613732417 0.756154857298047 0.45486641146805 0.269874087871853 0.0753559574244151
0 0 0.05 0.499972619666776 0.933095389702546 0.795044614353984 0.454251373598604 0.0978560695223221
0 0 0.05 0.499982277252399 0.949611290555737 0.981538753302478 0.794431358751364 0.258060649931012
0 0 0.05 0.490081369553577 0.745853616277893 0.55448781009028 0.514891949963619 0.126154264470613
0 0 0.05 0.491056282660389 0.751000482587729 0.458753117522163 0.298254895478959 0.0709340237652163
0 0 0.05 0.499976650953821 0.932562092363844 0.789756449692779 0.458224792561356 0.100142087892173
0 0 0.05 0.499984225541681 0.949655990556929 0.981050758816087 0.789213228923593 0.287195395041733
0 0 0.05 0.499972432535836 0.94944626847185 0.99859060999843 0.97996020559955 0.369903104119768
0 0 0.05 0.499932872122723 0.948671993618368 0.996866217104337 0.995906682962602 0.431038443120419
0 0 0.05 0.499935742773846 0.948651426203883 0.996161464627845 0.994299691045631 0.532923176742265
0 0 0.05 0.499940572684005 0.94874880664245 0.996323940162436 0.993789553011833 0.641652309145094
0 0 0.05 0.499883947832488 0.94768088282694 0.994270940925872 0.991685727702041 0.713885695725357
0 0 0.05 0.498398898528544 0.918993221061528 0.935311783246062 0.928788099330383 0.707909355903491

# True survival by age
0.761128847371583 0.761128847371583 0.758602158747516 0.735885300405583 0.713587563625595 0.71211742686868 0.71589081427764 0.739670458958023
0.787794346554756 0.787794346554756 0.787659515666378 0.786460561222139 0.785482510452135 0.785631530367241 0.785717639619698 0.7871172866816
0.75249258513396 0.75249258513396 0.752434558065082 0.751912864333346 0.751411177770197 0.751488832793259 0.751637038337312 0.752389273645265
0.785232470120272 0.785232470120272 0.785219981160995 0.785107753456677 0.78499756899111 0.784996206472682 0.785055648659077 0.785440642979049
0.82770969083753 0.82770969083753 0.827573426201754 0.826347247433225 0.825124893072738 0.825001140944744 0.825046916320396 0.82656982569988
0.748738191299742 0.748738191299742 0.746980098240776 0.731165278495725 0.715488477222881 0.713926829398598 0.714081697336515 0.730004543581595
0.785859811527175 0.785859811527175 0.782332226323738 0.750782350481107 0.722689126635084 0.723423752754897 0.724201556527867 0.749841037349392
0.857506793495108 0.857506793495108 0.856265115326093 0.84522441904922 0.836664921967712 0.839377326436259 0.840878104452028 0.846922955516335
0.789244162169404 0.789244162169404 0.77952829179974 0.692418229538724 0.612941195755805 0.629288111851762 0.657851984655793 0.701435405099586
0.830023805000429 0.830023805000429 0.821346232046338 0.745771729145417 0.719466571355013 0.782734086329878 0.797722822573036 0.810960764132768
0.737978270176858 0.737978270176858 0.737983796368751 0.738047209767391 0.738232867349763 0.738458787390683 0.738546538869521 0.738569819702771
0.734916293689691 0.734916293689691 0.734725430459327 0.73300786061296 0.731397356782539 0.732410940587119 0.734368499897132 0.735290852139788
0.842339108569825 0.842339108569825 0.830355909095385 0.722591169724356 0.616274546675409 0.611908852854002 0.676345298140517 0.801708049362966
0.747429172289238 0.747429172289238 0.736983791055803 0.646492145504057 0.625653847046233 0.718830568846722 0.732647779676829 0.74474988254531
0.803209216627194 0.803209216627194 0.793191996556911 0.706350317989869 0.689477972106658 0.78632041775579 0.801614469811119 0.803423464504627
0.736342836706195 0.736342836706195 0.731643648221527 0.690746746732905 0.679049178493179 0.722912487311928 0.735525367498352 0.7369008578779
0.736301923004295 0.736301923004295 0.736297354846755 0.736266149702258 0.736345315261916 0.736623450878465 0.736856505232686 0.736913511511263
0.731965098675968 0.731965098675968 0.731928163272306 0.73159585519246 0.731284651207708 0.731481386703755 0.732023457511865 0.732534013058372
0.777446539290803 0.777446539290803 0.77667598905811 0.769742813916411 0.762840510763202 0.762356768257975 0.765079251220503 0.775729418171488
0.709798918852057 0.709798918852057 0.709123781633707 0.703065178909561 0.697297854012545 0.696979064712194 0.697259930896848 0.708181409800504
0.797550152554081 0.797550152554081 0.796802185630634 0.790088928860577 0.783716422073649 0.783645904098911 0.784042433965488 0.794556274881359
0.792276675514659 0.792276675514659 0.791035300993783 0.779891939901593 0.76929118177446 0.769182324922578 0.770288458104507 0.784979178988674
0.800414546098451 0.800414546098451 0.799430910879397 0.790616475654846 0.782488892159737 0.78268393924315 0.783595870333884 0.793986873097197
0.861498794813015 0.861498794813015 0.859691800502814 0.843482643645254 0.82831650950805 0.828831932443208 0.830923177890406 0.847822072432843
0.709962990938251 0.709962990938251 0.702740580166295 0.638097148632063 0.580036324723294 0.584122383635331 0.593264269176472 0.659277328751294
0.788674368030295 0.788674368030295 0.777336969579546 0.678023603282999 0.631027864284478 0.695134948414793 0.711366911271064 0.758386741103802
0.828913856759553 0.828913856759553 0.817582761729433 0.719453372793941 0.701351157101498 0.810032815597377 0.824526700245901 0.827819476024968
0.781754521298608 0.781754521298608 0.781069600660555 0.775142487712098 0.774049795631046 0.78090781065665 0.7821664308031 0.782269532826451
0.731507325153758 0.731507325153758 0.725406171418478 0.670625771345037 0.621764787005961 0.661099627966466 0.720989985205981 0.731685507407701
0.774972661489494 0.774972661489494 0.774812317174022 0.773411183505381 0.772692324281748 0.77353962239101 0.774444410279297 0.775395797159725
0.687170832827041 0.68717083282704 0.687004303883002 0.685506870565352 0.684104013423202 0.684739342767866 0.685779380027985 0.687554838791505
0.77754884801236 0.777548848012359 0.777463517104339 0.776696483033827 0.775943460683754 0.775927226746343 0.776367670435342 0.777740667541569
0.844243339823169 0.844243339823169 0.84360996359041 0.837911822320027 0.832259148252373 0.831754756996715 0.83215643415406 0.841104629617293
0.770555779341976 0.770555779341976 0.767521692466158 0.740270278473126 0.713977590078695 0.712229121598604 0.712921920199405 0.750821708572474
0.847669392232544 0.847669392232544 0.847588729848733 0.846873756776486 0.84632351689716 0.846465475135388 0.846521410906263 0.847521270875704
0.72048768453833 0.72048768453833 0.713756920106472 0.653198571617152 0.594139748470552 0.599717600243625 0.614249021539396 0.683302653887562
0.726327681967084 0.726327681967084 0.720990897363782 0.674144893568666 0.64941939182157 0.674287498024648 0.683151132877002 0.712286283024717
0.723648303711021 0.723648303711021 0.723663182877733 0.723805562730416 0.724003872695976 0.724132441642853 0.724195749370008 0.724262317000975
0.789009655454421 0.789009655454421 0.789023131146 0.789144432975247 0.789270231026464 0.789328669597267 0.789410977126986 0.789497052827954
0.753402626571136 0.753402626571135 0.747033116269469 0.689709801927014 0.632431687199231 0.628374967212219 0.652319718073231 0.720960848065237
0.677296371679959 0.677296371679959 0.672141140884146 0.626781031672632 0.600550451682655 0.620447528736741 0.624558610673831 0.664919710849061
0.773854038434305 0.773854038434304 0.773865547129003 0.773976766257499 0.774140486262348 0.774253123304275 0.774303211188768 0.774374152918966
0.729248639902841 0.729248639902841 0.729270174472314 0.729464004932135 0.729661839052781 0.729721104073972 0.729786975295757 0.729858121880854
0.813393742199103 0.813393742199103 0.813397335164437 0.813429685204312 0.813462150082232 0.813472940206799 0.813547235439109 0.813741657936178
0.751915827962607 0.751915827962607 0.751901540757018 0.751772996093317 0.751644870849981 0.751631312485816 0.751647553531133 0.752179370491101
0.755074673056588 0.755074673056588 0.755061764775639 0.754945685420255 0.754830569083737 0.754819133476555 0.754819937544396 0.755293284313383
0.69011336495597 0.69011336495597 0.690112933878451 0.690109144657098 0.690106179378405 0.690107462345667 0.690108781091054 0.690435586754269
0.782847896943357 0.782847896943356 0.78279563681489 0.782325420030826 0.781856952149137 0.781808462198456 0.78181243871156 0.782364950337083
0.695940155153151 0.695940155153151 0.695013665273817 0.686677566844564 0.678381503678118 0.677520466690614 0.677570152958484 0.682909305132035
0.763754012958168 0.763754012958168 0.763601484490401 0.762235414138769 0.760968923224517 0.760937173646947 0.760960744878399 0.761758819103242

# True Numbers-at-age
46.5899292048855 21.3229971457145 16.1454976586598 27.7050618902237 3.62053076987011 7.70547372454737 7.22175897089814 100.531352170009
60.4116393085812 35.4609391148381 16.2295482400252 12.2480093779123 20.3877477918425 2.58356573110311 5.4872021215289 79.5300623094541
105.572384830287 47.5919479134054 27.9359273581919 12.7833581062224 9.63257632920694 16.0142193180014 2.0297306991309 66.9108783536799
99.2978215285959 79.4424367797003 35.8125879169192 21.0199571558994 9.61197140944858 7.23802552449071 12.0345069833802 51.868647934809
96.291989379267 77.9718736764612 62.3807808648976 28.1207596094498 16.5029313404237 7.54537418962918 5.68182257907765 50.1875018705
370.60027085165 79.7018127592438 64.5380754547666 51.6246765495041 23.2375122990002 13.6169794576539 6.2249423152991 46.1712448713592
86.6955774628226 277.482576492659 59.6757911286669 48.2086579434722 37.7461710065699 16.6261722892596 9.72152697018868 38.1503359132413
24.0185876503366 68.1305701651734 218.062405264596 46.6862945313203 36.1942095243397 27.2787473585565 12.0277679514457 35.6470324200509
137.523786923125 20.5961020803214 58.4224267613314 186.719230592175 39.460396172796 30.2824254873647 22.8971620263554 40.3041767683766
1107.15450633907 108.539845988506 16.2553533303388 45.541934536056 129.287799067466 24.1869024151514 19.0563703572354 43.3337200407547
931.628930860062 918.964596074926 90.09065596154 13.3512732084556 33.9638872675819 93.0182495131058 18.9319129630735 50.3436482663368
537.812170586247 687.521906842824 678.175902965149 66.4854443038483 9.85386993834279 25.0732578838911 68.6901437406521 51.164398016305
61.4549358536884 395.246927108452 505.271051607397 498.273082233212 48.734353291066 7.20709442698283 18.3639283903241 88.0645916331693
121.337861382749 51.7658958842117 332.931944245496 419.554803397042 360.047729333057 30.0337414819709 4.41008488322554 83.0224485983591
155.270118191768 90.6914573006541 38.6913407135472 245.365446433625 271.238885004686 225.265246977488 21.5891714740806 65.0619977401335
117.035686049093 124.714389998422 72.844214373237 30.6896617900422 173.313961112117 187.013236389502 177.130663109199 69.5785278768267
114.434702789853 86.1783890612447 91.8325477095206 53.2960067558662 21.1987840398048 117.688702914582 135.194203878588 181.556572960936
27.3366199018431 84.2584917225934 63.4533135872068 67.6160619673584 39.2400456886471 15.6096253169593 86.69225847035 233.410220316286
35.5630721248503 20.00945168392 61.6742752080163 46.4432672674259 49.467630679756 28.6956431247968 11.4181503727754 234.441692162106
14.1541603242331 27.6483873500141 15.5562789647701 47.9009286966282 35.7493712339004 37.7359126539905 21.8763177557043 190.599107393575
44.2369978997015 10.0466076953993 19.6247954490429 11.0313273676467 33.677475004029 24.9279598436965 26.3011411076394 150.23222438732
222.045676236487 35.2812244234415 8.01267350011674 15.6370799063515 8.71572962381433 26.3935902146324 19.5346936290549 139.989167266433
1225.58410495891 175.921610181048 27.9524911942908 6.33830759392976 12.1952325825607 6.7049339423308 20.3014830843447 124.935930623181
293.54380068504 980.975345076163 140.810215761972 22.3460854968002 5.01117041152909 9.54263403315825 5.24784411034857 115.105647199534
251.220339030775 252.887630514994 845.109077524395 121.0533879176 18.8485352699639 4.1508351838278 7.90923980630087 101.949663662677
227.439240292784 178.357143282811 179.540858531712 593.892443443296 77.2438216624715 10.9328351244073 2.42459574165489 71.9053713000488
107.56752679245 179.375499103202 140.665707262259 139.563746886751 402.673094465968 48.7430038128404 7.59979578023227 56.2568573919249
26.1051952322233 89.1642134956163 148.686836769805 115.005857424102 100.409608417433 282.415240737348 39.4834326191888 52.8367567462122
21.6817156976145 20.4078544021734 69.7045270382324 116.134768219273 89.1459264251813 77.7220368749074 220.540267340273 72.2152005835299
65.4319197791284 15.8603338547062 14.9284949858612 50.5640940893399 77.8829685170268 55.427797956202 51.3820096627972 211.846139768496
14.1138677231289 50.7079490175982 12.2913251394936 11.5667817919159 39.1068358525138 60.1795719653837 42.8755979010057 204.057116593273
45.3367037042953 9.69863823771314 34.8450235573741 8.44419327125746 7.92910838868857 26.7531433589871 41.2073205556283 169.703658850428
233.039149895941 35.2515017379525 7.54116498902247 27.0907345684996 6.55857521584357 6.15253980325559 20.7584923332862 163.977468383234
12.6346422603512 196.741750217701 29.7608455610313 6.36180192181852 22.6996467702797 5.4584342228871 5.11740424896947 155.196520768543
12.9057228216217 9.73569661363202 151.600492668105 22.8420945542267 4.70945288025546 16.2070390966819 3.88765581187063 120.173226551553
44.7833132539597 10.9397862205258 8.25265203143789 128.494869025001 19.3443704277816 3.98572072427926 13.7186990495107 105.140349575189
259.800107695919 32.2658256723001 7.88198124337094 5.89038749666952 83.932664907264 11.4932593802834 2.39030686800604 80.2693773633479
63.4449911026963 188.700009997575 23.4355623673158 5.68283672966251 3.97097465202048 54.507500198039 7.74976111167959 58.8077172876494
29.2871104992358 45.911860190427 136.552442144998 16.9594536552614 4.11326883701845 2.87500102644038 39.4706492062543 48.2045576360026
50.2240210764046 23.1078129642576 36.2249009901204 107.743035466879 13.3834584383512 3.24648064526751 2.26932073529096 69.215919944245
65.0622119754259 37.8389093959273 17.4094869815862 27.0612006732026 74.3114276508767 8.46412320072724 2.04000716902507 51.3822910048812
50.6323863992471 44.0664001044283 25.6281560421883 11.701632442011 16.9614472762501 44.6277614409169 5.25154432281453 35.4392021209789
38.8160960502449 39.1820766906235 34.1009616800737 19.8327469974955 9.05679163740155 13.1305430421494 34.553183681708 31.5094897554125
25.1612707429975 28.3065852509791 28.573476135206 24.868814274101 14.4672750535988 6.60839524206427 9.58163436580807 48.2139204202217
84.3575931851036 20.4660201681316 23.0243993061718 23.2415893447612 20.2290317663865 11.7685806709315 5.37575070761064 47.0287876876457
78.6049644447501 63.42980952471 15.3887244998201 17.3120813133154 17.4723992556816 15.2050479694658 8.84563373578748 39.4147537856218
57.6389757639395 59.3526178287445 47.8942426889121 11.6194374784802 13.0696810931321 13.1887010734244 11.4770611327816 36.4465595411333
99.8368902548579 39.7774275170679 40.9600348087405 33.0524363379316 8.01868005967062 9.01946768487556 9.10162102941651 33.0844223908082
30.2480005227457 78.1570995733802 31.1396754775534 32.0633365320681 25.8577611411145 6.26946075171313 7.05149616056123 32.9998530139523
15.3398700018805 21.0507981768722 54.3926640034185 21.6424999890916 22.017173914759 17.5414268846588 4.24768797439916 27.3137900233151

