# Simulated data from SIR age-structured hybrid model
# random seed = 3413245
# Flag=0 if no issues, =1 if negative pop #'s, =2 if NaN, or=3 if NA. Flag:
0

# True SSB
70425.4197141024
75824.000705983
69700.4785552469
61622.6805008139
66996.1110812502
72488.9684635752
72220.6560087393
62962.5212271227
53026.4996580647
45927.5847954991
40308.1145104146
34053.7963457574
36817.3356025321
56600.4926275178
91917.6060739353
96533.5101831476
75373.3500059178
62166.7894555497
51128.8696800175
44755.2334754211
41624.6619354045
38730.427388947
34673.6141863285
31069.2026931725
30844.7240904047
29197.765065348
31219.9445188517
31413.4658903096
28626.520044129
31072.6273339457
63870.8115215145
102146.056278665
105790.266516888
92881.6084002596
90139.9698101543
79252.3480543293
65144.6675945744
55109.1901100323
51395.7992765854
59150.2254409497
62891.3265690863
64217.9321552268
70357.6555333674
84235.7118210454
98634.7414679448
95888.4604956352
80254.2895475206
68891.4085633728
61878.6928019365
62344.309651449

# True R (numbers)
195.847643144496
393.966007574227
429.497134553647
269.522267316012
32.8127332667489
38.5677903163089
97.2625142738093
51.0344054963589
16.6132479039707
249.452076603847
666.363869433143
1252.26008658778
45.7270589553714
29.8968941242822
39.7354549235413
16.6070624085127
136.079339164518
85.970057499304
110.164463798662
31.8199551026089
75.3768180284642
149.721422872841
59.6174267492064
214.736599093671
97.7351957841347
62.2492244762008
82.4045414821774
1155.4811297293
1086.78537309485
214.689076883417
203.773127687502
339.155225390137
65.9843674556262
45.7115491409943
64.4903497041344
158.947012452861
481.668357827161
287.626664363512
304.74681622617
379.578500152951
692.689453695619
678.27360452774
222.446530157199
19.8893405261686
128.104076161275
99.7397401702027
352.564536231662
153.419804484579
81.6855046731669
36.9448904870913

# True infection rate given (selected) susceptible
-999 -999 0.229147218541052 0.229147218541052 0.229147218541052 0.229147218541051 0.229147218541052 0.229147218541052
-999 -999 0.788463794670749 0.788463794670749 0.788463794670749 0.788463794670749 0.788463794670749 0.788463794670749
-999 -999 0.634630564174762 0.634630564174762 0.634630564174761 0.634630564174761 0.634630564174762 0.634630564174762
-999 -999 0.00414925340273501 0.00414925340273403 0.00414925340273543 0.00414925340273502 0.00414925340273508 0.00414925340273423
-999 -999 0.675177567935405 0.675177567935404 0.675177567935405 0.675177567935405 0.675177567935405 0.675177567935404
-999 -999 0.726851201647963 0.726851201647963 0.726851201647963 0.726851201647963 0.726851201647963 0.726851201647963
-999 -999 0.597341571393863 0.597341571393863 0.597341571393864 0.597341571393863 0.597341571393863 0.597341571393863
-999 -999 0.0205868752853665 0.0205868752853676 0.0205868752853676 0.0205868752853669 0.0205868752853667 0.0205868752853676
-999 -999 0.0064218488610992 0.00642184886109821 0.0064218488610991 0.0064218488610984 0.00642184886109869 0.00642184886109838
-999 -999 0.00925326875631727 0.00925326875631756 0.00925326875631706 0.0092532687563179 0.00925326875631778 0.00925326875631721
-999 -999 0.143684407903331 0.143684407903331 0.143684407903331 0.143684407903331 0.143684407903331 0.14368440790333
-999 -999 0.0157883953452724 0.0157883953452729 0.0157883953452723 0.0157883953452717 0.0157883953452726 0.0157883953452713
-999 -999 0.525034047228646 0.525034047228646 0.525034047228646 0.525034047228646 0.525034047228646 0.525034047228646
-999 -999 0.866239061581955 0.866239061581956 0.866239061581956 0.866239061581956 0.866239061581956 0.866239061581956
-999 -999 0.9338821180929 0.9338821180929 0.9338821180929 0.933882118092901 0.933882118092901 0.933882118092901
-999 -999 0.869316979299054 0.869316979299054 0.869316979299054 0.869316979299055 0.869316979299054 0.869316979299054
-999 -999 0.00200472310351221 0.00200472310351251 0.00200472310351109 0.00200472310351256 0.00200472310351251 0.00200472310351217
-999 -999 0.00150437928057488 0.00150437928057441 0.00150437928057522 0.00150437928057561 0.0015043792805748 0.00150437928057472
-999 -999 0.00204222434702036 0.00204222434702089 0.00204222434702044 0.00204222434702025 0.00204222434702054 0.00204222434702019
-999 -999 0.00296135699787152 0.002961356997871 0.0029613569978713 0.00296135699787141 0.00296135699787135 0.00296135699787158
-999 -999 0.0196289237049493 0.0196289237049489 0.0196289237049493 0.0196289237049492 0.0196289237049488 0.0196289237049498
-999 -999 0.0651526516742403 0.0651526516742412 0.0651526516742402 0.0651526516742396 0.0651526516742404 0.0651526516742403
-999 -999 0.0474475787237001 0.0474475787237002 0.0474475787236989 0.0474475787236992 0.0474475787236999 0.0474475787236998
-999 -999 0.0650080666649716 0.0650080666649723 0.0650080666649725 0.0650080666649722 0.0650080666649713 0.0650080666649722
-999 -999 0.377087423412704 0.377087423412704 0.377087423412704 0.377087423412704 0.377087423412704 0.377087423412704
-999 -999 0.120268863428273 0.120268863428273 0.120268863428274 0.120268863428274 0.120268863428273 0.120268863428273
-999 -999 0.46581852255497 0.46581852255497 0.46581852255497 0.46581852255497 0.46581852255497 0.46581852255497
-999 -999 0.391968080743896 0.391968080743895 0.391968080743896 0.391968080743895 0.391968080743896 0.391968080743896
-999 -999 0.00539995669987759 0.00539995669987695 0.00539995669987739 0.00539995669987629 0.0053999566998773 0.00539995669987782
-999 -999 0.0593377937902306 0.0593377937902301 0.0593377937902306 0.0593377937902321 0.0593377937902309 0.0593377937902302
-999 -999 0.94252028271729 0.94252028271729 0.94252028271729 0.94252028271729 0.94252028271729 0.94252028271729
-999 -999 0.932897008132991 0.932897008132991 0.932897008132991 0.93289700813299 0.93289700813299 0.932897008132991
-999 -999 0.818922034440457 0.818922034440457 0.818922034440457 0.818922034440457 0.818922034440457 0.818922034440457
-999 -999 0.0054542726343742 0.00545427263437462 0.0054542726343738 0.00545427263437405 0.00545427263437358 0.00545427263437344
-999 -999 0.501342749368722 0.501342749368722 0.501342749368722 0.501342749368722 0.501342749368722 0.501342749368722
-999 -999 0.289815576290749 0.28981557629075 0.289815576290749 0.28981557629075 0.28981557629075 0.28981557629075
-999 -999 0.00494551078771668 0.004945510787717 0.00494551078771679 0.00494551078771757 0.00494551078771643 0.00494551078771837
-999 -999 0.00549694020689535 0.00549694020689478 0.00549694020689454 0.0054969402068942 0.00549694020689357 0.00549694020689368
-999 -999 0.109038960339125 0.109038960339124 0.109038960339124 0.109038960339125 0.109038960339124 0.109038960339124
-999 -999 0.778541956829358 0.778541956829358 0.778541956829358 0.778541956829358 0.778541956829358 0.778541956829358
-999 -999 0.707058513769445 0.707058513769445 0.707058513769445 0.707058513769445 0.707058513769445 0.707058513769444
-999 -999 0.496420699331565 0.496420699331566 0.496420699331565 0.496420699331565 0.496420699331565 0.496420699331566
-999 -999 0.665712631877008 0.665712631877007 0.665712631877007 0.665712631877008 0.665712631877008 0.665712631877008
-999 -999 0.826032821754571 0.826032821754571 0.826032821754571 0.826032821754571 0.826032821754572 0.826032821754571
-999 -999 0.841112680750557 0.841112680750557 0.841112680750557 0.841112680750557 0.841112680750557 0.841112680750557
-999 -999 0.671571398753847 0.671571398753848 0.671571398753848 0.671571398753848 0.671571398753848 0.671571398753848
-999 -999 0.00354313663979074 0.00354313663978929 0.00354313663979024 0.00354313663979013 0.0035431366397905 0.00354313663979006
-999 -999 0.00324835190899589 0.00324835190899569 0.00324835190899624 0.00324835190899659 0.00324835190899569 0.00324835190899618
-999 -999 0.0165155731758082 0.0165155731758077 0.0165155731758083 0.0165155731758079 0.0165155731758091 0.0165155731758082
-999 -999 0.634106930683473 0.634106930683472 0.634106930683472 0.634106930683472 0.634106930683472 0.634106930683472

# Duration of outbreak (days) based on incidence
0
0
0
0
0
0
0
0
0
0
0
0
0
0
2
0
0
0
0
0
0
0
0
0
0
0
0
0
0
0
3
1
0
0
0
0
0
0
0
0
0
0
0
0
0
0
0
0
0
0

# Duration of outbreak (days) based on prevalence
0
20
0
0
6
13
0
0
0
0
0
0
0
26
23
16
0
0
0
0
0
0
0
0
0
0
0
0
0
0
27
23
13
0
0
0
0
0
0
23
10
0
0
20
19
0
0
0
0
0

# Peak (point) prevalence
0.0182494206332173
0.172677981219014
0.0609210397933622
0.000134043594663786
0.103094677424349
0.118681487912079
0.0596548095240227
0.00113231905493469
0.000274965644549484
0.000463507965272323
0.0133172943388382
0.00102405918779011
0.0750992377909453
0.312213106933106
0.391459070327849
0.169210483108924
1.83955563694753e-05
1.8328930395639e-05
3.25166114897762e-05
7.97914711615538e-05
0.0014767230855548
0.00797976907020823
0.00636931691962161
0.00884383320391488
0.0512115439970709
0.0173208848594369
0.0677407814768802
0.0465944371546437
0.00034391398791735
0.0107524852346074
0.546925632824545
0.388087004244771
0.135516951667679
0.000136428850187389
0.041850320824875
0.01889992749743
0.000150670042390075
0.000193798738271228
0.0102942685030238
0.191465853600631
0.110656591135834
0.0451526509333423
0.0960195309490793
0.193386502092161
0.187287113508571
0.0669839776085434
7.24563082784696e-05
9.10840747801826e-05
0.000947798496241621
0.0916516933825237

# Day of peak prevalence
110
36
57
119
57
46
65
119
119
119
119
119
78
28
17
23
57
57
57
79
119
119
119
119
98
119
90
98
119
119
17
16
30
114
82
107
115
106
119
39
48
82
57
33
29
51
99
105
119
58

# Total immunity
0.247191823134689
0.187855023944985
0.2217451323475
0.221785682509824
0.215010683439104
0.315851598470848
0.422615284496514
0.513505847867721
0.498024830635091
0.290647759853697
0.119965466161614
0.0539654650806469
0.0530608202067502
0.0860871393355156
0.218077269369621
0.541277928139012
0.649892172118187
0.555202562397928
0.447816825618548
0.418067232282389
0.347642490423548
0.245373925338569
0.223708435163976
0.143963838931006
0.125969223857158
0.172489840898827
0.158204546452362
0.0603858262206844
0.0426583463692775
0.0381239035314464
0.0362693156418688
0.156796990564778
0.359789706422209
0.4909031856567
0.451485753786517
0.452282150241556
0.274488316343202
0.20352213394352
0.150715804689336
0.113792383492746
0.132042666033582
0.128094720431709
0.141657314357568
0.206584825243204
0.316521525773631
0.467685099983
0.395510947995875
0.331206927173057
0.29829540416395
0.284154129428467

# Observed immunity (based on survey selectivity)
0.586987155587073
0.45796587110056
0.653353133645132
0.719974149026212
0.507040233484358
0.525884700412512
0.611948003881188
0.721371821952759
0.685325667874885
0.616431065444312
0.549557792619173
0.548836891615077
0.377570881068244
0.285242828840403
0.332770531088774
0.610313893759977
0.89918535589926
0.866117956570294
0.82528886435392
0.721211623986679
0.598267356300865
0.503869408177708
0.462373044940817
0.416566239644532
0.342344104551896
0.429011527236428
0.344367694798901
0.440508926235224
0.52522573072465
0.364001433838214
0.137230664060377
0.334538054446532
0.616241890314375
0.773492483213681
0.627893917724813
0.686219684521324
0.725696202675061
0.669429087441763
0.546674343102117
0.378102264176788
0.521590952357286
0.586618539421814
0.519806223623851
0.474796378018535
0.518263056292911
0.667865664054146
0.80139826483065
0.735407016344495
0.633663446719355
0.480941255417584

# True total proportion of susceptible
1 1 1 0.998520653989933 0.982877250210961 0.948812665916639 0.924053349522722 0.141736752953105
1 1 1 0.991473929818225 0.910445092950335 0.811428321164249 0.771848258761501 0.178349702249337
1 1 1 0.971490522267096 0.672907138874452 0.27013644227978 0.196152635027629 0.0463320860854132
1 1 1 0.976781412769435 0.721364497769341 0.289002699988416 0.097660237916853 0.0164517152132692
1 1 1 0.999848013042245 0.975273788355045 0.719023381869164 0.28785489856554 0.0318494434069375
1 1 1 0.975276182114956 0.726453460154017 0.406079687428395 0.254267978762661 0.0395260657048304
1 1 1 0.973556128873023 0.685773847847905 0.248823063529122 0.112563297980997 0.0125126252405325
1 1 1 0.978040346731141 0.737870433815201 0.319241341798429 0.0985286186347142 0.0113652231849472
1 1 1 0.999237977950496 0.9704900089297 0.72592775847048 0.312938762833681 0.0376061677341395
1 1 1 0.999764037191753 0.996877677203868 0.966077481493353 0.72209371940523 0.124299604182776
1 1 1 0.999660233128301 0.996363303198435 0.99042046785128 0.959402906982734 0.25869211114532
1 1 1 0.994659102618334 0.945147315523915 0.890796382023819 0.879447178106384 0.244960804075032
1 1 1 0.999419138878058 0.988855147648054 0.934428541087452 0.879921053820045 0.274387463394356
1 1 1 0.980573826277439 0.789445707072526 0.558113035247684 0.496399033624729 0.173499104672333
1 1 1 0.968816435082332 0.630873646360482 0.161142964499478 0.0782810936580988 0.0252916388853583
1 1 1 0.966596557823904 0.5939810377111 0.079662160895651 0.00974116028959867 0.00156581747078888
1 1 1 0.96880170416429 0.62036810294008 0.113948103815047 0.00968988588338056 0.000548698717770789
1 1 1 0.999927070228642 0.968075319921214 0.619359795442446 0.113718452777684 0.00566131541262323
1 1 1 0.999945274321884 0.999379863510025 0.967054003826881 0.618570783249241 0.0685265375694826
1 1 1 0.999925705428124 0.999202347555697 0.997968798958873 0.965596716409428 0.0856308096207537
1 1 1 0.999892033358787 0.99884593910132 0.997151429617123 0.995811459662782 0.111153950346769
1 1 1 0.999274230723734 0.992616475578877 0.984995847363102 0.982582590169717 0.15087288479644
1 1 1 0.997575540520762 0.974816702072551 0.945901283226454 0.935997507265206 0.160477455239662
1 1 1 0.998234832407137 0.979831498633147 0.941340405643161 0.911277466264233 0.306100570846596
1 1 1 0.997583594677678 0.973873666992248 0.933632711666691 0.893842427900959 0.36850138373189
1 1 1 0.985954048967279 0.849289929144099 0.680029288513448 0.631675045517264 0.298227034708531
1 1 1 0.995516202565871 0.940711167934709 0.769948730453299 0.608933763842595 0.281919022127935
1 1 1 0.982671284478224 0.810319179097227 0.57741463690429 0.441418377164185 0.178953862936028
1 1 1 0.985387024465262 0.82951189525749 0.542770341428082 0.363789501622147 0.154081242323199
1 1 1 0.999801634601564 0.983414213116029 0.826148362561949 0.540191383468411 0.180368267961535
1 1 1 0.997786418507945 0.977483192504041 0.941067338043971 0.786262077334756 0.302287425000215
1 1 1 0.966264073077963 0.610298124434547 0.12790933755863 0.0624467773188034 0.0218630349736
1 1 1 0.966646169664364 0.592801220864442 0.0774868032183298 0.00783909379318915 0.00160606371973296
1 1 1 0.970502623095509 0.641622168775274 0.143727689569644 0.0131568289620362 0.000449629956223719
1 1 1 0.999800372451528 0.96852989712314 0.638803136497238 0.142942070415867 0.0100475304044542
1 1 1 0.981413090696862 0.799553958544273 0.565856413398602 0.335868926726477 0.0358396384204083
1 1 1 0.98918947878053 0.8699070446898 0.608574725356452 0.413332545392387 0.0495927804308151
1 1 1 0.999818988357365 0.98738621854127 0.866741432881391 0.605998607215811 0.0961062889729808
1 1 1 0.999798992893043 0.997808111781396 0.983590783941852 0.863053690847099 0.211361927164282
1 1 1 0.995950192098342 0.95867105669339 0.918516689926775 0.900707102614862 0.223023819279553
1 1 1 0.971802768903016 0.680293419814845 0.29779847789643 0.23904890364054 0.0557237714781256
1 1 1 0.974255398350906 0.691484741454068 0.24402867525293 0.086470226944606 0.0189964392863374
1 1 1 0.981599434985807 0.779521412385281 0.38849410597674 0.12120304033185 0.0149733316160375
1 1 1 0.975626682374154 0.715874544250186 0.317262203063549 0.130932148860866 0.0185848680723526
1 1 1 0.97018271375182 0.64441944590349 0.172781487478892 0.054371031752103 0.0073523818198975
1 1 1 0.969707613076665 0.634385995575107 0.143167351306987 0.0260981689037071 0.00275593452807332
1 1 1 0.975510004306201 0.704835849133295 0.247633014973537 0.0452354010727793 0.00287551789803159
1 1 1 0.999870552490513 0.974225471486801 0.702874110846939 0.246783999032268 0.0197740294156489
1 1 1 0.999881240285485 0.99868281656112 0.972001246864353 0.700990430137754 0.0987446920416904
1 1 1 0.999391411564029 0.993783186724545 0.987080608394357 0.959976804754638 0.184338715156962

# True vulnerable proportion of susceptible
0 0 0.05 0.499260326994966 0.933733387700413 0.948812665916639 0.924053349522722 0.141736752953105
0 0 0.05 0.495736964909113 0.864922838302819 0.811428321164249 0.771848258761501 0.178349702249337
0 0 0.05 0.485745261133548 0.639261781930729 0.27013644227978 0.196152635027629 0.0463320860854132
0 0 0.05 0.488390706384718 0.685296272880874 0.289002699988416 0.097660237916853 0.0164517152132692
0 0 0.05 0.499924006521122 0.926510098937293 0.719023381869164 0.28785489856554 0.0318494434069375
0 0 0.05 0.487638091057478 0.690130787146316 0.406079687428395 0.254267978762661 0.0395260657048304
0 0 0.05 0.486778064436512 0.65148515545551 0.248823063529122 0.112563297980997 0.0125126252405325
0 0 0.05 0.48902017336557 0.700976912124441 0.319241341798429 0.0985286186347142 0.0113652231849472
0 0 0.05 0.499618988975248 0.921965508483215 0.72592775847048 0.312938762833681 0.0376061677341395
0 0 0.05 0.499882018595876 0.947033793343675 0.966077481493353 0.72209371940523 0.124299604182776
0 0 0.05 0.49983011656415 0.946545138038513 0.99042046785128 0.959402906982734 0.25869211114532
0 0 0.05 0.497329551309167 0.89788994974772 0.890796382023819 0.879447178106384 0.244960804075032
0 0 0.05 0.499709569439029 0.939412390265651 0.934428541087452 0.879921053820045 0.274387463394356
0 0 0.05 0.490286913138719 0.749973421718899 0.558113035247684 0.496399033624729 0.173499104672333
0 0 0.05 0.484408217541166 0.599329964042458 0.161142964499478 0.0782810936580988 0.0252916388853583
0 0 0.05 0.483298278911952 0.564281985825545 0.079662160895651 0.00974116028959867 0.00156581747078888
0 0 0.05 0.484400852082145 0.589349697793076 0.113948103815047 0.00968988588338056 0.000548698717770789
0 0 0.05 0.499963535114321 0.919671553925154 0.619359795442446 0.113718452777684 0.00566131541262323
0 0 0.05 0.499972637160942 0.949410870334523 0.967054003826881 0.618570783249241 0.0685265375694826
0 0 0.05 0.499962852714062 0.949242230177912 0.997968798958873 0.965596716409428 0.0856308096207537
0 0 0.05 0.499946016679393 0.948903642146254 0.997151429617123 0.995811459662782 0.111153950346769
0 0 0.05 0.499637115361867 0.942985651799933 0.984995847363102 0.982582590169717 0.15087288479644
0 0 0.05 0.498787770260381 0.926075866968924 0.945901283226454 0.935997507265206 0.160477455239662
0 0 0.05 0.499117416203568 0.930839923701489 0.941340405643161 0.911277466264233 0.306100570846596
0 0 0.05 0.498791797338839 0.925179983642635 0.933632711666691 0.893842427900959 0.36850138373189
0 0 0.05 0.49297702448364 0.806825432686894 0.680029288513448 0.631675045517264 0.298227034708531
0 0 0.05 0.497758101282936 0.893675609537974 0.769948730453299 0.608933763842595 0.281919022127935
0 0 0.05 0.491335642239112 0.769803220142366 0.57741463690429 0.441418377164185 0.178953862936028
0 0 0.05 0.492693512232631 0.788036300494616 0.542770341428082 0.363789501622147 0.154081242323199
0 0 0.05 0.499900817300782 0.934243502460227 0.826148362561949 0.540191383468411 0.180368267961535
0 0 0.05 0.498893209253973 0.928609032878839 0.941067338043971 0.786262077334756 0.302287425000215
0 0 0.05 0.483132036538982 0.579783218212819 0.12790933755863 0.0624467773188034 0.0218630349736
0 0 0.05 0.483323084832182 0.56316115982122 0.0774868032183298 0.00783909379318915 0.00160606371973296
0 0 0.05 0.485251311547754 0.60954106033651 0.143727689569644 0.0131568289620362 0.000449629956223719
0 0 0.05 0.499900186225764 0.920103402266983 0.638803136497238 0.142942070415867 0.0100475304044542
0 0 0.05 0.490706545348431 0.759576260617059 0.565856413398602 0.335868926726477 0.0358396384204083
0 0 0.05 0.494594739390265 0.82641169245531 0.608574725356452 0.413332545392387 0.0495927804308151
0 0 0.05 0.499909494178682 0.938016907614207 0.866741432881391 0.605998607215811 0.0961062889729808
0 0 0.05 0.499899496446521 0.947917706192327 0.983590783941852 0.863053690847099 0.211361927164282
0 0 0.05 0.497975096049171 0.910737503858721 0.918516689926775 0.900707102614862 0.223023819279553
0 0 0.05 0.485901384451508 0.646278748824102 0.29779847789643 0.23904890364054 0.0557237714781256
0 0 0.05 0.487127699175453 0.656910504381364 0.24402867525293 0.086470226944606 0.0189964392863374
0 0 0.05 0.490799717492904 0.740545341766017 0.38849410597674 0.12120304033185 0.0149733316160375
0 0 0.05 0.487813341187077 0.680080817037676 0.317262203063549 0.130932148860866 0.0185848680723526
0 0 0.05 0.48509135687591 0.612198473608316 0.172781487478892 0.054371031752103 0.0073523818198975
0 0 0.05 0.484853806538332 0.602666695796351 0.143167351306987 0.0260981689037071 0.00275593452807332
0 0 0.05 0.487755002153101 0.669594056676631 0.247633014973537 0.0452354010727793 0.00287551789803159
0 0 0.05 0.499935276245256 0.92551419791246 0.702874110846939 0.246783999032268 0.0197740294156489
0 0 0.05 0.499940620142742 0.948748675733064 0.972001246864353 0.700990430137754 0.0987446920416904
0 0 0.05 0.499695705782014 0.944094027388318 0.987080608394357 0.959976804754638 0.184338715156962

# True survival by age
0.778267540515681 0.778267540515681 0.775439475364475 0.750029514722848 0.725463494009083 0.7246287550705 0.726042376988877 0.770708387569582
0.778267540515681 0.778267540515681 0.768829927493477 0.684700614266856 0.615059154163832 0.625209165151548 0.632701097172216 0.745041769971272
0.778267540515681 0.778267540515681 0.770568907367099 0.703491251599869 0.680013121449044 0.737063107441027 0.748494042574882 0.771642202155803
0.778267540515681 0.778267540515681 0.778243129871056 0.778041483015048 0.77808155034741 0.778505579688951 0.778701027489307 0.778783978377264
0.778267540515681 0.778267540515681 0.77007337655412 0.696338436006508 0.626441212329295 0.660581459540997 0.731472681869925 0.773564208365582
0.778267540515681 0.778267540515681 0.769507904554502 0.692850081138161 0.657507517951623 0.707442039439008 0.734119297953653 0.771855027160067
0.778267540515681 0.778267540515681 0.770983845864226 0.70737078582547 0.68353072042626 0.74242107568537 0.76234322570162 0.776971347976335
0.778267540515681 0.778267540515681 0.778038204817489 0.776036254679543 0.77519213856432 0.77716628128215 0.778296320828059 0.778742593622857
0.778267540515681 0.778267540515681 0.778214914012049 0.777742082847506 0.77731288007512 0.77764962670185 0.778304533346945 0.778741148239951
0.778267540515681 0.778267540515681 0.778180038707329 0.777392854729301 0.776611862081319 0.776594958913379 0.777152041846052 0.778516972429925
0.778267540515681 0.778267540515681 0.776503491803356 0.760633228223715 0.744874445118897 0.743329649710425 0.744440519360047 0.769535927717821
0.778267540515681 0.778267540515681 0.778099049743059 0.776594479702503 0.775271066874105 0.775323953118919 0.775368249720155 0.777844686843374
0.778267540515681 0.778267540515681 0.771820224355652 0.713832138608243 0.657139709731409 0.657811381341106 0.664868987122957 0.743273213462127
0.778267540515681 0.778267540515681 0.767954006220611 0.677146081516606 0.62368228491919 0.663380814859059 0.676143512835494 0.742920486641371
0.778267540515681 0.778267540515681 0.767228380192958 0.671334969417913 0.646142383210358 0.743137194385405 0.761475889398358 0.773203327363646
0.778267540515681 0.778267540515681 0.767949186503719 0.678548497948853 0.662034821258391 0.762318656267547 0.776785333863085 0.778476814931256
0.778267540515681 0.778267540515681 0.778269694930359 0.778305048780807 0.778495370471497 0.778744930922652 0.778796033532535 0.778800514124384
0.778267540515681 0.778267540515681 0.778275812187336 0.778350290088976 0.778436708536164 0.778572976888451 0.778758956387059 0.778798700787946
0.778267540515681 0.778267540515681 0.778269236310156 0.778284526714457 0.778300071313018 0.778317907219618 0.778491914184381 0.778766565943849
0.778267540515681 0.778267540515681 0.778257921500792 0.778171397130224 0.778085350355001 0.778076634103795 0.778100124026708 0.778738647398975
0.778267540515681 0.778267540515681 0.778050379955624 0.776096226948484 0.774146866982696 0.77393822023629 0.773944754537808 0.778258745972643
0.778267540515681 0.778267540515681 0.777480300598104 0.770401241896434 0.763424358789143 0.762766980374559 0.762806263473873 0.77634486808089
0.778267540515681 0.778267540515681 0.777701459313855 0.77262174573175 0.767796286526719 0.767587249549329 0.767704657492108 0.776898344248473
0.778267540515681 0.778267540515681 0.777483001596981 0.770436941017911 0.763672692274433 0.763528456628265 0.764016198385957 0.77383460100339
0.778267540515681 0.778267540515681 0.773602431797647 0.731730469800851 0.69196016803944 0.691192968325379 0.694926706191758 0.744222302094653
0.778267540515681 0.778267540515681 0.776790307357678 0.763710190280492 0.754510519901338 0.758346926247529 0.759801320609326 0.769830738439543
0.778267540515681 0.778267540515681 0.772514033256439 0.720992834485727 0.675463773706334 0.689792101444458 0.708405977061588 0.746209989044906
0.778267540515681 0.778267540515681 0.773414216108089 0.730584555628254 0.703646591254194 0.72244527000294 0.735718468330808 0.761334934239767
0.778267540515681 0.778267540515681 0.77822754647681 0.777881236706513 0.777728116939708 0.778077203264713 0.778315806798441 0.778595373772062
0.778267540515681 0.778267540515681 0.777551025696543 0.771103919418652 0.764888398479152 0.766521294715505 0.77077162740899 0.776119872297289
0.778267540515681 0.778267540515681 0.767119816750322 0.667038247187999 0.571242007744648 0.568483791336641 0.603080865765715 0.711243256319451
0.778267540515681 0.778267540515681 0.767244582163886 0.671774643603832 0.650656820791185 0.750533790355051 0.765000519280487 0.773969218291599
0.778267540515681 0.778267540515681 0.768506099610314 0.683926731581636 0.668539388597502 0.763631806799189 0.777266185916715 0.77848637672807
0.778267540515681 0.778267540515681 0.778227122396639 0.777891010866824 0.77796591276357 0.778607957293555 0.778783131804716 0.778800179845632
0.778267540515681 0.778267540515681 0.772097691292891 0.716581471456435 0.664746336486505 0.69963376534963 0.761085939835267 0.777555590347471
0.778267540515681 0.778267540515681 0.77467814161411 0.743050621149353 0.723845982964744 0.737877356577352 0.754510332333249 0.776208816675434
0.778267540515681 0.778267540515681 0.778233377354809 0.777935366752688 0.777772254903748 0.778060448404615 0.778297961643703 0.7787404531677
0.778267540515681 0.778267540515681 0.778226658867966 0.777858894562191 0.777507313185401 0.777629923296214 0.777982154393816 0.77867095543927
0.778267540515681 0.778267540515681 0.776935616220464 0.764951082011546 0.753017616868875 0.752074921374312 0.755350122537249 0.773057714179698
0.778267540515681 0.778267540515681 0.768932336981312 0.685295722512278 0.608251179568951 0.606820185880568 0.610154805158819 0.737042402360283
0.778267540515681 0.778267540515681 0.769737691012542 0.695389262824492 0.668184812378649 0.72783846027555 0.737892288584197 0.769264761095969
0.778267540515681 0.778267540515681 0.772159325140761 0.718771650599806 0.698181037124458 0.748859062474916 0.768191098072675 0.776469966511215
0.778267540515681 0.778267540515681 0.770188706375387 0.698975562205431 0.658730249291325 0.71582203254809 0.759152567249605 0.776373457400711
0.778267540515681 0.778267540515681 0.768401293560765 0.682022799564776 0.644222142495955 0.716027860465692 0.752894786177733 0.775123614868325
0.778267540515681 0.778267540515681 0.76824569775277 0.681053254276459 0.655750014355185 0.744076870632333 0.767873831501937 0.777323174177891
0.778267540515681 0.778267540515681 0.770150310383569 0.699570295143464 0.680622816207043 0.755481993387821 0.774549969556753 0.778351902393962
0.778267540515681 0.778267540515681 0.77825070346678 0.778116352527116 0.778199454844326 0.778585346425964 0.778761429017324 0.778798281418179
0.778267540515681 0.778267540515681 0.778254294779158 0.778135169323649 0.778036102246862 0.778239778978562 0.778603810624461 0.778785000285744
0.778267540515681 0.778267540515681 0.778089736597447 0.776489775820498 0.774894418254647 0.774825958037941 0.775934208240435 0.778396984336456
0.778267540515681 0.778267540515681 0.770571328319432 0.701352581335885 0.632951896225257 0.626338793344981 0.630525178729238 0.750328288467177

# True Numbers-at-age
195.847643144496 40.1610848731402 327.563308404225 110.205397687262 3.92005122726725 30.4169564531482 38.1975607107584 294.227685690875
393.966007574227 152.421863545859 31.2560687486604 254.005520017624 82.6573009472159 2.8438540600279 22.0410012876783 254.496792990761
429.497134553647 306.610955761576 118.624988862653 24.0306010697637 173.917735583239 50.8391296060599 1.77800362268288 203.556106799337
269.522267316012 334.263678567599 238.625354435724 91.4087280543287 16.9053176232652 118.266342249308 37.4716468470397 158.403307632157
32.8127332667489 209.760432098242 260.14657100253 185.708542702648 71.1197823359091 13.1537157454256 92.0710073304894 152.541168007395
38.5677903163089 25.5370852171097 163.249735586606 200.331948330894 129.31599617861 44.5523626671025 8.68910074550063 185.3478145273
97.2625142738093 30.0160593125982 19.8746845038593 125.621961950325 138.800006655626 85.0262396788391 31.5182143070413 149.440478955164
51.0344054963589 75.6962577682488 23.3605246571886 15.3230606941236 88.8613059417389 94.8740685444897 63.1252723238458 140.138667539208
16.6132479039707 39.7184212473312 58.911940359536 18.1753806678737 11.891250631295 68.8845857885949 73.7329270408289 158.262116627252
249.452076603847 12.9295515862006 30.9115580173262 45.8461506011792 14.1357584171784 9.24322227590699 53.5680724240124 180.631893798008
666.363869433143 194.140454135005 10.0626503129629 24.0547574144267 35.6404698942002 10.9779976662966 7.17823982358522 182.255531945987
1252.26008658778 518.609369752244 151.093213754248 7.81368310481186 18.2968477862737 26.5476752362191 8.16027115981011 145.595952440121
45.7270589553714 974.593377674624 403.616838685466 117.565486044805 6.0680631653416 14.1850167036975 20.5830485102627 119.578253197873
29.8968941242822 35.5878857082125 758.4943910457 311.519638987935 83.9220223298809 3.98756526710443 9.33106543220594 102.564343129492
39.7354549235413 23.2677822591628 27.6968962822837 582.488806299408 210.944302856148 52.3406786417394 2.64527429619542 82.506291069644
16.6070624085127 30.9248147746162 18.108559672093 21.2498448710289 391.04510496329 136.300054572119 38.8963050780503 65.8084513808802
136.079339164518 12.9247376158636 24.0677795355435 13.9064536689379 14.4190503188828 258.88547616834 103.904074450611 81.4444329526398
85.970057499304 105.906132606568 10.0589037561087 18.7312234367786 10.8234631011707 11.2251639198458 201.605752255592 144.34904730609
110.164463798662 66.907705207975 82.4233053492415 7.82860149049972 14.579453195738 8.42538099143797 8.73960928913517 269.421135730154
31.8199551026089 85.7374262928136 52.0720951737589 64.147522908313 6.09287940586967 11.3471894619477 6.55762490078395 216.619887829986
75.3768180284642 24.7644381970268 66.7266558910525 40.525520558121 49.917767524005 4.74078020718687 8.82898298309034 173.792767197061
149.721422872841 58.6633307789108 19.2733584078526 51.9166999692015 31.4517036002809 38.643683335479 3.66907099608164 142.088886125567
59.6174267492064 116.523323541754 45.6557661637608 14.9846564884723 39.9966901314374 24.0109966538707 29.476125648354 113.108767891855
214.736599093671 46.3983080879786 90.6863204255539 35.5065559716489 11.577471455314 30.7093101562775 18.4305348804827 110.502973440231
97.7351957841347 167.122524835333 36.11029711972 70.5070726082453 27.3555623688784 8.84139879601007 23.4474321877413 99.5922515554155
62.2492244762008 76.0641304447371 130.066036368366 27.9350136647509 51.592173363914 18.9289595335825 6.11111267796263 90.4130215422427
82.4045414821774 48.4465508321013 59.1982437226894 101.034036367378 21.3342546013951 38.9268375476467 14.3547182793561 74.2459546215234
1155.4811297293 64.1327798266566 37.7043779625674 45.7314740199125 72.8448162600497 14.41051612227 26.8514250745783 65.5720412128867
1086.78537309485 899.273456946699 49.9124608221257 29.1611019257622 33.4107086250628 51.2570066519221 10.4108092108351 69.6773750131486
214.689076883417 845.809779386943 699.875341588941 38.8432519242228 22.6838740297366 25.9844475045914 39.8819083834483 62.3533792121744
203.773127687502 167.085539841639 658.266296747586 544.1887897122 29.9521838017343 17.350632077908 19.9176323436864 79.1335401403439
339.155225390137 158.59001090854 130.037252148287 504.969120933921 362.994736428984 17.1099456112394 9.86355310573628 68.2951397313378
65.9843674556262 263.953503117423 123.425457740144 99.7703771902523 339.225451246325 236.185001168817 12.8415923323723 60.403959158818
45.7115491409943 51.3534913721731 205.426443681695 94.853217120496 68.2356279803963 226.78557577293 180.358379181412 57.0049947988589
64.4903497041344 35.5758149231233 39.9667554271144 159.868430130581 73.785464949833 53.0849926047643 176.577053896204 184.855563587573
158.947012452861 50.1907458512328 27.6875019820602 30.8582395937427 114.558754902402 49.0486175113549 37.1400532596286 278.125789892285
481.668357827161 123.703300454003 39.0618283302866 21.4489025813994 22.929234097706 82.9228945495463 36.1918642330522 243.906244187008
287.626664363512 374.866848190371 96.2742633980093 30.3992185871327 16.6858598961036 17.8337221073887 64.5190245162287 218.107713289293
304.74681622617 223.85049666092 291.746699961985 74.9231983392073 23.6463025657415 12.9733780960075 13.8680359544547 220.028791188171
379.578500152951 237.174555144326 174.215575479508 226.668402115252 57.3125816373423 17.806082405815 9.75695231151409 180.570177027198
692.689453695619 295.413625746668 184.585257705075 133.959989592002 155.334886398275 34.8604453850553 10.8050902353014 139.041128407323
678.27360452774 539.09771746884 229.910835944679 142.082230060859 93.1543384103587 103.79241192389 25.3727728935785 114.932433188859
222.446530157199 527.87832999251 419.562254672092 177.527795925592 102.124679021745 65.038592603987 77.7258882853349 108.732720819472
19.8893405261686 173.122913921691 410.830569574796 323.142110169839 124.087590964181 67.2726152707908 46.5560575518532 143.423006028768
128.104076161275 15.4792281337801 134.735944424742 315.682741095579 220.390286635303 79.9399737081067 48.169066780276 146.222371884081
99.7397401702027 99.6992442840691 12.0469808087582 103.510309636965 214.996758142057 144.520933624843 59.481485475159 150.649804117197
352.564536231662 77.6242022739367 77.5926856402345 9.27798600904999 72.4127378631226 146.331699002031 109.182963021165 163.329944393873
153.419804484579 274.389534486067 60.4123969882284 60.3865621833892 7.2193526321596 56.3515531288671 113.931716560596 212.228560304783
81.6855046731669 119.40165390261 213.548468147714 47.0162074139922 46.9889077894446 5.61691698267108 43.8550202521082 253.98808806267
36.9448904870913 63.5731768177678 92.9264315162889 166.159871331843 36.5076043548209 36.4114423659229 4.3521330823177 231.732172222052

