# Simulated data from SIR age-structured hybrid model
# random seed = 5540522
# Flag=0 if no issues, =1 if negative pop #'s, =2 if NaN, or=3 if NA. Flag:
0

# Number of years (nyr)
50

# Starting age
0

# Ending age
8

# Sample size for comp data
200

# Sample size for fishery age comp data
200

# Sample size for antibody prevalence data
200

# Survey data
11923.3996423962
18340.4037620681
21047.035891541
20374.7816373546
12363.7413406949
44217.2998922192
28156.2763685137
58387.4289655676
21178.3748195234
26542.4709572064
21425.7016042307
15467.9074047629
16777.8382835831
13387.5500158414
32623.5497723199
45485.4307703281
32998.8738631479
22756.06535968
27771.1934944277
29117.4024053968
28361.9631536215
22624.2389143362
29607.8554319221
20942.8787597664
16594.0606338071
18419.8219490935
13329.7504321817
23627.580337222
17112.7342321752
19185.1422841995
22615.322060752
16550.8760219473
12384.2686556022
7605.53250200226
15355.3859396189
7335.07289911504
7358.39490731267
10379.7610312408
7576.1598495707
8787.61846136202
4209.76187574655
11709.2097788803
16529.8594097965
10777.9373615339
20559.196218932
11995.2860790591
16407.5654403835
15260.533725488
15713.1305999688
12654.5414733618

# Catches
0
0
0
0
0
0
0
0
0
0
0
0
0
0
0
0
0
0
0
0
0
0
0
0
0
0
0
0
0
0
0
0
0
0
0
0
0
0
0
0
0
0
0
0
0
0
0
0
0
0

# Catch compositions
-999 -999 -999 -999 -999 -999 -999 -999
-999 -999 -999 -999 -999 -999 -999 -999
-999 -999 -999 -999 -999 -999 -999 -999
-999 -999 -999 -999 -999 -999 -999 -999
-999 -999 -999 -999 -999 -999 -999 -999
-999 -999 -999 -999 -999 -999 -999 -999
-999 -999 -999 -999 -999 -999 -999 -999
-999 -999 -999 -999 -999 -999 -999 -999
-999 -999 -999 -999 -999 -999 -999 -999
-999 -999 -999 -999 -999 -999 -999 -999
-999 -999 -999 -999 -999 -999 -999 -999
-999 -999 -999 -999 -999 -999 -999 -999
-999 -999 -999 -999 -999 -999 -999 -999
-999 -999 -999 -999 -999 -999 -999 -999
-999 -999 -999 -999 -999 -999 -999 -999
-999 -999 -999 -999 -999 -999 -999 -999
-999 -999 -999 -999 -999 -999 -999 -999
-999 -999 -999 -999 -999 -999 -999 -999
-999 -999 -999 -999 -999 -999 -999 -999
-999 -999 -999 -999 -999 -999 -999 -999
-999 -999 -999 -999 -999 -999 -999 -999
-999 -999 -999 -999 -999 -999 -999 -999
-999 -999 -999 -999 -999 -999 -999 -999
-999 -999 -999 -999 -999 -999 -999 -999
-999 -999 -999 -999 -999 -999 -999 -999
-999 -999 -999 -999 -999 -999 -999 -999
-999 -999 -999 -999 -999 -999 -999 -999
-999 -999 -999 -999 -999 -999 -999 -999
-999 -999 -999 -999 -999 -999 -999 -999
-999 -999 -999 -999 -999 -999 -999 -999
-999 -999 -999 -999 -999 -999 -999 -999
-999 -999 -999 -999 -999 -999 -999 -999
-999 -999 -999 -999 -999 -999 -999 -999
-999 -999 -999 -999 -999 -999 -999 -999
-999 -999 -999 -999 -999 -999 -999 -999
-999 -999 -999 -999 -999 -999 -999 -999
-999 -999 -999 -999 -999 -999 -999 -999
-999 -999 -999 -999 -999 -999 -999 -999
-999 -999 -999 -999 -999 -999 -999 -999
-999 -999 -999 -999 -999 -999 -999 -999
-999 -999 -999 -999 -999 -999 -999 -999
-999 -999 -999 -999 -999 -999 -999 -999
-999 -999 -999 -999 -999 -999 -999 -999
-999 -999 -999 -999 -999 -999 -999 -999
-999 -999 -999 -999 -999 -999 -999 -999
-999 -999 -999 -999 -999 -999 -999 -999
-999 -999 -999 -999 -999 -999 -999 -999
-999 -999 -999 -999 -999 -999 -999 -999
-999 -999 -999 -999 -999 -999 -999 -999
-999 -999 -999 -999 -999 -999 -999 -999

# Age composition from fishery-independent survey
0 0 5 42 70 29 16 38
0 0 2 61 48 42 16 31
0 0 1 45 69 24 20 41
0 0 4 20 60 33 25 58
0 0 33 17 23 49 29 49
0 0 16 120 28 3 13 20
0 0 0 93 88 1 3 15
0 0 0 23 111 48 3 15
0 0 0 20 29 77 51 23
0 0 4 20 30 31 64 51
0 0 7 12 28 23 26 104
0 0 7 41 15 23 17 97
0 0 8 49 50 13 13 67
0 0 40 38 41 26 6 49
0 0 10 139 19 12 2 18
0 0 2 60 108 14 7 9
0 0 2 17 87 84 2 8
0 0 1 14 20 60 73 32
0 0 4 17 20 20 58 81
0 0 0 40 16 15 19 110
0 0 2 31 39 11 14 103
0 0 2 30 46 21 4 97
0 0 1 17 47 30 23 82
0 0 0 9 42 34 27 88
0 0 3 15 20 35 23 104
0 0 5 31 12 11 26 115
0 0 14 32 42 13 15 84
0 0 2 85 33 18 6 56
0 0 1 24 107 19 9 40
0 0 0 7 51 88 11 43
0 0 4 2 12 39 84 59
0 0 3 31 5 16 39 106
0 0 0 24 31 6 6 133
0 0 0 8 35 30 3 124
0 0 3 4 12 34 28 119
0 0 8 24 9 8 28 123
0 0 2 43 32 4 8 111
0 0 0 7 54 34 6 99
0 0 4 21 13 52 26 84
0 0 3 18 26 15 35 103
0 0 4 22 40 23 13 98
0 0 12 55 28 16 12 77
0 0 11 54 55 17 10 53
0 0 5 69 52 40 8 26
0 0 0 59 72 29 15 25
0 0 10 44 80 23 19 24
0 0 5 29 53 52 18 43
0 0 4 32 46 44 42 32
0 0 2 17 56 35 28 62
0 0 9 17 26 52 30 66

# Antibody prevalence values
0 0 0 0 0 5 0 56 3 66 9 14 11 10 21 5
0 0 0 0 0 2 0 51 7 60 7 22 7 6 33 5
0 0 0 0 0 3 1 31 5 72 9 13 15 5 45 1
0 0 0 0 0 4 0 20 3 54 8 32 18 5 48 8
0 0 0 0 0 28 0 24 0 30 2 39 7 25 40 5
0 0 0 0 0 9 0 104 0 24 0 11 1 15 21 15
0 0 0 0 0 4 0 81 19 74 2 1 1 1 15 2
0 0 0 0 0 0 0 27 35 84 32 5 4 0 13 0
0 0 0 0 0 3 0 13 2 30 44 26 52 4 26 0
0 0 0 0 0 4 0 8 0 23 3 31 47 21 63 0
0 0 0 0 0 9 0 13 0 27 0 23 1 19 87 21
0 0 0 0 0 2 0 55 0 29 1 21 0 13 43 36
0 0 0 0 0 4 0 42 0 62 0 13 1 16 35 27
0 0 0 0 0 34 0 32 7 54 3 15 1 4 33 17
0 0 0 0 0 11 2 127 4 14 10 2 2 2 21 5
0 0 0 0 0 0 0 73 33 73 8 0 4 0 7 2
0 0 0 0 0 0 1 15 40 61 54 6 5 0 18 0
0 0 0 0 0 1 0 9 8 22 34 26 66 2 31 1
0 0 0 0 0 6 0 8 1 22 8 15 38 17 81 4
0 0 0 0 0 6 0 27 0 12 0 19 6 10 110 10
0 0 0 0 0 1 0 31 0 42 0 13 0 11 71 31
0 0 0 0 0 1 0 25 3 44 4 21 1 10 75 16
0 0 0 0 0 3 0 21 0 36 4 39 3 20 55 19
0 0 0 0 0 3 0 8 1 40 7 21 7 24 71 18
0 0 0 0 0 3 0 16 0 20 3 28 3 20 69 38
0 0 0 0 0 2 0 31 0 23 1 14 1 21 65 42
0 0 0 0 0 14 0 47 3 37 1 10 0 9 45 34
0 0 0 0 0 5 0 83 0 34 3 28 0 2 32 13
0 0 0 0 0 2 0 30 18 77 12 6 11 3 37 4
0 0 0 0 0 1 0 13 8 34 50 36 20 2 35 1
0 0 0 0 0 1 0 5 0 12 14 37 42 33 55 1
0 0 0 0 0 4 0 19 0 9 1 18 8 23 80 38
0 0 0 0 0 0 0 18 0 35 0 9 0 11 79 48
0 0 0 0 0 1 0 5 0 25 1 38 0 3 68 59
0 0 0 0 0 2 0 5 0 12 0 35 0 26 59 61
0 0 0 0 0 3 0 23 0 13 0 20 0 27 38 76
0 0 0 0 0 0 0 35 0 32 0 11 0 8 44 70
0 0 0 0 0 4 0 10 1 53 1 33 0 7 32 59
0 0 0 0 0 1 0 17 0 11 0 41 0 23 38 69
0 0 0 0 0 5 0 19 0 33 0 21 0 27 20 75
0 0 0 0 0 6 0 28 0 33 0 30 0 10 18 75
0 0 0 0 0 8 0 67 0 24 0 21 0 12 10 58
0 0 0 0 0 13 0 69 0 54 0 22 0 10 2 30
0 0 0 0 0 13 1 65 1 51 3 26 2 12 7 19
0 0 0 0 0 1 1 62 5 69 10 19 5 6 4 18
0 0 0 0 0 4 0 42 5 74 9 23 13 4 19 7
0 0 0 0 0 3 0 40 0 39 2 55 10 24 20 7
0 0 0 0 0 1 0 32 0 40 0 44 6 41 21 15
0 0 0 0 0 1 0 13 0 41 1 33 1 46 21 43
0 0 0 0 0 10 0 20 0 21 0 46 0 35 18 50

# Average weight-at-age
70
94
115
134
150
160
165
168

# Maturity logistic function parameter age-at-50%
3

# Maturity logistic function parameter age-at-95%
4

# Infection prevalence index (avg of 3 different samples)
0.0444444444444444
0.00555555555555556
0.0222222222222222
0
0
0
0
0
0
0
0
0
0
0.111111111111111
0
0.0888888888888889
0.0611111111111111
0
0
0
0.0277777777777778
0
0
0
0
0.00555555555555556
0
0
0.00555555555555556
0
0
0
0
0
0
0
0
0
0
0
0
0
0
0
0.1
0
0
0
0
0

