# Simulated data from SIR age-structured hybrid model
# random seed = 510159
# Flag=0 if no issues, =1 if negative pop #'s, =2 if NaN, or=3 if NA. Flag:
0

# True SSB
9931.45746825028
10719.8179720331
16030.3270772171
19904.7622054929
18060.4236433806
17494.7149397897
19269.651572196
27052.6859591716
37040.9396522238
70979.1216373182
83605.2546808171
71733.9394933023
64283.3628885783
59214.3939816001
51058.7450644562
44024.9122394518
42935.9182526673
32017.7446722736
29916.82040897
31012.0356079498
34020.7353589691
29704.4802496282
31050.2419370218
36099.7532302774
39350.4167950274
40385.2337601851
44171.9220033332
80550.2983472818
123338.43749568
122045.124957263
97665.8049791368
82579.6331834358
78098.0652216001
85166.6045203402
88451.6343123435
90603.3935353069
88796.5144173381
77792.5533416165
64714.4887101177
47592.2700769844
44510.4365924127
39799.5993783265
38638.6686751216
39128.9111446506
33507.232223955
27526.1942518554
26226.6950256148
26508.8322209996
28994.3721212159
28470.7355148541

# True R (numbers)
64.2869834807155
43.3921511020509
64.8576180987377
127.026345378681
270.16746978658
331.005589699177
1119.45367013639
142.210313320075
62.4957920860804
230.086336142042
118.522796764416
139.395886723886
187.133815708948
102.831315137315
83.1526358395908
43.4715978954783
226.863608966017
166.233043644047
54.6603276477338
99.7033295889932
287.552616785626
228.922893278121
69.6852834361329
193.19442507074
1222.87339176247
939.277991775036
468.847072514642
200.083886619326
54.1778465116003
166.047940531874
1096.12654249008
595.371294211139
481.520460177514
182.189557410149
89.0345791569595
38.8539035078144
77.6406653779185
54.4580385684806
91.8230367262337
108.34201473841
76.5933264892337
30.5384325090891
83.7845897640946
105.663091357181
175.091818906712
185.520560795456
142.361461366818
133.476836486496
93.0873946797794
141.20723343347

# True infection rate given (selected) susceptible
-999 -999 0.013914366912505 0.0139143669125041 0.0139143669125047 0.0139143669125049 0.0139143669125049 0.0139143669125037
-999 -999 0.00361380504614846 0.00361380504614864 0.003613805046149 0.00361380504614805 0.00361380504614793 0.00361380504614791
-999 -999 0.658537934712891 0.658537934712891 0.65853793471289 0.658537934712891 0.658537934712891 0.658537934712891
-999 -999 0.552523794846788 0.552523794846788 0.552523794846789 0.552523794846789 0.552523794846788 0.552523794846788
-999 -999 0.00184451363573541 0.0018445136357359 0.00184451363573491 0.00184451363573467 0.00184451363573509 0.00184451363573404
-999 -999 0.0014084240635273 0.00140842406352713 0.0014084240635276 0.00140842406352794 0.00140842406352733 0.00140842406352797
-999 -999 0.0122455844450937 0.012245584445094 0.0122455844450941 0.0122455844450943 0.0122455844450939 0.0122455844450939
-999 -999 0.679587887333447 0.679587887333446 0.679587887333446 0.679587887333446 0.679587887333446 0.679587887333446
-999 -999 0.725896911819882 0.725896911819882 0.725896911819882 0.725896911819881 0.725896911819882 0.725896911819882
-999 -999 0.936127759716631 0.936127759716632 0.936127759716632 0.936127759716632 0.936127759716632 0.936127759716631
-999 -999 0.881569059393452 0.881569059393452 0.881569059393451 0.881569059393452 0.881569059393452 0.881569059393451
-999 -999 0.00262953584122203 0.00262953584122282 0.00262953584122229 0.00262953584122286 0.00262953584122266 0.00262953584122344
-999 -999 0.00978070811944029 0.0097807081194415 0.00978070811944093 0.00978070811944056 0.00978070811944055 0.00978070811944107
-999 -999 0.437098628498042 0.437098628498043 0.437098628498042 0.437098628498043 0.437098628498043 0.437098628498043
-999 -999 0.00612259345500171 0.00612259345500166 0.00612259345500226 0.00612259345500083 0.00612259345500134 0.00612259345500212
-999 -999 0.0667217595471293 0.0667217595471299 0.0667217595471289 0.066721759547129 0.0667217595471291 0.0667217595471291
-999 -999 0.38264884462522 0.38264884462522 0.38264884462522 0.38264884462522 0.38264884462522 0.38264884462522
-999 -999 0.00405986947508307 0.00405986947508383 0.00405986947508349 0.00405986947508311 0.00405986947508365 0.0040598694750843
-999 -999 0.00727450161814858 0.00727450161814885 0.00727450161814781 0.00727450161814766 0.00727450161814826 0.00727450161814844
-999 -999 0.436988843458279 0.436988843458279 0.436988843458279 0.436988843458279 0.436988843458279 0.436988843458279
-999 -999 0.530257869227695 0.530257869227695 0.530257869227695 0.530257869227695 0.530257869227695 0.530257869227695
-999 -999 0.014076434363286 0.0140764343632857 0.0140764343632856 0.0140764343632854 0.0140764343632849 0.0140764343632847
-999 -999 0.0167343577660827 0.0167343577660825 0.0167343577660833 0.016734357766083 0.0167343577660824 0.0167343577660834
-999 -999 0.648676387650515 0.648676387650515 0.648676387650515 0.648676387650515 0.648676387650515 0.648676387650515
-999 -999 0.642447545864934 0.642447545864934 0.642447545864935 0.642447545864934 0.642447545864934 0.642447545864935
-999 -999 0.12417485415213 0.12417485415213 0.12417485415213 0.12417485415213 0.12417485415213 0.12417485415213
-999 -999 0.448035223508972 0.448035223508973 0.448035223508973 0.448035223508973 0.448035223508972 0.448035223508973
-999 -999 0.94482097269256 0.94482097269256 0.94482097269256 0.94482097269256 0.94482097269256 0.94482097269256
-999 -999 0.925122164875105 0.925122164875104 0.925122164875104 0.925122164875104 0.925122164875105 0.925122164875104
-999 -999 0.787423257940254 0.787423257940254 0.787423257940254 0.787423257940254 0.787423257940254 0.787423257940254
-999 -999 0.123337019404779 0.123337019404779 0.123337019404779 0.123337019404779 0.123337019404779 0.123337019404779
-999 -999 0.0384500102030652 0.0384500102030639 0.0384500102030653 0.0384500102030638 0.0384500102030651 0.0384500102030649
-999 -999 0.0507442873984433 0.050744287398444 0.0507442873984437 0.0507442873984436 0.0507442873984427 0.0507442873984436
-999 -999 0.891948027794395 0.891948027794395 0.891948027794395 0.891948027794395 0.891948027794395 0.891948027794396
-999 -999 0.84445211140471 0.84445211140471 0.84445211140471 0.84445211140471 0.84445211140471 0.84445211140471
-999 -999 0.632268191940973 0.632268191940972 0.632268191940972 0.632268191940972 0.632268191940972 0.632268191940972
-999 -999 0.366125666037084 0.366125666037084 0.366125666037083 0.366125666037084 0.366125666037084 0.366125666037083
-999 -999 0.00934619606728297 0.00934619606728291 0.00934619606728302 0.00934619606728354 0.00934619606728263 0.00934619606728329
-999 -999 0.00780906954748167 0.00780906954748008 0.00780906954748106 0.0078090695474818 0.00780906954748095 0.00780906954748087
-999 -999 0.0111662456360582 0.0111662456360576 0.0111662456360576 0.0111662456360576 0.011166245636058 0.0111662456360571
-999 -999 0.0940420945054404 0.0940420945054393 0.09404209450544 0.0940420945054402 0.0940420945054398 0.0940420945054402
-999 -999 0.139081326562109 0.139081326562109 0.139081326562109 0.139081326562109 0.139081326562109 0.13908132656211
-999 -999 0.16072234060461 0.16072234060461 0.16072234060461 0.16072234060461 0.16072234060461 0.160722340604609
-999 -999 0.309491423157374 0.309491423157374 0.309491423157375 0.309491423157374 0.309491423157375 0.309491423157374
-999 -999 0.00767502779532321 0.00767502779532233 0.00767502779532324 0.00767502779532319 0.00767502779532216 0.00767502779532343
-999 -999 0.00807177779964842 0.0080717777996498 0.00807177779964791 0.00807177779964795 0.00807177779964942 0.00807177779964936
-999 -999 0.085471045567613 0.0854710455676129 0.0854710455676131 0.0854710455676135 0.0854710455676126 0.0854710455676137
-999 -999 0.375140366238472 0.375140366238472 0.375140366238472 0.375140366238471 0.375140366238471 0.375140366238472
-999 -999 0.369226919104342 0.369226919104343 0.369226919104342 0.369226919104342 0.369226919104343 0.369226919104342
-999 -999 0.192863968470417 0.192863968470418 0.192863968470418 0.192863968470418 0.192863968470417 0.192863968470418

# Duration of outbreak (days) based on incidence
0
0
0
0
0
0
0
0
0
2
0
0
0
0
0
0
0
0
0
0
0
0
0
0
0
0
0
3
0
0
0
0
0
0
0
0
0
0
0
0
0
0
0
0
0
0
0
0
0
0

# Duration of outbreak (days) based on prevalence
0
0
32
0
0
0
0
30
25
24
18
0
0
0
0
0
0
0
0
0
0
0
0
22
3
0
0
25
22
12
0
0
0
23
19
0
0
0
0
0
0
0
0
0
0
0
0
0
0
0

# Peak (point) prevalence
0.00289764407841545
0.000591006101950027
0.18271293280837
0.0873226955175518
8.68862555391877e-05
8.80116032911936e-05
0.00210704675282721
0.184402016054132
0.171957718089059
0.435506567796147
0.21125385414806
4.40341253453791e-05
0.000477389998472492
0.0402957978173136
0.000299720076214041
0.00885256935650485
0.0458165196369718
0.000207369124388297
0.00052509565987724
0.0608437662555622
0.0760182433119137
0.00121472597710395
0.00207605166389384
0.136651287788349
0.100743628378523
0.0133641752168972
0.0571159435626229
0.472306802155049
0.337436970909936
0.124312916556389
0.00740324463346873
0.00255836190715584
0.00460559265223028
0.321900441530373
0.194020198346671
0.0612514387470969
0.0224561594011508
0.000418205615998418
0.000350200481685024
0.00052898123174657
0.00830661162276451
0.0139173840446313
0.019075450580607
0.0341433660188606
0.000469796705459148
0.00062269426473496
0.0141639189793501
0.058295427088443
0.0542412901166332
0.031323748071261

# Day of peak prevalence
119
119
74
75
88
102
119
62
51
17
22
66
119
91
119
119
94
119
119
92
77
119
119
63
62
119
94
16
16
33
119
119
119
22
28
59
98
119
119
119
119
119
119
104
119
119
119
101
101
119

# Total immunity
0.0318851967587955
0.0286795538082402
0.022884290362199
0.128402434136823
0.115846463991601
0.0632706780349916
0.0206765952367993
0.0191149984882774
0.0692526825477341
0.125079823212504
0.320209042290744
0.440224652675467
0.339794023597173
0.292316208606937
0.324992751524764
0.295899719716975
0.193993732104045
0.194722713301358
0.173999458184127
0.139252022076665
0.13281117305988
0.147058498259463
0.132476451409574
0.0970112800344886
0.0655270682151408
0.0639843429185612
0.0543025077760188
0.0716041592394108
0.218968407946758
0.401211607629178
0.243366154898814
0.177986217681739
0.139550424688014
0.12705230061297
0.265455839701146
0.428160024441122
0.50561344418867
0.531810728092077
0.449763858513512
0.354351675841123
0.302269475417798
0.298176935125643
0.265715333016809
0.235748743174422
0.207924443339095
0.13913854353654
0.104414202037683
0.0885423108464059
0.127198296287155
0.144465209876334

# Observed immunity (based on survey selectivity)
0.154602513527361
0.120687236396488
0.0630613776727969
0.344818201255535
0.531759203356506
0.412284396164193
0.273353353957665
0.152792024803736
0.297179240976188
0.27087873914791
0.534531215849025
0.821882425014726
0.690244884189436
0.568665512841938
0.623400420996385
0.50100363100633
0.431754350473966
0.543387755612403
0.468406886738871
0.340788236118855
0.396227347220037
0.54122218459099
0.434166227674165
0.283206298100091
0.431040120117213
0.578868655605378
0.422264659241155
0.244377181347545
0.401319720004136
0.615682101411247
0.745275259032514
0.709486536412269
0.609214657981582
0.359877341468332
0.502717178458702
0.640409917931661
0.693319120510952
0.713031391588287
0.664664139449836
0.615339200997502
0.560162560778368
0.519728986582852
0.470848973115364
0.447631780351926
0.527839220012162
0.449745514041884
0.350973153201895
0.279947864669735
0.337552102861161
0.385454756704978

# True total proportion of susceptible
1 1 1 0.999814239206057 0.998075644307079 0.995545343370415 0.990921827816936 0.691151136725904
1 1 1 0.999488373977431 0.994689586823969 0.988331643055021 0.985301531058217 0.710646964248679
1 1 1 0.99986731853979 0.998161468466059 0.992174909157911 0.985694445797072 0.732580629832534
1 1 1 0.976030234931796 0.735632410982478 0.439581458715118 0.399614956972262 0.314785999624264
1 1 1 0.979490880920372 0.756847154284089 0.37505855810034 0.19922978022294 0.146447914987885
1 1 1 0.999932115564887 0.978811969100904 0.755761366242516 0.374412316013116 0.156588661825721
1 1 1 0.999948096979098 0.999413161853684 0.977837363018903 0.754894495842627 0.296302150745036
1 1 1 0.99954668234823 0.995408370202896 0.990777633283733 0.96886005012191 0.400099777026594
1 1 1 0.974936368373646 0.722056731323008 0.406734783857749 0.365227978704623 0.16282657254657
1 1 1 0.973729683673748 0.687590980708446 0.25059956221491 0.114810538251389 0.0561692939369149
1 1 1 0.966530311041162 0.596614593277423 0.0869831815896815 0.0150560849975429 0.00432633724106033
1 1 1 0.968443177717063 0.615790895275067 0.10804246868768 0.00970700876353692 0.00103769108740232
1 1 1 0.999903589201395 0.967484554077075 0.614466671787089 0.107754110076107 0.00486550279946293
1 1 1 0.999637001611584 0.996269915861263 0.960703223827545 0.609257689686416 0.0735263106978202
1 1 1 0.983664909242575 0.825317250516844 0.642001439345224 0.594762978729784 0.0735508300846297
1 1 1 0.999770061988426 0.981378125327905 0.82143027579995 0.638591889087543 0.105615639423751
1 1 1 0.997529059465669 0.97483134544318 0.9340691408041 0.777000941998144 0.208602850735581
1 1 1 0.985299713765453 0.84194399597238 0.665493229945879 0.616291907639221 0.171188166822215
1 1 1 0.999852155814548 0.983828932893004 0.839412463751165 0.663240757745173 0.240366825315918
1 1 1 0.999732225521285 0.997172652266148 0.978780879692105 0.834599748548189 0.33269274901962
1 1 1 0.983859970703202 0.827610435113764 0.647456302589673 0.612761030765444 0.233675308655614
1 1 1 0.980146721377096 0.771129298746005 0.444070023281243 0.317735709103214 0.130398669628821
1 1 1 0.999486636252861 0.97505811705041 0.762838728377404 0.438409081872918 0.14460259357936
1 1 1 0.999377277362177 0.993247992934798 0.963348852501573 0.752332063217626 0.249643424463834
1 1 1 0.976130957493191 0.736488030346386 0.43992414363057 0.388320110755763 0.143554138030903
1 1 1 0.976675075840589 0.72389856566349 0.318439496037691 0.163490450900414 0.0597384073131902
1 1 1 0.995350178489815 0.929989740563003 0.650481876397059 0.279720257378029 0.0698829186489319
1 1 1 0.983398838140932 0.818475403008457 0.586988649421912 0.378674665916513 0.0860399103756956
1 1 1 0.966284424383355 0.600280164465913 0.101531956028031 0.0344786438607522 0.00939159742955142
1 1 1 0.966847412080492 0.595415171613575 0.0797696496644738 0.00677246493063377 0.000777619282311987
1 1 1 0.971288732967879 0.651530528829276 0.158398667989376 0.0153514339888105 0.000451468683264471
1 1 1 0.995373384749238 0.924993820214707 0.584146549916568 0.13834316502402 0.00930359427099182
1 1 1 0.998587465618914 0.981210269327639 0.899114276220762 0.564563690987326 0.0581473394508185
1 1 1 0.998042987355864 0.978892613927992 0.943909980386134 0.861894995022289 0.165348523263888
1 1 1 0.967798700130966 0.630684545894305 0.17968424057991 0.116366458894587 0.024529216232012
1 1 1 0.969665365449202 0.632064411216614 0.138718333503463 0.0269598179081394 0.00395323372060618
1 1 1 0.977026870693099 0.722737790479942 0.27334193678096 0.0497597322645575 0.00229898198213547
1 1 1 0.986395051723577 0.835530293753895 0.496778513452226 0.173061491622988 0.0167325381238531
1 1 1 0.999654158045497 0.982955272901926 0.829635911324887 0.49259312965265 0.0602215421645562
1 1 1 0.999705145761103 0.996704048986496 0.977399947873848 0.824378480201774 0.161658825808251
1 1 1 0.999597234363632 0.995672602297032 0.989044993839644 0.96942753372225 0.246943281563364
1 1 1 0.996527615738153 0.964416682306082 0.92808248308502 0.918077329404792 0.283746478590038
1 1 1 0.994885710745627 0.944467462095739 0.865529116246881 0.826312580023749 0.271106525306905
1 1 1 0.994142885891285 0.935144245748818 0.832069153646445 0.753685711226085 0.276031373000068
1 1 1 0.98847836340755 0.874002602938618 0.705697198404533 0.609234910339334 0.21798685063512
1 1 1 0.999712226285484 0.985612163746558 0.868953130836623 0.701116246115101 0.273685111192083
1 1 1 0.999700866809643 0.996718859978929 0.979966151171397 0.863452824579064 0.360864808170094
1 1 1 0.996771168310056 0.967020357213974 0.933963679979219 0.914490278954093 0.404383500330693
1 1 1 0.986040613714699 0.849517404763408 0.676651816684948 0.634001157892696 0.281982280417433
1 1 1 0.985972060002615 0.839050985514344 0.584266433609398 0.442748584620225 0.219732243666972

# True vulnerable proportion of susceptible
0 0 0.05 0.499907119603029 0.948171862091725 0.995545343370415 0.990921827816936 0.691151136725904
0 0 0.05 0.499744186988715 0.944955107482771 0.988331643055021 0.985301531058217 0.710646964248679
0 0 0.05 0.499933659269895 0.948253395042756 0.992174909157911 0.985694445797072 0.732580629832534
0 0 0.05 0.488015117465898 0.698850790433354 0.439581458715118 0.399614956972262 0.314785999624264
0 0 0.05 0.489745440460186 0.719004796569884 0.37505855810034 0.19922978022294 0.146447914987885
0 0 0.05 0.499966057782444 0.929871370645858 0.755761366242516 0.374412316013116 0.156588661825721
0 0 0.05 0.499974048489549 0.949442503761 0.977837363018903 0.754894495842627 0.296302150745036
0 0 0.05 0.499773341174115 0.945637951692751 0.990777633283733 0.96886005012191 0.400099777026594
0 0 0.05 0.487468184186823 0.685953894756858 0.406734783857749 0.365227978704623 0.16282657254657
0 0 0.05 0.486864841836874 0.653211431673024 0.25059956221491 0.114810538251389 0.0561692939369149
0 0 0.05 0.483265155520581 0.566783863613552 0.0869831815896815 0.0150560849975429 0.00432633724106033
0 0 0.05 0.484221588858531 0.585001350511314 0.10804246868768 0.00970700876353692 0.00103769108740232
0 0 0.05 0.499951794600697 0.919110326373222 0.614466671787089 0.107754110076107 0.00486550279946293
0 0 0.05 0.499818500805792 0.9464564200682 0.960703223827545 0.609257689686416 0.0735263106978202
0 0 0.05 0.491832454621287 0.784051387991002 0.642001439345224 0.594762978729784 0.0735508300846297
0 0 0.05 0.499885030994213 0.93230921906151 0.82143027579995 0.638591889087543 0.105615639423751
0 0 0.05 0.498764529732834 0.926089778171021 0.9340691408041 0.777000941998144 0.208602850735581
0 0 0.05 0.492649856882726 0.799846796173761 0.665493229945879 0.616291907639221 0.171188166822215
0 0 0.05 0.499926077907274 0.934637486248354 0.839412463751165 0.663240757745173 0.240366825315918
0 0 0.05 0.499866112760642 0.947314019652841 0.978780879692105 0.834599748548189 0.33269274901962
0 0 0.05 0.491929985351601 0.786229913358076 0.647456302589673 0.612761030765444 0.233675308655614
0 0 0.05 0.490073360688548 0.732572833808705 0.444070023281243 0.317735709103214 0.130398669628821
0 0 0.05 0.49974331812643 0.92630521119789 0.762838728377404 0.438409081872918 0.14460259357936
0 0 0.05 0.499688638681089 0.943585593288058 0.963348852501573 0.752332063217626 0.249643424463834
0 0 0.05 0.488065478746596 0.699663628829067 0.43992414363057 0.388320110755763 0.143554138030903
0 0 0.05 0.488337537920294 0.687703637380315 0.318439496037691 0.163490450900414 0.0597384073131902
0 0 0.05 0.497675089244908 0.883490253534853 0.650481876397059 0.279720257378029 0.0698829186489319
0 0 0.05 0.491699419070466 0.777551632858034 0.586988649421912 0.378674665916513 0.0860399103756956
0 0 0.05 0.483142212191678 0.570266156242618 0.101531956028031 0.0344786438607522 0.00939159742955142
0 0 0.05 0.483423706040246 0.565644413032896 0.0797696496644738 0.00677246493063377 0.000777619282311987
0 0 0.05 0.485644366483939 0.618954002387812 0.158398667989376 0.0153514339888105 0.000451468683264471
0 0 0.05 0.497686692374619 0.878744129203972 0.584146549916568 0.13834316502402 0.00930359427099182
0 0 0.05 0.499293732809457 0.932149755861257 0.899114276220762 0.564563690987326 0.0581473394508185
0 0 0.05 0.499021493677932 0.929947983231592 0.943909980386134 0.861894995022289 0.165348523263888
0 0 0.05 0.483899350065483 0.59915031859959 0.17968424057991 0.116366458894587 0.024529216232012
0 0 0.05 0.484832682724601 0.600461190655783 0.138718333503463 0.0269598179081394 0.00395323372060618
0 0 0.05 0.48851343534655 0.686600900955945 0.27334193678096 0.0497597322645575 0.00229898198213547
0 0 0.05 0.493197525861788 0.7937537790662 0.496778513452226 0.173061491622988 0.0167325381238531
0 0 0.05 0.499827079022748 0.933807509256829 0.829635911324887 0.49259312965265 0.0602215421645562
0 0 0.05 0.499852572880552 0.946868846537171 0.977399947873848 0.824378480201774 0.161658825808251
0 0 0.05 0.499798617181816 0.94588897218218 0.989044993839644 0.96942753372225 0.246943281563364
0 0 0.05 0.498263807869077 0.916195848190778 0.92808248308502 0.918077329404792 0.283746478590038
0 0 0.05 0.497442855372814 0.897244088990952 0.865529116246881 0.826312580023749 0.271106525306905
0 0 0.05 0.497071442945643 0.888387033461377 0.832069153646445 0.753685711226085 0.276031373000068
0 0 0.05 0.494239181703775 0.830302472791687 0.705697198404533 0.609234910339334 0.21798685063512
0 0 0.05 0.499856113142742 0.93633155555923 0.868953130836623 0.701116246115101 0.273685111192083
0 0 0.05 0.499850433404821 0.946882916979982 0.979966151171397 0.863452824579064 0.360864808170094
0 0 0.05 0.498385584155028 0.918669339353276 0.933963679979219 0.914490278954093 0.404383500330693
0 0 0.05 0.493020306857349 0.807041534525238 0.676651816684948 0.634001157892696 0.281982280417433
0 0 0.05 0.492986030001307 0.797098436238627 0.584266433609398 0.442748584620225 0.219732243666972

# True survival by age
0.812761174791119 0.812761174791119 0.812604685842024 0.811196661540531 0.80979449261658 0.809647389326851 0.809663989097305 0.810740253382252
0.801236781388179 0.801236781388179 0.801215143083626 0.801020757323844 0.800830413815638 0.800814727206969 0.800817508942795 0.801069650266007
0.848207943879998 0.848207943879998 0.839537981757043 0.761519876716146 0.683782225133195 0.676168552424247 0.677294732909721 0.721281069113061
0.760851878148637 0.760851878148637 0.754201440158629 0.695955216809104 0.668048865381525 0.702702230339339 0.708040841768916 0.719372052195361
0.742304438083532 0.742304438083532 0.74231291115942 0.742399831468561 0.742573298648269 0.742745852917861 0.742822367637618 0.742845336514928
0.744267904849434 0.744267904849434 0.744281267331379 0.744401561386255 0.744529143482491 0.74461663277682 0.744743851257575 0.744816517478565
0.788117197314576 0.788117197314576 0.787988604265667 0.786831360189805 0.785675664172668 0.78561370259474 0.786301426247171 0.787716070306174
0.758126004436393 0.758126004436393 0.750037706021394 0.677279946082069 0.605156600172015 0.597857192962565 0.601415288216541 0.693747696101501
0.828190835105643 0.828190835105643 0.818923014288632 0.737846173484986 0.701163471453668 0.753053065908288 0.760764328572477 0.798367087944778
0.793308198157682 0.793308198157682 0.782031599223303 0.683517795546114 0.646144970580267 0.737166205516449 0.767859143116551 0.781114058720187
0.808238574254836 0.808238574254836 0.797396940287257 0.703466635866905 0.685531014529392 0.789807151359452 0.805437122296868 0.807768728236012
0.746186903113603 0.746186903113603 0.746185697619948 0.746194072618454 0.746402227683135 0.74671692697422 0.746778018442875 0.746783404306221
0.751943432681249 0.751943432681249 0.75185488650506 0.751058112779475 0.750334811054297 0.751081162990001 0.752275421118934 0.752517916697097
0.761625634272653 0.761625634272653 0.756319465508603 0.708583413705712 0.661186598825315 0.659694840983681 0.697190644994536 0.754347947727412
0.692970034265906 0.692970034265906 0.692935975577007 0.692646360077612 0.69255732390921 0.692781447518512 0.692846445134708 0.693563605405236
0.797809231017107 0.797809231017107 0.79698354371799 0.789554369848398 0.78242248540119 0.784332292702885 0.787441694463351 0.796505640600647
0.674865961770494 0.674865961770494 0.6706454035691 0.632766459871564 0.596711905095793 0.596067930197931 0.609440190398523 0.657831699511531
0.800514787896795 0.800514787896795 0.800488027205256 0.800258270983425 0.800163640539356 0.800321444712282 0.800371729158996 0.800826631472353
0.771170930929374 0.771170930929374 0.771109159192218 0.770553385857202 0.77002510411337 0.770221844540235 0.770535981485178 0.771290020418222
0.804055538378224 0.804055538378224 0.798514631117509 0.748661431238077 0.699077310797066 0.69559902602708 0.711646010662529 0.76750695339448
0.73154578333746 0.73154578333746 0.725359003303799 0.670686619757274 0.634368908268582 0.651652753279846 0.655967480549558 0.70311083515512
0.827474586067274 0.827474586067274 0.827312614819213 0.825895532660543 0.825199488727499 0.826274140078371 0.826737495214589 0.827424589453469
0.766631268988662 0.766631268988662 0.766453025528448 0.764850035288511 0.763343000861908 0.764043911066856 0.765381117760257 0.766592104508675
0.771568117726191 0.771568117726191 0.763724289984942 0.693179026165792 0.623545353276959 0.620461312814226 0.653680302797212 0.73281528021767
0.834054277257272 0.834054277257272 0.825758448518457 0.753085997302313 0.718077476431134 0.761295224815283 0.769878533291098 0.810590503484926
0.766290937158124 0.766290937158124 0.764783339452896 0.751579610458269 0.74570926331424 0.757069354109625 0.76182775925583 0.765013930927281
0.797142093020718 0.797142093020718 0.791493258401792 0.740918704340554 0.697362868034109 0.723825446843918 0.765896006128631 0.789706383865425
0.828666567161786 0.828666567161786 0.81679700829889 0.711948529021928 0.644159930418035 0.689496427121668 0.739036991801626 0.808630452550256
0.736548347997277 0.736548347997277 0.726183951656614 0.636419556388468 0.618585133429865 0.716055112351196 0.72999573363657 0.735211419516387
0.687062986332341 0.687062986332341 0.678684512090085 0.606079295453452 0.592563450473718 0.67434473216297 0.686628291260732 0.687637070449568
0.756347279205804 0.756347279205804 0.754868141198468 0.741997153589437 0.7382380850153 0.752147271112921 0.756461585188385 0.756910969131325
0.81408815233689 0.81408815233689 0.81361480099714 0.80937865638186 0.805803383510051 0.808748330042072 0.813172777490943 0.814453451480799
0.665720336621642 0.665720336621642 0.665195265441152 0.660478087608034 0.655945350945031 0.656353062514744 0.660114054315455 0.665807147766616
0.69525649267228 0.69525649267228 0.685756245869268 0.600441297581361 0.518576366601282 0.515947684294153 0.531587592451381 0.664416035902458
0.800176627336664 0.800176627336664 0.789855438702933 0.700303996645754 0.676677806460382 0.763485447996676 0.776586611988997 0.795588774489009
0.822146713320659 0.822146713320659 0.814093349251925 0.744069379206662 0.725593962828071 0.80018271439964 0.818232531278589 0.821948262732099
0.785506369534958 0.785506369534958 0.78094469136246 0.740949455446247 0.723009032964834 0.760945051337468 0.781459139500985 0.785813752685458
0.761999435527803 0.761999435527803 0.761913964735186 0.761164057730953 0.760735687877291 0.761435112250102 0.762171738105496 0.762527468392534
0.676829458711688 0.676829458711688 0.676779406312096 0.676329357591262 0.675906982588845 0.676121993363479 0.676702807733612 0.677447898994742
0.848761939332435 0.848761939332435 0.848633372490551 0.847476762146287 0.846328474202952 0.846257310778699 0.846708982281841 0.84866512338424
0.794378951593348 0.794378951593348 0.793214654521749 0.782740871559887 0.772355199130783 0.771353582881142 0.771820198313692 0.789005007142888
0.814545124032504 0.814545124032504 0.812773129738718 0.79688829718017 0.782091496550194 0.781686827267087 0.78204597753945 0.804816252251827
0.850537868073762 0.850537868073762 0.848411037693431 0.829380260966919 0.812393044486745 0.813771795284903 0.815454690357739 0.839280189085505
0.780477091355826 0.780477091355826 0.776639842197373 0.742332448528971 0.712332133100956 0.716708744337505 0.722765722162708 0.7596758353883
0.698582904912924 0.698582904912924 0.698530357397887 0.698071376276031 0.697796604951108 0.698042846039597 0.698210298594497 0.698889480982881
0.748092773522782 0.748092773522782 0.748025830179947 0.747423703519941 0.746847688740277 0.747007131129201 0.747331445668695 0.748157379323969
0.735593722707733 0.735593722707733 0.73460044216819 0.725664073237518 0.716785341084799 0.716138466035271 0.718525013114814 0.728819543344568
0.786740322053381 0.786740322053381 0.782052322932618 0.740013363739469 0.700622910431206 0.699205962535156 0.701041831815383 0.749132525541764
0.722355207681041 0.722355207681041 0.71803811887758 0.679795923344039 0.652770446829328 0.66413953941104 0.667849462920119 0.698469461442216
0.684431886727666 0.684431886727666 0.682272603243758 0.663151906587118 0.65012283747618 0.6594948794016 0.665706818132983 0.675496140511709

# True Numbers-at-age
64.2869834807155 153.342128582173 17.8002649525616 12.7488658303435 18.8095341081716 3.31117339743613 3.18346915431441 31.1875783909162
43.3921511020509 52.2499642175636 124.630528571417 14.4645787096811 10.3418374000028 15.2318571294811 2.68088289684268 27.8625655416807
64.8576180987377 34.7673874865168 41.8645931573282 99.8558667819361 11.5864277923991 8.28205792465831 12.1978955120009 24.4667535972047
127.026345378681 55.0127468924844 29.4899742540176 35.146916046383 76.0422273611639 7.92259337723175 5.60006711800997 25.908976575179
270.16746978658 96.6482334557271 41.8565517952623 22.241381052621 24.4606795772318 50.7999237097095 5.56722403625242 22.6032698853663
331.005589699177 200.546511848377 71.7424126271196 31.0706588142362 16.5119975450939 18.1638475208434 37.7314326639304 20.9261921641107
1119.45367013639 246.356836738858 149.260332198254 53.3965337915233 23.1290469346171 12.2936633894337 13.525102979242 43.6864260473616
142.210313320075 882.260689031405 194.158059709913 117.615440841132 42.0140673126051 18.1719293120361 9.65807041382642 45.0473076144668
62.4957920860804 107.813336626996 668.864771046678 145.625865710388 79.6585794313004 25.4250901342943 10.864218649208 37.059977074659
230.086336142042 51.7584422383595 89.2900172966376 547.748754457022 107.449487774848 55.8536860851183 19.1464420766249 37.8525759825251
118.522796764416 182.529376745546 41.0603965515614 69.8276150211659 374.396021159593 69.4279461171441 41.1734498354735 44.2689498654123
139.395886723886 95.7946962735676 147.527283220444 32.7414345771966 49.1213974295489 256.660084221304 54.8346883475191 68.9216982836461
187.133815708948 104.015385021271 71.4807477470816 110.082748747822 24.431464410529 36.664320468324 191.652429366677 92.4189203809203
102.831315137315 140.714043754927 78.2136856645563 53.7431494846789 82.6785415241166 18.331778232254 27.5378804575869 213.722305438728
83.1526358395908 78.3189656145483 107.171422825916 59.1545329372751 38.0815043251501 54.6659436661682 12.0933795258749 180.420135129283
43.4715978954783 57.6222849070617 54.2726962855839 74.2629344298519 40.9731719210948 26.373624725863 37.8715515830134 133.511694422133
226.863608966017 34.6820420880764 45.9715908111515 43.2544458128149 58.6346243968546 32.0583310092733 20.6856855481216 136.164456443863
166.233043644047 153.102527655577 23.4057296899344 30.8306360722582 27.3699625506812 34.9879784284234 19.1089430102977 102.179983934501
54.6603276477338 133.072009674153 122.560837452667 18.7360063847951 24.6724715165046 21.9004488759789 28.001629443398 97.1227100977186
99.7033295889932 42.1524557570075 102.621265581059 94.5077843180202 14.437093157246 18.9984224482306 16.8682041295156 96.4860400806954
287.552616785626 80.1670143507795 33.8929155076649 81.9445820302715 70.7543330706685 10.0926442600943 13.2152841510402 86.0578968432432
228.922893278121 210.357904297177 58.6458413110664 24.5845314116997 54.9591347293055 44.8843490253116 6.57689941996446 69.1770363704502
69.6852834361329 189.427876356636 174.065819784286 48.518444323331 20.3042546654756 45.3522498795286 37.0867768938668 62.6761502711671
193.19442507074 53.4229172704771 145.221333233115 133.413274214755 37.1093338528433 15.4991106866085 34.6511103736364 76.432560692029
1222.87339176247 149.062658907024 41.2194197218241 110.909059614127 92.4792834977739 23.1393526871438 9.61659856406612 78.6616967025815
939.277991775036 1019.94278294359 124.326348240745 34.0372840783245 83.5240597693668 66.4072905162409 17.6158787060393 71.1660371328766
468.847072514642 719.760212569293 781.572910989512 95.0827197895408 25.5817287086446 62.2846650796291 50.2749245393007 67.8632752174832
200.083886619326 373.737736690958 573.751162320523 618.609689997662 70.4485655516425 17.8397477015309 45.0832255327863 92.0974255823315
54.1778465116003 165.802827469225 309.703967282512 468.638232891414 440.418258832547 45.3801430837964 12.3004423009575 107.790954305819
166.047940531874 39.9046033461692 122.121798665735 224.902050804945 298.250536283429 272.43618740488 32.4946834543812 88.2284109277489
1096.12654249008 114.085393896164 27.4169759434266 82.8821733430179 136.308476497897 176.732366885746 183.715907827044 82.980894996118
595.371294211139 829.052328077634 86.2881772704862 20.6962016676975 61.4983367038257 100.628108661161 132.928767470441 201.783176510066
481.520460177514 484.684716858769 674.921677955318 70.2053381783326 16.751063898009 49.5555677961831 81.382814835006 272.437059611769
182.189557410149 320.557962839583 322.664472862585 448.954704719475 46.3690874999004 10.9877824872822 32.5259486876818 235.112481458375
89.0345791569595 126.668472686495 222.87000494202 221.269177585633 269.570945457019 24.0459129183153 5.66912092984108 173.502893676846
38.8539035078144 71.2433892661551 101.357151264166 176.035085527204 154.955689397738 182.412676057307 18.358704596929 142.43951796652
77.6406653779185 31.9436090686277 58.5725183309937 82.5141827432791 130.982316806818 112.43491273286 145.963470268438 132.09960367032
54.4580385684806 60.9872371892873 25.0919083893417 45.7418972503199 61.1388387702248 94.701398209991 85.5567904416302 217.870173162987
91.8230367262337 41.4969946491336 46.4722403126371 19.1178754036954 34.8170881193658 46.5104965678858 72.1089697762661 231.34095925784
108.34201473841 62.1485362446802 28.0863884265349 31.4514552087796 12.9299803902911 23.5331129732905 31.4467696518042 205.517789111029
76.5933264892337 91.9565785405563 52.7493121497069 23.8350465314899 26.6543774251255 10.9430105751891 19.9150688990281 201.042042181499
30.5384325090891 60.8441263955645 73.0483704531585 41.8415274130896 18.6566650957288 20.5866469838899 8.44093041467837 173.994030354513
83.7845897640946 24.8749312958742 49.5602864815244 59.3717526755269 33.3430235316344 14.5912191253543 16.0923107649044 146.634419101599
105.663091357181 71.2619663553878 21.1570710328742 42.0474940821738 49.2417597280919 27.0876403992577 11.873922583035 136.189913281969
175.091818906712 82.4676222061172 55.6183322253498 16.43142430833 31.2132192365275 35.0764877447565 19.4139487376178 112.042250374571
185.520560795456 122.316151478338 57.6104710820109 38.851093487248 11.4703069810913 21.7804784128435 24.4848913344229 91.8601691574287
142.361461366818 138.786590870974 91.5038290060629 43.094120458179 29.0382281800384 8.56657225796954 16.2701726937997 87.0241926590735
133.476836486496 104.72019733693 102.090545040695 67.2187532479363 31.2718549842705 20.814176290527 6.13485191600261 75.1154584019083
93.0873946797794 105.011609324052 82.3876017783503 79.8401478985326 49.7427756973787 21.9097780536622 14.5533961675944 60.5722208849595
141.20723343347 67.2421643163991 75.8556828621962 59.1574385997618 54.2750070606076 32.470613918509 14.5511499051573 52.0273243140682

# Simulated data from SIR age-structured hybrid model
# random seed = 510159
# Flag=0 if no issues, =1 if negative pop #'s, =2 if NaN, or=3 if NA. Flag:
0

# True SSB
18875.4189362642
22753.703280672
28607.7354573353
30827.7150191097
25642.6238155754
22461.9671874654
19734.30956388
20190.4619305598
24482.6324548321
26040.8513291945
27058.6211085295
27148.0500309161
24447.2137057274
21637.5988605472
20872.9624517113
20146.8017071113
26408.4243174765
38026.5137706981
47534.2659321973
64983.7084374832
73688.7164361876
67801.7661779441
61781.8874493592
57133.4338652394
51419.964744938
40868.0402168251
37040.1714560627
32824.3744099709
28521.9542219767
25198.6345096983
21931.1041809718
21355.1308437153
30932.8396018852
42395.2204519537
39791.4853116914
53270.4035692452
84894.6492257355
96694.5064664036
82603.9157555847
70613.7156936876
62443.6961639016
66990.7391190221
63417.9090237782
50353.0577379892
41972.9601365392
34223.8458867852
28160.7534061764
27471.2328366338
32632.991524949
36832.4622530089

# True R (numbers)
77.1021063179517
50.678252388245
12.5859272334387
38.2236184036404
103.745551780849
182.516791128142
111.995458260862
149.168759416382
40.4677338510829
40.7434379994303
29.635806843802
83.2161530946029
139.599274657225
159.630909367786
542.923959688944
175.946227813839
752.180108532427
201.904363540645
166.416106997187
75.6237750275028
187.729200258863
47.2778727105413
75.9226349595962
91.8380622262468
26.1279993624787
53.5333429295723
44.450435109906
19.3437098946874
76.1202503722629
380.406008511639
320.917411896922
89.5675061497059
571.830584621597
1127.67375150676
259.314349156794
65.2784858980587
63.7325023560933
99.0366296902661
517.851049084163
49.9905499336039
45.2253357876943
27.3518960461216
8.15010028373629
20.2295303181748
144.33440988669
208.039496234127
321.752638509203
161.857966645516
345.094583297095
979.651726680331

# True infection rate given (selected) susceptible
-999 -999 0.00495372496728951 0.00495372496728886 0.00495372496728914 0.00495372496728888 0.00495372496728905 0.00495372496728907
-999 -999 0.0277170653515551 0.0277170653515548 0.0277170653515542 0.0277170653515546 0.027717065351555 0.0277170653515553
-999 -999 0.36767348254546 0.36767348254546 0.36767348254546 0.36767348254546 0.367673482545461 0.36767348254546
-999 -999 0.5467690333856 0.546769033385601 0.5467690333856 0.5467690333856 0.546769033385601 0.546769033385601
-999 -999 0.00265056454952678 0.00265056454952585 0.00265056454952554 0.00265056454952642 0.00265056454952642 0.00265056454952692
-999 -999 0.00151689956682882 0.00151689956682933 0.00151689956682874 0.00151689956682852 0.00151689956682852 0.00151689956682882
-999 -999 0.00704368757563694 0.00704368757563549 0.00704368757563656 0.0070436875756366 0.00704368757563529 0.00704368757563566
-999 -999 0.00258540455090142 0.00258540455090105 0.00258540455090015 0.00258540455090125 0.00258540455090094 0.00258540455090046
-999 -999 0.406988380333485 0.406988380333485 0.406988380333485 0.406988380333485 0.406988380333485 0.406988380333485
-999 -999 0.404970756288762 0.404970756288762 0.404970756288762 0.404970756288762 0.404970756288762 0.404970756288763
-999 -999 0.0167440776945651 0.0167440776945643 0.0167440776945643 0.0167440776945639 0.0167440776945646 0.016744077694565
-999 -999 0.0104935645248009 0.0104935645248012 0.0104935645248011 0.0104935645248018 0.0104935645248018 0.0104935645248022
-999 -999 0.0244000138497742 0.0244000138497745 0.0244000138497747 0.0244000138497745 0.0244000138497744 0.0244000138497747
-999 -999 0.00488583066726365 0.00488583066726324 0.00488583066726416 0.00488583066726399 0.00488583066726463 0.00488583066726401
-999 -999 0.604337507610685 0.604337507610685 0.604337507610685 0.604337507610685 0.604337507610686 0.604337507610685
-999 -999 0.00190833494305815 0.00190833494305783 0.00190833494305817 0.00190833494305816 0.00190833494305711 0.00190833494305855
-999 -999 0.525288008792387 0.525288008792387 0.525288008792387 0.525288008792387 0.525288008792387 0.525288008792387
-999 -999 0.746129528723725 0.746129528723725 0.746129528723725 0.746129528723725 0.746129528723725 0.746129528723725
-999 -999 0.56013720523617 0.560137205236171 0.560137205236171 0.56013720523617 0.560137205236171 0.560137205236171
-999 -999 0.74869779364271 0.748697793642711 0.748697793642711 0.74869779364271 0.74869779364271 0.74869779364271
-999 -999 0.668740996355759 0.668740996355759 0.668740996355758 0.668740996355759 0.668740996355759 0.668740996355759
-999 -999 0.0227617728169871 0.022761772816988 0.0227617728169879 0.0227617728169876 0.022761772816988 0.022761772816987
-999 -999 0.00428738187061477 0.00428738187061415 0.00428738187061516 0.00428738187061461 0.0042873818706145 0.00428738187061437
-999 -999 0.067899737735517 0.0678997377355175 0.0678997377355176 0.0678997377355165 0.0678997377355175 0.0678997377355167
-999 -999 0.416972953853377 0.416972953853377 0.416972953853377 0.416972953853377 0.416972953853377 0.416972953853377
-999 -999 0.00569543242632942 0.00569543242633097 0.00569543242632958 0.00569543242633044 0.00569543242633055 0.00569543242633012
-999 -999 0.00431989888110139 0.00431989888110154 0.00431989888110133 0.00431989888110052 0.00431989888110039 0.00431989888110095
-999 -999 0.00792845292494468 0.00792845292494472 0.00792845292494472 0.00792845292494464 0.00792845292494444 0.0079284529249455
-999 -999 0.0368025404416448 0.0368025404416442 0.0368025404416442 0.036802540441645 0.0368025404416441 0.0368025404416452
-999 -999 0.0205949174750735 0.0205949174750739 0.0205949174750737 0.0205949174750745 0.0205949174750733 0.0205949174750741
-999 -999 0.0269935364525377 0.0269935364525358 0.0269935364525361 0.0269935364525366 0.026993536452537 0.0269935364525364
-999 -999 0.027579491451281 0.0275794914512809 0.0275794914512815 0.027579491451282 0.0275794914512819 0.0275794914512822
-999 -999 0.608072738318225 0.608072738318225 0.608072738318225 0.608072738318225 0.608072738318225 0.608072738318225
-999 -999 0.79348689856356 0.79348689856356 0.79348689856356 0.79348689856356 0.79348689856356 0.79348689856356
-999 -999 0.357781821365842 0.357781821365841 0.357781821365842 0.357781821365842 0.357781821365842 0.357781821365842
-999 -999 0.727261901726102 0.727261901726102 0.727261901726102 0.727261901726102 0.727261901726102 0.727261901726102
-999 -999 0.884846918593683 0.884846918593683 0.884846918593683 0.884846918593683 0.884846918593683 0.884846918593683
-999 -999 0.762498896753939 0.762498896753939 0.762498896753939 0.762498896753938 0.762498896753938 0.762498896753939
-999 -999 0.00441863856412834 0.00441863856412855 0.00441863856412959 0.00441863856412867 0.00441863856412941 0.00441863856412884
-999 -999 0.00306771202035221 0.00306771202035184 0.00306771202035208 0.00306771202035125 0.00306771202035226 0.00306771202035149
-999 -999 0.00385861395757909 0.00385861395757923 0.00385861395757896 0.00385861395757821 0.00385861395757949 0.00385861395757934
-999 -999 0.665938531320296 0.665938531320296 0.665938531320296 0.665938531320296 0.665938531320296 0.665938531320296
-999 -999 0.57730768125373 0.57730768125373 0.577307681253731 0.57730768125373 0.577307681253731 0.577307681253731
-999 -999 0.00217339692918259 0.00217339692918332 0.00217339692918316 0.00217339692918225 0.00217339692918336 0.00217339692918313
-999 -999 0.00261134492004691 0.00261134492004689 0.00261134492004688 0.0026113449200458 0.00261134492004665 0.00261134492004697
-999 -999 0.00467373756112659 0.00467373756112549 0.00467373756112579 0.00467373756112481 0.00467373756112512 0.00467373756112612
-999 -999 0.00330291855665889 0.00330291855665932 0.00330291855665943 0.00330291855665935 0.00330291855666009 0.0033029185566595
-999 -999 0.00401758106564785 0.00401758106564801 0.00401758106564775 0.00401758106564799 0.00401758106564849 0.00401758106564783
-999 -999 0.635285540231311 0.635285540231312 0.635285540231311 0.635285540231312 0.635285540231311 0.635285540231311
-999 -999 0.301023210883229 0.301023210883229 0.301023210883229 0.301023210883229 0.301023210883229 0.301023210883229

# Duration of outbreak (days) based on incidence
0
0
0
0
0
0
0
0
0
0
0
0
0
0
0
0
0
0
0
0
0
0
0
0
0
0
0
0
0
0
0
0
0
0
0
0
1
0
0
0
0
0
0
0
0
0
0
0
0
0

# Duration of outbreak (days) based on prevalence
0
0
0
0
0
0
0
0
0
0
0
0
0
0
25
0
0
15
0
11
0
0
0
0
0
0
0
0
0
0
0
0
12
25
0
15
14
8
0
0
0
7
0
0
0
0
0
0
19
0

# Peak (point) prevalence
0.00024417280532879
0.00339203794434643
0.0437330227695161
0.0842380417930842
0.000114222842330768
4.25766204380018e-05
0.000606261558790925
7.88088019536796e-05
0.0524873484658052
0.0548027535864044
0.00159068854192996
0.000563860235903165
0.00228549000483981
0.000187866922196128
0.130800140811999
6.03768718859316e-05
0.0930365122283855
0.202054671515477
0.0723991778225277
0.16066080827901
0.0899879686502928
0.00104881945917001
8.22509493541964e-05
0.0050492628130587
0.0385021266687763
0.000171167554087715
0.000113018676241593
0.000213279102757345
0.00318623253213662
0.00121707451762323
0.00143337855805574
0.00269709899536388
0.128529431927056
0.218551498008903
0.0328422428376721
0.158928822389993
0.319567727965407
0.124904884928944
4.99382997123538e-05
4.28985448751483e-05
7.4279932088718e-05
0.107138810585862
0.0536395013286572
2.66030591726962e-05
7.614562389301e-05
0.000125310143665839
6.34795016393132e-05
9.39116147609961e-05
0.12273793172587
0.0202920701680961

# Day of peak prevalence
113
119
80
68
93
48
119
49
84
94
119
119
119
79
75
59
85
32
40
27
32
119
59
119
81
75
56
64
119
119
119
119
43
37
99
37
17
24
45
44
47
40
49
40
87
72
43
49
66
80

# Total immunity
0.0753637326785317
0.0670552867623543
0.0707791809377965
0.204514648679327
0.279638943147058
0.160565627864438
0.120348282123238
0.0846688802620584
0.0770090540627527
0.147081192039947
0.233354561175144
0.174940119901449
0.113509523850819
0.0775517967494076
0.0310919806003345
0.0612508190903208
0.0288425149377543
0.0489360119053311
0.115960085826802
0.186271628245524
0.292477330465124
0.417599625795367
0.370288871767105
0.312475763321866
0.310818824236409
0.371844804330762
0.326190024772409
0.306050160581152
0.231677037791978
0.0931403146153799
0.0572732323096492
0.052236817284957
0.0272651291084405
0.0480191303498415
0.0795716600901379
0.091572129540494
0.169238281340293
0.395337750640263
0.343356536976377
0.325947248938976
0.307788524855062
0.29536945111173
0.506090532085577
0.647654658662632
0.429120292609373
0.264255869789468
0.150034555855345
0.117433442532326
0.0736967688340416
0.0568840616753012

# Observed immunity (based on survey selectivity)
0.281270971206372
0.190385868113599
0.128296214733572
0.302121785110913
0.544061297424639
0.496209684796784
0.439709131330079
0.325785396994756
0.204997788449641
0.304991680889545
0.390496400529944
0.319428051734662
0.286897579835729
0.265388248685478
0.212737898610343
0.392430055193233
0.231766373149054
0.231325707439297
0.39804551307706
0.387778837578201
0.526214348966092
0.685025340186359
0.60276008980701
0.509245554043749
0.462973743664956
0.585120673008544
0.50287944718461
0.446467787020249
0.403281923100978
0.370698690918754
0.340502713450701
0.273651112574172
0.146591695659367
0.324340028546523
0.528691156216642
0.352732480686573
0.309592733344292
0.546679246337309
0.771796190812798
0.721703437722212
0.632402072159807
0.443563602424364
0.595493485948346
0.75868111506185
0.718460178038792
0.693052068974922
0.652103891932213
0.501047193142891
0.318636826568765
0.379107773392797

# True total proportion of susceptible
1 1 1 0.980126933666744 0.785615070464581 0.557651625093517 0.5294491992465 0.308063601400359
1 1 1 0.999812214456921 0.978264995460291 0.78257302358179 0.555199229635802 0.406697496267465
1 1 1 0.99890476938877 0.988826939182198 0.957627915443597 0.764044067847311 0.488992693216428
1 1 1 0.983548831605741 0.830064673454351 0.661977938499491 0.622177457372535 0.392184467730029
1 1 1 0.980966242944397 0.776914258410725 0.448582570654972 0.325997322633525 0.224643418548866
1 1 1 0.999903418375195 0.980004514247362 0.775344341655674 0.447508534843705 0.254012825155501
1 1 1 0.999934195771814 0.999245518188962 0.978774101766627 0.774278253667382 0.340355950148821
1 1 1 0.999767954449041 0.997611598879206 0.994829685338545 0.974165253165651 0.41163770582686
1 1 1 0.999892993037956 0.99869805140258 0.995582220309737 0.992698017938847 0.487023434142147
1 1 1 0.9862915101149 0.852320105387092 0.695281298791981 0.673844702318635 0.315331837064975
1 1 1 0.98446537180377 0.823582177824888 0.559564331092629 0.433364505067791 0.216304671049609
1 1 1 0.999408722496763 0.978580272970859 0.813468648662531 0.551466411217047 0.278175213945287
1 1 1 0.999547847499482 0.994886326922704 0.970122265723356 0.805796900714262 0.390032752822146
1 1 1 0.999057375278406 0.990097159051158 0.976932013980299 0.951521129818011 0.491974932576526
1 1 1 0.999791971909214 0.996978035073786 0.986173646060171 0.972845003921331 0.641250105641874
1 1 1 0.980735050961764 0.782139709470015 0.522592134189616 0.482173516181901 0.299177096295376
1 1 1 0.999923676301714 0.979975732825056 0.780924694541193 0.52167871348601 0.318575574206709
1 1 1 0.985246894355009 0.832351014776248 0.614800816571519 0.438414931372369 0.165328885267008
1 1 1 0.973483030893739 0.691023411492607 0.283782352865329 0.171984197522423 0.0593446838093148
1 1 1 0.975314549214139 0.723008331894601 0.331928736645808 0.123634409665979 0.0421986851367019
1 1 1 0.970556779431175 0.661425141525625 0.228133344813289 0.0842989709371832 0.0172505156501588
1 1 1 0.972987376648484 0.688257800834817 0.256350824001075 0.075025713784582 0.0192926142703076
1 1 1 0.999197795812089 0.965042638813902 0.676077822217902 0.250706787827612 0.0306961857611804
1 1 1 0.999809182545302 0.997290636407082 0.961521724261469 0.67335393830031 0.151225951361413
1 1 1 0.997699365049813 0.976538205772669 0.952609378190613 0.915240054864828 0.226159482310077
1 1 1 0.987462609319101 0.860595620207514 0.69182904493122 0.653275862906806 0.203247676363012
1 1 1 0.999812221143538 0.985589291555288 0.857267303521942 0.688760401488916 0.236962751416131
1 1 1 0.999807676275314 0.997889240267974 0.981978514975171 0.85388942041283 0.326579399257262
1 1 1 0.999694480181872 0.996750746541607 0.992084456251936 0.975931494901278 0.359472746632967
1 1 1 0.99850291976815 0.984670338402651 0.968156659431058 0.962072992653367 0.425562225008846
1 1 1 0.999279977327601 0.991286005068118 0.971014187519985 0.953902790203553 0.508168872317871
1 1 1 0.998918677356718 0.988441807976213 0.970750729329246 0.949701383956384 0.521087365509321
1 1 1 0.998884687496744 0.9877422506621 0.967303606140453 0.948775215760969 0.563996983808451
1 1 1 0.974019597468689 0.726020010595932 0.446845064214566 0.405392730489927 0.246072127015729
1 1 1 0.977734595078756 0.707935530348941 0.224231777510934 0.101147670593969 0.0534068576114561
1 1 1 0.988974235391632 0.859811911343553 0.507723074205184 0.144395675307816 0.0403853353440483
1 1 1 0.975532598178546 0.713160338605185 0.320560597690568 0.149907352051583 0.0263451483601904
1 1 1 0.96644611256164 0.607952105428943 0.12770639746734 0.0368444649204837 0.00784222113617725
1 1 1 0.971559862189438 0.659856514102336 0.183556832717596 0.0297223643284245 0.00260098433091367
1 1 1 0.999837467803754 0.969952140575946 0.657521844795378 0.182757469804142 0.0167481477707843
1 1 1 0.999867764688866 0.998515308272351 0.967499209059151 0.655659116269369 0.114360354090353
1 1 1 0.999857093027077 0.998438453856082 0.995801251773417 0.964696189399912 0.20415119663669
1 1 1 0.974936393451124 0.726131071286222 0.426205038472447 0.387959968351163 0.0822697499842364
1 1 1 0.980675326222998 0.764031209390227 0.369698694186944 0.189608294153166 0.0413137228177889
1 1 1 0.999916663696527 0.979845956340989 0.762713224273444 0.368943617727182 0.0557199001930907
1 1 1 0.999914884411089 0.999065377118889 0.978240977106763 0.761229117543819 0.182047973628406
1 1 1 0.99984747119936 0.998388835049726 0.996165408935913 0.975214716277247 0.212609081941321
1 1 1 0.9998746375724 0.998593774338657 0.996008774060461 0.993663623411145 0.26190240250958
1 1 1 0.999845714995567 0.998331578245599 0.995663861097009 0.992929790218278 0.296662504151224
1 1 1 0.981230730713653 0.783298235899027 0.512563512966809 0.474686256738146 0.115007529895838

# True vulnerable proportion of susceptible
0 0 0.05 0.490063466833372 0.746334316941352 0.557651625093517 0.5294491992465 0.308063601400359
0 0 0.05 0.49990610722846 0.929351745687277 0.78257302358179 0.555199229635802 0.406697496267465
0 0 0.05 0.499452384694385 0.939385592223088 0.957627915443597 0.764044067847311 0.488992693216428
0 0 0.05 0.491774415802871 0.788561439781633 0.661977938499491 0.622177457372535 0.392184467730029
0 0 0.05 0.490483121472199 0.738068545490189 0.448582570654972 0.325997322633525 0.224643418548866
0 0 0.05 0.499951709187598 0.931004288534994 0.775344341655674 0.447508534843705 0.254012825155501
0 0 0.05 0.499967097885907 0.949283242279514 0.978774101766627 0.774278253667382 0.340355950148821
0 0 0.05 0.499883977224521 0.947731018935245 0.994829685338545 0.974165253165651 0.41163770582686
0 0 0.05 0.499946496518978 0.948763148832451 0.995582220309737 0.992698017938847 0.487023434142147
0 0 0.05 0.49314575505745 0.809704100117738 0.695281298791981 0.673844702318635 0.315331837064975
0 0 0.05 0.492232685901885 0.782403068933644 0.559564331092629 0.433364505067791 0.216304671049609
0 0 0.05 0.499704361248381 0.929651259322316 0.813468648662531 0.551466411217047 0.278175213945287
0 0 0.05 0.499773923749741 0.945142010576569 0.970122265723356 0.805796900714262 0.390032752822146
0 0 0.05 0.499528687639203 0.9405923010986 0.976932013980299 0.951521129818011 0.491974932576526
0 0 0.05 0.499895985954607 0.947129133320097 0.986173646060171 0.972845003921331 0.641250105641874
0 0 0.05 0.490367525480882 0.743032723996514 0.522592134189616 0.482173516181901 0.299177096295376
0 0 0.05 0.499961838150857 0.930976946183803 0.780924694541193 0.52167871348601 0.318575574206709
0 0 0.05 0.492623447177505 0.790733464037435 0.614800816571519 0.438414931372369 0.165328885267008
0 0 0.05 0.48674151544687 0.656472240917976 0.283782352865329 0.171984197522423 0.0593446838093148
0 0 0.05 0.487657274607069 0.686857915299871 0.331928736645808 0.123634409665979 0.0421986851367019
0 0 0.05 0.485278389715588 0.628353884449344 0.228133344813289 0.0842989709371832 0.0172505156501588
0 0 0.05 0.486493688324242 0.653844910793077 0.256350824001075 0.075025713784582 0.0192926142703076
0 0 0.05 0.499598897906045 0.916790506873207 0.676077822217902 0.250706787827612 0.0306961857611804
0 0 0.05 0.499904591272651 0.947426104586728 0.961521724261469 0.67335393830031 0.151225951361413
0 0 0.05 0.498849682524906 0.927711295484035 0.952609378190613 0.915240054864828 0.226159482310077
0 0 0.05 0.493731304659551 0.817565839197138 0.69182904493122 0.653275862906806 0.203247676363012
0 0 0.05 0.499906110571769 0.936309826977523 0.857267303521942 0.688760401488916 0.236962751416131
0 0 0.05 0.499903838137657 0.947994778254576 0.981978514975171 0.85388942041283 0.326579399257262
0 0 0.05 0.499847240090936 0.946913209214527 0.992084456251936 0.975931494901278 0.359472746632967
0 0 0.05 0.499251459884075 0.935436821482519 0.968156659431058 0.962072992653367 0.425562225008846
0 0 0.05 0.499639988663801 0.941721704814713 0.971014187519985 0.953902790203553 0.508168872317871
0 0 0.05 0.499459338678359 0.939019717577402 0.970750729329246 0.949701383956384 0.521087365509321
0 0 0.05 0.499442343748372 0.938355138128995 0.967303606140453 0.948775215760969 0.563996983808451
0 0 0.05 0.487009798734344 0.689719010066135 0.446845064214566 0.405392730489927 0.246072127015729
0 0 0.05 0.488867297539378 0.672538753831494 0.224231777510934 0.101147670593969 0.0534068576114561
0 0 0.05 0.494487117695816 0.816821315776375 0.507723074205184 0.144395675307816 0.0403853353440483
0 0 0.05 0.487766299089273 0.677502321674926 0.320560597690568 0.149907352051583 0.0263451483601904
0 0 0.05 0.48322305628082 0.577554500157496 0.12770639746734 0.0368444649204837 0.00784222113617725
0 0 0.05 0.485779931094719 0.62686368839722 0.183556832717596 0.0297223643284245 0.00260098433091367
0 0 0.05 0.499918733901877 0.921454533547148 0.657521844795378 0.182757469804142 0.0167481477707843
0 0 0.05 0.499933882344433 0.948589542858733 0.967499209059151 0.655659116269369 0.114360354090353
0 0 0.05 0.499928546513538 0.948516531163278 0.995801251773417 0.964696189399912 0.20415119663669
0 0 0.05 0.487468196725562 0.689824517721911 0.426205038472447 0.387959968351163 0.0822697499842364
0 0 0.05 0.490337663111499 0.725829648920716 0.369698694186944 0.189608294153166 0.0413137228177889
0 0 0.05 0.499958331848264 0.930853658523939 0.762713224273444 0.368943617727182 0.0557199001930907
0 0 0.05 0.499957442205544 0.949112108262945 0.978240977106763 0.761229117543819 0.182047973628406
0 0 0.05 0.49992373559968 0.94846939329724 0.996165408935913 0.975214716277247 0.212609081941321
0 0 0.05 0.4999373187862 0.948664085621724 0.996008774060461 0.993663623411145 0.26190240250958
0 0 0.05 0.499922857497784 0.948414999333319 0.995663861097009 0.992929790218278 0.296662504151224
0 0 0.05 0.490615365356826 0.744133324104076 0.512563512966809 0.474686256738146 0.115007529895838

# True survival by age
0.778267540515681 0.778267540515681 0.778237760359779 0.777986254351481 0.777937340637147 0.778171280446952 0.778203116633358 0.778453026807719
0.778267540515681 0.778267540515681 0.777997982840554 0.77557257009 0.773268852626199 0.774164510535194 0.775511562943799 0.77639134602761
0.778267540515681 0.778267540515681 0.775979192705063 0.755409709118785 0.735280679201393 0.734462420240503 0.7434253908625 0.756160324179342
0.778267540515681 0.778267540515681 0.77073692147551 0.704208997396479 0.659591041408232 0.678745714906898 0.684761383436825 0.719523817224574
0.778267540515681 0.778267540515681 0.778261500050464 0.778218435200251 0.778297333779147 0.778507386806681 0.778587563916163 0.778653854625653
0.778267540515681 0.778267540515681 0.778283890581232 0.778431076881466 0.778582642582526 0.77864087508931 0.778708488354163 0.778748395150172
0.778267540515681 0.778267540515681 0.778186361118418 0.777455835052145 0.776726698008694 0.776689733235148 0.777130796117651 0.778066692976932
0.778267540515681 0.778267540515681 0.77827256008013 0.77831784824906 0.778363958051401 0.778370169781916 0.778379114407558 0.778622605168998
0.778267540515681 0.778267540515681 0.772165713175984 0.717255853559443 0.662484456361222 0.65677248004777 0.657125996124812 0.71910642334025
0.778267540515681 0.778267540515681 0.773615487256868 0.73239204412817 0.703010557767579 0.713740316857954 0.715746231533077 0.749293824712194
0.778267540515681 0.778267540515681 0.778063490403444 0.776267021544428 0.775168625325451 0.77621881626614 0.776801133157192 0.777802700367696
0.778267540515681 0.778267540515681 0.77821506881038 0.777743449010386 0.777303354687426 0.777513325226104 0.777927990052633 0.778360521652414
0.778267540515681 0.778267540515681 0.778020781395574 0.775801306149103 0.773605819125672 0.773495742261355 0.774394343188579 0.77666791823149
0.778267540515681 0.778267540515681 0.778257122635473 0.778163962562729 0.778076841573545 0.778076290133637 0.778095134849394 0.778435934382743
0.778267540515681 0.778267540515681 0.768451597931082 0.680128645517078 0.59232984809857 0.584670435552577 0.587294206671085 0.652569356839245
0.778267540515681 0.778267540515681 0.778276095490369 0.778361715041716 0.778510845416727 0.778611529955777 0.778626167277863 0.778692438161685
0.778267540515681 0.778267540515681 0.768059514325838 0.676195110459403 0.588209477331396 0.618950366108022 0.672016402381978 0.713590348919092
0.778267540515681 0.778267540515681 0.769050320369429 0.68746303226263 0.632589649788198 0.665137855664012 0.697747662815671 0.748235168033278
0.778267540515681 0.778267540515681 0.775050458030495 0.746963928408917 0.736193793016034 0.760390433504133 0.767643326786808 0.774950803103101
0.778267540515681 0.778267540515681 0.771371766185008 0.711025213520526 0.683686900637816 0.732845671308062 0.761683756171567 0.772958428741614
0.778267540515681 0.778267540515681 0.772603374442949 0.723309293076724 0.707266067959168 0.752835429628561 0.769206163849721 0.776837388652692
0.778267540515681 0.778267540515681 0.777982928483742 0.775512705652808 0.774711932150017 0.777204875324687 0.77833371175108 0.778680677225483
0.778267540515681 0.778267540515681 0.778268547175329 0.778278026806111 0.778304639188488 0.778453881210872 0.778672143071261 0.778785032571086
0.778267540515681 0.778267540515681 0.777278426488391 0.768378389396983 0.759526736266306 0.759266966269563 0.765121245582367 0.775728548762969
0.778267540515681 0.778267540515681 0.770878742463907 0.704550776064783 0.64118662308918 0.637520044858449 0.643062259439639 0.745259250365398
0.778267540515681 0.778267540515681 0.778208771995642 0.77769390882449 0.777380934175354 0.777618715001544 0.777684587467865 0.778453511458187
0.778267540515681 0.778267540515681 0.778268498751113 0.778277221202321 0.778293169023724 0.778360080941645 0.778446706607058 0.778678965770317
0.778267540515681 0.778267540515681 0.778209688251019 0.777689231687892 0.777171793166412 0.777140956719611 0.777357464159733 0.77824876988112
0.778267540515681 0.778267540515681 0.777942761094924 0.77502090148978 0.772118514683991 0.771827589119597 0.771941125554611 0.77627410989669
0.778267540515681 0.778267540515681 0.778009640988519 0.775693204513791 0.773450740664607 0.773290777846271 0.773325401412 0.776378809250765
0.778267540515681 0.778267540515681 0.778027867340571 0.775872918412516 0.773758078567359 0.773628475916421 0.773719623300165 0.776093916860784
0.778267540515681 0.778267540515681 0.778025398082433 0.775849311131411 0.773726173449894 0.773581938597986 0.773695101798846 0.775999369860479
0.778267540515681 0.778267540515681 0.774073435521664 0.736373862685001 0.699562877449502 0.697145517919422 0.698709598338095 0.731190784550307
0.778267540515681 0.778267540515681 0.763696047585861 0.636352197591714 0.577408924730624 0.648338512388799 0.660441064293037 0.70695680176079
0.778267540515681 0.778267540515681 0.772038975707143 0.717380580467132 0.694644257430061 0.750748369978078 0.766146750398484 0.77211934278509
0.778267540515681 0.778267540515681 0.768120103102232 0.67791787835108 0.612569431174125 0.675488281144495 0.74941886359329 0.770583094635471
0.778267540515681 0.778267540515681 0.769312324693641 0.69091953799432 0.657076905419166 0.721216059791804 0.751871792273223 0.774068204928575
0.778267540515681 0.778267540515681 0.770073732578414 0.699096694595892 0.683829184185055 0.757804650721482 0.772743206652566 0.777511448189532
0.778267540515681 0.778267540515681 0.778241477993518 0.77802949300305 0.778122166521981 0.778607223676388 0.778769441046304 0.778798040351633
0.778267540515681 0.778267540515681 0.778272711820113 0.77831933182405 0.778378865751297 0.778518169355043 0.778722230901398 0.778793584441696
0.778267540515681 0.778267540515681 0.778248906703052 0.778081297543369 0.777914815420429 0.777924307340904 0.778206809146142 0.778697181875707
0.778267540515681 0.778267540515681 0.771032745019806 0.705930000788252 0.641021910650079 0.634181411244578 0.63869877309071 0.749152077807461
0.778267540515681 0.778267540515681 0.769981028837529 0.697492687399409 0.664088800643593 0.707938451835639 0.71429721013841 0.7651223284596
0.778267540515681 0.778267540515681 0.778270950652952 0.778311287628924 0.778442872691423 0.77862885846079 0.778712607666258 0.778781570545578
0.778267540515681 0.778267540515681 0.778254294331414 0.77813513415036 0.778031682327711 0.778192011124184 0.778506304730881 0.778756309328112
0.778267540515681 0.778267540515681 0.778223093646523 0.777823155042575 0.77742433766254 0.777409548378381 0.777718178291547 0.778541878095394
0.778267540515681 0.778267540515681 0.77825785140328 0.778170745505206 0.778084603126187 0.778076546110479 0.778091777783697 0.778646210995329
0.778267540515681 0.778267540515681 0.778251247364975 0.778104696282689 0.777959155836715 0.777945106385991 0.777947121117976 0.778575781258649
0.778267540515681 0.778267540515681 0.766908776491063 0.664697507410412 0.562811986692457 0.552079635808656 0.552702207050361 0.711248202407382
0.778267540515681 0.778267540515681 0.775344666968887 0.749597415627768 0.734882942951977 0.748564295731736 0.750798702101768 0.77201640682594

# True Numbers-at-age
77.1021063179517 184.965489872459 67.3646748091885 55.6770457007455 44.7713349354809 33.0878474841562 8.40236045568879 10.1032719833437
50.678252388245 60.0060666526508 143.952636883317 52.4257336508677 43.3159762380792 34.829293236483 25.7480126439793 14.4036657497894
12.5859272334387 39.4412388438324 46.7007739097785 111.994861119799 40.6599609864572 33.4948952460032 26.9636027507086 31.1507629674399
38.2236184036404 9.79521863307763 30.695835949881 36.2388288372116 84.6020054613062 29.8964837304244 24.6007418280816 43.6003979378999
103.745551780849 29.7482014846111 7.6233007143787 23.6584141021285 25.5197093222754 55.8027248874479 20.2921102228094 48.2171627645575
182.516791128142 80.7417954239236 23.1520596041932 5.93292144930814 18.411414001878 19.8619217243458 43.4428335288192 53.3436643108306
111.995458260862 142.046894134113 62.8387185413973 18.0188750237201 4.61837043283809 14.3348073672631 15.4653041124 75.3705962005372
149.168759416382 87.1624298496075 110.550486935648 48.9002337190744 14.0088795282665 3.58721161647931 11.1336977100568 70.6619146305226
40.4677338510829 116.093203512763 67.8356899044246 86.0384104855115 38.0599246871061 10.9040069174868 2.79217851496266 63.6852018194824
40.7434379994303 31.4947236945254 90.3515719684643 52.3803938738349 61.7115535516832 25.2141085154866 7.16145166565583 47.6312507881131
29.635806843802 31.7092952839697 24.5113211489592 69.8973753728075 38.3629837414966 43.3838736830727 17.9963258011342 40.8155841208504
83.2161530946029 23.0645865035236 24.6783152521406 19.071364087559 54.2590273944221 29.7377813702785 33.6753790753144 45.7260378212694
139.599274657225 64.764430800113 17.9504190111085 19.2050368020688 14.8326284827909 42.1757240157612 23.1215212780522 61.7883626099811
159.630909367786 108.645584145252 50.4040542717019 13.9657990254006 14.8992926356866 11.4746077072163 32.6227429529813 65.8942142428644
542.923959688944 124.235555223949 84.5553315606146 39.2273142466569 10.8676815099604 11.592794555655 8.92812019556967 76.6780218117178
175.946227813839 422.540094794149 96.6885000087426 64.9766796513468 26.6796201058516 6.43725213797848 6.77796424212635 55.2811606446995
752.180108532427 136.933237983688 328.849240344705 75.2503482656247 50.5753598111384 20.7703736040036 5.01211873586252 48.3245220866221
201.904363540645 585.397363092349 106.570694340414 252.575787825575 50.8839175575826 29.748905960357 12.8558303463984 37.8521385783266
166.416106997187 157.135612432161 455.595765998248 81.9582266244875 173.636516974692 32.1886395876027 19.7871235188222 37.2924268473274
75.6237750275028 129.516254294895 122.293546615003 353.109707113696 61.2198389248555 127.830126037692 24.4759336099255 44.0892494605302
187.729200258863 58.8555293951657 100.798296686892 94.3337890454439 251.069904896686 41.8552019320808 93.6797545294862 52.7220780352225
47.2778727105413 146.103542968441 45.805348108124 77.877104158394 68.2325062677088 177.573224419161 31.5100789287282 113.015526037235
75.9226349595962 36.7948337152464 113.707645046676 35.6357788613755 60.3946837542816 52.8605367660949 138.010775745697 112.528363041835
91.8380622262468 59.0881223794747 28.6362247392483 88.4950837132043 27.7345436559303 47.005462548279 41.1494900084566 195.100551393536
26.1279993624787 71.4745828145472 45.9863676779634 22.2583197058908 67.9977098931031 21.0651274248241 35.6896949471294 182.829416645712
53.5333429295723 20.3345738024315 55.626347776462 35.4499132860712 15.6821164226834 43.5992219841565 13.4294409808228 159.206009865539
44.450435109906 41.6632631373807 15.825738740653 43.288911793723 27.569181630934 12.1909783145123 33.9035709743868 134.378346694171
19.3437098946874 34.5943308078384 32.4251653317869 12.3166739313153 33.6907739796911 21.4569057389302 9.48897086764164 131.029715192972
76.1202503722629 15.0545815241872 26.9236447536022 25.2335778043376 9.57854468659491 26.1835192269608 16.6750402541948 109.350036997959
380.406008511639 59.2419200406589 11.716492136322 20.9450545383562 19.5565502177303 7.3957716962479 20.2091625196118 97.7577519802526
320.917411896922 296.057648641741 46.1060634054702 9.11554384062469 16.2469364735736 15.1260282507481 5.71908204776497 91.5253057951392
89.5675061497059 249.759604865675 230.412058059263 35.8718021828272 7.07250360254271 12.5711983483983 11.701926182295 75.45719907405
571.830584621597 69.7074827212547 194.379793398977 179.266433194551 27.8311130125887 5.47218114910597 9.72485198885373 67.6084619017528
1127.67375150676 445.037182685094 54.2510711330102 150.464234472338 132.007115861234 19.4696135017088 3.81490656134238 56.2295317272116
259.314349156794 877.631877089259 346.357993606356 41.4313286015793 95.748246265427 76.222086826226 12.6229002544828 42.2713708639278
65.2784858980587 201.815940738683 683.032402460418 267.401870611832 29.7220305617254 66.5109694272782 57.2236074411167 42.3095371006569
63.7325023560933 50.8041266684697 157.066795835553 524.650919400062 181.276508792283 18.2068073545361 44.9273804156862 75.4874648908487
99.0366296902661 49.6009378595866 39.539202710317 120.833421836431 362.491570840186 119.112607422424 13.131041861627 92.2120764779509
517.851049084163 77.0769942100057 38.6027999152516 30.4481014143084 84.4742458025598 247.882315161603 90.2640878642747 81.8428685177782
49.9905499336039 403.026662324196 59.9865227141625 30.0423000607334 23.6895209062798 65.7312831591982 193.002961206451 134.033978871018
45.2253357876943 38.9060223458522 313.662569249296 46.68587370541 23.3825029097277 18.4394224132217 51.1729982344569 254.680499363206
27.3518960461216 35.1974108524846 30.2792943223545 244.107551591935 36.3254051896513 18.1895954350884 14.3444749085718 238.142162803304
8.15010028373629 21.2870928642556 27.3930023766831 23.3463274186276 172.322844087713 23.2853806398086 11.5355033029923 187.566494602393
20.2295303181748 6.3429585027796 16.5670534081931 21.0920921529473 16.2838926521251 114.437670853702 16.4846163205496 151.751090918058
144.33440988669 15.7439868065133 4.9365187135513 12.8936564055127 16.4162134023484 12.676080174719 89.1044730217297 131.017731478523
208.039496234127 112.330786194296 12.2530338898164 3.84186688786869 10.0330070567923 12.7723341308798 9.86442432433598 171.399279049895
321.752638509203 161.910387064255 87.4234046956278 9.53559394028862 2.98829302397562 7.79990386589031 9.92933450842505 141.113258731119
161.857966645516 250.409634626988 126.00959872444 68.0379511007787 7.42032024534932 2.32514479158483 6.0689222599657 117.603237772059
345.094583297095 125.968801614075 194.885690462576 98.067127387255 52.9406492769678 5.77270607411004 1.80883501225229 96.2843333273568
979.651726680331 268.575912587914 98.0374294138938 149.45954642827 65.1849751332077 29.7956319963588 3.18699346702509 69.4818061025374

