# Simulated data from SIR age-structured hybrid model
# random seed = 185082
# Flag=0 if no issues, =1 if negative pop #'s, =2 if NaN, or=3 if NA. Flag:
0

# True SSB
21404.0460024759
32446.1513413316
24324.7146962734
15175.4916825313
15683.1296950025
16697.7069907902
22615.8549249127
16226.1996597613
10658.6800446829
11659.1217163924
13035.6452130226
13530.4173121553
13664.7896593312
14804.4285537315
15390.6444649786
14795.8187054421
20649.7020075756
20551.0894530076
19022.8640439196
28257.6068971233
44592.3410230825
42169.0707036134
24487.6760011206
16198.6491880611
16081.5781969022
18771.5300081074
29210.1242878936
23361.0661918902
16699.4057779349
20145.9020472313
20188.3688396082
31616.2880765988
29819.1731558986
31355.3161798616
27203.3634430204
16116.9570167291
16118.0045394556
16474.8493719219
17438.8971107659
21478.4438351696
15003.6908752504
12098.2182698515
14871.2492483787
15379.9802930448
17314.0515388785
18220.8648245591
14450.4276147304
12356.6411975054
19582.3544921376
17493.1006289005

# True R (numbers)
81.5339217891364
39.0123891768545
71.0658267801608
250.608419854688
36.9505847998052
60.6827464937726
42.7061881805399
81.0597143109625
21.6207082248755
70.5341749462069
67.0329027434232
83.8031070937052
84.6926045098426
201.024774518311
273.623706898239
131.460651740633
484.561783735359
768.308089074504
378.057842072289
17.3624471759523
60.9507989621076
40.5924007342603
120.756926831894
366.574494116908
142.153900365394
99.5155911342049
128.31963029496
87.11534275116
480.60243055581
243.438890844516
483.737017655413
137.484912902796
22.7514232821367
78.187056362958
42.2213527144991
82.0409101706877
188.407474431071
31.7548613318923
85.6945475900787
98.1273606857628
24.7263316361158
193.041258191508
193.139418188379
90.0766821632609
34.6370053818077
287.047246634014
88.0239450236025
310.325309336298
713.068340612809
466.981821497076

# True infection rate given (selected) susceptible
-999 -999 0.102865900485614 0.102865900485613 0.102865900485614 0.102865900485614 0.102865900485614 0.102865900485614
-999 -999 0.868615222754301 0.868615222754301 0.868615222754301 0.868615222754301 0.868615222754301 0.868615222754301
-999 -999 0.818293018788692 0.818293018788692 0.818293018788692 0.818293018788692 0.818293018788691 0.818293018788692
-999 -999 0.000762986175049135 0.000762986175049582 0.000762986175049752 0.000762986175049729 0.000762986175049759 0.000762986175049314
-999 -999 0.00163812021211141 0.00163812021211255 0.00163812021211171 0.00163812021211213 0.00163812021211061 0.0016381202121118
-999 -999 0.00287504373502429 0.00287504373502404 0.00287504373502425 0.0028750437350238 0.00287504373502434 0.00287504373502448
-999 -999 0.750746998853609 0.750746998853609 0.750746998853609 0.750746998853609 0.750746998853609 0.750746998853609
-999 -999 0.697662440904118 0.697662440904118 0.697662440904118 0.697662440904118 0.697662440904118 0.697662440904117
-999 -999 0.000587337422587453 0.000587337422585183 0.000587337422586246 0.000587337422585832 0.000587337422585846 0.000587337422585294
-999 -999 0.000798956190454183 0.000798956190454678 0.000798956190454564 0.000798956190454963 0.000798956190455214 0.000798956190454702
-999 -999 0.00392811925935529 0.00392811925935388 0.0039281192593556 0.00392811925935636 0.00392811925935539 0.0039281192593548
-999 -999 0.0274891923559694 0.0274891923559694 0.0274891923559699 0.0274891923559693 0.0274891923559698 0.02748919235597
-999 -999 0.027263833032624 0.0272638330326238 0.0272638330326234 0.027263833032624 0.0272638330326239 0.0272638330326238
-999 -999 0.115502239818987 0.115502239818987 0.115502239818987 0.115502239818987 0.115502239818987 0.115502239818987
-999 -999 0.29777085469209 0.29777085469209 0.29777085469209 0.29777085469209 0.29777085469209 0.29777085469209
-999 -999 0.0400232706552657 0.0400232706552664 0.0400232706552661 0.0400232706552661 0.0400232706552658 0.0400232706552662
-999 -999 0.723542398045574 0.723542398045575 0.723542398045575 0.723542398045574 0.723542398045574 0.723542398045574
-999 -999 0.825607214135499 0.825607214135499 0.825607214135499 0.825607214135499 0.825607214135499 0.825607214135499
-999 -999 0.733043409883447 0.733043409883448 0.733043409883447 0.733043409883447 0.733043409883448 0.733043409883448
-999 -999 0.895505126919708 0.895505126919709 0.895505126919708 0.895505126919708 0.895505126919709 0.895505126919709
-999 -999 0.944105881386406 0.944105881386406 0.944105881386406 0.944105881386406 0.944105881386406 0.944105881386406
-999 -999 0.918820142746322 0.918820142746322 0.918820142746322 0.918820142746322 0.918820142746322 0.918820142746322
-999 -999 0.699671635587509 0.69967163558751 0.69967163558751 0.69967163558751 0.699671635587509 0.69967163558751
-999 -999 0.000591797866477069 0.000591797866476156 0.000591797866476916 0.00059179786647704 0.000591797866477673 0.000591797866477008
-999 -999 0.000678232184239263 0.000678232184239213 0.000678232184239203 0.000678232184238313 0.000678232184238671 0.000678232184240264
-999 -999 0.0124755522585746 0.0124755522585747 0.0124755522585749 0.0124755522585745 0.0124755522585751 0.0124755522585745
-999 -999 0.85317235461804 0.85317235461804 0.85317235461804 0.853172354618039 0.85317235461804 0.85317235461804
-999 -999 0.805790197166691 0.805790197166692 0.805790197166691 0.805790197166691 0.805790197166692 0.805790197166692
-999 -999 0.0114817089742239 0.011481708974225 0.0114817089742239 0.0114817089742242 0.0114817089742248 0.0114817089742241
-999 -999 0.357389917330252 0.357389917330252 0.357389917330253 0.357389917330252 0.357389917330252 0.357389917330252
-999 -999 0.171473546220613 0.171473546220614 0.171473546220614 0.171473546220614 0.171473546220614 0.171473546220613
-999 -999 0.895616982743922 0.895616982743922 0.895616982743922 0.895616982743922 0.895616982743922 0.895616982743922
-999 -999 0.870076909255152 0.870076909255152 0.870076909255152 0.870076909255151 0.870076909255152 0.870076909255152
-999 -999 0.886699484979861 0.886699484979861 0.886699484979861 0.886699484979862 0.886699484979861 0.886699484979862
-999 -999 0.840002414824063 0.840002414824064 0.840002414824064 0.840002414824063 0.840002414824063 0.840002414824064
-999 -999 0.00159616228374465 0.00159616228374358 0.00159616228374499 0.00159616228374405 0.00159616228374462 0.00159616228374491
-999 -999 0.00133546479960035 0.0013354647995992 0.00133546479959956 0.00133546479960032 0.0013354647995999 0.00133546479960074
-999 -999 0.00569710527081922 0.00569710527081812 0.00569710527081896 0.00569710527081863 0.00569710527081881 0.00569710527081765
-999 -999 0.0250377324292314 0.0250377324292311 0.0250377324292302 0.0250377324292308 0.0250377324292304 0.0250377324292314
-999 -999 0.659733266072305 0.659733266072305 0.659733266072304 0.659733266072305 0.659733266072305 0.659733266072305
-999 -999 0.501091879761091 0.501091879761091 0.501091879761091 0.501091879761091 0.501091879761091 0.50109187976109
-999 -999 0.00169633125985723 0.0016963312598572 0.00169633125985585 0.00169633125985745 0.00169633125985642 0.00169633125985752
-999 -999 0.0910752104050268 0.0910752104050262 0.0910752104050268 0.0910752104050268 0.0910752104050267 0.0910752104050267
-999 -999 0.234134559462515 0.234134559462515 0.234134559462514 0.234134559462514 0.234134559462513 0.234134559462514
-999 -999 0.623817008107327 0.623817008107327 0.623817008107327 0.623817008107327 0.623817008107327 0.623817008107328
-999 -999 0.762824193765947 0.762824193765946 0.762824193765947 0.762824193765946 0.762824193765947 0.762824193765946
-999 -999 0.509655355673319 0.509655355673319 0.509655355673318 0.509655355673319 0.509655355673318 0.509655355673319
-999 -999 0.00211413787059232 0.00211413787059234 0.00211413787059265 0.00211413787059301 0.00211413787059185 0.00211413787059255
-999 -999 0.810831708573063 0.810831708573063 0.810831708573063 0.810831708573063 0.810831708573063 0.810831708573063
-999 -999 0.759628366649317 0.759628366649317 0.759628366649317 0.759628366649317 0.759628366649317 0.759628366649317

# Duration of outbreak (days) based on incidence
0
0
0
0
0
0
0
0
0
0
0
0
0
0
0
0
0
0
0
0
3
0
0
0
0
0
0
0
0
0
0
0
0
0
0
0
0
0
0
0
0
0
0
0
0
0
0
0
0
0

# Duration of outbreak (days) based on prevalence
0
39
34
0
0
0
44
34
0
0
0
0
0
0
2
0
50
45
41
42
41
37
20
0
0
0
44
38
0
0
0
44
40
39
36
0
0
0
0
43
14
0
0
0
43
44
19
0
45
40

# Peak (point) prevalence
0.0208450474061504
0.374159502872486
0.249416212289586
3.93959909582062e-05
0.000167001482201416
0.000366949885889271
0.244489451329234
0.16874242282711
3.54573731349123e-05
7.53496112025837e-05
0.000662816259257848
0.00766684599095025
0.00763699691919978
0.0400988861375776
0.102585585898935
0.0129561116875056
0.257868223922124
0.344344422135345
0.217392396613238
0.456363582234809
0.587809934940396
0.45864696449966
0.126396509602355
2.26575187938789e-05
3.84094997470649e-05
0.00214867895486399
0.374523576246178
0.264628892286481
0.00189906499603454
0.092649929746137
0.0511721442254852
0.47287601963929
0.378191444391094
0.395237005936956
0.284581333516279
9.5226154771102e-05
0.000111165249551758
0.00084239969094601
0.00537353975476618
0.184373997901205
0.104810362271597
0.000183701748637112
0.0284135627239379
0.0741752077759039
0.178310983907537
0.258532027546715
0.110505209751914
0.000273436576880418
0.32200597024658
0.234737871869735

# Day of peak prevalence
119
41
45
102
119
119
68
72
95
119
119
119
119
119
119
119
82
53
69
36
23
26
63
80
105
119
46
50
119
119
119
37
38
35
41
119
119
119
119
85
102
119
119
119
94
66
103
119
59
62

# Total immunity
0.102739657227993
0.0979176438047284
0.162553199336841
0.11579164644761
0.104702838643965
0.0870995810951937
0.0757075574602759
0.113751318729383
0.155457010485981
0.105730499244263
0.0760713309514744
0.0525831475065438
0.0384719740394631
0.0211178687905984
0.0137715296598786
0.0168750519895485
0.00861705337768019
0.0123859634787864
0.0182849912875888
0.0275682221673742
0.0522438632467852
0.130298863149919
0.205546356458673
0.10608201100225
0.0813809824084271
0.0673124629562943
0.0526067299238273
0.092514268764916
0.0561403136364689
0.0398797990410682
0.027263439787156
0.026044221475868
0.0596148358574397
0.0953502475811755
0.165536297216966
0.205521374883139
0.108290735075726
0.0983134520659788
0.0745761175400709
0.0558386404123816
0.0997855693151541
0.0661888722228369
0.0395803852695167
0.0341628527062481
0.0386583177286188
0.0355088665000805
0.0541736678595404
0.0369321025060777
0.0151387860166165
0.0188689245102081

# Observed immunity (based on survey selectivity)
0.389365845614878
0.204118803161375
0.329749638002971
0.527174221009888
0.402186462516239
0.289890380467316
0.162046733288558
0.284016361519129
0.43351133980506
0.310140280086113
0.215503291079413
0.164452062199455
0.12889503602018
0.094663861803826
0.0824943732318377
0.0992872070825275
0.0575136002621015
0.120697538210833
0.194083063664904
0.141675030633658
0.12443595164761
0.211683897809671
0.456886622242076
0.623166857432894
0.487899198375253
0.313009655550956
0.152502171761231
0.255217562591588
0.383725942143278
0.251137927696298
0.224071281886249
0.117091183616068
0.191366007890517
0.216715232471229
0.30108254944411
0.537519047914067
0.420416515254211
0.321448236541078
0.233325419917945
0.146406518743288
0.262103543005099
0.306911741529485
0.195170004558308
0.157603827228454
0.12486492515461
0.1507503137725
0.250638881890135
0.286034725494517
0.136785431910116
0.210319183416344

# True total proportion of susceptible
1 1 1 0.99274309712893 0.872271743207172 0.262784703299755 0.0166227052936183 0.000465676077011661
1 1 1 0.999187522102203 0.983968977404145 0.846988297675128 0.239811766184502 0.0082087860600902
1 1 1 0.993196577519583 0.893383355316572 0.524300830768107 0.261848352064582 0.0237230372210805
1 1 1 0.993584464645002 0.894039734774799 0.459598978582142 0.133901570989949 0.0118706592495366
1 1 1 0.999994130969657 0.993521797810518 0.893875540496389 0.459376034957901 0.0283329473586967
1 1 1 0.999987287974871 0.999866959958629 0.993272423016872 0.893508190036734 0.225686623064836
1 1 1 0.999977666024846 0.999763738576011 0.999441609710209 0.992810609807224 0.34414657441692
1 1 1 0.994042959162383 0.913558244886671 0.70072597518649 0.652819485665673 0.19005401073376
1 1 1 0.994463740698857 0.91421777461544 0.610096542271714 0.336528435543933 0.0746098525139218
1 1 1 0.999995485267124 0.994415519304155 0.914097674556614 0.609916947681538 0.111764372433024
1 1 1 0.99999382595306 0.999933741052888 0.994294896302215 0.913928572932236 0.355051571936027
1 1 1 0.999969379222889 0.999687211488202 0.999350253839076 0.993664122195511 0.447596359407612
1 1 1 0.99978363751062 0.997781392529453 0.995477695929271 0.994906544038715 0.623826109517687
1 1 1 0.99978557326625 0.997613456508306 0.99357254862648 0.990994073057882 0.704027639259307
1 1 1 0.999085190156285 0.990172035150918 0.978195805203567 0.972633542768936 0.775342479055406
1 1 1 0.997624683048965 0.971864588966383 0.927628488667087 0.907924475743768 0.693518683866291
1 1 1 0.999684370653152 0.994379376941229 0.964864952438641 0.919044754879935 0.748043750625436
1 1 1 0.994220775334662 0.916853356252629 0.713149552386052 0.618328099728131 0.396148123413291
1 1 1 0.993494054508207 0.893373220903876 0.47602688630103 0.219049720039069 0.103529590297235
1 1 1 0.994186151159277 0.907746777085373 0.547693000787367 0.162654491784477 0.0343907158034888
1 1 1 0.993000610211021 0.881318212192625 0.364492213156765 0.0820801546482835 0.0084934774985309
1 1 1 0.992669769603298 0.870964433352602 0.255777130259329 0.0230342891181983 0.00187270486905112
1 1 1 0.992857666769767 0.875445625042386 0.291460704625147 0.0218134927928443 0.000430944958689382
1 1 1 0.994474386115569 0.912856206466154 0.558608562679487 0.0969155299264368 0.00304537607077209
1 1 1 0.999995458148362 0.994425892223551 0.912734916325229 0.558427994786974 0.0520723766471269
1 1 1 0.999994781473395 0.999943272064288 0.994323923211433 0.912591459611407 0.237492627884164
1 1 1 0.999902419763178 0.999014261278191 0.998070823283269 0.992299193553088 0.267530238888937
1 1 1 0.993299129345528 0.896858536554346 0.575230049382332 0.485336459341298 0.0814462497204271
1 1 1 0.993665228928037 0.896040124139723 0.477443563037841 0.164628221674206 0.0205432056080034
1 1 1 0.99991007030175 0.992732583983298 0.893563642214377 0.473969139290559 0.0450961905671882
1 1 1 0.997143187864558 0.966333904900839 0.913042571305049 0.779062740354683 0.173612699695363
1 1 1 0.998638245003944 0.982290882466036 0.93172533965264 0.86976363738735 0.320006785354991
1 1 1 0.992995741474053 0.887663093116905 0.4731362076257 0.290915891206693 0.0648391270892271
1 1 1 0.99319779007376 0.884526547332077 0.382068680525577 0.0816553936237167 0.0134592676960998
1 1 1 0.993075062683972 0.881766775378033 0.353366651921321 0.051590576902629 0.00220814406643369
1 1 1 0.993425904722847 0.890152773963229 0.417609592778436 0.066498658085944 0.00375036092313466
1 1 1 0.999987678099984 0.993296548823473 0.889808082338515 0.417159126783924 0.019256898679136
1 1 1 0.999989670131155 0.999884345228216 0.993093697618854 0.889506662155764 0.210234994822135
1 1 1 0.999955574365041 0.999544493219924 0.9990363765895 0.992172100083116 0.425240112786257
1 1 1 0.999803630118752 0.9979717209578 0.995729484221483 0.995006346997761 0.47221456467109
1 1 1 0.994733384627517 0.927140230800328 0.77444593523239 0.741603271288892 0.307886559226289
1 1 1 0.995994130215966 0.942910925610494 0.763806979651423 0.558784221928715 0.201814445419094
1 1 1 0.999986857562167 0.995858773814602 0.942595462908932 0.763330992593522 0.273962983094031
1 1 1 0.999279155455396 0.992498523921499 0.980770636433442 0.923034933403793 0.476349241938635
1 1 1 0.998136723039279 0.978576320212546 0.947100740242915 0.929957371929775 0.460404946747367
1 1 1 0.995003026827432 0.930009821188672 0.765747977279702 0.689786959005853 0.337523040303573
1 1 1 0.99395342005764 0.904817733950012 0.568962364376047 0.327772152144184 0.130796869069184
1 1 1 0.995922891724476 0.940783479168399 0.728723954212653 0.353968022152189 0.071472580672094
1 1 1 0.9999835746291 0.99575395667133 0.940386744609824 0.728107535624205 0.198358155388166
1 1 1 0.993588997781442 0.903670642152173 0.624082756262415 0.461115092408522 0.113987817330188

# True vulnerable proportion of susceptible
0 0 0.05 0.496371548564465 0.828658156046814 0.262784703299755 0.0166227052936183 0.000465676077011661
0 0 0.05 0.499593761051101 0.934770528533938 0.846988297675128 0.239811766184502 0.0082087860600902
0 0 0.05 0.496598288759792 0.848714187550743 0.524300830768107 0.261848352064582 0.0237230372210805
0 0 0.05 0.496792232322501 0.849337748036059 0.459598978582142 0.133901570989949 0.0118706592495366
0 0 0.05 0.499997065484829 0.943845707919992 0.893875540496389 0.459376034957901 0.0283329473586967
0 0 0.05 0.499993643987436 0.949873611960697 0.993272423016872 0.893508190036734 0.225686623064836
0 0 0.05 0.499988833012423 0.949775551647211 0.999441609710209 0.992810609807224 0.34414657441692
0 0 0.05 0.497021479581192 0.867880332642337 0.70072597518649 0.652819485665673 0.19005401073376
0 0 0.05 0.497231870349428 0.868506885884668 0.610096542271714 0.336528435543933 0.0746098525139218
0 0 0.05 0.499997742633562 0.944694743338947 0.914097674556614 0.609916947681538 0.111764372433024
0 0 0.05 0.49999691297653 0.949937054000244 0.994294896302215 0.913928572932236 0.355051571936027
0 0 0.05 0.499984689611445 0.949702850913792 0.999350253839076 0.993664122195511 0.447596359407612
0 0 0.05 0.49989181875531 0.947892322902981 0.995477695929271 0.994906544038715 0.623826109517687
0 0 0.05 0.499892786633125 0.947732783682891 0.99357254862648 0.990994073057882 0.704027639259307
0 0 0.05 0.499542595078143 0.940663433393372 0.978195805203567 0.972633542768936 0.775342479055406
0 0 0.05 0.498812341524482 0.923271359518064 0.927628488667087 0.907924475743768 0.693518683866291
0 0 0.05 0.499842185326576 0.944660408094168 0.964864952438641 0.919044754879935 0.748043750625436
0 0 0.05 0.497110387667331 0.871010688439998 0.713149552386052 0.618328099728131 0.396148123413291
0 0 0.05 0.496747027254104 0.848704559858683 0.47602688630103 0.219049720039069 0.103529590297235
0 0 0.05 0.497093075579639 0.862359438231104 0.547693000787367 0.162654491784477 0.0343907158034888
0 0 0.05 0.496500305105511 0.837252301582994 0.364492213156765 0.0820801546482835 0.0084934774985309
0 0 0.05 0.496334884801649 0.827416211684972 0.255777130259329 0.0230342891181983 0.00187270486905112
0 0 0.05 0.496428833384883 0.831673343790267 0.291460704625147 0.0218134927928443 0.000430944958689382
0 0 0.05 0.497237193057784 0.867213396142846 0.558608562679487 0.0969155299264368 0.00304537607077209
0 0 0.05 0.499997729074181 0.944704597612373 0.912734916325229 0.558427994786974 0.0520723766471269
0 0 0.05 0.499997390736697 0.949946108461074 0.994323923211433 0.912591459611407 0.237492627884164
0 0 0.05 0.499951209881589 0.949063548214282 0.998070823283269 0.992299193553088 0.267530238888937
0 0 0.05 0.496649564672764 0.852015609726629 0.575230049382332 0.485336459341298 0.0814462497204271
0 0 0.05 0.496832614464018 0.851238117932737 0.477443563037841 0.164628221674206 0.0205432056080034
0 0 0.05 0.499955035150875 0.943095954784133 0.893563642214377 0.473969139290559 0.0450961905671882
0 0 0.05 0.498571593932279 0.918017209655797 0.913042571305049 0.779062740354683 0.173612699695363
0 0 0.05 0.499319122501972 0.933176338342734 0.93172533965264 0.86976363738735 0.320006785354991
0 0 0.05 0.496497870737027 0.84327993846106 0.4731362076257 0.290915891206693 0.0648391270892271
0 0 0.05 0.49659889503688 0.840300219965473 0.382068680525577 0.0816553936237167 0.0134592676960998
0 0 0.05 0.496537531341986 0.837678436609131 0.353366651921321 0.051590576902629 0.00220814406643369
0 0 0.05 0.496712952361423 0.845645135265068 0.417609592778436 0.066498658085944 0.00375036092313466
0 0 0.05 0.499993839049992 0.943631721382299 0.889808082338515 0.417159126783924 0.019256898679136
0 0 0.05 0.499994835065577 0.949890127966805 0.993093697618854 0.889506662155764 0.210234994822135
0 0 0.05 0.499977787182521 0.949567268558928 0.9990363765895 0.992172100083116 0.425240112786257
0 0 0.05 0.499901815059376 0.94807313490991 0.995729484221483 0.995006346997761 0.47221456467109
0 0 0.05 0.497366692313758 0.880783219260311 0.77444593523239 0.741603271288892 0.307886559226289
0 0 0.05 0.497997065107983 0.89576537932997 0.763806979651423 0.558784221928715 0.201814445419094
0 0 0.05 0.499993428781083 0.946065835123872 0.942595462908932 0.763330992593522 0.273962983094031
0 0 0.05 0.499639577727698 0.942873597725424 0.980770636433442 0.923034933403793 0.476349241938635
0 0 0.05 0.49906836151964 0.929647504201918 0.947100740242915 0.929957371929775 0.460404946747367
0 0 0.05 0.497501513413716 0.883509330129238 0.765747977279702 0.689786959005853 0.337523040303573
0 0 0.05 0.49697671002882 0.859576847252511 0.568962364376047 0.327772152144184 0.130796869069184
0 0 0.05 0.497961445862238 0.893744305209979 0.728723954212653 0.353968022152189 0.071472580672094
0 0 0.05 0.49999178731455 0.945966258837764 0.940386744609824 0.728107535624205 0.198358155388166
0 0 0.05 0.496794498890721 0.858487110044565 0.624082756262415 0.461115092408522 0.113987817330188

# True survival by age
0.778267540515681 0.778267540515681 0.774644052406022 0.742299482121187 0.718282991149619 0.759616710128471 0.777587275637911 0.778766787318539
0.778267540515681 0.778267540515681 0.748750720129163 0.483339587540071 0.226447013072219 0.278341103827707 0.63710328865148 0.773950460522801
0.778267540515681 0.778267540515681 0.750374675106391 0.501240183772862 0.304862980961622 0.486036153424563 0.632587137551301 0.76555406325226
0.778267540515681 0.778267540515681 0.77826771200889 0.778272665482038 0.778326956151443 0.778557281699534 0.778729840319674 0.778794493845473
0.778267540515681 0.778267540515681 0.778236827535603 0.777960415647078 0.777691228680303 0.777775058960352 0.77827364808029 0.778768270953185
0.778267540515681 0.778267540515681 0.778193404956035 0.777526201121949 0.776859223221988 0.776798391806809 0.776999511886264 0.778345809277617
0.778267540515681 0.778267540515681 0.75230334769379 0.518631423042572 0.285064555290609 0.25927394489841 0.262720852031406 0.599907509129433
0.778267540515681 0.778267540515681 0.754082124729034 0.53785729429205 0.358512700977931 0.439480144913755 0.462678458051455 0.686768732754676
0.778267540515681 0.778267540515681 0.778273824647243 0.778332986094544 0.778422439479453 0.77855213217071 0.778663627567627 0.778770375085545
0.778267540515681 0.778267540515681 0.778266335325958 0.778255491080319 0.778247747670535 0.778291314068795 0.778460848086709 0.778738491606348
0.778267540515681 0.778267540515681 0.778156011605472 0.777152261591702 0.776148666959773 0.776052730195535 0.776274848308463 0.777819484166049
0.778267540515681 0.778267540515681 0.777318812995081 0.768780572145728 0.760247522686754 0.759305665217283 0.759416589096172 0.770069165958977
0.778267540515681 0.778267540515681 0.777327528789069 0.768869572456018 0.76044812558971 0.759554737845573 0.759565780197563 0.766740055276167
0.778267540515681 0.778267540515681 0.774186740665969 0.737468406685854 0.700918657097837 0.697179553764031 0.69739137357119 0.720965447884104
0.778267540515681 0.778267540515681 0.767718227684741 0.672871406174048 0.579805724654932 0.571893296260139 0.573069823224589 0.614800730212881
0.778267540515681 0.778267540515681 0.776872123038116 0.764347777948004 0.75251556368205 0.752417551969897 0.752977965468334 0.759076007546291
0.778267540515681 0.778267540515681 0.753054008212188 0.526211967095078 0.301906023364824 0.291733203081842 0.314863416987069 0.401185388893619
0.778267540515681 0.778267540515681 0.749995528505271 0.497184405231602 0.285807384949067 0.375177047175933 0.428843474977471 0.554591449972787
0.778267540515681 0.778267540515681 0.752907722970475 0.526322730216938 0.347864542695875 0.537107845613832 0.667582757768475 0.726235746278723
0.778267540515681 0.778267540515681 0.747932939649531 0.476688239886591 0.255130146622085 0.446227758334537 0.68003286702713 0.757917871730213
0.778267540515681 0.778267540515681 0.746556372898185 0.463379184941414 0.24732586522289 0.547436946978398 0.726699863597529 0.773409492215526
0.778267540515681 0.778267540515681 0.747337556006248 0.471238843338346 0.266496935565618 0.620440738285 0.764539496095969 0.77764132981366
0.778267540515681 0.778267540515681 0.754127235384392 0.538592478834094 0.376796992435791 0.637926356951748 0.768257463748786 0.778592490417259
0.778267540515681 0.778267540515681 0.778273702245432 0.778331763832271 0.778420879986538 0.778571749113793 0.778761046932616 0.778799534442969
0.778267540515681 0.778267540515681 0.778270648053565 0.778298618175291 0.778329226973686 0.778370801138539 0.778537712223263 0.778776252201858
0.778267540515681 0.778267540515681 0.777853995639189 0.774132116114456 0.770410663843488 0.770046615961034 0.770766200020104 0.776709864706223
0.778267540515681 0.778267540515681 0.749179386750852 0.487414439190662 0.226137937692502 0.19762781771775 0.200988616457641 0.623018910052229
0.778267540515681 0.778267540515681 0.750713694893836 0.504579005042078 0.308796408377058 0.461498046375202 0.51108426351058 0.733874204639549
0.778267540515681 0.778267540515681 0.777888490995906 0.774504435206772 0.771869748349242 0.774926694779849 0.77746495133039 0.778634090715533
0.778267540515681 0.778267540515681 0.765609336268523 0.651696929483328 0.539513391404653 0.552106075091451 0.658556079116443 0.767360000044124
0.778267540515681 0.778267540515681 0.772195698138855 0.717724101251092 0.666804376785401 0.667436898391275 0.683778430442834 0.7576252264484
0.778267540515681 0.778267540515681 0.747912644930315 0.47513267011492 0.211747577508223 0.21265543948215 0.25030530014971 0.584354690714145
0.778267540515681 0.778267540515681 0.748755785739676 0.485220807324409 0.280594028307271 0.499286892008876 0.60693688550338 0.740495879718612
0.778267540515681 0.778267540515681 0.748243422698161 0.480072293090742 0.273743659748082 0.549171546222055 0.729724617768729 0.770711553236193
0.778267540515681 0.778267540515681 0.749709986726382 0.494673287992871 0.299889647270539 0.576786609543077 0.749307259281967 0.77753842173598
0.778267540515681 0.778267540515681 0.778238588220524 0.777983426502952 0.777836448380154 0.778336280741048 0.778726817381482 0.778796611588229
0.778267540515681 0.778267540515681 0.778247578638174 0.778067930770862 0.777894381864453 0.777971054736599 0.778411790484702 0.778782826396482
0.778267540515681 0.778267540515681 0.7780937265683 0.776529424504956 0.774965519133337 0.77481895253598 0.775234286982135 0.77795784133891
0.778267540515681 0.778267540515681 0.777408839689742 0.769680937429227 0.761959899455363 0.761110587126287 0.761232134648744 0.771270946225427
0.778267540515681 0.778267540515681 0.755226424121298 0.547901727097538 0.34137535304346 0.319415438871122 0.319749062257481 0.560941963215905
0.778267540515681 0.778267540515681 0.760623112610416 0.602755333998924 0.467488072197114 0.505094706126973 0.516702019556388 0.669986960910323
0.778267540515681 0.778267540515681 0.778234885036831 0.777944429963382 0.777712949891627 0.777894639032105 0.778137868217985 0.778561360073664
0.778267540515681 0.778267540515681 0.77505401188919 0.746132683594878 0.717465555919398 0.717717000992577 0.729334022578305 0.761046936574692
0.778267540515681 0.778267540515681 0.769973686048688 0.695389166028206 0.621870412615871 0.615590415949082 0.625198233452471 0.699531347622189
0.778267540515681 0.778267540515681 0.756374194309007 0.559743005703317 0.371217071340198 0.363591660677457 0.371107316203552 0.57695917767283
0.778267540515681 0.778267540515681 0.751925919797674 0.516170281654856 0.312843508755812 0.374971598001302 0.415030830303288 0.60080272319747
0.778267540515681 0.778267540515681 0.760316117380429 0.599841980607567 0.469705741704574 0.574223705107155 0.660946469109448 0.731771237786116
0.778267540515681 0.778267540515681 0.778220069126271 0.777796936169171 0.777450571605691 0.777720325675596 0.778275965182264 0.778694812795635
0.778267540515681 0.778267540515681 0.750393695492731 0.499533677427323 0.250915466771016 0.254055441222538 0.372509392987652 0.668114920415116
0.778267540515681 0.778267540515681 0.752093386374143 0.518207443322219 0.328915428492065 0.451771230397713 0.537168946767247 0.719069305895212

# True Numbers-at-age
81.5339217891364 47.939878154325 258.589291136288 57.6029222169896 40.2185647800617 48.9877793607734 8.09919324645494 6.85836146045431
39.0123891768545 63.455204779429 37.310051063788 200.314656394615 42.7586193303384 28.8883110099674 37.2119357945301 11.6388937322032
71.0658267801608 30.3620761743111 49.3851261566051 27.9359276020671 96.8200034000043 9.68256163044717 8.04080437423243 32.7157738357974
250.608419854688 55.3082262229091 23.6298183491309 37.0573479948507 14.0026094851255 29.5168348532397 4.70607501015881 30.1322030151424
36.9505847998052 195.040398552829 43.0445971927884 18.3903246617638 28.8407209996479 10.898608418735 22.9805467077124 27.1315548368202
60.6827464937726 28.7574407527605 151.793611282908 33.4988907618636 14.3069446177504 22.429175750242 8.47666580546743 39.0143479696328
42.7061881805399 47.2274118654449 22.3809826861763 118.124787214819 26.0462652758709 11.1144818824256 17.4229476523403 36.9530194371336
81.0597143109625 33.2368400400686 36.7555616774409 16.8372881994872 61.2632264898227 7.42486702784737 2.8816955631584 26.7457654974638
21.6207082248755 63.0861444916965 25.8671537524973 27.7167120453337 9.05605827419165 21.9636447994891 3.26308163736373 19.7014539369828
70.5341749462069 16.826695414381 49.0978985141695 20.1317286836944 21.5728312509672 7.04943897386435 17.0998424888824 17.8837516570336
67.0329027434232 54.8944588576872 13.0956708551568 38.2112415488285 15.6676283930243 16.7890073319418 5.48651712241666 27.2383236757054
83.8031070937052 52.1695323517508 42.7225754831114 10.1904750019468 29.6959527878989 12.1604088916669 13.0291549772263 25.4455441179308
84.6926045098426 65.2212380453901 40.6018536332503 33.2090616626249 7.83423920243343 22.576274540823 9.23346736280129 29.4893853678779
201.024774518311 65.9135050117424 50.7595725229735 31.5609385489899 25.533437042208 5.95753251691192 17.1479162903845 29.6241188083818
273.623706898239 156.451056847085 51.2983414322568 39.2973880091588 23.2751950652338 17.8968624027166 4.15346986167536 33.3167749804919
131.460651740633 212.952449394476 121.76077922346 39.3826717675389 26.4420887286898 13.4950913412828 10.2350956322037 22.8634058257436
484.561783735359 102.311558104771 165.733979037029 94.5925550581045 30.1020576551739 19.8980833046008 10.1539435906181 25.0618642986267
768.308089074504 377.118707655609 79.6257646925272 124.806637210789 49.7757344696747 9.08799252177223 5.80493157764051 13.2515591498796
378.057842072289 597.949246842316 293.499249089583 59.7189674732082 62.0519136906025 14.2262725026968 3.40960619907547 9.8386084330937
17.3624471759523 294.230146922266 465.364489693173 220.977851325582 31.4314500062355 21.5856605793853 7.64104257503879 9.42134344703523
60.9507989621076 13.5126290609618 228.989772790759 348.061430784719 105.337543002313 8.0191104486356 9.6321209325093 12.3367646635963
40.5924007342603 47.4360284007052 10.5164405851755 170.953774205449 161.284422106565 26.0526989635003 4.38995734148365 16.5410318618639
120.756926831894 31.5917478830797 36.9179211552488 7.85933100480996 80.5600588209004 42.9818042458712 16.164155779231 16.2192857872907
366.574494116908 93.9811964456899 24.5868319255559 27.8408098169468 4.23297656785825 30.3547878741657 27.4192257977818 25.0464474365082
142.153900365394 285.293029952146 73.1425146125081 19.1352847091885 21.669386611343 3.29503734491462 23.6333802891673 40.8591865913652
99.5155911342049 110.633766412086 222.034304747123 56.924672247744 14.8929656475522 16.8659169302005 2.56476085794259 50.2196420240705
128.31963029496 77.4497543549817 86.1026692835206 172.710271116519 44.0672169862679 11.473699551129 12.9875422571808 40.9829223425475
87.11534275116 99.8670030695402 60.2766298353952 64.5063449714394 84.1814799387252 9.9652695691226 2.26752220343874 28.143483758065
480.60243055581 67.7990435441258 77.723246857603 45.2504914994776 32.54854736459 25.9949386569437 4.59895243775233 21.8126716740744
243.438890844516 374.037271594528 52.7657948684023 60.4600192133631 35.0467063616317 25.1232390634394 20.1441718944303 20.5596141082073
483.737017655413 189.460586843427 291.101067425069 40.3979851868786 39.4016088778517 18.908167406727 13.8706929128998 29.0426923428248
137.484912902796 376.476818987069 147.451024947291 224.786991989267 28.9946076106073 26.2731652521381 12.6200086082088 31.487956992041
22.7514232821367 107.000045022871 292.999687974233 110.280486066015 106.803643710962 6.13953792234759 5.58713150328058 21.558990411874
78.187056362958 17.7066942410197 83.2746618750172 219.385211590627 53.5103864810798 29.9684646267533 3.06539080761956 19.3553797643847
42.2213527144991 60.8504480557602 13.7805453776216 62.309718025395 105.32076159851 14.6481290298651 16.457828056975 17.1543059370873
82.0409101706877 32.8595083343582 47.3579285476337 10.331412492139 30.8229530895308 31.5846060460416 8.44884467928542 25.6701019994048
188.407474431071 63.849777380209 25.5734887339355 36.8557674539589 8.0376676912497 23.9752163597487 24.5834447985472 26.5711303839111
31.7548613318923 146.631421740241 49.692209204169 19.9025056845159 28.6762907198739 6.25245654031657 18.6520243589319 39.8291833028507
85.6945475900787 24.7137778281883 114.118475960095 38.6651962410834 15.4548812854038 22.2231365245456 4.84452182734482 45.4451142692475
98.1273606857628 66.6932847885345 19.2339310871951 88.7167119832988 29.7598644887221 11.7759997903208 16.9142644879845 38.7383019757473
24.7263316361158 76.3693396582037 51.9052187212846 14.5259729967778 48.6080397180642 10.159284246363 3.76143614117157 27.1382593707343
193.041258191508 19.2437013084149 59.4357781465968 39.4803090245079 8.75560770533218 22.7236787810786 5.13140069087712 20.1258215707701
193.139418188379 150.237745230758 14.9767480877185 46.2549959729914 30.713486498849 6.80934949660775 17.6766279028886 19.6621242093101
90.0766821632609 150.314139970099 116.925160473363 11.6077886904399 34.5123642749983 22.0358686651196 4.88718589941563 27.8559655300802
34.6370053818077 70.1037578850137 116.984616019259 90.0292968015099 8.07193049687667 21.4622182120425 13.5650695573604 22.5415810974427
287.047246634014 26.9568569893279 54.5594792300764 88.4841446881155 50.3932691930332 2.99643839911219 7.80348356153848 18.0396686509725
88.0239450236025 223.399554649652 20.9796467891171 41.0246866037573 45.6728858856536 15.7652071520247 1.12357929482756 14.0769683128877
310.325309336298 68.5061792000066 173.864621949483 15.9511635907143 24.6083292662025 21.4528167407093 9.05275566261742 11.0437462942785
713.068340612809 241.516115256929 53.3161355961156 135.30493811214 12.4067661691908 19.1317596542702 16.6842916222433 15.6452501040685
466.981821497076 554.957943668329 187.964153015912 40.0080920193608 67.5893733092335 3.11304952446137 4.86052764032916 16.6678803727851

