# Simulated data from SIR age-structured hybrid model
# random seed = 3786128
# Flag=0 if no issues, =1 if negative pop #'s, =2 if NaN, or=3 if NA. Flag:
0

# True SSB
21030.0601136228
25192.5841736901
20775.861127792
41238.9492501266
43601.4254690217
26191.9807854075
14846.1094323701
13461.0210818124
13355.7289701762
15634.5305368072
25350.9149579899
24103.3213835803
21020.8760329248
17115.1678048268
18101.3595518569
20599.4256223766
17889.3409334263
26876.2750480975
24671.7140929685
18928.7629852934
24118.9061413468
21342.8276768329
19487.817521901
21243.7111817252
15731.7943641851
20539.0752504943
23832.7854520901
30681.4844344016
30201.4673386479
23601.5949820464
19817.0156278346
20508.0178173295
23310.446096747
18754.2124699481
26571.0798537779
55644.7831306513
105403.50707769
84399.2790017135
37186.0449232161
34334.9215489569
31792.5442512427
32356.6761110126
28704.8537985736
30203.9058989901
23634.969002688
22343.1055359548
26225.7904717737
23413.288397351
17107.4708915749
14533.5138250788

# True R (numbers)
742.991425165635
466.980869836919
26.4919308161383
29.02156100941
22.1869197435431
61.6324352303221
75.2913986866087
346.319325214868
219.724128661555
216.253075978485
47.6512474529541
191.378243360252
168.296890703993
110.516129472789
369.170978060666
209.835203995433
105.218897915031
284.776303832265
127.380550490551
194.523645279401
178.873573261301
20.2711251500079
238.57884150412
252.378337429657
482.649432263312
260.558020210597
182.217937398874
92.0360401376972
87.9199290524751
164.213314676495
52.1222158609189
292.204591042772
1055.98714743482
2213.53385024972
216.518128838992
120.669621835703
26.0742733865539
111.97932386337
133.327733979979
154.563014386623
270.560409147139
85.1515264386763
220.124478761669
243.516710757073
200.311765071713
25.1423826547334
42.3763648467724
38.9510085605864
29.7747732787679
203.722866012689

# True infection rate given (selected) susceptible
-999 -999 0.0225929642065271 0.0225929642065287 0.0225929642065279 0.0225929642065278 0.0225929642065292 0.0225929642065279
-999 -999 0.639992608335749 0.639992608335748 0.639992608335749 0.639992608335749 0.639992608335749 0.639992608335749
-999 -999 0.0421739954274832 0.0421739954274844 0.042173995427484 0.0421739954274835 0.0421739954274844 0.0421739954274845
-999 -999 0.938783423626311 0.938783423626312 0.938783423626311 0.938783423626311 0.938783423626311 0.938783423626311
-999 -999 0.929505945928696 0.929505945928696 0.929505945928695 0.929505945928696 0.929505945928696 0.929505945928696
-999 -999 0.795532467095702 0.795532467095703 0.795532467095702 0.795532467095702 0.795532467095702 0.795532467095703
-999 -999 0.000517515741850592 0.000517515741850906 0.000517515741849781 0.000517515741849904 0.000517515741850723 0.000517515741850114
-999 -999 0.00039746637736315 0.000397466377363509 0.000397466377363572 0.000397466377362334 0.000397466377362657 0.000397466377363465
-999 -999 0.000999869743088432 0.000999869743088746 0.000999869743088476 0.000999869743088599 0.000999869743088741 0.000999869743088405
-999 -999 0.00303820819386268 0.00303820819386347 0.00303820819386304 0.00303820819386311 0.00303820819386292 0.00303820819386216
-999 -999 0.843955017168531 0.843955017168532 0.843955017168532 0.843955017168532 0.843955017168531 0.843955017168531
-999 -999 0.830140128158327 0.830140128158327 0.830140128158326 0.830140128158327 0.830140128158326 0.830140128158326
-999 -999 0.723359505728014 0.723359505728014 0.723359505728013 0.723359505728013 0.723359505728013 0.723359505728014
-999 -999 0.436522990956901 0.4365229909569 0.4365229909569 0.436522990956901 0.4365229909569 0.436522990956901
-999 -999 0.469020638100177 0.469020638100177 0.469020638100176 0.469020638100176 0.469020638100177 0.469020638100176
-999 -999 0.713748331219708 0.713748331219707 0.713748331219708 0.713748331219708 0.713748331219707 0.713748331219708
-999 -999 0.230782313753579 0.230782313753579 0.230782313753579 0.230782313753579 0.230782313753579 0.230782313753579
-999 -999 0.852801824526992 0.852801824526992 0.852801824526992 0.852801824526992 0.852801824526992 0.852801824526992
-999 -999 0.829466798961061 0.829466798961061 0.829466798961061 0.829466798961061 0.829466798961062 0.829466798961061
-999 -999 0.325127308069757 0.325127308069756 0.325127308069756 0.325127308069756 0.325127308069756 0.325127308069756
-999 -999 0.776023379992201 0.776023379992201 0.776023379992201 0.776023379992201 0.776023379992201 0.776023379992201
-999 -999 0.725292065208638 0.725292065208638 0.725292065208638 0.725292065208638 0.725292065208638 0.725292065208638
-999 -999 0.517530795926809 0.51753079592681 0.51753079592681 0.51753079592681 0.51753079592681 0.51753079592681
-999 -999 0.704801964415715 0.704801964415716 0.704801964415716 0.704801964415715 0.704801964415716 0.704801964415716
-999 -999 0.102514302768588 0.102514302768587 0.102514302768587 0.102514302768587 0.102514302768587 0.102514302768587
-999 -999 0.72103011726637 0.72103011726637 0.72103011726637 0.72103011726637 0.72103011726637 0.72103011726637
-999 -999 0.79676512855988 0.79676512855988 0.79676512855988 0.79676512855988 0.79676512855988 0.79676512855988
-999 -999 0.895320047961676 0.895320047961676 0.895320047961676 0.895320047961676 0.895320047961676 0.895320047961676
-999 -999 0.864237250914384 0.864237250914384 0.864237250914384 0.864237250914384 0.864237250914384 0.864237250914384
-999 -999 0.665293224654553 0.665293224654553 0.665293224654553 0.665293224654553 0.665293224654553 0.665293224654552
-999 -999 0.145189013212077 0.145189013212077 0.145189013212076 0.145189013212076 0.145189013212077 0.145189013212077
-999 -999 0.0574563990870901 0.0574563990870899 0.0574563990870907 0.0574563990870899 0.0574563990870902 0.0574563990870901
-999 -999 0.533721461760086 0.533721461760086 0.533721461760087 0.533721461760087 0.533721461760086 0.533721461760087
-999 -999 0.23470620848804 0.23470620848804 0.23470620848804 0.23470620848804 0.23470620848804 0.23470620848804
-999 -999 0.792946147682383 0.792946147682383 0.792946147682383 0.792946147682383 0.792946147682383 0.792946147682383
-999 -999 0.958875323479543 0.958875323479543 0.958875323479543 0.958875323479543 0.958875323479543 0.958875323479543
-999 -999 0.98164377222161 0.98164377222161 0.98164377222161 0.98164377222161 0.98164377222161 0.98164377222161
-999 -999 0.971332762172154 0.971332762172154 0.971332762172154 0.971332762172154 0.971332762172154 0.971332762172154
-999 -999 0.0101520742959871 0.0101520742959863 0.0101520742959872 0.0101520742959864 0.0101520742959864 0.0101520742959864
-999 -999 0.0260064434522679 0.0260064434522674 0.0260064434522671 0.0260064434522676 0.0260064434522678 0.026006443452267
-999 -999 0.0174737707467894 0.0174737707467895 0.0174737707467902 0.0174737707467897 0.0174737707467898 0.0174737707467894
-999 -999 0.425394558009775 0.425394558009776 0.425394558009775 0.425394558009776 0.425394558009776 0.425394558009775
-999 -999 0.387737319826928 0.387737319826927 0.387737319826927 0.387737319826927 0.387737319826927 0.387737319826927
-999 -999 0.736013936983506 0.736013936983505 0.736013936983506 0.736013936983506 0.736013936983506 0.736013936983506
-999 -999 0.621140411974866 0.621140411974866 0.621140411974866 0.621140411974866 0.621140411974865 0.621140411974866
-999 -999 0.517540839782129 0.517540839782129 0.517540839782129 0.517540839782129 0.517540839782129 0.517540839782129
-999 -999 0.770143429293798 0.770143429293798 0.770143429293798 0.770143429293797 0.770143429293798 0.770143429293797
-999 -999 0.715139906232204 0.715139906232204 0.715139906232204 0.715139906232204 0.715139906232204 0.715139906232204
-999 -999 0.223025906146944 0.223025906146944 0.223025906146944 0.223025906146944 0.223025906146944 0.223025906146944
-999 -999 0.00188301891225719 0.00188301891225785 0.00188301891225716 0.00188301891225741 0.00188301891225659 0.00188301891225693

# Duration of outbreak (days) based on incidence
0
0
0
3
0
0
0
0
0
0
0
0
0
0
0
0
0
0
0
0
0
0
0
0
0
0
0
0
0
0
0
0
0
0
0
4
3
3
0
0
0
0
0
0
0
0
0
0
0
0

# Duration of outbreak (days) based on prevalence
0
31
0
41
38
30
0
0
0
0
45
41
36
0
8
39
0
42
40
0
40
35
13
36
0
40
41
41
39
27
0
0
29
0
44
41
40
34
0
0
0
0
0
36
21
0
38
34
0
0

# Peak (point) prevalence
0.00409158636957504
0.146807801942859
0.00986141355171273
0.580198670055145
0.505222875789216
0.200019630205073
1.59876221990615e-05
1.5967541929918e-05
5.59508925690524e-05
0.000369562095824844
0.367867405464778
0.31680566106816
0.189814837313051
0.0813040375746028
0.102069560689802
0.196538473029751
0.060791063059453
0.373571229370891
0.304762737619083
0.0687632161549622
0.249852437741039
0.188585556301217
0.105179686889878
0.182314426192264
0.023463805890649
0.206097285077678
0.27855053921747
0.436521489266716
0.349712519384874
0.139702693442103
0.0323145791144867
0.0145576150578452
0.127137745968184
0.0600663909790642
0.291951879540572
0.671828733995055
0.771268115666167
0.594905154286765
0.000650504641813621
0.00302646472226065
0.00222615278556901
0.0694982019348172
0.067548478461263
0.197105788978002
0.118067774178646
0.0988458015166767
0.231871549260976
0.175842692112538
0.0442015730209946
0.000176083267550057

# Day of peak prevalence
119
87
119
26
25
47
67
68
84
119
49
48
69
108
108
74
119
47
47
119
62
68
102
75
119
74
57
35
38
76
119
119
102
119
60
20
12
13
119
119
119
104
110
65
83
101
61
69
119
119

# Total immunity
0.0559579941085332
0.0358569206614313
0.0462585934863029
0.0453565267411727
0.117378670968376
0.2516918118007
0.269803783855123
0.0934257656508538
0.0609811661667867
0.0423928900295862
0.0390967748526125
0.0580392417830118
0.0719134097117521
0.0818785901704145
0.0478381819367549
0.0428835344474066
0.0537701540095874
0.0378697714747655
0.0606130766890048
0.0692802977248611
0.0571910503175801
0.0896035559204074
0.0749296092056803
0.0581669512412388
0.0406326123056158
0.0308374353629339
0.0369608285415548
0.0535261809599108
0.0902116403913665
0.109803789660002
0.130517066583178
0.0692908802867939
0.0212993102915752
0.00980237478037042
0.0100234810594863
0.0165607589099592
0.0463768696318923
0.158513915560551
0.301744259487044
0.216813099839112
0.133237290448071
0.115739128696067
0.0947939656305496
0.0754656079762586
0.079970860982442
0.0969905872465759
0.110646575561687
0.163623020430445
0.22913526637692
0.107675148037044

# Observed immunity (based on survey selectivity)
0.424461066056157
0.280034472742043
0.322954942192073
0.122628579388602
0.180014198891964
0.405980488705053
0.685737974498837
0.592571951600175
0.456414932054724
0.29235037363031
0.135079848093352
0.197380244895122
0.268811142362843
0.345486245666803
0.28200101570927
0.228513195061508
0.278434687745571
0.15486732078194
0.223909510321161
0.331378453412648
0.221117573485178
0.277457073633738
0.302532720760686
0.259028135047256
0.365498979339991
0.217090292267652
0.196035262299962
0.173020909553558
0.229788384013993
0.336343262802136
0.384907125404054
0.303560982040736
0.211125992222545
0.266283692239387
0.150757711950113
0.0853269093660161
0.086023074908233
0.229389636643045
0.636138346771897
0.551816693775931
0.464536056229582
0.351335399263913
0.338594706987505
0.274413000518742
0.356950488261746
0.337143399093622
0.256672327155306
0.301883388679782
0.420782034990476
0.41308652045358

# True total proportion of susceptible
1 1 1 0.994144313622031 0.906717304642841 0.539787331296913 0.152443504543088 0.00533618957812556
1 1 1 0.999822393923601 0.992300282991727 0.90192217874298 0.532685312081521 0.039347865899418
1 1 1 0.994886232201025 0.930040836691274 0.778520444115904 0.609776308105665 0.0864265056670265
1 1 1 0.99966758908209 0.991420581255725 0.921512581194841 0.766362870017097 0.168813021364443
1 1 1 0.992696272354317 0.881531690518157 0.402150132496173 0.174885949363079 0.0223463592402413
1 1 1 0.992779213512051 0.87342855900528 0.283369881027848 0.0345253014101005 0.00289069776208224
1 1 1 0.993762303248216 0.897522014053965 0.46216300624202 0.0642400673519642 0.000988661704466507
1 1 1 0.999996033068127 0.993719336175218 0.897411038121108 0.462012034423187 0.03554963176103
1 1 1 0.999996953032031 0.999965565997493 0.993659516074767 0.897323843402542 0.209336336913069
1 1 1 0.999992323018076 0.999920173953437 0.999819651100373 0.993501309801174 0.258131055054253
1 1 1 0.99997641823563 0.999756276299554 0.999471117612551 0.999346686765845 0.35551600038121
1 1 1 0.993362679090124 0.898459112248931 0.589741501328764 0.506026894631243 0.0835994677891301
1 1 1 0.993480171156478 0.891839967766146 0.448441783100351 0.151138616336853 0.0232912262211762
1 1 1 0.994264450298434 0.909370998892774 0.555515392488587 0.154814551320945 0.0103212684093595
1 1 1 0.996511538739645 0.950524395306463 0.772387336281667 0.381333530772535 0.0420915313957403
1 1 1 0.996244472589799 0.9490827296436 0.811764647421782 0.576177855986822 0.082558876615169
1 1 1 0.994323485667287 0.914310509822941 0.647671741526071 0.425533773937029 0.0811582013337766
1 1 1 0.998163823079173 0.973484852037606 0.856518191231379 0.564790397865403 0.0870232375243985
1 1 1 0.993297360873346 0.894327359305363 0.527213673172481 0.293519820933992 0.0408209345423577
1 1 1 0.993489189502242 0.891959969495139 0.444607068546764 0.125996951648325 0.0173172373657826
1 1 1 0.997407635736294 0.962622957642891 0.798034564549117 0.334287728520835 0.0236374095193297
1 1 1 0.993860598563104 0.90610712055676 0.607754342203852 0.343392258929737 0.0380567936460966
1 1 1 0.994252586176614 0.909635763058378 0.573949298776208 0.243939455520986 0.0333389955453332
1 1 1 0.995857852365454 0.940072440782775 0.730611479004571 0.353590342193157 0.0303513164151539
1 1 1 0.994394547951925 0.915239891966968 0.641896799350647 0.35458809354171 0.0446387834841728
1 1 1 0.999189091490029 0.985704017365456 0.892462559111424 0.608000647761048 0.0946406853012498
1 1 1 0.994263471499408 0.917056119126457 0.702507155797916 0.514707918885118 0.0835420786724729
1 1 1 0.993712553964107 0.898457290949468 0.51318106149233 0.243757558952528 0.044743952938954
1 1 1 0.993008694729794 0.880837305368699 0.355145266248591 0.0742712157287823 0.00470031646067083
1 1 1 0.993243498762356 0.885665998046175 0.382897526330782 0.0564443476631735 0.00323881244028759
1 1 1 0.99471216789801 0.918102497357706 0.598448991618065 0.150101915942985 0.00599078825961037
1 1 1 0.998849186015113 0.982166775606609 0.884862883373309 0.549010478693512 0.0609105596892701
1 1 1 0.999546393183369 0.994178709276699 0.972377073925176 0.870869329358078 0.216695289881801
1 1 1 0.99572593891137 0.944443280172593 0.844391794879954 0.794907231002695 0.26555456842516
1 1 1 0.998133894434959 0.974645629448576 0.890264149771346 0.772044200791524 0.306116974606926
1 1 1 0.993731030109508 0.904259916125517 0.608535562358932 0.421520916102744 0.0998765168916599
1 1 1 0.992563766879248 0.86917895218779 0.248058357683379 0.0381594981340456 0.00688277917909134
1 1 1 0.992416836873616 0.863378569927441 0.177304567888474 0.00402529761359943 0.000121160189414559
1 1 1 0.992494883975678 0.865333718758158 0.194999745443601 0.00469676651565838 3.43657281501548e-05
1 1 1 0.999921132857425 0.991672406449805 0.863005325932224 0.193254990055942 0.00291654354201776
1 1 1 0.999796297706787 0.997862056311662 0.987564594893665 0.856576655689524 0.126730929984898
1 1 1 0.999863427994058 0.998419787434867 0.995204392481829 0.984630918546456 0.273679467414498
1 1 1 0.996612691903663 0.95870516347345 0.898288213443899 0.885086502129025 0.271586733830608
1 1 1 0.996911638286507 0.959237368004898 0.857980113841952 0.771686055703189 0.194876807584299
1 1 1 0.994175004360975 0.912142452821302 0.64574967227122 0.457147057999255 0.0816675237729884
1 1 1 0.995052132766868 0.925797708924147 0.668831817041149 0.349454461356081 0.050212487532234
1 1 1 0.995858782333337 0.941074305778039 0.752768367679522 0.438823966065341 0.0468243758040371
1 1 1 0.993911056469831 0.905071566384885 0.579966077153952 0.310374369747938 0.0373511391928398
1 1 1 0.994328260851524 0.911274024624074 0.581842631154989 0.233274482907448 0.0174648527650369
1 1 1 0.998227397851723 0.974284514387687 0.855461414827414 0.502574647916223 0.0551601546767752

# True vulnerable proportion of susceptible
0 0 0.05 0.497072156811016 0.861381439410699 0.539787331296913 0.152443504543088 0.00533618957812556
0 0 0.05 0.4999111969618 0.942685268842141 0.90192217874298 0.532685312081521 0.039347865899418
0 0 0.05 0.497443116100512 0.88353879485671 0.778520444115904 0.609776308105665 0.0864265056670265
0 0 0.05 0.499833794541045 0.941849552192939 0.921512581194841 0.766362870017097 0.168813021364443
0 0 0.05 0.496348136177159 0.837455105992249 0.402150132496173 0.174885949363079 0.0223463592402413
0 0 0.05 0.496389606756026 0.829757131055016 0.283369881027848 0.0345253014101005 0.00289069776208224
0 0 0.05 0.496881151624108 0.852645913351267 0.46216300624202 0.0642400673519642 0.000988661704466507
0 0 0.05 0.499998016534063 0.944033369366457 0.897411038121108 0.462012034423187 0.03554963176103
0 0 0.05 0.499998476516015 0.949967287697618 0.993659516074767 0.897323843402542 0.209336336913069
0 0 0.05 0.499996161509038 0.949924165255766 0.999819651100373 0.993501309801174 0.258131055054253
0 0 0.05 0.499988209117815 0.949768462484576 0.999471117612551 0.999346686765845 0.35551600038121
0 0 0.05 0.496681339545062 0.853536156636484 0.589741501328764 0.506026894631243 0.0835994677891301
0 0 0.05 0.496740085578239 0.847247969377839 0.448441783100351 0.151138616336853 0.0232912262211762
0 0 0.05 0.497132225149217 0.863902448948135 0.555515392488587 0.154814551320945 0.0103212684093595
0 0 0.05 0.498255769369823 0.90299817554114 0.772387336281667 0.381333530772535 0.0420915313957403
0 0 0.05 0.4981222362949 0.90162859316142 0.811764647421782 0.576177855986822 0.082558876615169
0 0 0.05 0.497161742833643 0.868594984331793 0.647671741526071 0.425533773937029 0.0811582013337766
0 0 0.05 0.499081911539586 0.924810609435726 0.856518191231379 0.564790397865403 0.0870232375243985
0 0 0.05 0.496648680436673 0.849610991340095 0.527213673172481 0.293519820933992 0.0408209345423577
0 0 0.05 0.496744594751121 0.847361971020382 0.444607068546764 0.125996951648325 0.0173172373657826
0 0 0.05 0.498703817868147 0.914491809760747 0.798034564549117 0.334287728520835 0.0236374095193297
0 0 0.05 0.496930299281552 0.860801764528922 0.607754342203852 0.343392258929737 0.0380567936460966
0 0 0.05 0.497126293088307 0.864153974905459 0.573949298776208 0.243939455520986 0.0333389955453332
0 0 0.05 0.497928926182727 0.893068818743636 0.730611479004571 0.353590342193157 0.0303513164151539
0 0 0.05 0.497197273975962 0.86947789736862 0.641896799350647 0.35458809354171 0.0446387834841728
0 0 0.05 0.499594545745014 0.936418816497183 0.892462559111424 0.608000647761048 0.0946406853012498
0 0 0.05 0.497131735749704 0.871203313170134 0.702507155797916 0.514707918885118 0.0835420786724729
0 0 0.05 0.496856276982053 0.853534426401994 0.51318106149233 0.243757558952528 0.044743952938954
0 0 0.05 0.496504347364897 0.836795440100264 0.355145266248591 0.0742712157287823 0.00470031646067083
0 0 0.05 0.496621749381178 0.841382698143867 0.382897526330782 0.0564443476631735 0.00323881244028759
0 0 0.05 0.497356083949005 0.872197372489821 0.598448991618065 0.150101915942985 0.00599078825961037
0 0 0.05 0.499424593007557 0.933058436826278 0.884862883373309 0.549010478693512 0.0609105596892701
0 0 0.05 0.499773196591685 0.944469773812864 0.972377073925176 0.870869329358078 0.216695289881801
0 0 0.05 0.497862969455685 0.897221116163963 0.844391794879954 0.794907231002695 0.26555456842516
0 0 0.05 0.499066947217479 0.925913347976147 0.890264149771346 0.772044200791524 0.306116974606926
0 0 0.05 0.496865515054754 0.859046920319241 0.608535562358932 0.421520916102744 0.0998765168916599
0 0 0.05 0.496281883439624 0.825720004578401 0.248058357683379 0.0381594981340456 0.00688277917909134
0 0 0.05 0.496208418436808 0.820209641431069 0.177304567888474 0.00402529761359943 0.000121160189414559
0 0 0.05 0.496247441987839 0.82206703282025 0.194999745443601 0.00469676651565838 3.43657281501548e-05
0 0 0.05 0.499960566428713 0.942088786127315 0.863005325932224 0.193254990055942 0.00291654354201776
0 0 0.05 0.499898148853394 0.947968953496078 0.987564594893665 0.856576655689524 0.126730929984898
0 0 0.05 0.499931713997029 0.948498798063124 0.995204392481829 0.984630918546456 0.273679467414498
0 0 0.05 0.498306345951831 0.910769905299777 0.898288213443899 0.885086502129025 0.271586733830608
0 0 0.05 0.498455819143253 0.911275499604653 0.857980113841952 0.771686055703189 0.194876807584299
0 0 0.05 0.497087502180487 0.866535330180237 0.64574967227122 0.457147057999255 0.0816675237729884
0 0 0.05 0.497526066383434 0.87950782347794 0.668831817041149 0.349454461356081 0.050212487532234
0 0 0.05 0.497929391166668 0.894020590489137 0.752768367679522 0.438823966065341 0.0468243758040371
0 0 0.05 0.496955528234915 0.859817988065641 0.579966077153952 0.310374369747938 0.0373511391928398
0 0 0.05 0.497164130425762 0.865710323392871 0.581842631154989 0.233274482907448 0.0174648527650369
0 0 0.05 0.499113698925862 0.925570288668303 0.855461414827414 0.502574647916223 0.0551601546767752

# True survival by age
0.778267540515681 0.778267540515681 0.777493352056567 0.770574112473858 0.764979851432835 0.770155003050002 0.776359093669755 0.778715313260292
0.778267540515681 0.778267540515681 0.755876613442495 0.554398132137986 0.35611970418024 0.374422365185291 0.539970373078701 0.76115909719804
0.778267540515681 0.778267540515681 0.776796658537749 0.763636665103926 0.752313219915562 0.755483409026077 0.760537444751207 0.776212232988613
0.778267540515681 0.778267540515681 0.746666459231044 0.462361950369334 0.183002830291914 0.195893513684415 0.294034218797237 0.672017284583594
0.778267540515681 0.778267540515681 0.747011187612648 0.467990785031762 0.254814866192994 0.527191410280932 0.669381587419317 0.764819553231469
0.778267540515681 0.778267540515681 0.751121584028351 0.508771977631085 0.327844014300936 0.624802748987792 0.76003792611563 0.777229826514988
0.778267540515681 0.778267540515681 0.778276297181111 0.778357887161109 0.778471512838691 0.778635278225194 0.778777778109247 0.778800429022502
0.778267540515681 0.778267540515681 0.778280449530708 0.778396632269203 0.778514620451946 0.778553939167445 0.778673700999299 0.778791004709518
0.778267540515681 0.778267540515681 0.778259551946738 0.778187656694434 0.778115781293931 0.778112163180535 0.778178925144094 0.778655710072906
0.778267540515681 0.778267540515681 0.778187774204347 0.777469887619681 0.776752144148139 0.776672598174042 0.776686047198087 0.778251333365845
0.778267540515681 0.778267540515681 0.749445271085812 0.490051655591462 0.230778020045088 0.202127305754268 0.202199099693873 0.573675647818431
0.778267540515681 0.778267540515681 0.749937340807104 0.496849449000948 0.294704690918126 0.444336417624426 0.491814088340566 0.731388411917605
0.778267540515681 0.778267540515681 0.753238613633794 0.529613591541082 0.354211066520004 0.55408132282886 0.703063441982867 0.767129275236817
0.778267540515681 0.778267540515681 0.762860294558886 0.625081829636408 0.512108717483427 0.607325312926627 0.731012911966539 0.775614832912475
0.778267540515681 0.778267540515681 0.761703907458285 0.613210886060233 0.479155314390342 0.522518104947214 0.65227206628092 0.764834564458366
0.778267540515681 0.778267540515681 0.753488288347791 0.531407613051023 0.331461046336522 0.376069497627314 0.492948412777892 0.737841814718137
0.778267540515681 0.778267540515681 0.77009342692395 0.696993436286988 0.636313352455702 0.672572569228914 0.709006642248655 0.765489578932647
0.778267540515681 0.778267540515681 0.749171990378229 0.487847264045453 0.240124210431263 0.279926691589853 0.449841866031318 0.728114599167526
0.778267540515681 0.778267540515681 0.74997513733666 0.49724342054324 0.297573155418246 0.480196814247142 0.612556643513962 0.755680568847603
0.778267540515681 0.778267540515681 0.766766149979411 0.664005940736639 0.583408332971896 0.676291709051032 0.749750793189153 0.774808102584427
0.778267540515681 0.778267540515681 0.751535055454076 0.511637075648115 0.289354698677489 0.351706295571575 0.599895692449478 0.766150444661328
0.778267540515681 0.778267540515681 0.753188457387444 0.529019688613361 0.346555228003604 0.473638269199168 0.606378411559796 0.759691899740601
0.778267540515681 0.778267540515681 0.760036053022964 0.597003569386513 0.463219478866924 0.569215739638625 0.689723121526477 0.76662661569412
0.778267540515681 0.778267540515681 0.753789047390151 0.534498753353747 0.341079917635697 0.42072582861417 0.605505058441074 0.763925508653483
0.778267540515681 0.778267540515681 0.774651070057463 0.742308544516444 0.715423915614168 0.73203048014008 0.752964554307583 0.775548282937184
0.778267540515681 0.778267540515681 0.753234475452707 0.528140317551778 0.309446500550672 0.33150341788542 0.474074175777466 0.731367387975483
0.778267540515681 0.778267540515681 0.750912490975062 0.506289334283858 0.301675573888291 0.394083815370405 0.496929106504259 0.733050280863624
0.778267540515681 0.778267540515681 0.74796664138471 0.477167054621014 0.26106447622501 0.46753018148655 0.630949337043042 0.7516612835971
0.778267540515681 0.778267540515681 0.748946790026566 0.48711366686023 0.287621676943332 0.570348889720669 0.735207422800371 0.776041940539374
0.778267540515681 0.778267540515681 0.755136259920137 0.54852120267395 0.389083322691056 0.601458403397942 0.752658083666611 0.777300698411724
0.778267540515681 0.778267540515681 0.773134116372541 0.72720756563116 0.688764030758851 0.717039814561446 0.76331000635746 0.778182523386392
0.778267540515681 0.778267540515681 0.776252091620777 0.758136859297378 0.740666418042196 0.742661018117293 0.75637797606916 0.776313060564608
0.778267540515681 0.778267540515681 0.759468656931471 0.590364219573435 0.423171098141374 0.412690201981909 0.450908975691297 0.697212641366522
0.778267540515681 0.778267540515681 0.769961190074568 0.6955613337079 0.629244505442464 0.638074234275207 0.646321344130321 0.734543391943094
0.778267540515681 0.778267540515681 0.750990131440161 0.50600347009614 0.273150717320441 0.292644068369252 0.357201786461178 0.61163598964724
0.778267540515681 0.778267540515681 0.746116386339329 0.458774887808449 0.225931593604608 0.387173872268982 0.507528330937281 0.714524618798662
0.778267540515681 0.778267540515681 0.745507379432064 0.453106016944377 0.237322892666492 0.616139872681883 0.753778208688265 0.774287493788441
0.778267540515681 0.778267540515681 0.745830751283228 0.456363426496895 0.24624104756571 0.663682418759487 0.776187282005609 0.778722117513081
0.778267540515681 0.778267540515681 0.777938376137558 0.775004602950198 0.772927446635 0.777413061509917 0.778767358391034 0.778800538506661
0.778267540515681 0.778267540515681 0.777375819424471 0.769351074933846 0.761470372335313 0.762949390886601 0.775251140274308 0.778747212978472
0.778267540515681 0.778267540515681 0.777678233969597 0.772375784108523 0.767095794362648 0.766634605993854 0.768248295337943 0.777239537413779
0.778267540515681 0.778267540515681 0.763299201540822 0.628604666153895 0.494319352619172 0.480338963818966 0.48350994888536 0.696724304758369
0.778267540515681 0.778267540515681 0.764599296886857 0.642049896007335 0.529317061571086 0.53276133456365 0.536377258409313 0.704413688580288
0.778267540515681 0.778267540515681 0.752860640451962 0.524984843698538 0.315235565906325 0.342370971381926 0.386266277270518 0.679672554963856
0.778267540515681 0.778267540515681 0.756583596319215 0.562694293490403 0.402516315020802 0.498408444697506 0.580301986901172 0.743339753909165
0.778267540515681 0.778267540515681 0.760040056080418 0.596897206306222 0.457682805072301 0.534621702785418 0.651220923977299 0.760469060937227
0.778267540515681 0.778267540515681 0.751747479487927 0.514167391964128 0.30410934980666 0.379130113930685 0.54581401624835 0.753940108243387
0.778267540515681 0.778267540515681 0.753508490981393 0.532187856601361 0.352552637256453 0.491303343828961 0.624943790353995 0.760285291745727
0.778267540515681 0.778267540515681 0.770374476746647 0.699787601225825 0.641652717220535 0.686640099994763 0.741851383804414 0.776034446136853
0.778267540515681 0.778267540515681 0.7782283338134 0.777877113698623 0.777555481932002 0.777673818220168 0.778138702989815 0.778728116374304

# True Numbers-at-age
742.991425165635 50.6426533771628 88.8693419059184 68.5955362520284 27.4227203332199 28.5047478797209 10.5872730775923 33.9747803734282
466.980869836919 578.246109087899 39.4135332890326 69.0953225334937 52.8579444670751 20.9778285263907 21.953074190246 34.6762074723975
26.4919308161383 363.436053035852 450.030177132601 29.791768066317 38.3063177520406 18.8237555471903 7.85456817330269 38.2481204346735
29.02156100941 20.6178098397875 282.850483130939 349.581937837756 22.750086413712 28.8183492511463 14.2210350114649 35.6623521783631
22.1869197435431 22.5865389087193 16.0461721548314 211.194968731169 161.633386592556 4.16333020309491 5.64532769339169 28.1471879928516
61.6324352303221 17.2673594604261 17.5783700852507 11.9866701180176 98.8372992112579 41.1865897769028 2.1948719212348 25.3063981583197
75.2913986866087 47.9665237826948 13.438625378466 13.2034931830701 6.09848186115526 32.4032169360815 25.7334945140414 21.3370733534148
346.319325214868 58.5968516778125 37.3307884914448 10.4589635987566 10.2770430571205 4.74749440047285 25.2302878344172 36.6579955623557
219.724128661555 269.529089468026 45.6040276372533 29.0538228484574 8.14122204229834 8.0008282749825 3.69618046666352 48.1950787999472
216.253075978485 171.004157205379 209.765741557711 35.4917701159354 22.6093263204563 6.33481335013035 6.22554179628262 40.4036630476794
47.6512474529541 168.302749570726 133.086984846187 163.23713552712 27.5937825234598 17.5618426971594 4.92007594359334 36.279496089142
191.378243360252 37.0854191577147 130.984566970435 99.7414114360443 79.9946285190728 6.3680384963188 3.54972794845708 21.8074983476848
168.296890703993 148.943474768194 28.8623779568677 98.2302178405783 49.5564653145754 23.5747922728237 2.82955141274873 17.6955577992364
110.516129472789 130.980007204633 115.917871783702 21.7402575584056 52.0240584684116 17.5534484320373 13.0623520879417 15.5641345849541
369.170978060666 86.0111162720998 101.937488063876 88.4291418135541 13.5894399713749 26.6419738605411 10.6606535619285 21.6205216824749
209.835203995433 287.313789125043 66.9396599180953 77.6461829747364 54.2257124050355 6.51145238187285 13.9209136936631 23.4897688111225
105.218897915031 163.307928127132 223.606996018588 50.4382497742689 41.2617727571277 17.9737113721164 2.4487586260751 24.1940259566174
284.776303832265 81.8884528961014 127.097259570214 172.198277848125 35.155129030469 26.2554169513533 12.0886252361233 20.2564608733675
127.380550490551 221.632153580683 63.731124832083 95.217706923836 84.0064587215462 8.44159760105056 7.34959200350445 20.1869946233356
194.523645279401 99.1361477398145 172.489111066432 47.7967590985613 47.3463782870919 24.9980669972831 4.05362827518079 19.7569609891495
178.873573261301 151.391438983744 77.1544458776646 132.258811605779 31.7373319894027 27.6222716287291 16.9059854525648 18.3470644714483
20.2711251500079 139.211495925324 117.823042873009 57.9842707611991 67.6685115986757 9.18334613462105 9.71492682981212 24.1984394526373
238.57884150412 15.7763587139822 108.343788545311 88.742955906216 30.6748208625624 23.4508764657436 4.34958416865878 24.2742803380131
252.378337429657 185.678168196492 12.2782278946241 82.3451854155327 52.9798614339209 14.2091745342924 13.3486079926223 21.6093181540908
482.649432263312 196.417867950816 144.507291289741 9.25519370832787 44.0133989492854 18.0703667742324 5.97816672986352 24.5905590251984
260.558020210597 375.630386578857 152.865651003415 111.942727828703 6.87020937084662 31.4882382157862 13.2280592660487 23.5725134757862
182.217937398874 202.783849550936 292.340937105682 115.143678448294 59.1214678230635 2.12596224785892 10.4384585917234 23.5112489024902
92.0360401376972 141.814305977262 157.820087846309 219.522461296011 58.2960163085814 17.8355027346408 0.837807313969686 22.4221015126918
87.9199290524751 71.628662596768 110.369471122862 118.044161049444 104.748886279773 15.2190189636044 8.33863583043046 17.3824395732934
164.213314676495 68.4252269459829 55.7462630696142 82.6608611143973 57.500924140234 30.1280503297348 8.68015056852959 19.6201290963286
52.1222158609189 127.801892533203 53.2531330844774 42.0960245989125 45.3412349525336 22.3726506222886 18.1207690488151 21.7839255423516
292.204591042772 40.5650287443047 99.4640645750653 41.1718139913368 30.6125475713246 31.2294117454911 16.0420812534538 30.7836344856615
1055.98714743482 227.413348398249 31.5704451517779 77.2091881674985 31.2138697509679 22.6736859567993 23.1928667221106 36.0316144532905
2213.53385024972 821.840520050266 176.988427338341 23.9767635781495 45.5815421164037 13.2088075397589 9.35720803718589 35.5795688626905
216.518128838992 1722.72154548205 639.611800235649 136.274220142855 16.6773096524166 28.6819349263413 8.42819975662025 32.1825004721746
120.669621835703 168.50903160858 1340.73826019569 480.342149929648 68.9552282769299 4.55541909453273 8.39359812554667 22.6945435353377
26.0742733865539 93.91324980103 131.145109584688 1000.34678572409 220.368915943644 15.5791646119763 1.76373925063829 20.4757989156138
111.97932386337 20.2927606192868 73.0896339444823 97.7696469718119 453.263147642551 52.2985885855245 9.59894450051316 17.183623238626
133.327733979979 87.1498729717535 15.7931968974458 54.5124965958294 44.6184910994478 111.611992298433 34.7096537701482 20.8318461169058
154.563014386623 103.764647607127 67.8259172939806 12.2861339484197 42.2474357800748 34.4868563982027 86.7686206339459 43.2545983511799
270.560409147139 120.291377061367 80.7566570856754 52.7262280346246 9.45235035999792 32.1701706536658 26.3117260826024 100.95187000098
85.1515264386763 210.56838418786 93.6188741707943 62.8026944636764 40.7244617213279 7.25085820799666 24.6627661038281 98.6777234509758
220.124478761669 66.2706690525846 163.878538472247 71.459211903718 39.4780667869043 20.1308895538511 3.48286971842736 80.6758610447532
243.516710757073 171.31573669314 51.5763106118836 125.301415290726 45.8803795715483 20.8964143081513 10.7249595846631 58.6973129688923
200.311765071713 189.521151555375 133.329477047802 38.829774239412 65.7813439216073 14.463127418234 7.15432566508094 44.0376428877247
25.1423826547334 155.896144738717 147.498160496702 100.874895240186 21.8492923820378 26.4780641524414 7.20854484198388 36.8866000252855
42.3763648467724 19.5675003114035 121.328909141678 112.104510175672 60.2119431553 10.0000454262559 14.1557477436398 32.7454733149245
38.9510085605864 32.9801492452927 15.2287503413958 91.2087016362758 57.6404836244411 18.3110148835538 3.79131836176843 32.4145312244896
29.7747732787679 30.3143056330528 25.667379638974 11.4749926892775 48.5401634272026 20.3213045145341 8.99626284119188 27.0136521962543
203.722866012689 23.1727395690787 23.5926400874766 19.7734941588321 8.0300576081134 31.1459277573934 13.9534225638837 27.6374146580602

