# Simulated data from SIR age-structured hybrid model
# random seed = 4308788
# Flag=0 if no issues, =1 if negative pop #'s, =2 if NaN, or=3 if NA. Flag:
0

# Number of years (nyr)
50

# Starting age
0

# Ending age
8

# Sample size for comp data
200

# Sample size for fishery age comp data
200

# Sample size for antibody prevalence data
200

# Survey data
10871.796268431
8341.76821943824
5853.60968389562
4864.65054081081
5148.09129004747
3080.17630718189
5333.57752584488
7926.7829115996
10008.3947835992
3475.92760566724
8527.49540996134
7079.49664763674
9203.10927960337
18260.9226386072
82560.2146956213
78139.5625503059
38758.152999341
40968.4931793214
20094.6560140359
18433.0670298631
13545.3324607111
12104.1263356509
11792.8299738559
8542.99269758817
21083.4014136474
9212.91512495453
7013.50634434233
7878.08863341626
8601.13491670372
7006.13927370643
10914.9134784615
10471.3123279779
7214.98561663216
6455.72644129459
14421.6871825129
14977.875551074
22534.9615029467
13474.2019578004
16163.7234476251
11901.8160358704
10726.0167236683
6002.24093707886
9058.17746290838
15989.6938009689
14343.8638909814
10355.8240035823
9863.48331178329
8972.53860241323
8488.18792085564
7476.69241303867

# Catches
0
0
0
0
0
0
0
0
0
0
0
0
0
0
0
0
0
0
0
0
0
0
0
0
0
0
0
0
0
0
0
0
0
0
0
0
0
0
0
0
0
0
0
0
0
0
0
0
0
0

# Catch compositions
-999 -999 -999 -999 -999 -999 -999 -999
-999 -999 -999 -999 -999 -999 -999 -999
-999 -999 -999 -999 -999 -999 -999 -999
-999 -999 -999 -999 -999 -999 -999 -999
-999 -999 -999 -999 -999 -999 -999 -999
-999 -999 -999 -999 -999 -999 -999 -999
-999 -999 -999 -999 -999 -999 -999 -999
-999 -999 -999 -999 -999 -999 -999 -999
-999 -999 -999 -999 -999 -999 -999 -999
-999 -999 -999 -999 -999 -999 -999 -999
-999 -999 -999 -999 -999 -999 -999 -999
-999 -999 -999 -999 -999 -999 -999 -999
-999 -999 -999 -999 -999 -999 -999 -999
-999 -999 -999 -999 -999 -999 -999 -999
-999 -999 -999 -999 -999 -999 -999 -999
-999 -999 -999 -999 -999 -999 -999 -999
-999 -999 -999 -999 -999 -999 -999 -999
-999 -999 -999 -999 -999 -999 -999 -999
-999 -999 -999 -999 -999 -999 -999 -999
-999 -999 -999 -999 -999 -999 -999 -999
-999 -999 -999 -999 -999 -999 -999 -999
-999 -999 -999 -999 -999 -999 -999 -999
-999 -999 -999 -999 -999 -999 -999 -999
-999 -999 -999 -999 -999 -999 -999 -999
-999 -999 -999 -999 -999 -999 -999 -999
-999 -999 -999 -999 -999 -999 -999 -999
-999 -999 -999 -999 -999 -999 -999 -999
-999 -999 -999 -999 -999 -999 -999 -999
-999 -999 -999 -999 -999 -999 -999 -999
-999 -999 -999 -999 -999 -999 -999 -999
-999 -999 -999 -999 -999 -999 -999 -999
-999 -999 -999 -999 -999 -999 -999 -999
-999 -999 -999 -999 -999 -999 -999 -999
-999 -999 -999 -999 -999 -999 -999 -999
-999 -999 -999 -999 -999 -999 -999 -999
-999 -999 -999 -999 -999 -999 -999 -999
-999 -999 -999 -999 -999 -999 -999 -999
-999 -999 -999 -999 -999 -999 -999 -999
-999 -999 -999 -999 -999 -999 -999 -999
-999 -999 -999 -999 -999 -999 -999 -999
-999 -999 -999 -999 -999 -999 -999 -999
-999 -999 -999 -999 -999 -999 -999 -999
-999 -999 -999 -999 -999 -999 -999 -999
-999 -999 -999 -999 -999 -999 -999 -999
-999 -999 -999 -999 -999 -999 -999 -999
-999 -999 -999 -999 -999 -999 -999 -999
-999 -999 -999 -999 -999 -999 -999 -999
-999 -999 -999 -999 -999 -999 -999 -999
-999 -999 -999 -999 -999 -999 -999 -999
-999 -999 -999 -999 -999 -999 -999 -999

# Age composition from fishery-independent survey
0 0 4 28 61 39 29 39
0 0 0 22 40 42 42 54
0 0 5 4 30 29 50 82
0 0 1 31 4 34 26 104
0 0 1 14 50 7 17 111
0 0 1 7 35 50 0 107
0 0 7 21 10 28 47 87
0 0 1 79 25 2 19 74
0 0 5 27 94 21 3 50
0 0 6 75 35 46 8 30
0 0 22 27 82 18 25 26
0 0 3 122 26 30 1 18
0 0 10 40 133 2 5 10
0 0 101 43 24 24 2 6
0 0 9 177 8 1 4 1
0 0 8 57 126 4 1 4
0 0 1 82 67 45 3 2
0 0 0 13 98 37 49 3
0 0 3 11 30 45 21 90
0 0 0 9 25 27 58 81
0 0 1 10 18 19 19 133
0 0 1 13 20 16 21 129
0 0 1 17 19 13 17 133
0 0 0 11 23 12 20 134
0 0 2 33 12 20 12 121
0 0 0 16 36 14 9 125
0 0 1 4 50 40 9 96
0 0 2 10 8 38 20 122
0 0 4 41 8 9 31 107
0 0 1 45 38 7 6 103
0 0 3 23 64 35 4 71
0 0 3 33 24 52 34 54
0 0 5 36 38 28 40 53
0 0 17 38 45 22 20 58
0 0 11 112 24 19 10 24
0 0 13 99 67 10 0 11
0 0 5 69 90 22 3 11
0 0 4 78 65 25 13 15
0 0 1 54 73 32 18 22
0 0 5 9 85 34 20 47
0 0 7 54 9 48 23 59
0 0 6 52 58 9 29 46
0 0 10 54 59 27 1 49
0 0 6 54 55 35 18 32
0 0 3 58 71 17 19 32
0 0 6 23 81 38 14 38
0 0 1 56 31 55 25 32
0 0 6 22 62 22 54 34
0 0 17 53 37 41 9 43
0 0 1 77 52 13 21 36

# Antibody prevalence values
0 0 0 0 0 0 0 28 0 57 4 51 6 21 9 24
0 0 0 0 0 0 0 18 0 32 3 57 2 33 10 45
0 0 0 0 0 4 0 3 0 33 0 27 1 35 9 88
0 0 0 0 0 2 0 37 0 3 0 26 0 26 7 99
0 0 0 0 0 0 0 11 0 52 0 3 0 23 16 95
0 0 0 0 0 2 0 3 1 27 1 48 0 5 19 94
0 0 0 0 0 18 0 15 0 10 1 20 1 43 13 79
0 0 0 0 0 7 0 74 0 29 0 3 0 12 8 67
0 0 0 0 0 7 0 29 1 86 0 16 0 2 3 56
0 0 0 0 0 5 1 83 0 25 4 42 1 9 12 18
0 0 0 0 0 23 0 28 0 95 1 16 3 16 7 11
0 0 0 0 0 3 0 122 0 14 3 30 2 8 7 11
0 0 0 0 0 11 0 34 15 112 6 3 6 3 9 1
0 0 0 0 0 97 0 43 4 19 17 13 1 0 5 1
0 0 0 0 0 7 2 176 0 5 4 0 2 0 4 0
0 0 0 0 0 4 1 46 23 118 1 1 1 0 5 0
0 0 0 0 0 0 0 81 8 58 34 12 4 0 3 0
0 0 0 0 0 0 0 19 12 83 18 12 51 0 5 0
0 0 0 0 0 0 0 9 5 30 38 16 23 0 78 1
0 0 0 0 0 0 0 11 0 23 4 16 33 14 98 1
0 0 0 0 0 0 0 8 0 12 0 11 3 16 139 11
0 0 0 0 0 3 0 4 0 20 0 15 0 18 100 40
0 0 0 0 0 1 0 13 0 17 0 17 0 17 88 47
0 0 0 0 0 2 0 5 0 24 0 19 0 8 84 58
0 0 0 0 0 3 0 21 0 18 0 24 0 12 75 47
0 0 0 0 0 0 0 23 0 45 0 8 0 16 48 60
0 0 0 0 0 1 0 3 0 48 1 31 0 11 49 56
0 0 0 0 0 3 0 7 0 6 1 41 0 38 44 60
0 0 0 0 0 5 0 42 0 14 1 3 0 35 39 61
0 0 0 0 0 1 0 38 0 48 0 5 0 3 40 65
0 0 0 0 0 1 0 28 2 56 2 38 1 1 36 35
0 0 0 0 0 2 0 37 0 27 2 46 4 25 21 36
0 0 0 0 0 2 0 32 0 48 0 20 1 41 17 39
0 0 0 0 0 17 0 32 0 54 0 31 0 12 9 45
0 0 0 0 0 11 0 85 0 34 0 30 0 12 4 24
0 0 0 0 0 11 1 85 11 68 4 3 5 4 4 4
0 0 0 0 0 8 0 75 14 79 10 3 5 0 6 0
0 0 0 0 0 8 0 68 7 62 26 6 16 0 7 0
0 0 0 0 0 1 0 55 6 68 15 14 19 1 21 0
0 0 0 0 0 9 0 9 6 78 18 18 20 2 40 0
0 0 0 0 0 12 0 49 0 11 3 40 13 17 53 2
0 0 0 0 0 6 0 62 1 55 1 8 5 22 27 13
0 0 0 0 0 6 0 44 6 64 4 21 0 0 45 10
0 0 0 0 0 6 0 60 2 41 6 26 13 5 37 4
0 0 0 0 0 5 0 55 2 68 7 16 7 2 32 6
0 0 0 0 0 6 0 24 13 73 10 20 7 2 42 3
0 0 0 0 0 5 0 50 0 33 5 43 11 14 37 2
0 0 0 0 0 4 0 19 0 69 2 26 10 28 33 9
0 0 0 0 0 22 0 40 1 27 4 46 0 13 27 20
0 0 0 0 0 1 0 76 0 41 0 17 7 22 13 23

# Average weight-at-age
70
94
115
134
150
160
165
168

# Maturity logistic function parameter age-at-50%
3

# Maturity logistic function parameter age-at-95%
4

# Infection prevalence index (avg of 3 different samples)
0.00555555555555556
0
0
0
0
0.00555555555555556
0
0
0.00555555555555556
0
0.0833333333333333
0.127777777777778
0.133333333333333
0.366666666666667
0.0166666666666667
0.411111111111111
0.211111111111111
0.15
0
0
0
0
0
0
0
0
0
0
0
0.00555555555555556
0
0
0
0
0.211111111111111
0.0388888888888889
0.372222222222222
0.35
0.155555555555556
0.00555555555555556
0
0
0
0
0.138888888888889
0.00555555555555556
0
0
0.0111111111111111
0.216666666666667

