# Simulated data from SIR age-structured hybrid model
# random seed = 4799359
# Flag=0 if no issues, =1 if negative pop #'s, =2 if NaN, or=3 if NA. Flag:
0

# True SSB
24390.5434781225
25595.9664294021
34220.4480704248
43456.0447480598
80399.7350985987
96698.168459299
79185.6830102376
67806.6999036383
59137.8513343886
54371.8663605444
48647.0227491358
43023.9140668471
39591.1271963655
37769.5739417677
49354.9054240875
53195.4714861694
47342.7875277999
41505.5842171074
36412.8103575428
32799.9468299082
31689.5946424195
33392.047287414
38725.0294813583
38491.893565018
32995.0852890224
31445.2667415488
32683.4514681489
34589.9435984071
32391.1438173569
30424.7474392571
33641.5608585112
34083.2405668487
34299.1012489849
41294.9433387296
43260.165822112
43948.2720464975
43607.0244976832
39691.2348115691
48502.4243733108
68654.5771107222
72213.8048084101
58753.7467849311
49099.9526147465
45358.896567647
43473.0583236081
34982.0264490136
29090.5086553624
24225.9964758037
19820.5131634427
16898.295253499

# True R (numbers)
182.14198408218
1499.53853503998
165.133715946808
101.883407800911
32.8329317371196
127.901479702556
148.728215300334
40.906575088409
160.492528987556
24.1021876422107
192.647820343027
487.169101482502
233.195730835544
54.1879479610324
50.5960808884101
61.9386955671394
65.9053727507162
121.193081845227
153.365738113956
337.037957470563
80.4480590761217
39.0246982541789
121.572146919779
130.568753327126
187.762856817751
70.1822496559886
55.7275365122011
260.923207949083
105.939635457892
162.512295787752
304.87582158583
192.380324271841
206.306174404786
122.101857736694
59.5893053071583
425.457019754297
817.15110231604
126.304991547309
30.4177082858643
15.2041259017658
201.842899849044
83.243938956018
5.88145306146446
37.2482927620256
10.4378658582259
10.9581423472465
35.8192480298092
12.2828730086124
29.2540718036192
82.4704761394599

# True infection rate given (selected) susceptible
-999 -999 0.0289119998543747 0.0289119998543735 0.0289119998543744 0.0289119998543736 0.0289119998543739 0.0289119998543726
-999 -999 0.126496355422657 0.126496355422656 0.126496355422656 0.126496355422657 0.126496355422657 0.126496355422657
-999 -999 0.775657988983421 0.775657988983422 0.775657988983422 0.775657988983421 0.775657988983422 0.775657988983422
-999 -999 0.703799523438487 0.703799523438487 0.703799523438486 0.703799523438486 0.703799523438487 0.703799523438487
-999 -999 0.952267747513757 0.952267747513757 0.952267747513757 0.952267747513756 0.952267747513756 0.952267747513757
-999 -999 0.908447406347533 0.908447406347533 0.908447406347533 0.908447406347533 0.908447406347533 0.908447406347533
-999 -999 0.00298173148581844 0.00298173148581792 0.00298173148581846 0.00298173148581846 0.00298173148581884 0.00298173148581767
-999 -999 0.00258271690586007 0.00258271690586065 0.00258271690586056 0.00258271690586053 0.00258271690586013 0.00258271690586111
-999 -999 0.00317637021486313 0.00317637021486281 0.003176370214863 0.0031763702148625 0.00317637021486234 0.00317637021486313
-999 -999 0.0520918965204053 0.0520918965204049 0.0520918965204048 0.0520918965204052 0.0520918965204048 0.0520918965204052
-999 -999 0.284211962531672 0.284211962531672 0.284211962531673 0.284211962531673 0.284211962531673 0.284211962531673
-999 -999 0.0237129368190142 0.0237129368190133 0.0237129368190133 0.0237129368190137 0.0237129368190136 0.023712936819014
-999 -999 0.369894307339724 0.369894307339724 0.369894307339723 0.369894307339723 0.369894307339723 0.369894307339723
-999 -999 0.117348323565426 0.117348323565426 0.117348323565426 0.117348323565427 0.117348323565426 0.117348323565427
-999 -999 0.814770706485696 0.814770706485696 0.814770706485696 0.814770706485696 0.814770706485696 0.814770706485695
-999 -999 0.713794389344708 0.713794389344708 0.713794389344708 0.713794389344708 0.713794389344708 0.713794389344708
-999 -999 0.0091691293360915 0.00916912933609168 0.00916912933609302 0.00916912933609286 0.00916912933609175 0.00916912933609254
-999 -999 0.00463050276982025 0.00463050276981988 0.00463050276982066 0.00463050276981969 0.0046305027698201 0.00463050276981917
-999 -999 0.00466539106164595 0.00466539106164592 0.00466539106164661 0.0046653910616465 0.00466539106164627 0.00466539106164628
-999 -999 0.026348055466291 0.0263480554662906 0.0263480554662907 0.0263480554662907 0.0263480554662902 0.0263480554662898
-999 -999 0.142083661826805 0.142083661826804 0.142083661826804 0.142083661826805 0.142083661826805 0.142083661826805
-999 -999 0.409309440376862 0.409309440376863 0.409309440376862 0.409309440376862 0.409309440376862 0.409309440376862
-999 -999 0.691938646601183 0.691938646601183 0.691938646601183 0.691938646601183 0.691938646601183 0.691938646601183
-999 -999 0.546321672351935 0.546321672351935 0.546321672351935 0.546321672351935 0.546321672351935 0.546321672351935
-999 -999 0.00197455580916751 0.00197455580916767 0.00197455580916874 0.00197455580916792 0.00197455580916789 0.00197455580916729
-999 -999 0.00283758369539714 0.00283758369539735 0.00283758369539709 0.00283758369539662 0.00283758369539753 0.00283758369539679
-999 -999 0.176625528499296 0.176625528499296 0.176625528499297 0.176625528499296 0.176625528499297 0.176625528499296
-999 -999 0.494316731441392 0.494316731441391 0.494316731441392 0.494316731441392 0.494316731441392 0.494316731441392
-999 -999 0.0692377783609368 0.069237778360937 0.0692377783609364 0.0692377783609366 0.0692377783609361 0.0692377783609369
-999 -999 0.0209107284969525 0.0209107284969533 0.0209107284969522 0.0209107284969522 0.0209107284969526 0.0209107284969533
-999 -999 0.596585675070334 0.596585675070334 0.596585675070334 0.596585675070334 0.596585675070333 0.596585675070334
-999 -999 0.483021636685774 0.483021636685773 0.483021636685774 0.483021636685774 0.483021636685774 0.483021636685774
-999 -999 0.0242382914046732 0.0242382914046725 0.0242382914046736 0.0242382914046731 0.0242382914046738 0.0242382914046733
-999 -999 0.692227033946264 0.692227033946264 0.692227033946265 0.692227033946264 0.692227033946264 0.692227033946265
-999 -999 0.550548525726607 0.550548525726608 0.550548525726607 0.550548525726607 0.550548525726607 0.550548525726608
-999 -999 0.244913919727132 0.244913919727133 0.244913919727133 0.244913919727132 0.244913919727132 0.244913919727132
-999 -999 0.391883012011445 0.391883012011445 0.391883012011445 0.391883012011446 0.391883012011446 0.391883012011445
-999 -999 0.00591328122689171 0.00591328122689249 0.00591328122689272 0.00591328122689236 0.00591328122689292 0.00591328122689276
-999 -999 0.74111490937534 0.741114909375341 0.74111490937534 0.74111490937534 0.741114909375341 0.74111490937534
-999 -999 0.890982845658518 0.890982845658517 0.890982845658517 0.890982845658517 0.890982845658518 0.890982845658517
-999 -999 0.794620641108538 0.794620641108538 0.794620641108538 0.794620641108538 0.794620641108538 0.794620641108538
-999 -999 0.00211008468947195 0.00211008468947135 0.00211008468947213 0.00211008468947236 0.00211008468947193 0.00211008468947234
-999 -999 0.00150889973647981 0.00150889973647974 0.00150889973647897 0.00150889973647983 0.00150889973648002 0.00150889973648005
-999 -999 0.0092437534480987 0.00924375344809862 0.00924375344809804 0.00924375344809889 0.00924375344809813 0.00924375344809901
-999 -999 0.505374600472174 0.505374600472174 0.505374600472173 0.505374600472174 0.505374600472174 0.505374600472174
-999 -999 0.00259697883276395 0.00259697883276367 0.00259697883276386 0.00259697883276302 0.00259697883276338 0.00259697883276341
-999 -999 0.00173699972392447 0.0017369997239253 0.00173699972392543 0.00173699972392549 0.00173699972392524 0.0017369997239254
-999 -999 0.00416301549225931 0.00416301549225869 0.00416301549225854 0.0041630154922597 0.00416301549225942 0.00416301549225823
-999 -999 0.00757962321657217 0.0075796232165727 0.00757962321657236 0.00757962321657409 0.00757962321657339 0.00757962321657274
-999 -999 0.00386990568174327 0.00386990568174453 0.00386990568174333 0.0038699056817436 0.0038699056817438 0.00386990568174304

# Duration of outbreak (days) based on incidence
0
0
0
0
3
0
0
0
0
0
0
0
0
0
0
0
0
0
0
0
0
0
0
0
0
0
0
0
0
0
0
0
0
0
0
0
0
0
0
0
0
0
0
0
0
0
0
0
0
0

# Duration of outbreak (days) based on prevalence
0
0
29
20
24
18
0
0
0
0
0
0
0
0
26
12
0
0
0
0
0
0
22
0
0
0
0
0
0
0
13
0
0
23
0
0
0
0
24
24
14
0
0
0
0
0
0
0
0
0

# Peak (point) prevalence
0.00273061807333092
0.0209378211021664
0.235643818008725
0.140243092040058
0.475503865730509
0.248389725078123
4.56307917450673e-05
5.42823024198075e-05
9.56620225652868e-05
0.00463113309097274
0.0264361496860068
0.00205989753751718
0.0392688904603576
0.0149660274285611
0.248522193164787
0.115754285024103
0.000407659195389504
0.000210750510604295
0.000232076760663607
0.00236296211671088
0.020577189342079
0.057835006919942
0.14465409309722
0.0593046860583183
6.1895850822188e-05
0.000146862552644374
0.0270285011474723
0.0721086776643912
0.00927057447178215
0.00254504167319883
0.1090191209174
0.0563923753359129
0.00272247663764749
0.150054132273351
0.066665553299168
0.0263368405002067
0.0423218566989702
0.000377037611137984
0.177704144111714
0.309418390822689
0.131901659412132
3.36043026426799e-05
2.96676746616382e-05
0.000457656012427524
0.0524587487316041
7.89886982154383e-05
5.76829672520956e-05
0.000159977769729559
0.000351236709225198
0.000184020887001938

# Day of peak prevalence
119
119
43
51
14
18
69
77
90
119
105
119
97
119
36
47
119
119
119
119
119
95
55
74
83
119
119
86
119
119
71
84
119
57
75
116
99
119
48
23
33
67
64
119
79
88
78
90
116
96

# Total immunity
0.104340962126739
0.0287227859742057
0.0304866325954351
0.0818797513970949
0.145580578866628
0.374142757846814
0.528061314957141
0.495524272734345
0.377399310633633
0.361294135394203
0.256307652319913
0.152994407397495
0.118363859132141
0.146690390426196
0.149085444501625
0.334987389441178
0.455979002176135
0.341485728066474
0.242324829141348
0.13321116548721
0.119544582149558
0.130086317153032
0.167523027492719
0.259467996407421
0.243478168200845
0.210774070451216
0.185619722985367
0.128793381236402
0.180603694960881
0.139296349911667
0.0861262350702358
0.133560355228365
0.142312917859457
0.121047472711886
0.23229777759086
0.175920773246563
0.0929062852374995
0.109326004635345
0.106516701996759
0.22397601713895
0.379635056193901
0.486853994837199
0.481340618724934
0.438865649419642
0.427186462208273
0.577563378981322
0.490550903234331
0.460289633018743
0.387232418063382
0.245867451068833

# Observed immunity (based on survey selectivity)
0.487603110870112
0.358517134389119
0.232413123835797
0.38750408916497
0.273179024057354
0.518376992271468
0.836295590037315
0.780817960948166
0.698569955968038
0.586523975612004
0.525770239297326
0.545178846814836
0.47070983478708
0.484931923355773
0.304206984056101
0.511123218852174
0.695138587084698
0.635845793824589
0.568429082354646
0.489820044625032
0.39563851554684
0.330809895189725
0.345427161753722
0.537283816008568
0.677724682731301
0.552696831925825
0.410022249608472
0.353747093036063
0.49374521250936
0.436594388053019
0.30567833320011
0.462925452908203
0.504690728128173
0.330142016466614
0.490618785653155
0.538956681356966
0.498748335648116
0.553842613625237
0.338572473879723
0.357654664028151
0.589450924087782
0.82896467655129
0.787735143910306
0.653093963776146
0.531489489558802
0.692913177668104
0.654741636976964
0.616067218882864
0.588334277243914
0.53424554070388

# True total proportion of susceptible
1 1 1 0.998535142903726 0.984857477585724 0.967424601505375 0.958606202176456 0.323572599383395
1 1 1 0.998931053675816 0.987812930834603 0.964570423464556 0.946285935940389 0.337774922239612
1 1 1 0.995281816819464 0.950913015273175 0.895509379784656 0.868645616099516 0.333219899246764
1 1 1 0.971831132110782 0.680130763626904 0.295552627690241 0.232259103001166 0.0794865401293709
1 1 1 0.974336910103062 0.692489739618172 0.245551686618111 0.0864752106608064 0.0321386579396855
1 1 1 0.965977082918979 0.589901902769141 0.0756139657448647 0.0106948788386972 0.00179019478198238
1 1 1 0.96748549968248 0.603292580011008 0.0895476753278194 0.00636469060383972 0.000544133400219937
1 1 1 0.999891409170981 0.966409278673101 0.601826644217371 0.089276906007924 0.00196929879722562
1 1 1 0.999905863851609 0.998950014532297 0.964654435196437 0.600499035978133 0.0652904401238742
1 1 1 0.999884064823012 0.998746377062811 0.99674790148151 0.962382949455539 0.123176130919891
1 1 1 0.998067205630915 0.980417166011701 0.961513839524482 0.957570047388393 0.188769899316776
1 1 1 0.989416645644898 0.88786081286807 0.764330741435363 0.735968815301014 0.154310680028677
1 1 1 0.999122783002937 0.980667319094528 0.872258694160584 0.749485849496867 0.232678151297673
1 1 1 0.98623228764071 0.853791154555419 0.691907105832036 0.591574660758193 0.205480863321636
1 1 1 0.99562674738007 0.942116366321079 0.776182702899192 0.621682124601767 0.201169388212581
1 1 1 0.970530116779404 0.663967507551402 0.253828144207808 0.161251936572891 0.0538421400367047
1 1 1 0.974031052385609 0.687766411031903 0.232954843777024 0.0712969416261441 0.0155927103105755
1 1 1 0.999662604319506 0.970696009009416 0.682750039233671 0.230862500353346 0.0311331785889334
1 1 1 0.999830135086135 0.99796356831371 0.967520436393172 0.680112067508096 0.128935967931659
1 1 1 0.999829119219341 0.998120826332311 0.994718227208971 0.964165091946742 0.271969086214536
1 1 1 0.999026778492684 0.990063878111568 0.979520386808884 0.975169966750418 0.319453458203864
1 1 1 0.994705119249645 0.945013458141653 0.885854002568842 0.870303538607649 0.326100125273978
1 1 1 0.984757432766783 0.833283097748246 0.629857064337817 0.567693433899317 0.233563422112523
1 1 1 0.974704510405962 0.707288239798345 0.321348417782199 0.206994404393543 0.0839499867943232
1 1 1 0.979828653320895 0.759620321645237 0.365092963692926 0.145523690455195 0.0488344114669821
1 1 1 0.999927988210317 0.979110174668064 0.758467099753946 0.364423298284658 0.0747917447246833
1 1 1 0.999896064367091 0.998888550460811 0.97715817250027 0.756726062923613 0.20458141577341
1 1 1 0.993402550817949 0.932211251750001 0.866939914117053 0.839784596319302 0.23127588236019
1 1 1 0.981642966454186 0.796650400728649 0.546730093917876 0.480581972184329 0.140981345231919
1 1 1 0.997419722372168 0.955861787853121 0.753507031166761 0.512638691569743 0.204389975170079
1 1 1 0.999224737389042 0.989656683421629 0.941438230646084 0.740527553945591 0.274205552958487
1 1 1 0.977988207597262 0.758723935838123 0.489607291975796 0.430211363240866 0.175141670253161
1 1 1 0.982079157431477 0.78821908216005 0.440641133903555 0.259978986348221 0.106124137866303
1 1 1 0.99910037884472 0.973141958522863 0.773437453948326 0.430774570874383 0.121065969981263
1 1 1 0.974650748541779 0.71817930472101 0.38720393391124 0.262354159020011 0.0757359549099998
1 1 1 0.979658845634716 0.757613463204145 0.36818218980105 0.175605559990964 0.0473175383964346
1 1 1 0.990849387859583 0.885994076229609 0.604071928390186 0.280264835001272 0.0602406645828546
1 1 1 0.985383596026105 0.836836732512897 0.599363572986392 0.38190396638873 0.0878529977056357
1 1 1 0.999782523214504 0.983221036030416 0.833127703124814 0.596304480847362 0.161334670908558
1 1 1 0.973012611791073 0.69844036989251 0.344136559275545 0.243893992679077 0.0708752558059275
1 1 1 0.968009690225133 0.615056336824418 0.121156277604227 0.0368344849169893 0.00990025724933074
1 1 1 0.971315183108246 0.652694391649217 0.16481423274448 0.0236184879156583 0.0023393811218776
1 1 1 0.999923167490769 0.970550131240158 0.651591201679633 0.1644698373493 0.0119389677790527
1 1 1 0.999945073328028 0.999373950562957 0.969523609102233 0.650768025293529 0.0938886228769088
1 1 1 0.999660025227268 0.996541966547174 0.992903612436286 0.962830877150355 0.154891449204913
1 1 1 0.981298032457065 0.798095444007326 0.5821481140598 0.553800671886223 0.0896498343663284
1 1 1 0.999905234421444 0.980354259779131 0.796527707587435 0.580845973208477 0.0990712342056906
1 1 1 0.999936682019512 0.999272095711333 0.97916434950875 0.795430663474647 0.225995367425714
1 1 1 0.9998480442819 0.998416729023378 0.996384480016691 0.976160077758416 0.299880878349972
1 1 1 0.999722486171634 0.997070955639339 0.993140554495303 0.99083666599857 0.306263745153893

# True vulnerable proportion of susceptible
0 0 0.05 0.499267571451863 0.935614603706438 0.967424601505375 0.958606202176456 0.323572599383395
0 0 0.05 0.499465526837908 0.938422284292873 0.964570423464556 0.946285935940389 0.337774922239612
0 0 0.05 0.497640908409732 0.903367364509516 0.895509379784656 0.868645616099516 0.333219899246764
0 0 0.05 0.485915566055391 0.646124225445558 0.295552627690241 0.232259103001166 0.0794865401293709
0 0 0.05 0.487168455051531 0.657865252637263 0.245551686618111 0.0864752106608064 0.0321386579396855
0 0 0.05 0.482988541459489 0.560406807630684 0.0756139657448647 0.0106948788386972 0.00179019478198238
0 0 0.05 0.48374274984124 0.573127951010458 0.0895476753278194 0.00636469060383972 0.000544133400219937
0 0 0.05 0.499945704585491 0.918088814739445 0.601826644217371 0.089276906007924 0.00196929879722562
0 0 0.05 0.499952931925805 0.949002513805682 0.964654435196437 0.600499035978133 0.0652904401238742
0 0 0.05 0.499942032411506 0.94880905820967 0.99674790148151 0.962382949455539 0.123176130919891
0 0 0.05 0.499033602815458 0.931396307711116 0.961513839524482 0.957570047388393 0.188769899316776
0 0 0.05 0.494708322822449 0.843467772224666 0.764330741435363 0.735968815301014 0.154310680028677
0 0 0.05 0.499561391501469 0.931633953139802 0.872258694160584 0.749485849496867 0.232678151297673
0 0 0.05 0.493116143820355 0.811101596827648 0.691907105832036 0.591574660758193 0.205480863321636
0 0 0.05 0.497813373690035 0.895010548005025 0.776182702899192 0.621682124601767 0.201169388212581
0 0 0.05 0.485265058389702 0.630769132173832 0.253828144207808 0.161251936572891 0.0538421400367047
0 0 0.05 0.487015526192805 0.653378090480307 0.232954843777024 0.0712969416261441 0.0155927103105755
0 0 0.05 0.499831302159753 0.922161208558945 0.682750039233671 0.230862500353346 0.0311331785889334
0 0 0.05 0.499915067543067 0.948065389898025 0.967520436393172 0.680112067508096 0.128935967931659
0 0 0.05 0.49991455960967 0.948214785015695 0.994718227208971 0.964165091946742 0.271969086214536
0 0 0.05 0.499513389246342 0.94056068420599 0.979520386808884 0.975169966750418 0.319453458203864
0 0 0.05 0.497352559624823 0.89776278523457 0.885854002568842 0.870303538607649 0.326100125273978
0 0 0.05 0.492378716383391 0.791618942860834 0.629857064337817 0.567693433899317 0.233563422112523
0 0 0.05 0.487352255202981 0.671923827808427 0.321348417782199 0.206994404393543 0.0839499867943232
0 0 0.05 0.489914326660447 0.721639305562975 0.365092963692926 0.145523690455195 0.0488344114669821
0 0 0.05 0.499963994105159 0.93015466593466 0.758467099753946 0.364423298284658 0.0747917447246833
0 0 0.05 0.499948032183545 0.94894412293777 0.97715817250027 0.756726062923613 0.20458141577341
0 0 0.05 0.496701275408975 0.885600689162501 0.866939914117053 0.839784596319302 0.23127588236019
0 0 0.05 0.490821483227093 0.756817880692216 0.546730093917876 0.480581972184329 0.140981345231919
0 0 0.05 0.498709861186084 0.908068698460465 0.753507031166761 0.512638691569743 0.204389975170079
0 0 0.05 0.499612368694521 0.940173849250548 0.941438230646084 0.740527553945591 0.274205552958487
0 0 0.05 0.488994103798631 0.720787739046217 0.489607291975796 0.430211363240866 0.175141670253161
0 0 0.05 0.491039578715738 0.748808128052047 0.440641133903555 0.259978986348221 0.106124137866303
0 0 0.05 0.49955018942236 0.92448486059672 0.773437453948326 0.430774570874383 0.121065969981263
0 0 0.05 0.487325374270889 0.68227033948496 0.38720393391124 0.262354159020011 0.0757359549099998
0 0 0.05 0.489829422817358 0.719732790043938 0.36818218980105 0.175605559990964 0.0473175383964346
0 0 0.05 0.495424693929791 0.841694372418128 0.604071928390186 0.280264835001272 0.0602406645828546
0 0 0.05 0.492691798013053 0.794994895887252 0.599363572986392 0.38190396638873 0.0878529977056357
0 0 0.05 0.499891261607252 0.934059984228895 0.833127703124814 0.596304480847362 0.161334670908558
0 0 0.05 0.486506305895536 0.663518351397885 0.344136559275545 0.243893992679077 0.0708752558059275
0 0 0.05 0.484004845112567 0.584303519983197 0.121156277604227 0.0368344849169893 0.00990025724933074
0 0 0.05 0.485657591554123 0.620059672066756 0.16481423274448 0.0236184879156583 0.0023393811218776
0 0 0.05 0.499961583745385 0.92202262467815 0.651591201679633 0.1644698373493 0.0119389677790527
0 0 0.05 0.499972536664014 0.949405253034809 0.969523609102233 0.650768025293529 0.0938886228769088
0 0 0.05 0.499830012613634 0.946714868219815 0.992903612436286 0.962830877150355 0.154891449204913
0 0 0.05 0.490649016228532 0.75819067180696 0.5821481140598 0.553800671886223 0.0896498343663284
0 0 0.05 0.499952617210722 0.931336546790174 0.796527707587435 0.580845973208477 0.0990712342056906
0 0 0.05 0.499968341009756 0.949308490925767 0.97916434950875 0.795430663474647 0.225995367425714
0 0 0.05 0.49992402214095 0.948495892572209 0.996384480016691 0.976160077758416 0.299880878349972
0 0 0.05 0.499861243085817 0.947217407857372 0.993140554495303 0.99083666599857 0.306263745153893

# True survival by age
0.778267540515681 0.778267540515681 0.777935142578617 0.774949211423952 0.772055687869854 0.771853512268322 0.77191683896902 0.776477143101036
0.778267540515681 0.778267540515681 0.776711852660846 0.762727861443148 0.749076196171984 0.748275023215296 0.74885367238562 0.768111220224692
0.778267540515681 0.778267540515681 0.768941640792154 0.685451072248661 0.609799446686424 0.611294645814069 0.616319546042555 0.71647158871553
0.778267540515681 0.778267540515681 0.769764485464104 0.695647225183046 0.668557511222363 0.728381176555097 0.739178693852753 0.76524082893401
0.778267540515681 0.778267540515681 0.7670261329741 0.668752042274597 0.63052488982603 0.723462912826534 0.759312609103418 0.771557970336514
0.778267540515681 0.778267540515681 0.767518789849287 0.674455214845476 0.65801276133371 0.762505349193283 0.776495948385987 0.778414981316245
0.778267540515681 0.778267540515681 0.778257711758368 0.778189786829126 0.778366419083393 0.778735429592775 0.778796138007531 0.778800385953212
0.778267540515681 0.778267540515681 0.778262568914869 0.778217887811521 0.778194165095845 0.778420022656884 0.778744299843107 0.778799537146127
0.778267540515681 0.778267540515681 0.778255243885666 0.778144635988506 0.778034709756705 0.778049148301353 0.778332889141353 0.778749910382531
0.778267540515681 0.778267540515681 0.777645217174466 0.772045090416766 0.766458888535176 0.765863284985022 0.766309332075178 0.777201992689505
0.778267540515681 0.778267540515681 0.774753782047917 0.743198900212059 0.712823949654844 0.710717515064225 0.710996768722288 0.76543428628418
0.778267540515681 0.778267540515681 0.777999520253692 0.775621346924786 0.773806008836606 0.774296086882108 0.774463242085547 0.777891330272228
0.778267540515681 0.778267540515681 0.773694822662293 0.732580942409478 0.693075865316972 0.69856379954487 0.709857378824429 0.757397278448702
0.778267540515681 0.778267540515681 0.776827314937142 0.764070912375397 0.754982119963199 0.758501782522127 0.761445311126613 0.77277243602557
0.778267540515681 0.778267540515681 0.76851510819746 0.681172047839742 0.603727810662187 0.626993503891243 0.657211018833906 0.739455694131877
0.778267540515681 0.778267540515681 0.769663953890317 0.694782855789169 0.669909189955501 0.734988782570127 0.750967896580378 0.769507361833027
0.778267540515681 0.778267540515681 0.778180835327343 0.777436852805242 0.777301011344833 0.778272593763062 0.778639128213001 0.778765428997021
0.778267540515681 0.778267540515681 0.778237122712072 0.777963645021689 0.777722164279987 0.778021356563423 0.778537230757767 0.778765241477441
0.778267540515681 0.778267540515681 0.778236781374197 0.777960091929032 0.777685392878441 0.777689658041356 0.77801972510816 0.778652709732738
0.778267540515681 0.778267540515681 0.777967283127477 0.775265570836722 0.772574372674959 0.772296927043705 0.772496695367542 0.777022543030815
0.778267540515681 0.778267540515681 0.776518885193563 0.760798524547314 0.745378509954485 0.74402159036664 0.744176057899525 0.767458157095774
0.778267540515681 0.778267540515681 0.773205339402856 0.727916390355446 0.687403746270452 0.688640985666994 0.690223669355524 0.745611204266096
0.778267540515681 0.778267540515681 0.769885345802114 0.695731383030356 0.645646358702573 0.672873225380773 0.683327726762696 0.739520755472988
0.778267540515681 0.778267540515681 0.771574031830552 0.713039098088838 0.68847306733917 0.735610457912278 0.750980027974559 0.767517618051405
0.778267540515681 0.778267540515681 0.778270003404273 0.778302428824266 0.778431267533983 0.778624083632276 0.778730351819527 0.778777147959322
0.778267540515681 0.778267540515681 0.77825927602125 0.778184939922534 0.778124934698401 0.778270969194261 0.778546221574076 0.778748538611141
0.778267540515681 0.778267540515681 0.776083388382505 0.756428344719174 0.736815366580299 0.735594478611831 0.745341167640348 0.76975495284101
0.778267540515681 0.778267540515681 0.772173724702605 0.717734936827108 0.670369938687273 0.672679050663292 0.676003121134456 0.750490404346627
0.778267540515681 0.778267540515681 0.777428049952572 0.770036529200361 0.76566914579904 0.769329748230599 0.770475635703341 0.776358555640629
0.778267540515681 0.778267540515681 0.778033758199855 0.77593712550405 0.774045268823626 0.774875848681601 0.776130505095403 0.77773613840414
0.778267540515681 0.778267540515681 0.770966652189564 0.705315671714992 0.640990970401981 0.640832060385564 0.670275722790574 0.73861568259053
0.778267540515681 0.778267540515681 0.772318039843284 0.720093863153164 0.692629656418561 0.720281325371327 0.727380520167086 0.757867280380826
0.778267540515681 0.778267540515681 0.777991996975692 0.775571040995692 0.774253886266042 0.776137498108991 0.777229440607864 0.778159356752382
0.778267540515681 0.778267540515681 0.769867667503162 0.694344857141413 0.622970753746187 0.648452825380931 0.706202041890946 0.758397450064556
0.778267540515681 0.778267540515681 0.771517952218154 0.712496144949979 0.686316941320738 0.726324966634423 0.743245233438562 0.768536667137993
0.778267540515681 0.778267540515681 0.775231187108727 0.748532482548867 0.734689529149108 0.756245827731898 0.76804313190662 0.775902095967923
0.778267540515681 0.778267540515681 0.773413078365201 0.730172011509581 0.696608863862327 0.719829779961717 0.751440633262024 0.772919939662716
0.778267540515681 0.778267540515681 0.778221125134179 0.77781796504894 0.777616546285742 0.777924783129967 0.778242611258384 0.778672381506285
0.778267540515681 0.778267540515681 0.769329394521622 0.688905634935558 0.611301197648382 0.629424183081251 0.67188567801154 0.749874095709475
0.778267540515681 0.778267540515681 0.767690141456213 0.675362504491447 0.638062377223226 0.705815880444821 0.727075446639948 0.763769472086833
0.778267540515681 0.778267540515681 0.768772432368668 0.686371032149786 0.66751230660003 0.755728338217456 0.771786192999998 0.77691542356761
0.778267540515681 0.778267540515681 0.778268383476815 0.778291024290238 0.778463192369987 0.778715675748566 0.77878858687789 0.778799575053979
0.778267540515681 0.778267540515681 0.778275744645349 0.778349616479286 0.778434532302359 0.778560241687915 0.778740067392435 0.778796375682504
0.778267540515681 0.778267540515681 0.778179968861448 0.777391901362787 0.776605054580971 0.776585736098914 0.777313989216477 0.778586278021805
0.778267540515681 0.778267540515681 0.772059640400174 0.716209825943943 0.660727157690808 0.654994395604923 0.658744202404247 0.759487175450964
0.778267540515681 0.778267540515681 0.778262357408358 0.778226651470474 0.778296608944671 0.778430010200196 0.778448064819411 0.778743684670344
0.778267540515681 0.778267540515681 0.778272924840019 0.77832142918962 0.778378308821133 0.778461815871353 0.778553600542379 0.778758622706426
0.778267540515681 0.778267540515681 0.778243140367951 0.778023588251908 0.777804663316836 0.777800815875609 0.777988453077564 0.778569986317066
0.778267540515681 0.778267540515681 0.77820095363914 0.777601853962094 0.777005237205178 0.776942545857633 0.776980263965107 0.778241511204945
0.778267540515681 0.778267540515681 0.77824670678895 0.778059409047034 0.777874421034194 0.777857381885592 0.777859570388649 0.778509857905732

# True Numbers-at-age
182.14198408218 301.061679887924 54.1021776710841 44.9394981389044 5.78466187391909 8.2751502544398 4.2129888008032 108.482309948398
1499.53853503998 141.755193976285 234.306533149893 42.0879853003685 34.8258286445321 4.46608110216312 6.38720378843746 87.4861111034607
165.133715946808 1167.04216757406 110.323466171246 181.988661453394 32.1016790206007 26.0871992495834 3.34185694040251 71.9821445656389
101.883407800911 128.518210966137 908.271037435949 84.8323070955959 124.744323130327 19.5755861044675 15.9469652255552 53.6328132285424
32.8329317371196 79.292549208571 100.021551960091 699.154787793831 59.0133590369273 83.39875421113 14.2584884385276 52.8296753794138
127.901479702556 25.5528050309673 61.7108172537731 76.7191442140167 467.561192203187 37.2093917050225 60.3359056476882 51.5878071674068
148.728215300334 99.5415700364248 19.8869187247276 47.3642117792265 51.7436268936257 307.661231174101 28.3723602153079 87.0073082299921
40.906575088409 115.750342327078 77.4699728913177 15.4771478606312 36.8583458678058 40.2755015755786 239.586701027405 89.8576097921082
160.492528987556 31.8362595849761 90.0847342367427 60.2919801161622 12.044593317447 28.682949689411 31.3512568489793 256.557842658458
24.1021876422107 124.906125806287 24.7771274464181 70.1089168137916 46.9158809205173 9.3711116658774 22.3167445766168 224.196111299688
192.647820343027 18.7579502973507 97.2103833266013 19.2678146540292 54.1272450205253 35.9590939449883 7.17699036439033 191.347194085955
487.169101482502 149.931545324074 14.5987038430345 75.3141121366121 14.3198186603643 38.5831965794663 25.5567578925431 151.566519895896
233.195730835544 379.147898426021 116.686855025082 11.3577845862066 58.4152330978435 11.0807617248405 29.8748181308839 137.695051361205
54.1879479610324 181.488667896136 295.078502399709 90.2800156056518 8.32049653584708 40.4861882269805 7.74061901235592 125.496717248077
50.5960808884101 42.1727209852244 141.246739194993 229.225040714839 68.9803338930755 6.28182611378028 30.708845937691 102.874461953184
61.9386955671394 39.3772874327554 32.8216598380246 108.550253054978 156.141690399875 41.6453459600131 3.93866416591461 96.2532985979587
65.9053727507162 48.204876261787 30.6460646424696 25.261648484177 75.4188548141748 104.600753334063 30.6088621268618 77.0254322158552
121.193081845227 51.2920123574691 37.5162904891237 23.8481801829727 19.6393364942109 58.6231521215272 81.4078996068713 83.818001485313
153.365738113956 94.3206417352005 39.9189083055473 29.1965699650859 18.5530171822795 15.2739472833006 45.6100643396145 128.653626888606
337.037957470563 119.359575801321 73.4066938631152 31.0663627156809 22.7137662540507 14.4284104564815 11.8783908396918 135.66202491343
80.4480590761217 262.305702221043 92.893683495889 57.1080061880582 24.084681424593 17.5480737148089 11.1430170576659 114.588469260889
39.0246982541789 62.6101130764334 204.14401373081 72.1336995497514 43.4476868477135 17.9522039529916 13.0561457131631 96.2342219504688
121.572146919779 30.3716559296464 48.7274187154045 157.845241423792 52.5073021992393 29.8661027059037 12.362623425083 80.7649749218797
130.568753327126 94.6156557784672 23.6372739617544 37.5145256077536 109.817888120535 33.9011484702344 20.0961008572749 68.1750986318706
187.762856817751 101.617422520101 73.636293716986 18.2379067721542 26.7493235045832 75.6066582830548 24.9380393499413 67.4173596963288
70.1822496559886 146.129736775749 79.0855414982616 57.3089185617967 14.1946071374381 20.8225098013493 58.8691650221422 71.9231072639237
55.7275365122011 54.6205668276238 113.728030836666 61.5490562701856 44.5969373480372 11.0451777518885 16.2055548841531 101.842380669362
260.923207949083 43.3709327803485 42.5094142065071 88.2624355257897 46.5574507534837 32.8597087404527 8.12477176957542 90.4723441289757
105.939635457892 203.068063313994 33.7541891848328 32.8246527027645 63.3490335863094 31.2107154070486 22.1040376806 73.3909972022802
162.512295787752 82.4493795309411 158.041282192665 26.2414534756947 25.276181639444 48.5044004332242 24.0113318262016 74.0083510685586
304.87582158583 126.478044746291 64.1676758245895 122.961452735083 20.3617179789788 19.5649088119382 37.5848884504868 76.1948962680018
192.380324271841 237.274955828301 98.4337568139278 49.471138209269 86.7266396308963 13.0516773663971 12.53782082521 81.4709835890579
206.306174404786 149.723361814654 184.663396298459 76.0221661169432 35.6238630276966 60.069442609884 9.40087947178747 70.8639593961932
122.101857736694 160.561398947212 116.524832557231 143.666644454552 58.9605905140651 27.5819143930033 46.622146900037 62.4500933537479
59.5893053071583 95.0279125131325 124.959725060404 89.7087010470315 99.7541957197819 36.7307235138674 17.8855703175579 80.2866468939217
425.457019754297 46.3764220824401 73.9571397519349 96.4086711883463 63.9171036644801 68.462994490311 26.678441530668 74.9965969053946
817.15110231604 331.119388359308 36.0932639520177 57.3338812450585 72.1650219838503 46.9592267958316 51.7748539373296 78.680210516959
126.304991547309 635.962178629182 257.699471995455 27.9150023813778 41.8635953963558 50.2707939747698 33.8026498916159 99.7192325951334
30.4177082858643 98.2990751263777 494.948720622727 200.547173042787 21.7127903466196 32.5538244672179 39.106896500594 103.955274845936
15.2041259017658 23.6731150157631 76.5029794335721 380.778599555934 138.158077579572 13.2730547431768 20.4901643714491 104.228731389555
201.842899849044 11.832877671258 18.4240169996628 58.7305831031807 257.163588652841 88.1534714130127 9.36833281974762 94.5046185617778
83.243938956018 157.087777236068 9.20914460243288 14.1638763628324 40.3109709432889 171.659860235199 66.6200764590562 80.652445680729
5.88145306146446 64.7860556341376 122.25631803459 7.16718608293967 11.0236178423491 31.3806071280465 133.674224061958 114.695045626461
37.2482927620256 4.57734400880437 50.4208841780923 95.1491269559692 5.57857653889177 8.581164799389 24.4316930699254 193.421560097268
10.4378658582259 28.9891371963097 3.56239826382636 39.2365220796745 73.9681607173101 4.33235073747017 6.6640101823196 169.586469368799
10.9581423472465 8.12345218971405 22.5613045074436 2.75038392253198 28.1015826493294 48.8727725903651 2.83766545283781 133.188626687976
35.8192480298092 8.52836649321227 6.32221915618547 17.5586140321708 2.14042207029029 21.8713664819515 38.0440328660298 105.928777083544
12.2828730086124 27.8769580672807 6.63735081528866 4.92041199416407 13.6662455681081 1.66605811123599 17.0260236671278 112.112267313557
29.2540718036192 9.55936136687918 21.6957315920813 5.16547274221403 3.82819659537726 10.6296695329075 1.29586135821553 100.533296243142
82.4704761394599 22.7674945126719 7.43974065990167 16.8836390148565 4.01668118093629 2.97452880365916 8.25864250852251 79.2460430948457

