# Simulated data from SIR age-structured hybrid model
# random seed = 4823152
# Flag=0 if no issues, =1 if negative pop #'s, =2 if NaN, or=3 if NA. Flag:
0

# True SSB
16044.8675732748
16001.1555175997
15935.7279372996
15667.7004888658
15323.5346125817
18375.3725866733
18452.4952335057
19254.6120283911
22692.3808572057
21537.0232652167
21983.8450257104
25238.9372113525
24474.9102305661
22629.0130339115
21746.5505616112
22231.3321456929
20620.4897903214
17873.764537925
15692.9733103696
15301.272457737
18037.0523140961
23386.6627844309
38493.6275330809
50992.6547176739
53899.4400260386
55522.115807586
85007.886120373
134363.8665993
154546.980149239
152217.92061567
203345.815240121
220499.341551164
181337.581070719
156184.456035702
134378.877390726
113246.163792262
93994.9262727632
81741.9155265368
71667.7366013631
70910.9647161486
106451.001628473
186516.779085195
222249.256599865
206789.185570695
263338.841202651
283660.883311641
231355.541987452
212577.611869402
212638.574839415
201053.276086202

# True R (numbers)
45.8925363852023
30.5395242397144
180.47857456287
26.3207445616296
127.887406227601
130.751794636572
43.0224505547512
94.791250487075
170.490777396222
58.5228841035806
48.6812619608862
67.7505828829658
102.686784940675
28.7908094029949
24.5806242165176
21.8785825564468
63.0483866196081
139.284617638867
154.245125672872
559.69495982261
346.65081947821
259.510474538758
123.413809588093
1130.70906435458
1586.03028388598
675.423921337059
396.76440600998
2589.94808993207
404.623692128497
189.172729459294
182.77281498296
180.375325190929
82.7425656610584
115.971232942514
160.150467454322
137.546945635988
243.878068621877
1312.90149968001
2701.65849301198
880.509603271531
321.11100446714
3209.87404229931
549.271092748895
93.4201984710389
733.469485684227
1072.16829923453
418.174308415707
1265.91868074361
236.622515243194
151.102774227571

# True infection rate given (selected) susceptible
-999 -999 0.0348370506091496 0.0348370506091497 0.0348370506091497 0.0348370506091509 0.0348370506091503 0.0348370506091507
-999 -999 0.126857289788545 0.126857289788545 0.126857289788545 0.126857289788545 0.126857289788545 0.126857289788545
-999 -999 0.0201356188114087 0.0201356188114082 0.0201356188114071 0.020135618811408 0.0201356188114082 0.0201356188114074
-999 -999 0.00867149861675587 0.00867149861675589 0.00867149861675569 0.00867149861675637 0.00867149861675584 0.00867149861675476
-999 -999 0.00957985855974821 0.00957985855974871 0.00957985855974836 0.00957985855974849 0.00957985855974907 0.00957985855974792
-999 -999 0.562443148157875 0.562443148157876 0.562443148157876 0.562443148157876 0.562443148157875 0.562443148157875
-999 -999 0.295429880399671 0.295429880399669 0.295429880399671 0.295429880399671 0.29542988039967 0.295429880399671
-999 -999 0.0208652387926768 0.0208652387926769 0.0208652387926772 0.0208652387926767 0.0208652387926764 0.0208652387926767
-999 -999 0.488400751004912 0.488400751004912 0.488400751004912 0.488400751004912 0.488400751004912 0.488400751004912
-999 -999 0.0122388095661731 0.0122388095661726 0.0122388095661727 0.0122388095661719 0.0122388095661721 0.0122388095661714
-999 -999 0.0102908460884413 0.0102908460884403 0.0102908460884412 0.0102908460884411 0.0102908460884416 0.010290846088441
-999 -999 0.480530386898781 0.480530386898782 0.480530386898781 0.480530386898781 0.480530386898781 0.480530386898781
-999 -999 0.157242725871879 0.157242725871879 0.157242725871879 0.157242725871879 0.157242725871879 0.157242725871879
-999 -999 0.00850291265274202 0.00850291265274224 0.00850291265274325 0.00850291265274188 0.00850291265274244 0.00850291265274321
-999 -999 0.00851081826368814 0.00851081826368866 0.00851081826368936 0.00851081826368847 0.00851081826368821 0.00851081826368878
-999 -999 0.209971795938809 0.209971795938809 0.209971795938809 0.209971795938809 0.209971795938809 0.209971795938809
-999 -999 0.0995204772587117 0.0995204772587119 0.0995204772587125 0.0995204772587124 0.0995204772587127 0.0995204772587122
-999 -999 0.0130334677319544 0.0130334677319553 0.013033467731955 0.0130334677319552 0.013033467731956 0.0130334677319556
-999 -999 0.0131188769300415 0.0131188769300414 0.0131188769300414 0.0131188769300414 0.0131188769300418 0.0131188769300413
-999 -999 0.117121282566262 0.117121282566263 0.117121282566263 0.117121282566263 0.117121282566263 0.117121282566263
-999 -999 0.347436316752892 0.347436316752892 0.347436316752892 0.347436316752893 0.347436316752893 0.347436316752893
-999 -999 0.477516931443649 0.477516931443649 0.477516931443649 0.47751693144365 0.477516931443649 0.477516931443649
-999 -999 0.856936148187995 0.856936148187995 0.856936148187995 0.856936148187995 0.856936148187995 0.856936148187995
-999 -999 0.802402418561517 0.802402418561518 0.802402418561518 0.802402418561518 0.802402418561517 0.802402418561517
-999 -999 0.54540331351355 0.545403313513551 0.545403313513551 0.545403313513551 0.54540331351355 0.54540331351355
-999 -999 0.272817227697521 0.272817227697521 0.272817227697521 0.272817227697521 0.27281722769752 0.272817227697521
-999 -999 0.921426873145878 0.921426873145878 0.921426873145878 0.921426873145878 0.921426873145878 0.921426873145878
-999 -999 0.945956149654842 0.945956149654842 0.945956149654842 0.945956149654842 0.945956149654842 0.945956149654842
-999 -999 0.896083374824766 0.896083374824766 0.896083374824766 0.896083374824766 0.896083374824766 0.896083374824766
-999 -999 0.650908057147177 0.650908057147177 0.650908057147177 0.650908057147177 0.650908057147177 0.650908057147177
-999 -999 0.960937725289095 0.960937725289095 0.960937725289095 0.960937725289095 0.960937725289095 0.960937725289094
-999 -999 0.931685036682081 0.931685036682081 0.931685036682081 0.931685036682081 0.931685036682081 0.931685036682081
-999 -999 0.00641218054704269 0.00641218054704343 0.00641218054704401 0.0064121805470441 0.00641218054704295 0.00641218054704357
-999 -999 0.0120108907117568 0.0120108907117568 0.0120108907117567 0.0120108907117576 0.0120108907117571 0.0120108907117567
-999 -999 0.0547323231734958 0.0547323231734943 0.0547323231734947 0.0547323231734951 0.0547323231734947 0.0547323231734949
-999 -999 0.179216619678517 0.179216619678517 0.179216619678517 0.179216619678518 0.179216619678517 0.179216619678517
-999 -999 0.0607381172814085 0.0607381172814076 0.0607381172814078 0.060738117281407 0.0607381172814075 0.0607381172814074
-999 -999 0.261095395334677 0.261095395334677 0.261095395334677 0.261095395334676 0.261095395334677 0.261095395334678
-999 -999 0.181840908991121 0.181840908991121 0.181840908991121 0.181840908991122 0.181840908991121 0.181840908991121
-999 -999 0.467345061734247 0.467345061734247 0.467345061734247 0.467345061734247 0.467345061734247 0.467345061734247
-999 -999 0.929074143063021 0.92907414306302 0.92907414306302 0.929074143063021 0.92907414306302 0.929074143063021
-999 -999 0.969320071178291 0.969320071178291 0.969320071178291 0.969320071178291 0.969320071178291 0.969320071178291
-999 -999 0.941131432978226 0.941131432978226 0.941131432978226 0.941131432978226 0.941131432978226 0.941131432978226
-999 -999 0.641602149632861 0.641602149632862 0.641602149632862 0.641602149632862 0.641602149632862 0.641602149632862
-999 -999 0.966655329954319 0.966655329954319 0.966655329954319 0.966655329954319 0.966655329954319 0.966655329954319
-999 -999 0.942908951643846 0.942908951643846 0.942908951643846 0.942908951643846 0.942908951643846 0.942908951643846
-999 -999 0.00912372735366917 0.00912372735366875 0.00912372735366925 0.00912372735366942 0.00912372735366939 0.00912372735366862
-999 -999 0.63679450472237 0.63679450472237 0.636794504722371 0.63679450472237 0.636794504722371 0.63679450472237
-999 -999 0.844093434261923 0.844093434261924 0.844093434261924 0.844093434261924 0.844093434261923 0.844093434261924
-999 -999 0.750836349738777 0.750836349738777 0.750836349738777 0.750836349738777 0.750836349738777 0.750836349738777

# Duration of outbreak (days) based on incidence
0
0
0
0
0
0
0
0
0
0
0
0
0
0
0
0
0
0
0
0
0
0
0
0
0
0
1
2
0
0
2
0
0
0
0
0
0
0
0
0
1
3
0
0
2
0
0
0
0
0

# Duration of outbreak (days) based on prevalence
0
0
0
0
0
23
0
0
0
0
0
0
0
0
0
0
0
0
0
0
0
0
27
22
0
0
24
22
18
0
19
16
0
0
0
0
0
0
0
0
24
22
18
0
19
15
0
0
13
0

# Peak (point) prevalence
0.00494570995951712
0.0241366412273946
0.0033395674935526
0.0013612577433959
0.00167076364375805
0.126805585170644
0.041473004363311
0.00303630635301426
0.0857589419032486
0.00134262645253145
0.00142950045562319
0.0863294122204586
0.0248010659112504
0.000867651493763111
0.00101068396202724
0.0399310887462025
0.0186679357568959
0.00166176401108299
0.00174693578930681
0.0243353979139441
0.0652433009553908
0.0848716933991355
0.327002852535581
0.195400307349633
0.0547035550751353
0.0262348863182485
0.388308077488832
0.402303519146642
0.218807928589324
0.0609640730974365
0.371801209993829
0.225648112131419
9.28190178002253e-05
0.000359269175284798
0.00317671026120166
0.0105509377693698
0.00334498546668801
0.0176445096735772
0.0135522782630764
0.0484609913970811
0.398419742577316
0.493209272776917
0.28250464240062
0.0486556906385122
0.357344326551281
0.23156887117565
0.000126265078633691
0.0468937591797922
0.136985708527768
0.0792262410925341

# Day of peak prevalence
119
119
119
119
119
82
110
119
92
119
119
92
119
119
119
119
119
119
119
119
107
92
30
34
73
112
20
14
20
54
13
15
96
119
119
114
119
102
115
82
18
11
14
54
11
13
108
57
29
40

# Total immunity
0.149359203826896
0.134554156363842
0.0805440484194835
0.0763824027056039
0.0501716940933115
0.0352323175124667
0.130751398560744
0.133730551874905
0.0852477479304932
0.153143310843514
0.133898068015414
0.109321354962549
0.180175584366068
0.193215956978346
0.176705159597442
0.161630610931381
0.176530033631176
0.116427288148545
0.0731472635693192
0.0268034988084861
0.0226563328972065
0.035501575085484
0.0673706201144023
0.0810567305079859
0.0690209459784219
0.0696537248624411
0.0689054714691959
0.0756570163621848
0.149916966413102
0.218293892644331
0.25373424525372
0.446474211142368
0.645887999188213
0.58848792620156
0.509081943739724
0.450304441322595
0.371277715579604
0.14526689504481
0.0620114389158462
0.0536139258538353
0.0660394122083973
0.0746286123460265
0.16360034108447
0.258950445331138
0.24663042334674
0.313812881201209
0.400426956141631
0.264278063120387
0.2894180338163
0.371941105840265

# Observed immunity (based on survey selectivity)
0.357155965691958
0.286188719333304
0.274424115983639
0.227785865379923
0.184599640569958
0.119650683230335
0.374043825216008
0.380825063441441
0.259538194133979
0.436649328213513
0.338789161460041
0.230348738563255
0.405972246832236
0.409903038902983
0.335358967633715
0.256770273295976
0.315554960383575
0.334612035337728
0.303353152737327
0.241617146347394
0.194521984969409
0.230826569512467
0.223383689701285
0.411353976683313
0.569633476874904
0.565350874038189
0.312201454101413
0.357385127814462
0.551857608882474
0.673669369116127
0.460578220584665
0.610249490389985
0.858855108043661
0.791232536583521
0.722534704201181
0.680001806019053
0.676748922287605
0.614696278063909
0.606523170221623
0.501300462350269
0.316783704311658
0.319050866260339
0.534876102629854
0.7294758388085
0.499974209269176
0.622776277882661
0.872227342817647
0.737873957494375
0.653192556403478
0.70955053230962

# True total proportion of susceptible
1 1 1 0.997083253976388 0.970034546153787 0.93830417519334 0.925267412370229 0.483748065101239
1 1 1 0.998707436584695 0.984117188100598 0.945680653766206 0.913168790120416 0.534286534615345
1 1 1 0.995265784087692 0.950529464387608 0.891701876265798 0.850620451585643 0.487699750034147
1 1 1 0.999252691569306 0.987791987163744 0.936675429589253 0.877684117178012 0.493984969236323
1 1 1 0.999678982118583 0.996040608375486 0.981723736250921 0.930486020806955 0.571546070938136
1 1 1 0.999645006897603 0.996125784908452 0.989296454938775 0.974683102270866 0.663381158201498
1 1 1 0.979121129893006 0.772550560000143 0.524353564948969 0.490056657516621 0.344132496476068
1 1 1 0.988963436077275 0.865348247676368 0.582356642048708 0.378335770060514 0.264142723011028
1 1 1 0.999225148398981 0.981239618461834 0.851802175940258 0.571673279774849 0.274264157570784
1 1 1 0.981799557963748 0.803532436590072 0.584391276209498 0.474610755008227 0.223733763761837
1 1 1 0.999547203898272 0.977306616644119 0.796011413997144 0.578140376691602 0.244143149331299
1 1 1 0.999618778906434 0.995731346163252 0.970141368828739 0.789395781970423 0.366304264167642
1 1 1 0.982097718927433 0.807322085917739 0.602143552723711 0.56027200828221 0.274302290089323
1 1 1 0.994126636236241 0.922652564315242 0.706112035209504 0.516929596661057 0.262913339528535
1 1 1 0.999686168477271 0.990994017602539 0.916955555409752 0.701111989090006 0.327779185432538
1 1 1 0.99968569243408 0.996540675586603 0.985041907855853 0.910974567127164 0.472257008492497
1 1 1 0.992153182526068 0.918790566611254 0.838222825638345 0.819045274170272 0.437038102480502
1 1 1 0.996286460582451 0.954656966672541 0.849912678735262 0.769937044963286 0.447542332172149
1 1 1 0.999517981373267 0.991467709438561 0.945714853420016 0.841164788980418 0.508018901658157
1 1 1 0.999514848390452 0.994659974324522 0.982265811898382 0.936294243791543 0.598628692635079
1 1 1 0.995628159943094 0.955067351516607 0.909006865824141 0.892625379134275 0.566609873482737
1 1 1 0.987009940326685 0.859240900280313 0.689385299072709 0.63759059846302 0.404365049969488
1 1 1 0.982210751663117 0.79759332505461 0.51030892892821 0.381141891646731 0.22614924531606
1 1 1 0.969102715291175 0.635728069833208 0.170403407930741 0.0751273410940563 0.0365662827987647
1 1 1 0.971015458828504 0.649831235514794 0.165680467042879 0.0321628279932886 0.00966495436886103
1 1 1 0.979870968491516 0.75696813186919 0.332636865521209 0.073152489808959 0.00777766253783844
1 1 1 0.989812058870739 0.87514763247728 0.585045601947965 0.243162091300648 0.0353181991669845
1 1 1 0.966972252305097 0.613871717297808 0.130976910859698 0.0477030739314287 0.00759381714196611
1 1 1 0.966208210179965 0.587688353855717 0.0696992799460455 0.00638099971913258 0.000822768912001234
1 1 1 0.967895028421263 0.60865126610903 0.0964585921845583 0.0066655553793306 0.00014489914494029
1 1 1 0.9762213104066 0.711803520641676 0.248337706226962 0.0321171281394389 0.00133470817223161
1 1 1 0.965701822308915 0.587652028078171 0.0719439692904613 0.00878421306274052 0.000575232365375562
1 1 1 0.966713244472882 0.593258684237807 0.0752795990614156 0.00447451945198274 0.000146250801090413
1 1 1 0.999765744464731 0.964403806209455 0.590144897981367 0.0747863780562698 0.000761924766760706
1 1 1 0.999558180782334 0.995341831198556 0.956160299037601 0.583998634767676 0.0410471487509544
1 1 1 0.99797003594711 0.979108561055926 0.95628574981684 0.915994174167678 0.0981649823318234
1 1 1 0.993344096058798 0.929747723894794 0.847599106701818 0.819550498154716 0.129431256363803
1 1 1 0.997755463456333 0.970793550991595 0.888247980282159 0.806436389901687 0.174281944128985
1 1 1 0.990306169632828 0.897192602153113 0.775602656428618 0.694240689669175 0.172168274223105
1 1 1 0.993242697834902 0.921334715768123 0.771059643665289 0.655625146147158 0.162303745243254
1 1 1 0.982691220345348 0.808548562158895 0.564214020852902 0.442561675613145 0.106720539828952
1 1 1 0.966736962715683 0.60569540606195 0.112070716176313 0.0413507906780915 0.00954036938883387
1 1 1 0.965440317611375 0.577625546339069 0.0541138243149643 0.00296022981915266 0.000335510920195546
1 1 1 0.966396139199637 0.58901608750401 0.0681472118081263 0.00286413451729464 4.49931607069138e-05
1 1 1 0.976573300612012 0.714730997430638 0.245069906934189 0.0232354942941026 0.000566749670140688
1 1 1 0.965517572556345 0.585498008639141 0.0680672130170345 0.00731147778119408 0.000398605890300719
1 1 1 0.966340487604359 0.588357702032271 0.06824928015266 0.00351001587151773 9.10008095955862e-05
1 1 1 0.999666197878758 0.963053744863898 0.58395097102232 0.0676107177702562 0.0003833352507478
1 1 1 0.976694757810597 0.743551003744654 0.438898466634362 0.224479725204668 0.0123514453442237
1 1 1 0.969604170228782 0.63795793924259 0.1677355882409 0.0700310399308015 0.00509254930133793

# True vulnerable proportion of susceptible
0 0 0.05 0.498541626988194 0.921532818846098 0.93830417519334 0.925267412370229 0.483748065101239
0 0 0.05 0.499353718292348 0.934911328695568 0.945680653766206 0.913168790120416 0.534286534615345
0 0 0.05 0.497632892043846 0.903002991168228 0.891701876265798 0.850620451585643 0.487699750034147
0 0 0.05 0.499626345784653 0.938402387805556 0.936675429589253 0.877684117178012 0.493984969236323
0 0 0.05 0.499839491059292 0.946238577956712 0.981723736250921 0.930486020806955 0.571546070938136
0 0 0.05 0.499822503448801 0.946319495663029 0.989296454938775 0.974683102270866 0.663381158201498
0 0 0.05 0.489560564946503 0.733923032000136 0.524353564948969 0.490056657516621 0.344132496476068
0 0 0.05 0.494481718038637 0.82208083529255 0.582356642048708 0.378335770060514 0.264142723011028
0 0 0.05 0.499612574199491 0.932177637538742 0.851802175940258 0.571673279774849 0.274264157570784
0 0 0.05 0.490899778981874 0.763355814760568 0.584391276209498 0.474610755008227 0.223733763761837
0 0 0.05 0.499773601949136 0.928441285811913 0.796011413997144 0.578140376691602 0.244143149331299
0 0 0.05 0.499809389453217 0.94594477885509 0.970141368828739 0.789395781970423 0.366304264167642
0 0 0.05 0.491048859463717 0.766955981621852 0.602143552723711 0.56027200828221 0.274302290089323
0 0 0.05 0.49706331811812 0.876519936099479 0.706112035209504 0.516929596661057 0.262913339528535
0 0 0.05 0.499843084238635 0.941444316722412 0.916955555409752 0.701111989090006 0.327779185432538
0 0 0.05 0.49984284621704 0.946713641807273 0.985041907855853 0.910974567127164 0.472257008492497
0 0 0.05 0.496076591263034 0.872851038280692 0.838222825638345 0.819045274170272 0.437038102480502
0 0 0.05 0.498143230291225 0.906924118338914 0.849912678735262 0.769937044963286 0.447542332172149
0 0 0.05 0.499758990686633 0.941894323966633 0.945714853420016 0.841164788980418 0.508018901658157
0 0 0.05 0.499757424195226 0.944926975608296 0.982265811898382 0.936294243791543 0.598628692635079
0 0 0.05 0.497814079971547 0.907313983940777 0.909006865824141 0.892625379134275 0.566609873482737
0 0 0.05 0.493504970163342 0.816278855266298 0.689385299072709 0.63759059846302 0.404365049969488
0 0 0.05 0.491105375831559 0.757713658801879 0.51030892892821 0.381141891646731 0.22614924531606
0 0 0.05 0.484551357645587 0.603941666341547 0.170403407930741 0.0751273410940563 0.0365662827987647
0 0 0.05 0.485507729414252 0.617339673739054 0.165680467042879 0.0321628279932886 0.00966495436886103
0 0 0.05 0.489935484245758 0.71911972527573 0.332636865521209 0.073152489808959 0.00777766253783844
0 0 0.05 0.494906029435369 0.831390250853416 0.585045601947965 0.243162091300648 0.0353181991669845
0 0 0.05 0.483486126152548 0.583178131432918 0.130976910859698 0.0477030739314287 0.00759381714196611
0 0 0.05 0.483104105089982 0.558303936162931 0.0696992799460455 0.00638099971913258 0.000822768912001234
0 0 0.05 0.483947514210631 0.578218702803579 0.0964585921845583 0.0066655553793306 0.00014489914494029
0 0 0.05 0.4881106552033 0.676213344609592 0.248337706226962 0.0321171281394389 0.00133470817223161
0 0 0.05 0.482850911154457 0.558269426674262 0.0719439692904613 0.00878421306274052 0.000575232365375562
0 0 0.05 0.483356622236441 0.563595750025916 0.0752795990614156 0.00447451945198274 0.000146250801090413
0 0 0.05 0.499882872232366 0.916183615898982 0.590144897981367 0.0747863780562698 0.000761924766760706
0 0 0.05 0.499779090391167 0.945574739638628 0.956160299037601 0.583998634767676 0.0410471487509544
0 0 0.05 0.498985017973555 0.93015313300313 0.95628574981684 0.915994174167678 0.0981649823318234
0 0 0.05 0.496672048029399 0.883260337700054 0.847599106701818 0.819550498154716 0.129431256363803
0 0 0.05 0.498877731728167 0.922253873442016 0.888247980282159 0.806436389901687 0.174281944128985
0 0 0.05 0.495153084816414 0.852332972045457 0.775602656428618 0.694240689669175 0.172168274223105
0 0 0.05 0.496621348917451 0.875267979979717 0.771059643665289 0.655625146147158 0.162303745243254
0 0 0.05 0.491345610172674 0.768121134050951 0.564214020852902 0.442561675613145 0.106720539828952
0 0 0.05 0.483368481357841 0.575410635758852 0.112070716176313 0.0413507906780915 0.00954036938883387
0 0 0.05 0.482720158805688 0.548744269022116 0.0541138243149643 0.00296022981915266 0.000335510920195546
0 0 0.05 0.483198069599818 0.559565283128809 0.0681472118081263 0.00286413451729464 4.49931607069138e-05
0 0 0.05 0.488286650306006 0.678994447559106 0.245069906934189 0.0232354942941026 0.000566749670140688
0 0 0.05 0.482758786278172 0.556223108207184 0.0680672130170345 0.00731147778119408 0.000398605890300719
0 0 0.05 0.48317024380218 0.558939816930658 0.06824928015266 0.00351001587151773 9.10008095955862e-05
0 0 0.05 0.499833098939379 0.914901057620703 0.58395097102232 0.0676107177702562 0.0003833352507478
0 0 0.05 0.488347378905299 0.706373453557421 0.438898466634362 0.224479725204668 0.0123514453442237
0 0 0.05 0.484802085114391 0.606060042280461 0.1677355882409 0.0700310399308015 0.00509254930133793

# True survival by age
0.778267540515681 0.778267540515681 0.77786007128768 0.774206288411281 0.77077359404542 0.770653837797058 0.770767031147448 0.774600579004168
0.778267540515681 0.778267540515681 0.776706486688724 0.762677869106589 0.749087071756375 0.748771337829869 0.749803729922447 0.761834877963136
0.778267540515681 0.778267540515681 0.778043146196036 0.776036745116218 0.774241345473727 0.774323432966959 0.77452970809767 0.776351979738278
0.778267540515681 0.778267540515681 0.778186337620078 0.777456516892395 0.776750030525037 0.776780092728992 0.776907354714851 0.777735109066193
0.778267540515681 0.778267540515681 0.778174923376293 0.777341837619775 0.776516893626412 0.776458797314854 0.776581029257851 0.777437311141447
0.778267540515681 0.778267540515681 0.771340423384813 0.709021149292443 0.647164286618408 0.641213799691143 0.643246160264773 0.686540660301736
0.778267540515681 0.778267540515681 0.77460289015452 0.74239730799491 0.72459740015069 0.740089725813 0.742621737867746 0.753394771429509
0.778267540515681 0.778267540515681 0.778033896229796 0.775962769123351 0.774497852766195 0.775768959692022 0.776831118522046 0.777425622172917
0.778267540515681 0.778267540515681 0.772225527284343 0.717894638022408 0.665632951950153 0.675414565551868 0.709414792142619 0.745512380372587
0.778267540515681 0.778267540515681 0.778142067555567 0.77704535279815 0.776456695107354 0.777022654707926 0.777356684092777 0.778120027955081
0.778267540515681 0.778267540515681 0.778166112104558 0.777253957118492 0.776396235104599 0.776761552451466 0.777319696823089 0.778175334520024
0.778267540515681 0.778267540515681 0.772324182168512 0.718856817662989 0.66582804079618 0.662965506361237 0.684546603447275 0.73506390392852
0.778267540515681 0.778267540515681 0.776325416607039 0.75920353216828 0.748579813603348 0.755090946700854 0.756739668941256 0.767999932701642
0.778267540515681 0.778267540515681 0.778188751976932 0.777487414593184 0.776927590960979 0.777311583376183 0.777710571661015 0.778246295333519
0.778267540515681 0.778267540515681 0.778188592043157 0.777478470903965 0.776785831073332 0.776863978538126 0.777319885910365 0.778108443940552
0.778267540515681 0.778267540515681 0.775666137061919 0.752261849988111 0.729013702424262 0.727025688383045 0.730918764960761 0.753978335278127
0.778267540515681 0.778267540515681 0.77704824339791 0.766174429614278 0.757025549737119 0.757912953482591 0.758390842433766 0.767910149782481
0.778267540515681 0.778267540515681 0.778132251114361 0.776921650744982 0.775837774930411 0.776047889912854 0.776306933436466 0.777351179770706
0.778267540515681 0.778267540515681 0.778131198696337 0.776905036548055 0.775703698580926 0.77571767799207 0.776058519455596 0.777144601347666
0.778267540515681 0.778267540515681 0.77682778784997 0.763877257545285 0.751061165403933 0.749992600717116 0.751340868468159 0.761244023657562
0.778267540515681 0.778267540515681 0.773953164097298 0.735314725219488 0.700001619388342 0.699880106205915 0.7013023595092 0.729607277042839
0.778267540515681 0.778267540515681 0.772361588796424 0.719982136828339 0.681924529084694 0.697003647646869 0.703149206807679 0.730821949177216
0.778267540515681 0.778267540515681 0.768047684464409 0.677896501559841 0.623500981947566 0.67422298872743 0.700693236640225 0.732455936005175
0.778267540515681 0.778267540515681 0.768674170270138 0.685314404725257 0.662585065572215 0.746015057055017 0.764346234002462 0.771765406585473
0.778267540515681 0.778267540515681 0.771588007840096 0.71342370144906 0.695983454949089 0.75657907332934 0.774486979272395 0.777504481736135
0.778267540515681 0.778267540515681 0.774885479217002 0.745138437369551 0.72975499561074 0.756123441551244 0.77381365095708 0.778270545061483
0.778267540515681 0.778267540515681 0.767351089529871 0.670220624901183 0.596817498640791 0.65075637909683 0.725581777670568 0.771070962102344
0.778267540515681 0.778267540515681 0.767101579323551 0.670313405885222 0.648238552874412 0.749481278534225 0.768122332317069 0.777100888374794
0.778267540515681 0.778267540515681 0.767652653349353 0.675723648433647 0.659960736893898 0.7639666166052 0.777442708610262 0.778625672352707
0.778267540515681 0.778267540515681 0.770384443881379 0.701984559843721 0.687313146115489 0.76354149917719 0.777746324370085 0.778777860725774
0.778267540515681 0.778267540515681 0.766936299634912 0.667662232113329 0.625174493251661 0.722388871457547 0.771505118544979 0.778497593352102
0.778267540515681 0.778267540515681 0.767266488186031 0.672048466943031 0.65565639846434 0.762933232066008 0.776863387203617 0.778673913105961
0.778267540515681 0.778267540515681 0.77821548763485 0.777782088337152 0.777897696646161 0.778682270385625 0.778793738834656 0.77880055282874
0.778267540515681 0.778267540515681 0.778145754978437 0.777050095347623 0.776054963643503 0.777048670428706 0.778578745807431 0.77879852095235
0.778267540515681 0.778267540515681 0.777612618524501 0.77172144977191 0.76588447062365 0.765766709571209 0.770839899172294 0.778241241377051
0.778267540515681 0.778267540515681 0.776063856246438 0.756276514284975 0.737283404176252 0.736143813538716 0.73794109695031 0.774421944778236
0.778267540515681 0.778267540515681 0.777540643062398 0.771050496790324 0.76546420821774 0.766026454516193 0.766449180470318 0.776850099804946
0.778267540515681 0.778267540515681 0.775050111742172 0.746166666027582 0.718937391659344 0.721169639252861 0.726477723972336 0.767493053687223
0.778267540515681 0.778267540515681 0.776029977266649 0.756113982773967 0.740179383111525 0.743677998731149 0.747362435328039 0.771004227559825
0.778267540515681 0.778267540515681 0.772520633737911 0.721190411875182 0.67770781846269 0.689765463411508 0.703094843921491 0.760059345935568
0.778267540515681 0.778267540515681 0.767274234647691 0.670246518703134 0.609485819163905 0.654448374020062 0.681260473043125 0.755279644403261
0.778267540515681 0.778267540515681 0.766850975128807 0.667917120315182 0.647093537556215 0.753151769012672 0.769337052958592 0.776617330721595
0.778267540515681 0.778267540515681 0.767162935509917 0.671077635371912 0.656621001415483 0.766753674390044 0.778141760893526 0.778726089837821
0.778267540515681 0.778267540515681 0.770500357629346 0.703223703986184 0.691561776809439 0.768178206931861 0.778354330660853 0.778793769676975
0.778267540515681 0.778267540515681 0.766876180118868 0.667035048416977 0.623726248896077 0.722836508721886 0.773494715126996 0.778671359861411
0.778267540515681 0.778267540515681 0.767144765022527 0.670893576071026 0.654753675483049 0.763622560160107 0.777170405762634 0.778711898441217
0.778267540515681 0.778267540515681 0.77818204261446 0.777459288364551 0.777531282081571 0.778647686246569 0.778792909401762 0.778800578938332
0.778267540515681 0.778267540515681 0.770540362743871 0.701021734278395 0.636895179514156 0.688243536300991 0.768315929449654 0.778741336668157
0.778267540515681 0.778267540515681 0.768211828499957 0.680066355744485 0.636342529543345 0.690298012038996 0.733535011528487 0.776310145207929
0.778267540515681 0.778267540515681 0.769259563787665 0.690942030857555 0.669273101616589 0.748492173810963 0.766146679981981 0.777880596195541

# True Numbers-at-age
45.8925363852023 42.2213070465328 40.3091674787257 23.6622932480824 3.71589187602626 3.68791815126416 11.9856950240558 66.252946649675
30.5395242397144 35.7166714205378 32.8594727924625 31.3548918885486 18.3194962308972 2.86411133636894 2.84210827675316 60.5577494055007
180.47857456287 23.7679204185615 27.7971260218686 25.5221656670772 23.9136821316257 13.7228977876547 2.14456447702666 48.2660290148148
26.3207445616296 140.460616340821 18.4978009673263 21.6273633852624 19.8061383725955 18.5149614288209 10.6259613251915 39.1324560781447
127.887406227601 20.4845811345209 109.315938418887 14.3947359887888 16.8143346070722 15.3844185854967 14.3820534555532 38.6900725004207
130.751794636572 99.5306171076848 15.9424845780575 85.0669220029252 11.1896305255766 13.0566148774788 11.945367152283 41.2479358079497
43.0224505547512 101.759877629816 77.4614485824058 12.2970828042447 60.3142468052846 7.24152925660834 8.37208163669208 36.0021966393324
94.791250487075 33.4829767802037 79.1964096861337 60.0018619474873 9.12932117006178 43.7035464271563 5.35938140199009 33.341156522661
170.490777396222 73.7729533789817 26.0587139878728 61.6174911955138 46.5592109493292 7.07063964342582 33.903854746647 30.0836036026886
58.5228841035806 132.687438004764 57.415094982838 20.1232041496369 44.2348665376523 30.9913450246719 4.77561300293827 46.4795949999518
48.6812619608862 45.5464610751779 103.266326033295 44.6771007188449 15.6366422678838 34.3464582803404 24.0809771840399 39.8790584491778
67.7505828829658 37.8870460154985 35.4473322401719 80.3583554406507 34.7254533263036 12.1402301864624 26.6790082550468 49.7515175329341
102.686784940675 52.7280795088296 29.4862581198864 27.3768318824463 57.7661516646976 23.1211805540119 8.04855385291004 54.8335691884608
28.7908094029949 79.9177915592416 41.036552755452 22.8909316191035 20.7845874647304 43.242575045742 17.4585941133702 48.2028374246357
24.5806242165176 22.4069524235246 62.1974230802558 31.9341837742008 17.7974112421662 16.1481194680907 33.6129544780692 51.0914128585935
21.8785825564468 19.1303019533293 17.4386037531083 48.4013250955368 24.8281403703318 13.8247768826999 12.5448923358899 65.8826776981275
63.0483866196081 17.0273906361751 14.8884930505399 13.526534408927 36.4104703582445 18.1000545356849 10.0509679298869 58.8434088672139
139.284617638867 49.0685127879241 13.2518654318157 11.5690773717641 10.3636847854176 27.5636563391371 13.7182657913369 52.8090129525557
154.245125672872 108.400696801468 38.1884307642199 10.3117038799234 8.98826668926735 8.04053814399852 21.3907173402704 51.7007333697348
559.69495982261 120.043974593958 84.3647436898646 29.7156094068945 8.01121467970458 6.97223171469641 6.2371875788692 56.7793942531879
346.65081947821 435.592419820166 93.4263288609669 65.5368772131272 22.6990782200255 6.01691223364001 5.22912219650752 47.9092284744422
259.510474538758 269.787080693052 339.007441240714 72.30760283194 48.1902308597139 15.8893915126405 4.21111717311164 38.6221174670337
123.413809588093 201.968578757337 209.966527753887 261.836325930488 52.0601823958751 32.8621004854931 11.0749638431996 31.1869348686566
1130.70906435458 96.0489620537954 157.18558905092 161.264305456405 177.49792932956 32.4595748441975 22.1563836051903 30.6032078313193
1586.03028388598 879.994162554023 74.7517894666913 120.824502242139 110.516751497288 117.607477143759 24.2153315793756 40.553645502499
675.423921337059 1234.35588822333 684.870892559076 57.6775843170866 86.1990636153269 76.9178305368325 88.9793560740268 50.2851001359214
396.76440600998 525.66051406445 960.659121248617 530.696509782416 42.9777850492844 62.9041972902528 58.1593747421652 107.988852674708
2589.94808993207 308.788858429552 409.104515427148 737.162823356934 355.683746419248 25.6498941702355 40.9353076585975 125.466451041844
404.623692128497 2015.67253001472 240.320345388612 313.824719892561 494.130122816353 230.567917059763 19.2241154769757 128.943414558688
189.172729459294 314.905485707219 1568.73250241957 184.482550791401 212.058784694469 326.106479975353 176.146191493855 115.344301263269
182.77281498296 147.226994888923 245.080717856254 1208.52711647515 129.503902216149 145.750790469782 248.995830611777 226.824641170853
180.375325190929 142.246149189915 114.581991209716 187.961298864543 806.887912155281 80.9625364420933 105.288749041512 368.683995077808
82.7425656610584 140.38026070606 110.705560677862 87.9149220048419 126.319102746537 529.041222448142 61.7690096040282 368.879583361596
115.971232942514 64.3958530729891 109.253400236656 86.152781886812 68.3786516329238 98.2633390689409 411.955020223506 335.388941382881
160.150467454322 90.2566462327412 50.1172021905244 85.0150696111137 66.9450273796102 53.0655920069804 76.3553969754057 581.939834467454
137.546945635988 124.639910418112 70.2438180787494 38.9717688284955 65.6079527727485 51.2721568555185 40.6358637826337 511.747365688489
243.878068621877 107.048323085565 97.0031965311989 54.5136883356675 29.4734334851344 48.3716547613268 37.7436810759766 426.295264066899
1312.90149968001 189.802384652062 83.3122351241305 75.4239278099765 42.0328064730893 22.5608584261566 37.0539671959005 360.096131865362
2701.65849301198 1021.78862109531 147.717035087172 64.5711571424474 56.2788207526752 30.2189562498848 16.2702061324263 303.290161618927
880.509603271531 2102.61311066973 795.224917066754 114.632847380595 48.8231547992996 41.6564228269592 22.4731729076585 245.997737663914
321.11100446714 685.272043338572 1636.39553429696 614.327656896587 82.6721104168361 33.0878337294995 28.7331617953033 202.773651588395
3209.87404229931 249.910271679161 533.324987753265 1255.5641311586 411.75097337799 50.3874789394141 21.6542789841171 172.725578862727
549.271092748895 2498.14077626541 194.497052489346 408.980786919151 838.612778854483 266.441393955379 37.9494188993085 150.801117181297
93.4201984710389 427.479862430043 1944.22187780601 149.210929735753 274.457859398247 550.650762651252 204.294917824892 146.96279197296
733.469485684227 72.7059080985422 332.693701153411 1498.02365216033 104.928662683999 189.804564904767 422.9979154991 273.467540783883
1072.16829923453 570.835492666765 56.5846482768116 255.134874690136 999.234279348543 65.4467611775722 137.197669035239 540.127994008431
418.174308415707 834.433785264135 444.26273491682 43.4086167061969 171.168348461299 654.252317072115 49.9766233246048 527.230063729356
1265.91868074361 325.451490517538 649.412729780708 345.717282515057 33.7484322532894 133.088745430899 509.432052909659 449.528518747161
236.622515243194 985.223418155188 253.288331082247 500.398720375714 242.355328958719 21.4942138182801 91.597468797224 741.47120078235
151.102774227571 184.155622968955 766.76740650609 194.579091958395 340.304334185115 154.221003077901 14.8374130690999 642.801565876996

