# Simulated data from SIR age-structured hybrid model
# random seed = 4359320
# Flag=0 if no issues, =1 if negative pop #'s, =2 if NaN, or=3 if NA. Flag:
0

# True SSB
25897.3638656577
27533.6305344712
32959.7254580813
29426.6427306479
27917.3589560078
27628.578187929
27431.9412733142
24795.5900336937
22376.4434380654
19997.3724837605
19604.3835912621
19664.9239451052
17873.136023058
16232.913251095
16343.2655583296
19138.6953779392
26736.4354135994
36010.0848935089
36921.6444402807
36850.4805202975
37268.6567647304
35141.3932803542
32588.5713671715
27238.8925338673
24982.317761032
22285.564611372
19978.3988776661
20074.1651715715
21759.7819986309
26267.8118468281
23892.0109841719
23175.6024751962
21770.107540171
26229.232005416
29885.5679555439
29894.9479865139
26441.8785233053
24282.8315827856
23343.1326058277
22514.3072607908
21397.935079671
20605.5186860004
26733.0596906334
31795.5157912883
29764.1112062788
29088.7712781456
31716.7976525967
78112.4794925337
127066.47175304
140350.167826478

# True R (numbers)
34.1452559908852
91.7076314086842
89.8170749540153
94.347980558669
33.1150231632062
52.2813313045978
15.2047162784185
109.557082330885
51.2406915292104
26.4157072259288
33.3798802103311
71.699358387614
135.191751461331
230.394694766943
309.474992160675
149.09453866854
71.9281101073982
204.771016160505
83.5220006080112
57.063478040048
74.5011166327245
40.5988124851595
39.2278786348675
32.6754456169833
104.621363168037
91.2992526160087
205.07137077585
90.9990564880959
50.4124547572575
27.4865432822401
253.005290845022
223.636314369642
37.9721025929149
22.9130637464086
81.3179928394501
58.3179792755712
74.5235194698962
40.7445158912058
76.4608150953713
267.052898582989
165.721237510732
135.712392862796
37.9059895560478
47.7652473100574
1641.68387644855
1265.57751719457
646.559341887175
382.044014763543
115.213858525462
42.575422092923

# True infection rate given (selected) susceptible
-999 -999 0.0010149223620188 0.00101492236201793 0.00101492236201842 0.00101492236201863 0.00101492236201819 0.00101492236201817
-999 -999 0.0060279280594956 0.00602792805949561 0.00602792805949534 0.00602792805949529 0.00602792805949519 0.0060279280594957
-999 -999 0.64193807022753 0.641938070227529 0.64193807022753 0.64193807022753 0.641938070227529 0.641938070227529
-999 -999 0.023948742414613 0.0239487424146129 0.0239487424146126 0.0239487424146121 0.023948742414613 0.0239487424146127
-999 -999 0.0111142657412031 0.0111142657412034 0.0111142657412034 0.0111142657412033 0.0111142657412027 0.0111142657412031
-999 -999 0.00289966482743783 0.00289966482743683 0.00289966482743677 0.00289966482743729 0.00289966482743703 0.00289966482743654
-999 -999 0.263846398257745 0.263846398257745 0.263846398257744 0.263846398257745 0.263846398257745 0.263846398257745
-999 -999 0.00275756778739073 0.00275756778739005 0.0027575677873904 0.00275756778739028 0.00275756778739052 0.00275756778738956
-999 -999 0.00295831301706787 0.0029583130170677 0.00295831301706741 0.00295831301706881 0.00295831301706788 0.00295831301706755
-999 -999 0.023846203373023 0.0238462033730235 0.0238462033730233 0.0238462033730229 0.0238462033730223 0.0238462033730231
-999 -999 0.157668767930244 0.157668767930244 0.157668767930244 0.157668767930244 0.157668767930244 0.157668767930244
-999 -999 0.0912847211921999 0.0912847211922001 0.0912847211922009 0.0912847211922002 0.0912847211922003 0.0912847211922003
-999 -999 0.00339351157612098 0.00339351157612111 0.0033935115761205 0.00339351157612069 0.00339351157612063 0.00339351157612107
-999 -999 0.00231843821574679 0.00231843821574714 0.00231843821574727 0.00231843821574637 0.00231843821574595 0.00231843821574659
-999 -999 0.14083732560864 0.140837325608639 0.14083732560864 0.14083732560864 0.14083732560864 0.14083732560864
-999 -999 0.00942838464859537 0.00942838464859629 0.00942838464859613 0.00942838464859557 0.0094283846485958 0.00942838464859532
-999 -999 0.420111464492969 0.420111464492969 0.420111464492969 0.420111464492969 0.420111464492968 0.420111464492969
-999 -999 0.702693140182803 0.702693140182803 0.702693140182803 0.702693140182803 0.702693140182803 0.702693140182803
-999 -999 0.149720742099694 0.149720742099694 0.149720742099694 0.149720742099695 0.149720742099695 0.149720742099695
-999 -999 0.204684396448415 0.204684396448415 0.204684396448415 0.204684396448415 0.204684396448414 0.204684396448415
-999 -999 0.34854643265957 0.34854643265957 0.34854643265957 0.34854643265957 0.34854643265957 0.34854643265957
-999 -999 0.0166042282470433 0.0166042282470435 0.0166042282470442 0.0166042282470429 0.0166042282470439 0.0166042282470443
-999 -999 0.406870230352826 0.406870230352826 0.406870230352826 0.406870230352826 0.406870230352827 0.406870230352826
-999 -999 0.0023586961354876 0.00235869613548791 0.00235869613548719 0.00235869613548694 0.00235869613548789 0.00235869613548723
-999 -999 0.00312644546797212 0.00312644546797255 0.00312644546797299 0.00312644546797257 0.00312644546797295 0.00312644546797266
-999 -999 0.0192562880816784 0.0192562880816786 0.0192562880816781 0.0192562880816785 0.0192562880816782 0.0192562880816784
-999 -999 0.00354568849942564 0.0035456884994253 0.00354568849942558 0.00354568849942594 0.00354568849942549 0.00354568849942553
-999 -999 0.102803596647556 0.102803596647555 0.102803596647554 0.102803596647555 0.102803596647555 0.102803596647555
-999 -999 0.00372471197768953 0.00372471197768963 0.00372471197769008 0.0037247119776896 0.00372471197768973 0.00372471197768952
-999 -999 0.627566699553812 0.627566699553811 0.627566699553812 0.627566699553811 0.627566699553812 0.627566699553812
-999 -999 0.099424427758721 0.0994244277587216 0.0994244277587222 0.0994244277587212 0.0994244277587226 0.0994244277587219
-999 -999 0.00279192455302758 0.00279192455302778 0.00279192455302786 0.0027919245530282 0.0027919245530282 0.00279192455302692
-999 -999 0.00211112733707218 0.00211112733707249 0.00211112733707072 0.00211112733707145 0.0021111273370723 0.00211112733707181
-999 -999 0.608509027354886 0.608509027354886 0.608509027354886 0.608509027354886 0.608509027354885 0.608509027354886
-999 -999 0.558673385875473 0.558673385875473 0.558673385875473 0.558673385875472 0.558673385875473 0.558673385875473
-999 -999 0.0264110381948017 0.026411038194803 0.0264110381948026 0.0264110381948027 0.0264110381948019 0.0264110381948031
-999 -999 0.00561435844133843 0.00561435844133944 0.00561435844133874 0.00561435844133823 0.00561435844133841 0.00561435844133822
-999 -999 0.00644305283780664 0.00644305283780703 0.00644305283780691 0.00644305283780667 0.00644305283780689 0.0064430528378065
-999 -999 0.0121796811453022 0.0121796811453036 0.012179681145304 0.0121796811453036 0.0121796811453039 0.0121796811453037
-999 -999 0.0115481352024644 0.011548135202465 0.0115481352024647 0.011548135202465 0.0115481352024645 0.0115481352024643
-999 -999 0.206023674100711 0.20602367410071 0.206023674100711 0.206023674100711 0.206023674100712 0.206023674100711
-999 -999 0.00516937122492053 0.00516937122492078 0.00516937122492015 0.00516937122492122 0.0051693712249203 0.00516937122492033
-999 -999 0.526637376577862 0.526637376577862 0.526637376577862 0.526637376577862 0.526637376577862 0.526637376577862
-999 -999 0.679881674185068 0.679881674185068 0.679881674185069 0.679881674185069 0.679881674185069 0.679881674185069
-999 -999 0.002467821072527 0.00246782107252631 0.0024678210725262 0.00246782107252599 0.00246782107252698 0.00246782107252702
-999 -999 0.00320337910722627 0.0032033791072256 0.00320337910722624 0.00320337910722603 0.00320337910722556 0.00320337910722562
-999 -999 0.0519555041326349 0.0519555041326351 0.0519555041326349 0.0519555041326348 0.0519555041326344 0.0519555041326347
-999 -999 0.964473950686345 0.964473950686345 0.964473950686345 0.964473950686345 0.964473950686345 0.964473950686345
-999 -999 0.937903379980553 0.937903379980552 0.937903379980553 0.937903379980552 0.937903379980553 0.937903379980553
-999 -999 0.769838486660123 0.769838486660123 0.769838486660123 0.769838486660123 0.769838486660123 0.769838486660123

# Duration of outbreak (days) based on incidence
0
0
0
0
0
0
0
0
0
0
0
0
0
0
0
0
0
0
0
0
0
0
0
0
0
0
0
0
0
0
0
0
0
0
0
0
0
0
0
0
0
0
0
0
0
0
0
3
2
0

# Duration of outbreak (days) based on prevalence
0
0
19
0
0
0
0
0
0
0
0
0
0
0
0
0
0
22
0
0
0
0
0
0
0
0
0
0
0
26
0
0
0
20
0
0
0
0
0
0
0
0
0
23
0
0
0
28
19
7

# Peak (point) prevalence
1.95247412628716e-05
0.000279620517949254
0.129629579250761
0.00159964361089572
0.000817633605248756
9.42665168105497e-05
0.0304906020728881
8.69642846513144e-05
9.46417792118158e-05
0.00236682890712381
0.0185177995994763
0.012388906190968
0.000129179482178471
0.000114236052809587
0.0310932111608955
0.000697989382638595
0.0583931545960369
0.171641848069369
0.00836168486932985
0.0191653871120425
0.0452876442095453
0.000777257866183981
0.056094447327676
9.83603570984156e-05
9.68369228466708e-05
0.00216549382064509
0.000140463403659003
0.0162974630499456
0.000132937699146142
0.147508184707259
0.0125036474940489
9.33580315970906e-05
8.55724240472837e-05
0.128519507258801
0.0847662199639459
0.00146645882157934
0.000227470884043927
0.000388447165355821
0.000553518057259816
0.000642195731343502
0.0403872328947384
0.000309717865185666
0.0910070733004491
0.140715615030027
6.3972599592627e-05
9.8576150386973e-05
0.00515059683444834
0.658000992114761
0.409276169174931
0.123420374967281

# Day of peak prevalence
36
113
61
119
119
67
103
57
55
119
115
119
72
81
119
119
72
47
104
111
105
119
98
82
57
119
69
119
71
69
119
71
72
64
59
119
109
119
106
119
119
114
64
59
63
83
119
14
13
24

# Total immunity
0.208090759719968
0.167278764768615
0.134841274071377
0.231946815637094
0.214847712207879
0.183157042240889
0.173744699577902
0.185755681633552
0.154309794860726
0.139204961771281
0.124935833675293
0.130637518393154
0.0927511279795613
0.0491931107254237
0.027226169084453
0.0313057173964255
0.0285789164418541
0.0897385014094357
0.201308560848169
0.206500849873254
0.213996326833361
0.261739476028028
0.235251024265672
0.314212893967519
0.211392021807723
0.15510904943084
0.0891921574443154
0.0718499805654638
0.0777592584054808
0.0722834746420445
0.120510345373727
0.0847307265885647
0.0787182767728216
0.0746990444485816
0.173653056987429
0.294417370635944
0.233927196434355
0.203553093522497
0.154822962324042
0.0754189874965681
0.0545809181070397
0.0643251033164078
0.0598963962359271
0.176047962704298
0.0518976128989981
0.0282145771678569
0.0217843077837771
0.0206813435149166
0.14848574371782
0.369750259160558

# Observed immunity (based on survey selectivity)
0.622422599181206
0.441395382421889
0.284335183502836
0.510141873327817
0.435080257748812
0.346113741638682
0.273068744564979
0.377322907180845
0.330296098086697
0.290010573894543
0.235237486433437
0.262369892457759
0.273269170622681
0.236800637140201
0.180411697627365
0.167850641959064
0.095778186920149
0.238762539850556
0.463223909542929
0.433508759970051
0.406385574370681
0.440967142459207
0.383960257747272
0.506486752005677
0.434659312482591
0.38230921823985
0.337536160563653
0.257213716886837
0.222196610406563
0.143274386317088
0.369493617417794
0.344162165429649
0.288324578937585
0.179220510733774
0.320051890640022
0.515938383717007
0.479801358216219
0.408043266609804
0.331194994892287
0.272032792809085
0.229126988346901
0.276607664767495
0.162297886807827
0.334605432047729
0.513791436341628
0.425812384932272
0.289555546925605
0.0931723011910707
0.313949680037811
0.564298668067421

# True total proportion of susceptible
1 1 1 0.999955181819559 0.976858320665879 0.73677906394906 0.40274460704562 0.123380151233821
1 1 1 0.999955566292006 0.999510948849222 0.976029616789332 0.736092027416525 0.211786169635904
1 1 1 0.999803242175062 0.997986492734581 0.995767495713923 0.972126655839129 0.254452393753163
1 1 1 0.979252121998152 0.764792260388846 0.483747210351834 0.445998519041098 0.105659849363628
1 1 1 0.99895764531682 0.968974620936881 0.748826310418366 0.472516170513281 0.149119626750194
1 1 1 0.999526618737086 0.994223836111334 0.960181298411592 0.74130098239451 0.251633513075619
1 1 1 0.999887221780099 0.998398980140828 0.992088842701694 0.957985817374276 0.44937784919509
1 1 1 0.988794845179416 0.884937211028606 0.774442665195726 0.756853789672854 0.363312521403189
1 1 1 0.999894972318943 0.987748201269577 0.883092644876821 0.772680310886092 0.44720201713923
1 1 1 0.999885403739937 0.998748995837696 0.985587802238881 0.880986568675246 0.515572425313712
1 1 1 0.999091687032054 0.99077661397123 0.981404320665382 0.967474234713865 0.586589950563469
1 1 1 0.99313708265466 0.929570674808502 0.857751674873033 0.842240426313779 0.528638565854424
1 1 1 0.996530678568163 0.958158108765829 0.865090625750994 0.793409286121985 0.531513215611477
1 1 1 0.999860330076797 0.995136296511873 0.955585232399687 0.862586129745281 0.544628830585448
1 1 1 0.999915804643301 0.999018373338124 0.993540716302361 0.953944621732441 0.65382015548731
1 1 1 0.994895804622509 0.947750235059501 0.897720249915241 0.886981967613635 0.621825046521774
1 1 1 0.999635042887687 0.991253165245322 0.941040541391408 0.890912583163434 0.644171025998508
1 1 1 0.981619074640498 0.809556323604242 0.619974883958604 0.566276190153105 0.400859287086978
1 1 1 0.976138765489986 0.715054484955441 0.314020588645456 0.20314839940154 0.139698197822308
1 1 1 0.993256898778801 0.909340472135886 0.617327556641765 0.2661866926282 0.139598583467547
1 1 1 0.991379024403341 0.905706479990945 0.750984567410226 0.497001546397708 0.156789274314372
1 1 1 0.989547454872209 0.878826460349043 0.682892913543615 0.538872745152169 0.209736890575487
1 1 1 0.999291431970745 0.982506690691326 0.866628160247004 0.672475072090941 0.281113265506281
1 1 1 0.986838640206774 0.856732908773631 0.689718712916279 0.578346223326206 0.199508283784522
1 1 1 0.9999141636497 0.985982250153876 0.855244311199222 0.688374791587682 0.318053539785589
1 1 1 0.999860178040689 0.998516152859018 0.983356821555262 0.852795701450689 0.372347376872102
1 1 1 0.999373910802229 0.993579267938007 0.986549769155619 0.970830855502088 0.425538802026642
1 1 1 0.99984786113139 0.99785307032607 0.990703036656086 0.983539237076757 0.525051432813026
1 1 1 0.996031730908331 0.9596325993933 0.920497473497776 0.909533732356668 0.524092019199051
1 1 1 0.999851003427959 0.994544365328713 0.956880458601289 0.917687055529702 0.570255638244975
1 1 1 0.982753780896025 0.798322281230748 0.535242188650676 0.472870803392932 0.26122497477701
1 1 1 0.996526071064988 0.947740528458652 0.738491284599474 0.488115056555271 0.293621420236014
1 1 1 0.999883065988487 0.995358661352524 0.945606176308001 0.736652666968131 0.341927684751169
1 1 1 0.999919568995428 0.999078806590168 0.993834906185065 0.944054476466945 0.524644564509409
1 1 1 0.981154396068025 0.785945960075189 0.529092414329908 0.492085427968289 0.273484820555858
1 1 1 0.976467514622905 0.737094261631013 0.384985766378368 0.236098219282967 0.13155412855636
1 1 1 0.999073834501261 0.967272520864744 0.722299622790718 0.375598565563608 0.136716304469054
1 1 1 0.999790844012937 0.996982141621398 0.963372726414852 0.71893352399859 0.262097195358002
1 1 1 0.99978658673169 0.997655073365174 0.99292563385698 0.959165425608046 0.448173553212198
1 1 1 0.999463783363019 0.994421920636426 0.987473486113375 0.982248679873007 0.487144584661926
1 1 1 0.999534093764391 0.994801763692084 0.985586954566441 0.978218384974934 0.513356337092239
1 1 1 0.992096804571363 0.9182688173724 0.836364497047889 0.819317119536168 0.502038564935699
1 1 1 0.999804913948179 0.990151972980616 0.914751498030067 0.832890436719174 0.553248396019105
1 1 1 0.978497786211917 0.772342156578281 0.535114089212187 0.464378513525432 0.299524007371062
1 1 1 0.97929904413512 0.741328291026111 0.326079969078584 0.187606210036891 0.104696443993993
1 1 1 0.999902735069305 0.978333218905161 0.73983697602671 0.325307216379518 0.123654398035517
1 1 1 0.999874466324841 0.998647356755966 0.975981753584973 0.737817278396039 0.225323181574014
1 1 1 0.997659100672819 0.976385154361628 0.953904926720118 0.929754677432023 0.368378439917163
1 1 1 0.967437563923862 0.614541739631834 0.10872025172274 0.039867783203152 0.0181645491209329
1 1 1 0.966670292885619 0.593031199676554 0.075873312124692 0.00623094669608167 0.0011083031360557

# True vulnerable proportion of susceptible
0 0 0.05 0.49997759090978 0.928015404632585 0.73677906394906 0.40274460704562 0.123380151233821
0 0 0.05 0.499977783146003 0.949535401406761 0.976029616789332 0.736092027416525 0.211786169635904
0 0 0.05 0.499901621087531 0.948087168097852 0.995767495713923 0.972126655839129 0.254452393753163
0 0 0.05 0.489626060999076 0.726552647369404 0.483747210351834 0.445998519041098 0.105659849363628
0 0 0.05 0.49947882265841 0.920525889890037 0.748826310418366 0.472516170513281 0.149119626750194
0 0 0.05 0.499763309368543 0.944512644305767 0.960181298411592 0.74130098239451 0.251633513075619
0 0 0.05 0.499943610890049 0.948479031133787 0.992088842701694 0.957985817374276 0.44937784919509
0 0 0.05 0.494397422589708 0.840690350477176 0.774442665195726 0.756853789672854 0.363312521403189
0 0 0.05 0.499947486159471 0.938360791206098 0.883092644876821 0.772680310886092 0.44720201713923
0 0 0.05 0.499942701869969 0.948811546045811 0.985587802238881 0.880986568675246 0.515572425313712
0 0 0.05 0.499545843516027 0.941237783272668 0.981404320665382 0.967474234713865 0.586589950563469
0 0 0.05 0.49656854132733 0.883092141068077 0.857751674873033 0.842240426313779 0.528638565854424
0 0 0.05 0.498265339284081 0.910250203327537 0.865090625750994 0.793409286121985 0.531513215611477
0 0 0.05 0.499930165038398 0.945379481686279 0.955585232399687 0.862586129745281 0.544628830585448
0 0 0.05 0.49995790232165 0.949067454671218 0.993540716302361 0.953944621732441 0.65382015548731
0 0 0.05 0.497447902311254 0.900362723306526 0.897720249915241 0.886981967613635 0.621825046521774
0 0 0.05 0.499817521443844 0.941690506983055 0.941040541391408 0.890912583163434 0.644171025998508
0 0 0.05 0.490809537320249 0.76907850742403 0.619974883958604 0.566276190153105 0.400859287086978
0 0 0.05 0.488069382744993 0.679301760707669 0.314020588645456 0.20314839940154 0.139698197822308
0 0 0.05 0.496628449389401 0.863873448529092 0.617327556641765 0.2661866926282 0.139598583467547
0 0 0.05 0.495689512201671 0.860421155991397 0.750984567410226 0.497001546397708 0.156789274314372
0 0 0.05 0.494773727436105 0.834885137331591 0.682892913543615 0.538872745152169 0.209736890575487
0 0 0.05 0.499645715985372 0.93338135615676 0.866628160247004 0.672475072090941 0.281113265506281
0 0 0.05 0.493419320103387 0.813896263334949 0.689718712916279 0.578346223326206 0.199508283784522
0 0 0.05 0.49995708182485 0.936683137646182 0.855244311199222 0.688374791587682 0.318053539785589
0 0 0.05 0.499930089020345 0.948590345216067 0.983356821555262 0.852795701450689 0.372347376872102
0 0 0.05 0.499686955401114 0.943900304541107 0.986549769155619 0.970830855502088 0.425538802026642
0 0 0.05 0.499923930565695 0.947960416809767 0.990703036656086 0.983539237076757 0.525051432813026
0 0 0.05 0.498015865454165 0.911650969423635 0.920497473497776 0.909533732356668 0.524092019199051
0 0 0.05 0.49992550171398 0.944817147062277 0.956880458601289 0.917687055529702 0.570255638244975
0 0 0.05 0.491376890448013 0.758406167169211 0.535242188650676 0.472870803392932 0.26122497477701
0 0 0.05 0.498263035532494 0.900353502035719 0.738491284599474 0.488115056555271 0.293621420236014
0 0 0.05 0.499941532994243 0.945590728284898 0.945606176308001 0.736652666968131 0.341927684751169
0 0 0.05 0.499959784497714 0.94912486626066 0.993834906185065 0.944054476466945 0.524644564509409
0 0 0.05 0.490577198034012 0.746648662071429 0.529092414329908 0.492085427968289 0.273484820555858
0 0 0.05 0.488233757311452 0.700239548549463 0.384985766378368 0.236098219282967 0.13155412855636
0 0 0.05 0.499536917250631 0.918908894821507 0.722299622790718 0.375598565563608 0.136716304469054
0 0 0.05 0.499895422006469 0.947133034540328 0.963372726414852 0.71893352399859 0.262097195358002
0 0 0.05 0.499893293365845 0.947772319696915 0.99292563385698 0.959165425608046 0.448173553212198
0 0 0.05 0.49973189168151 0.944700824604605 0.987473486113375 0.982248679873007 0.487144584661926
0 0 0.05 0.499767046882195 0.94506167550748 0.985586954566441 0.978218384974934 0.513356337092239
0 0 0.05 0.496048402285681 0.87235537650378 0.836364497047889 0.819317119536168 0.502038564935699
0 0 0.05 0.499902456974089 0.940644374331585 0.914751498030067 0.832890436719174 0.553248396019105
0 0 0.05 0.489248893105959 0.733725048749367 0.535114089212187 0.464378513525432 0.299524007371062
0 0 0.05 0.48964952206756 0.704261876474805 0.326079969078584 0.187606210036891 0.104696443993993
0 0 0.05 0.499951367534652 0.929416557959903 0.73983697602671 0.325307216379518 0.123654398035517
0 0 0.05 0.499937233162421 0.948714988918168 0.975981753584973 0.737817278396039 0.225323181574014
0 0 0.05 0.498829550336409 0.927565896643547 0.953904926720118 0.929754677432023 0.368378439917163
0 0 0.05 0.483718781961931 0.583814652650242 0.10872025172274 0.039867783203152 0.0181645491209329
0 0 0.05 0.483335146442809 0.563379639692727 0.075873312124692 0.00623094669608167 0.0011083031360557

# True survival by age
0.778267540515681 0.778267540515681 0.778287651667931 0.778468666923694 0.77865314982578 0.77870425063894 0.778748015670044 0.778784617864356
0.778267540515681 0.778267540515681 0.778201037200895 0.777602560611654 0.777004856264564 0.776982138447173 0.777429216281243 0.778406160026905
0.778267540515681 0.778267540515681 0.768259451867443 0.678206450650492 0.588497805711843 0.578955210064312 0.583699808789901 0.727733455957888
0.778267540515681 0.778267540515681 0.778117919626754 0.776813438437405 0.776218814232848 0.777095254720058 0.777228343783681 0.778428262331576
0.778267540515681 0.778267540515681 0.778205528536087 0.777648622932394 0.77714241191412 0.777472752978227 0.777962784078548 0.778536322075504
0.778267540515681 0.778267540515681 0.77826406428767 0.778233047118426 0.778204953785873 0.778222017359393 0.778353951216211 0.778649106664455
0.778267540515681 0.778267540515681 0.776085884252978 0.756453498459895 0.736883289881293 0.73498382234466 0.736490029104697 0.758953395698283
0.778267540515681 0.778267540515681 0.778263961830776 0.778238129729209 0.778268725574 0.77833238755984 0.778343025597642 0.77858104575324
0.778267540515681 0.778267540515681 0.778263268868893 0.778224884539444 0.778193906778959 0.778254435295314 0.778322744700311 0.778524110143659
0.778267540515681 0.778267540515681 0.778018326370388 0.77577574576045 0.773539062434513 0.773362777277939 0.773939917247438 0.775956099087451
0.778267540515681 0.778267540515681 0.777098954218848 0.766592776319361 0.756274107305751 0.755340343707621 0.755673341973388 0.764778368785241
0.778267540515681 0.778267540515681 0.777206921050521 0.767737794900914 0.759572602142121 0.76014843092325 0.760485732824091 0.767305203431909
0.778267540515681 0.778267540515681 0.778264847079512 0.77824254958778 0.778240818376297 0.778292878607586 0.778334963530583 0.778488725667529
0.778267540515681 0.778267540515681 0.778265357937108 0.778245792256302 0.778228866749355 0.778249511562808 0.778303162198963 0.778486589897542
0.778267540515681 0.778267540515681 0.776405542279974 0.759649170771222 0.742924825437509 0.741271563663481 0.742767235150746 0.754103898820976
0.778267540515681 0.778267540515681 0.778190734288808 0.777506120361029 0.776912333042002 0.77694307032736 0.776965291775392 0.777513998782424
0.778267540515681 0.778267540515681 0.775400462901238 0.74960742258559 0.724274209254119 0.724338254797951 0.727239400096373 0.741519517096923
0.778267540515681 0.778267540515681 0.768450071115345 0.681907189726608 0.627360998926579 0.656738497034992 0.667310837129184 0.699878552144334
0.778267540515681 0.778267540515681 0.777354110620749 0.769363921041356 0.766009594872168 0.772896618064309 0.774981219277297 0.776174199844187
0.778267540515681 0.778267540515681 0.776513543504944 0.760849439910699 0.748011255106533 0.756815783967487 0.769321027735773 0.773829233203876
0.778267540515681 0.778267540515681 0.771940920994357 0.715551358698533 0.669446676192181 0.683376453653566 0.715648966985249 0.758878254685827
0.778267540515681 0.778267540515681 0.778163935027564 0.777247888786796 0.776602181760163 0.777021606436123 0.777396829715686 0.77825434457736
0.778267540515681 0.778267540515681 0.771660278513717 0.712242115280829 0.654934965335134 0.663817873795743 0.68957781092342 0.741503101566705
0.778267540515681 0.778267540515681 0.778265092416527 0.77825039992441 0.77830408665048 0.778399225706244 0.77846406727518 0.778684628443053
0.778267540515681 0.778267540515681 0.778276082879149 0.778353002589502 0.778435045132755 0.778490846564335 0.778551319291679 0.778685521967772
0.778267540515681 0.778267540515681 0.777988162754695 0.775474228096306 0.772968030831347 0.772781854825575 0.773580993039068 0.776521720075355
0.778267540515681 0.778267540515681 0.778268467274967 0.77827713616361 0.778288459690711 0.778292998634354 0.77830108927506 0.778581755113781
0.778267540515681 0.778267540515681 0.777115955012754 0.76675351862249 0.756435535883021 0.755454912957807 0.755623727555431 0.766427970937117
0.778267540515681 0.778267540515681 0.7782585828953 0.77818043582431 0.778125741665477 0.778145025307525 0.778152835821493 0.778427422556603
0.778267540515681 0.778267540515681 0.765989352185542 0.655504030745326 0.546257592308752 0.543315364087412 0.552960743362073 0.638462576043542
0.778267540515681 0.778267540515681 0.776868460283551 0.76452722305461 0.757153662129636 0.763538433847937 0.765316944368108 0.771351992831251
0.778267540515681 0.778267540515681 0.778271637867477 0.778310224141294 0.778369188790617 0.778467505263249 0.77858049893323 0.778668273039931
0.778267540515681 0.778267540515681 0.778270932712706 0.778301520873491 0.778334168076073 0.778360699266407 0.778457945940298 0.778641650400413
0.778267540515681 0.778267540515681 0.76808721328255 0.676472499213072 0.585019997262513 0.575919536792632 0.586081703122925 0.671699953307195
0.778267540515681 0.778267540515681 0.773906484168908 0.735488893732317 0.713258145508267 0.732370611849312 0.735618136604244 0.754801295078113
0.778267540515681 0.778267540515681 0.777927459740372 0.774959310743957 0.773644972872069 0.775976967119163 0.777069036144293 0.777835852210983
0.778267540515681 0.778267540515681 0.778227672307847 0.777869721553784 0.777552287184312 0.777839686344951 0.778301009098894 0.778618867438979
0.778267540515681 0.778267540515681 0.778196641869124 0.777558813869752 0.776926140761035 0.776921035288009 0.777397988845357 0.778289374964757
0.778267540515681 0.778267540515681 0.778213523050891 0.777727594949261 0.777244865772202 0.777198606359457 0.777253081556393 0.778077613877877
0.778267540515681 0.778267540515681 0.778183785152763 0.777430721930224 0.776688039776709 0.77662009618194 0.77663163438183 0.777724997418436
0.778267540515681 0.778267540515681 0.775873632151959 0.754339858687838 0.733022491451893 0.731087129090634 0.731443851932991 0.753948479047523
0.778267540515681 0.778267540515681 0.778234810727791 0.77794704365601 0.777740082931635 0.777807317277741 0.777827566805895 0.778204442429107
0.778267540515681 0.778267540515681 0.773554308962207 0.731144523866479 0.689603296988834 0.69208428616269 0.699844540707663 0.72635401154224
0.778267540515681 0.778267540515681 0.76670312131427 0.665121420537044 0.608686856519672 0.654749764502251 0.671147800715305 0.709364640481702
0.778267540515681 0.778267540515681 0.778269624397138 0.778298986577485 0.778434827244177 0.778640493595343 0.77870856243854 0.778749317971596
0.778267540515681 0.778267540515681 0.778261380957759 0.778206002793353 0.77816459826296 0.778315129137357 0.77858724044711 0.778719612155626
0.778267540515681 0.778267540515681 0.77796322824803 0.775224866793447 0.772494149609988 0.772340283654405 0.773916810518207 0.777309258995415
0.778267540515681 0.778267540515681 0.765390146554669 0.649796296001297 0.539387503438765 0.532615929515866 0.538848652943307 0.683729262059504
0.778267540515681 0.778267540515681 0.767082666994876 0.67007823627468 0.647875222273858 0.754422363513136 0.769861201619153 0.774727733271202
0.778267540515681 0.778267540515681 0.773223343082762 0.729524555235356 0.721648590952924 0.771105924867604 0.778168857958879 0.778688382080328

# True Numbers-at-age
34.1452559908852 178.263574915566 97.6478390358057 28.4816554994434 7.70096588921627 11.2919980294343 38.9746252138373 83.8851035031738
91.7076314086842 26.5741444003045 138.73675401307 75.9981073336254 22.1720763884316 5.99638134633914 8.793126863727 95.6798403229906
89.8170749540153 71.3730727429552 20.6817940037335 107.965085870857 59.0963228642665 17.2278110272803 4.65908120142332 81.3138108241354
94.347980558669 69.901714020774 55.5473457827065 15.8889837249437 73.2226176826492 34.7780563312594 9.97413095224731 61.8942853745614
33.1150231632062 73.4279707820166 54.4022350487783 43.2223851412275 12.3427760806495 56.8367734726511 27.0258625434086 55.9324382930713
52.2813313045978 25.7723476313483 57.1466062255773 42.3361200796789 33.6118282849292 9.59209477303185 44.1890427421819 64.5705500597971
15.2047162784185 40.6888631293148 20.0577816043645 44.4751500213649 32.9473677327801 26.156891277132 7.46477934497134 84.6725171397328
109.557082330885 11.8333371422435 31.666821434031 15.5665611725764 33.6433828281901 24.2783647278598 19.2248919315202 69.7602299625593
51.2406915292104 85.2647210117314 9.20950219378668 24.6451459078367 12.1144914532612 26.1835926776937 18.8966375846837 69.277553349003
26.4157072259288 39.8789669707612 66.3587647145559 7.16741728199166 19.179465828584 9.42742343265361 20.3774971333811 68.6419284044805
33.3798802103311 20.5584874937059 31.0365055426404 51.6283350632252 5.56030848711342 14.8360660150376 7.29081836845211 69.0340814436996
71.699358387614 25.9784772740025 16.0000034984488 24.1184359997933 39.577908712864 4.20511733743629 11.2062792030675 58.3052492793093
135.191751461331 55.8012833088807 20.2182056143804 12.435313455827 18.5166348709402 30.0622951083734 3.19651334590035 53.2601366113847
230.394694766943 105.215351907817 43.4283275184213 15.7351187006979 9.67769004878603 14.4104010755356 23.3972701974467 43.9503739779817
309.474992160675 179.30871244413 81.8856931537888 33.7987628607341 12.2457899194716 7.53145775941826 11.2148875984597 52.4249461443369
149.09453866854 240.854340999998 139.550150626926 63.576505998039 25.6752021802498 9.09770133826784 5.58285546998943 47.8639073369585
71.9281101073982 116.035439913885 187.449115592593 108.596634186482 49.431122524645 19.947381227183 7.06839601067515 41.5525429200902
204.771016160505 55.9793133472258 90.3066164344342 145.348131000925 81.4048430539987 35.8016871790807 14.4486513058871 35.9524376347014
83.5220006080112 159.366635116133 43.5668825185021 69.3961258212271 99.1139355428554 51.070223655818 23.5123462293064 34.8040815961535
57.063478040048 65.0024619921461 124.029879152093 33.8668952126888 53.3908754668986 75.9222256113688 39.4720031473696 45.2356569330641
74.5011166327245 44.4106527074987 50.5893062220915 96.3108809608815 25.7676082540886 39.9369757692314 57.4591386966245 65.3713157461106
40.5988124851595 57.9818008074224 34.563369455361 39.0519556375469 68.9153817290115 17.2500396991218 27.2919888708258 90.729443252026
39.2278786348675 31.5967379406824 45.1253535090627 26.8959675831953 30.3530500722789 53.5198358075848 13.4036535580985 91.82728901679
32.6754456169833 30.5297846248059 24.5907155254134 34.8214428568333 19.1564408439796 19.8792737969036 35.5274236116882 77.3330816933815
104.621363168037 25.4302386955834 23.7603403924212 19.1380954909743 27.0998018292755 14.9095361945475 15.4740113311122 87.8749046693301
91.2992526160087 81.4234109981861 19.7915293243384 18.4921046484888 14.8961940892445 21.0954354600608 11.6069374539749 80.4742279468773
205.07137077585 71.0552447843809 63.3691978179557 15.3975755371477 14.3401505781629 11.5142818120449 16.302169743179 71.4688921088336
90.9990564880959 159.6003913639 55.2999905990798 49.3182484582246 11.9835809929142 11.1607737052113 8.9614849186174 68.3323719227963
50.4124547572575 70.8216118822379 124.211804052123 42.9745050066002 37.8149405376419 9.06480651017264 8.43146132801216 59.1433518007466
27.4865432822401 39.2343771752888 55.1181616949454 96.6689026004736 33.4419190353701 29.4247786518885 7.0537340912661 52.5997724461255
253.005290845022 21.3918844375468 30.5348422278766 42.2199249703692 63.3668553023377 18.2679021744455 15.9869343264423 37.4834242618423
223.636314369642 196.90580544341 16.6486092882052 23.7215558665717 32.2782819951703 47.9784465498038 13.9482454159635 41.1479857310378
37.9721025929149 174.048884354453 153.245396915702 12.9571404189472 18.4627294634916 25.1244201721355 37.3496615920319 42.9004628634629
22.9130637464086 29.552454893197 135.456597156038 119.266437991512 10.084562094238 14.3701731773804 19.5558612538464 62.4792280514467
81.3179928394501 17.8324937675964 22.999716385929 104.042480230318 80.680465380359 5.89967048876473 8.27606347994679 53.4286270345163
58.3179792755712 63.2871542868305 13.8784510657685 17.7996296451163 76.5220886857632 57.5459991159389 4.32074528556596 46.4160192754353
74.5235194698962 45.3869902986432 49.254337913048 10.7964281827243 13.793988721277 59.2009292254113 44.6543698638283 39.4615612838293
40.7445158912058 57.9992362084086 35.3232213111341 38.3310887451355 8.39821458427121 10.7255474796236 46.0488322200236 65.4800572798818
76.4608150953713 31.7101341721508 45.1389229157061 27.4884122043244 29.8046758990037 6.52479244624087 8.33290345189985 86.7607024095394
267.052898582989 59.5069705100989 24.678968131582 35.1277202289543 21.3784967126432 23.1655313185051 5.07105959600312 73.983335195484
165.721237510732 207.838602567767 46.3123435824338 19.2047728342989 27.3093688973589 16.6044227051156 17.9908171606832 61.4770344760066
135.712392862796 128.975459928692 161.754038044632 35.9325262287724 14.4869256259571 20.0183816291208 12.1392797256903 59.5097892429696
37.9059895560478 105.620550210826 100.377413985582 125.88262318212 27.9536025507655 11.2670627377563 15.5704437111885 55.7530487687086
47.7652473100574 29.5010012625984 82.2010458404923 77.6473811110304 92.0383905895545 19.2768964817234 7.79775707201031 51.3933406565329
1641.68387644855 37.1741415461216 22.9596716953925 63.0237984212028 51.6449364255498 56.0225586470857 12.6215434317427 41.690066127367
1265.57751719457 1277.66927282786 28.9314277118819 17.8688150666547 49.0513584414859 40.2022171644594 43.6214327174408 42.2946145043657
646.559341887175 984.957901638961 994.368522556197 22.5162128841288 13.905619147675 38.1700306358713 31.2899938439643 66.8987367269329
382.044014763543 503.196148807969 766.56076362004 773.582145876043 17.4551281337916 10.7420094382836 29.4802522884062 76.2168597097968
115.213858525462 297.332455738759 391.621229129741 586.718055210201 502.670813042988 9.4150779862896 5.72136534183961 67.9970914799086
42.575422092923 89.6672063079331 231.404199043291 300.405856892653 393.146999625762 325.667964730807 7.1029453870771 57.083889748235

