# Simulated data from SIR age-structured hybrid model
# random seed = 6355918
# Flag=0 if no issues, =1 if negative pop #'s, =2 if NaN, or=3 if NA. Flag:
0

# Number of years (nyr)
50

# Starting age
0

# Ending age
8

# Sample size for comp data
200

# Sample size for fishery age comp data
200

# Sample size for antibody prevalence data
200

# Survey data
29097.9501264002
26628.0588814135
33925.0385521299
31264.6858586804
54616.9283642736
18336.1305364883
67663.6898731278
20517.7590713384
8642.3804585171
18252.7503379854
10224.9913727511
8314.48187248717
8051.40019355154
8954.52670869729
20302.8983208647
17996.377058732
27725.2096474323
67793.1680903576
54581.9367555015
59066.3111204402
29879.3977603479
73996.7645316586
55436.746404512
31538.3725673882
33556.1741700575
13902.4216779408
27581.3597964432
18250.7946787412
21395.6449043339
35768.1029909855
32758.5124467
11662.3858694977
27205.7448474317
26142.3343001324
13379.0483312901
18121.72736669
13032.4536113878
21063.6475633015
13586.6519800027
12641.1277635818
6651.60467454922
7905.07677018066
13767.6674209014
9409.56164004192
3746.98808577298
7331.23008383764
9407.1279261129
8560.38640261001
6312.14759760091
4646.90293281553

# Catches
0
0
0
0
0
0
0
0
0
0
0
0
0
0
0
0
0
0
0
0
0
0
0
0
0
0
0
0
0
0
0
0
0
0
0
0
0
0
0
0
0
0
0
0
0
0
0
0
0
0

# Catch compositions
-999 -999 -999 -999 -999 -999 -999 -999
-999 -999 -999 -999 -999 -999 -999 -999
-999 -999 -999 -999 -999 -999 -999 -999
-999 -999 -999 -999 -999 -999 -999 -999
-999 -999 -999 -999 -999 -999 -999 -999
-999 -999 -999 -999 -999 -999 -999 -999
-999 -999 -999 -999 -999 -999 -999 -999
-999 -999 -999 -999 -999 -999 -999 -999
-999 -999 -999 -999 -999 -999 -999 -999
-999 -999 -999 -999 -999 -999 -999 -999
-999 -999 -999 -999 -999 -999 -999 -999
-999 -999 -999 -999 -999 -999 -999 -999
-999 -999 -999 -999 -999 -999 -999 -999
-999 -999 -999 -999 -999 -999 -999 -999
-999 -999 -999 -999 -999 -999 -999 -999
-999 -999 -999 -999 -999 -999 -999 -999
-999 -999 -999 -999 -999 -999 -999 -999
-999 -999 -999 -999 -999 -999 -999 -999
-999 -999 -999 -999 -999 -999 -999 -999
-999 -999 -999 -999 -999 -999 -999 -999
-999 -999 -999 -999 -999 -999 -999 -999
-999 -999 -999 -999 -999 -999 -999 -999
-999 -999 -999 -999 -999 -999 -999 -999
-999 -999 -999 -999 -999 -999 -999 -999
-999 -999 -999 -999 -999 -999 -999 -999
-999 -999 -999 -999 -999 -999 -999 -999
-999 -999 -999 -999 -999 -999 -999 -999
-999 -999 -999 -999 -999 -999 -999 -999
-999 -999 -999 -999 -999 -999 -999 -999
-999 -999 -999 -999 -999 -999 -999 -999
-999 -999 -999 -999 -999 -999 -999 -999
-999 -999 -999 -999 -999 -999 -999 -999
-999 -999 -999 -999 -999 -999 -999 -999
-999 -999 -999 -999 -999 -999 -999 -999
-999 -999 -999 -999 -999 -999 -999 -999
-999 -999 -999 -999 -999 -999 -999 -999
-999 -999 -999 -999 -999 -999 -999 -999
-999 -999 -999 -999 -999 -999 -999 -999
-999 -999 -999 -999 -999 -999 -999 -999
-999 -999 -999 -999 -999 -999 -999 -999
-999 -999 -999 -999 -999 -999 -999 -999
-999 -999 -999 -999 -999 -999 -999 -999
-999 -999 -999 -999 -999 -999 -999 -999
-999 -999 -999 -999 -999 -999 -999 -999
-999 -999 -999 -999 -999 -999 -999 -999
-999 -999 -999 -999 -999 -999 -999 -999
-999 -999 -999 -999 -999 -999 -999 -999
-999 -999 -999 -999 -999 -999 -999 -999
-999 -999 -999 -999 -999 -999 -999 -999
-999 -999 -999 -999 -999 -999 -999 -999

# Age composition from fishery-independent survey
0 0 4 101 24 18 8 45
0 0 4 35 98 11 5 47
0 0 1 43 53 61 8 34
0 0 1 8 64 33 51 43
0 0 1 19 21 53 25 81
0 0 1 12 44 13 34 96
0 0 2 10 19 27 10 132
0 0 0 5 22 30 25 118
0 0 0 16 16 17 23 128
0 0 0 6 22 11 21 140
0 0 2 8 12 19 13 146
0 0 6 14 10 13 23 134
0 0 9 15 22 5 12 137
0 0 14 51 36 12 1 86
0 0 4 69 55 18 7 47
0 0 5 25 96 27 8 39
0 0 31 50 27 51 14 27
0 0 15 118 36 6 15 10
0 0 4 51 98 21 6 20
0 0 0 12 66 95 13 14
0 0 1 4 16 62 81 36
0 0 0 0 10 15 53 122
0 0 0 0 5 3 23 169
0 0 0 2 2 2 10 184
0 0 1 2 2 1 3 191
0 0 2 6 4 2 1 185
0 0 6 33 15 3 2 141
0 0 9 42 35 11 1 102
0 0 9 49 43 21 8 70
0 0 2 45 56 33 13 51
0 0 4 12 76 39 17 52
0 0 2 14 21 61 36 66
0 0 1 12 29 20 60 78
0 0 1 11 26 17 18 127
0 0 1 23 28 23 15 110
0 0 0 16 34 15 27 108
0 0 1 9 25 28 16 121
0 0 1 12 9 24 34 120
0 0 2 16 14 12 24 132
0 0 3 10 41 8 10 128
0 0 4 20 17 30 6 123
0 0 6 40 18 19 26 91
0 0 2 40 49 15 21 73
0 0 2 22 67 30 10 69
0 0 3 10 34 52 24 77
0 0 3 15 7 30 44 101
0 0 10 31 23 11 22 103
0 0 5 54 55 7 5 74
0 0 1 47 65 19 8 60
0 0 3 6 63 54 30 44

# Antibody prevalence values
0 0 0 0 0 6 1 88 2 19 4 15 2 14 30 19
0 0 0 0 0 6 1 32 29 62 11 3 11 3 37 5
0 0 0 0 0 1 1 35 13 32 59 9 10 1 39 0
0 0 0 0 0 4 2 14 17 45 25 11 47 2 33 0
0 0 0 0 0 1 0 18 5 7 22 30 18 4 92 3
0 0 0 0 0 1 0 14 0 28 2 8 21 25 91 10
0 0 0 0 0 1 0 11 0 26 0 25 4 9 98 26
0 0 0 0 0 2 0 9 0 16 2 20 0 16 101 34
0 0 0 0 0 3 0 14 0 10 0 22 1 23 88 39
0 0 0 0 0 0 0 7 1 19 1 8 4 24 77 59
0 0 0 0 0 1 0 3 2 13 8 24 1 8 97 43
0 0 0 0 0 5 0 10 0 7 0 12 6 28 84 48
0 0 0 0 0 4 0 30 0 19 0 6 0 5 83 53
0 0 0 0 0 16 0 56 0 28 0 12 0 5 50 33
0 0 0 0 0 2 1 85 7 29 2 18 1 5 34 16
0 0 0 0 0 8 1 19 29 81 23 9 5 3 20 2
0 0 0 0 0 27 1 47 5 25 36 20 16 0 22 1
0 0 0 0 0 14 4 103 6 30 7 2 15 1 18 0
0 0 0 0 0 0 4 57 33 63 17 0 5 0 21 0
0 0 0 0 0 0 0 10 35 45 73 6 9 0 22 0
0 0 0 0 0 0 0 7 7 8 54 15 74 2 33 0
0 0 0 0 0 0 0 1 1 4 9 10 61 10 103 1
0 0 0 0 0 0 0 0 0 9 0 1 4 19 157 10
0 0 0 0 0 0 0 1 0 1 0 5 0 7 167 19
0 0 0 0 0 0 0 0 0 4 0 0 0 2 159 35
0 0 0 0 0 1 0 6 0 4 0 4 0 0 148 37
0 0 0 0 0 5 0 22 0 10 0 6 0 1 127 29
0 0 0 0 0 4 0 44 0 31 0 4 0 6 92 19
0 0 0 0 0 10 1 44 5 50 3 16 1 1 61 8
0 0 0 0 0 1 3 45 13 41 14 13 12 5 52 1
0 0 0 0 0 3 0 16 30 40 25 11 25 1 48 1
0 0 0 0 0 1 0 18 3 16 35 27 36 6 58 0
0 0 0 0 0 0 0 20 1 35 3 17 28 15 79 2
0 0 0 0 0 4 0 12 0 28 1 25 5 17 82 26
0 0 0 0 0 1 0 27 0 17 0 19 1 16 89 30
0 0 0 0 0 1 0 15 1 40 0 22 1 18 59 43
0 0 0 0 0 0 0 8 2 31 5 24 2 8 74 46
0 0 0 0 0 3 0 6 1 19 4 21 5 20 75 46
0 0 0 0 0 5 0 19 0 11 0 10 0 28 70 57
0 0 0 0 0 1 0 16 0 39 0 10 1 14 55 64
0 0 0 0 0 5 0 10 0 30 2 20 2 8 64 59
0 0 0 0 0 9 0 32 0 22 1 24 1 17 41 53
0 0 0 0 0 4 0 42 0 42 0 20 0 15 29 48
0 0 0 0 0 0 0 15 0 52 2 33 0 18 21 59
0 0 0 0 0 3 0 8 0 30 8 48 3 23 34 43
0 0 0 0 0 4 0 16 0 9 2 31 6 52 32 48
0 0 0 0 0 13 0 35 0 15 0 4 2 21 25 85
0 0 0 0 0 5 0 66 0 35 2 13 0 3 20 56
0 0 0 0 0 2 1 52 11 58 10 12 3 6 26 19
0 0 0 0 0 4 0 8 10 50 17 36 15 12 30 18

# Average weight-at-age
70
94
115
134
150
160
165
168

# Maturity logistic function parameter age-at-50%
3

# Maturity logistic function parameter age-at-95%
4

# Infection prevalence index (avg of 3 different samples)
0.0222222222222222
0.0611111111111111
0.05
0.0166666666666667
0
0
0
0
0
0.0222222222222222
0
0
0
0.00555555555555556
0.0555555555555556
0.00555555555555556
0.0111111111111111
0.272222222222222
0
0.0444444444444444
0
0
0
0
0
0
0
0.00555555555555556
0.0944444444444444
0.116666666666667
0.05
0
0
0
0
0
0
0
0
0
0
0
0
0
0
0
0
0.00555555555555556
0.0277777777777778
0.00555555555555556

