# Simulated data from SIR age-structured hybrid model
# random seed = 9400035
# Flag=0 if no issues, =1 if negative pop #'s, =2 if NaN, or=3 if NA. Flag:
0

# Number of years (nyr)
50

# Starting age
0

# Ending age
8

# Sample size for comp data
20

# Sample size for fishery age comp data
20

# Sample size for antibody prevalence data
20

# Survey data
30275.181485156
18794.2624186958
16557.8145852365
26194.3879783864
30453.8815664556
29868.8586120896
14159.057191021
18433.0433645321
21753.253518677
39622.795155912
18331.3731384262
29296.319264963
22682.7683554975
27798.312379294
22764.5911202239
40977.2389557259
10590.8602842986
22498.826713479
12118.4237302694
22438.2900946716
13497.9002781501
12848.8820798693
18247.3963601576
21084.4722445278
26974.3294843198
21668.2795192032
14010.9820722115
9781.05798559343
11917.6494792704
16807.0970572295
37979.6740296976
33589.694768046
28693.9280922562
35098.074081154
20374.9088403606
25601.6946957829
20975.4826725182
20466.4651921797
14377.8426322961
15414.4837215413
9316.41996452896
21628.5018170018
15504.2271941216
17898.5257495714
18434.7024202459
26959.2116963148
28521.8848681432
18194.226701876
29065.3115840408
42254.1706878715

# Catches
0
0
0
0
0
0
0
0
0
0
0
0
0
0
0
0
0
0
0
0
0
0
0
0
0
0
0
0
0
0
0
0
0
0
0
0
0
0
0
0
0
0
0
0
0
0
0
0
0
0

# Catch compositions
-999 -999 -999 -999 -999 -999 -999 -999
-999 -999 -999 -999 -999 -999 -999 -999
-999 -999 -999 -999 -999 -999 -999 -999
-999 -999 -999 -999 -999 -999 -999 -999
-999 -999 -999 -999 -999 -999 -999 -999
-999 -999 -999 -999 -999 -999 -999 -999
-999 -999 -999 -999 -999 -999 -999 -999
-999 -999 -999 -999 -999 -999 -999 -999
-999 -999 -999 -999 -999 -999 -999 -999
-999 -999 -999 -999 -999 -999 -999 -999
-999 -999 -999 -999 -999 -999 -999 -999
-999 -999 -999 -999 -999 -999 -999 -999
-999 -999 -999 -999 -999 -999 -999 -999
-999 -999 -999 -999 -999 -999 -999 -999
-999 -999 -999 -999 -999 -999 -999 -999
-999 -999 -999 -999 -999 -999 -999 -999
-999 -999 -999 -999 -999 -999 -999 -999
-999 -999 -999 -999 -999 -999 -999 -999
-999 -999 -999 -999 -999 -999 -999 -999
-999 -999 -999 -999 -999 -999 -999 -999
-999 -999 -999 -999 -999 -999 -999 -999
-999 -999 -999 -999 -999 -999 -999 -999
-999 -999 -999 -999 -999 -999 -999 -999
-999 -999 -999 -999 -999 -999 -999 -999
-999 -999 -999 -999 -999 -999 -999 -999
-999 -999 -999 -999 -999 -999 -999 -999
-999 -999 -999 -999 -999 -999 -999 -999
-999 -999 -999 -999 -999 -999 -999 -999
-999 -999 -999 -999 -999 -999 -999 -999
-999 -999 -999 -999 -999 -999 -999 -999
-999 -999 -999 -999 -999 -999 -999 -999
-999 -999 -999 -999 -999 -999 -999 -999
-999 -999 -999 -999 -999 -999 -999 -999
-999 -999 -999 -999 -999 -999 -999 -999
-999 -999 -999 -999 -999 -999 -999 -999
-999 -999 -999 -999 -999 -999 -999 -999
-999 -999 -999 -999 -999 -999 -999 -999
-999 -999 -999 -999 -999 -999 -999 -999
-999 -999 -999 -999 -999 -999 -999 -999
-999 -999 -999 -999 -999 -999 -999 -999
-999 -999 -999 -999 -999 -999 -999 -999
-999 -999 -999 -999 -999 -999 -999 -999
-999 -999 -999 -999 -999 -999 -999 -999
-999 -999 -999 -999 -999 -999 -999 -999
-999 -999 -999 -999 -999 -999 -999 -999
-999 -999 -999 -999 -999 -999 -999 -999
-999 -999 -999 -999 -999 -999 -999 -999
-999 -999 -999 -999 -999 -999 -999 -999
-999 -999 -999 -999 -999 -999 -999 -999
-999 -999 -999 -999 -999 -999 -999 -999

# Age composition from fishery-independent survey
0 0 1 1 1 1 1 15
0 0 0 0 0 2 0 18
0 0 0 2 2 1 2 13
0 0 0 11 1 1 0 7
0 0 0 1 12 2 0 5
0 0 0 1 5 5 2 7
0 0 0 0 3 5 10 2
0 0 0 2 1 2 5 10
0 0 1 0 1 2 2 14
0 0 0 2 1 1 3 13
0 0 3 6 1 0 4 6
0 0 0 9 2 0 0 9
0 0 0 9 7 2 0 2
0 0 0 3 4 10 1 2
0 0 0 2 2 8 5 3
0 0 0 0 4 4 7 5
0 0 1 0 5 3 0 11
0 0 0 5 3 2 0 10
0 0 1 2 6 2 1 8
0 0 0 2 2 5 0 11
0 0 0 0 7 2 3 8
0 0 0 1 0 4 3 12
0 0 2 2 2 1 3 10
0 0 0 6 5 1 0 8
0 0 0 2 11 1 1 5
0 0 0 4 0 7 0 9
0 0 0 5 2 3 7 3
0 0 0 0 3 0 5 12
0 0 0 3 1 4 1 11
0 0 4 1 5 0 4 6
0 0 0 8 2 3 1 6
0 0 0 3 10 1 3 3
0 0 0 1 9 9 0 1
0 0 1 1 1 6 6 5
0 0 0 1 4 1 3 11
0 0 3 0 1 3 0 13
0 0 0 3 0 0 4 13
0 0 0 0 9 1 0 10
0 0 0 1 1 10 1 7
0 0 0 0 1 1 11 7
0 0 0 3 2 1 1 13
0 0 1 3 2 1 1 12
0 0 1 7 2 0 1 9
0 0 3 4 4 1 3 5
0 0 0 13 3 1 0 3
0 0 0 0 13 4 0 3
0 0 0 0 3 13 2 2
0 0 0 3 2 1 8 6
0 0 0 4 1 2 1 12
0 0 0 3 8 1 1 7

# Antibody prevalence values
0 0 0 0 0 0 0 0 0 3 0 1 0 1 14 1
0 0 0 0 0 0 0 0 0 0 0 1 0 0 13 6
0 0 0 0 0 2 0 3 0 2 0 0 0 0 9 4
0 0 0 0 0 0 0 10 0 4 0 1 0 0 4 1
0 0 0 0 0 0 0 4 3 3 4 1 0 0 5 0
0 0 0 0 0 0 0 1 0 3 11 1 0 0 4 0
0 0 0 0 0 0 0 2 0 4 0 1 5 1 6 1
0 0 0 0 0 0 0 1 0 5 0 3 0 0 9 2
0 0 0 0 0 0 0 2 0 1 0 1 0 2 11 3
0 0 0 0 0 1 0 1 0 1 1 6 0 4 4 2
0 0 0 0 0 0 0 4 0 2 0 1 0 2 7 4
0 0 0 0 0 0 0 8 0 5 1 0 1 0 3 2
0 0 0 0 0 0 0 10 0 8 0 0 0 0 2 0
0 0 0 0 0 0 0 2 0 8 4 0 2 0 4 0
0 0 0 0 0 0 0 1 1 0 6 3 4 2 3 0
0 0 0 0 0 1 0 2 0 1 0 5 3 0 8 0
0 0 0 0 0 0 0 0 0 3 0 1 2 1 10 3
0 0 0 0 0 0 0 4 0 1 0 2 0 0 8 5
0 0 0 0 0 0 0 4 1 10 0 0 0 1 3 1
0 0 0 0 0 0 0 3 1 0 7 1 0 1 6 1
0 0 0 0 0 0 0 0 1 5 0 1 1 4 8 0
0 0 0 0 0 0 0 1 0 0 0 2 2 3 8 4
0 0 0 0 0 0 0 0 0 3 1 0 0 9 6 1
0 0 0 0 0 0 0 11 0 2 0 0 0 0 1 6
0 0 0 0 0 1 0 1 5 7 0 0 1 0 4 1
0 0 0 0 0 0 0 2 0 0 6 3 4 0 5 0
0 0 0 0 0 0 0 4 0 2 1 1 5 3 3 1
0 0 0 0 0 1 0 0 0 5 0 0 0 1 10 3
0 0 0 0 0 0 0 4 0 0 0 6 0 2 7 1
0 0 0 0 0 1 0 7 0 4 0 1 0 1 5 1
0 0 0 0 0 1 0 6 2 1 4 1 0 0 4 1
0 0 0 0 0 0 0 6 2 8 1 1 1 0 1 0
0 0 0 0 0 0 0 0 5 3 8 3 0 0 1 0
0 0 0 0 0 0 0 3 0 1 4 1 6 0 5 0
0 0 0 0 0 0 0 4 0 3 0 0 1 3 9 0
0 0 0 0 0 2 0 0 0 4 0 3 0 0 8 3
0 0 0 0 0 1 0 4 0 3 0 3 0 1 7 1
0 0 0 0 0 0 0 0 4 5 2 1 0 1 6 1
0 0 0 0 0 0 0 3 0 1 4 3 0 1 6 2
0 0 0 0 0 0 0 0 0 1 1 2 2 4 8 2
0 0 0 0 0 0 0 3 0 2 0 0 3 1 9 2
0 0 0 0 0 0 0 3 0 1 0 2 0 1 8 5
0 0 0 0 0 0 0 9 0 1 0 2 0 1 4 3
0 0 0 0 0 2 0 8 0 4 0 0 0 1 3 2
0 0 0 0 0 0 0 11 1 3 1 2 0 0 2 0
0 0 0 0 0 0 0 0 5 11 1 0 0 0 3 0
0 0 0 0 0 0 0 2 0 0 12 1 0 0 5 0
0 0 0 0 0 0 0 1 0 1 0 1 8 3 6 0
0 0 0 0 0 0 0 8 0 2 0 0 0 0 9 1
0 0 0 0 0 2 0 1 2 5 1 0 0 0 8 1

# Average weight-at-age
70
94
115
134
150
160
165
168

# Maturity logistic function parameter age-at-50%
3

# Maturity logistic function parameter age-at-95%
4

# Infection prevalence index (avg of 3 different samples)
0
0
0.00555555555555556
0.183333333333333
0.0166666666666667
0
0
0
0
0
0.00555555555555556
0.15
0.0722222222222222
0.0333333333333333
0
0
0
0
0.0222222222222222
0
0.00555555555555556
0
0
0.133333333333333
0
0
0
0.00555555555555556
0
0
0.00555555555555556
0.0166666666666667
0
0
0
0
0.00555555555555556
0
0
0
0
0
0
0.00555555555555556
0
0.0888888888888889
0
0
0.0277777777777778
0.0722222222222222

