# Simulated data from SIR age-structured hybrid model
# random seed = 252338
# Flag=0 if no issues, =1 if negative pop #'s, =2 if NaN, or=3 if NA. Flag:
0

# Number of years (nyr)
50

# Starting age
0

# Ending age
8

# Sample size for comp data
200

# Sample size for fishery age comp data
200

# Sample size for antibody prevalence data
200

# Survey data
10910.5158083064
12284.3952356668
13906.652253525
17464.7178757243
9634.19658725321
11628.4277690872
11871.3966798482
4637.47759601731
5893.12747159406
5433.94470134537
6799.71568536064
9713.16909365012
7187.72929992678
11378.062749267
7838.99862869359
16163.4630633853
21721.4167181719
40972.3735979692
41607.3778895935
36335.6683204893
28997.6448176421
24345.2769921654
13814.9790814856
15752.6061133411
8843.86434549663
10517.3505873291
39279.130343254
16124.2343321259
18096.3714721659
17583.3126910003
10364.6891523395
22199.0878809349
14511.1163404003
16294.041089691
28597.3359390088
27083.7188794515
62743.3492438605
55474.034183245
59850.5255914038
36373.6533212942
34156.1226122164
20744.0299661601
17954.8834036456
19496.138878579
20076.7851611101
25483.35436542
8935.48277668485
12758.5839755512
12834.2461122899
13731.4960992728

# Catches
0
0
0
0
0
0
0
0
0
0
0
0
0
0
0
0
0
0
0
0
0
0
0
0
0
0
0
0
0
0
0
0
0
0
0
0
0
0
0
0
0
0
0
0
0
0
0
0
0
0

# Catch compositions
-999 -999 -999 -999 -999 -999 -999 -999
-999 -999 -999 -999 -999 -999 -999 -999
-999 -999 -999 -999 -999 -999 -999 -999
-999 -999 -999 -999 -999 -999 -999 -999
-999 -999 -999 -999 -999 -999 -999 -999
-999 -999 -999 -999 -999 -999 -999 -999
-999 -999 -999 -999 -999 -999 -999 -999
-999 -999 -999 -999 -999 -999 -999 -999
-999 -999 -999 -999 -999 -999 -999 -999
-999 -999 -999 -999 -999 -999 -999 -999
-999 -999 -999 -999 -999 -999 -999 -999
-999 -999 -999 -999 -999 -999 -999 -999
-999 -999 -999 -999 -999 -999 -999 -999
-999 -999 -999 -999 -999 -999 -999 -999
-999 -999 -999 -999 -999 -999 -999 -999
-999 -999 -999 -999 -999 -999 -999 -999
-999 -999 -999 -999 -999 -999 -999 -999
-999 -999 -999 -999 -999 -999 -999 -999
-999 -999 -999 -999 -999 -999 -999 -999
-999 -999 -999 -999 -999 -999 -999 -999
-999 -999 -999 -999 -999 -999 -999 -999
-999 -999 -999 -999 -999 -999 -999 -999
-999 -999 -999 -999 -999 -999 -999 -999
-999 -999 -999 -999 -999 -999 -999 -999
-999 -999 -999 -999 -999 -999 -999 -999
-999 -999 -999 -999 -999 -999 -999 -999
-999 -999 -999 -999 -999 -999 -999 -999
-999 -999 -999 -999 -999 -999 -999 -999
-999 -999 -999 -999 -999 -999 -999 -999
-999 -999 -999 -999 -999 -999 -999 -999
-999 -999 -999 -999 -999 -999 -999 -999
-999 -999 -999 -999 -999 -999 -999 -999
-999 -999 -999 -999 -999 -999 -999 -999
-999 -999 -999 -999 -999 -999 -999 -999
-999 -999 -999 -999 -999 -999 -999 -999
-999 -999 -999 -999 -999 -999 -999 -999
-999 -999 -999 -999 -999 -999 -999 -999
-999 -999 -999 -999 -999 -999 -999 -999
-999 -999 -999 -999 -999 -999 -999 -999
-999 -999 -999 -999 -999 -999 -999 -999
-999 -999 -999 -999 -999 -999 -999 -999
-999 -999 -999 -999 -999 -999 -999 -999
-999 -999 -999 -999 -999 -999 -999 -999
-999 -999 -999 -999 -999 -999 -999 -999
-999 -999 -999 -999 -999 -999 -999 -999
-999 -999 -999 -999 -999 -999 -999 -999
-999 -999 -999 -999 -999 -999 -999 -999
-999 -999 -999 -999 -999 -999 -999 -999
-999 -999 -999 -999 -999 -999 -999 -999
-999 -999 -999 -999 -999 -999 -999 -999

# Age composition from fishery-independent survey
0 0 14 67 42 57 8 12
0 0 19 66 63 12 33 7
0 0 7 108 47 15 7 16
0 0 5 58 93 19 3 22
0 0 11 47 50 48 13 31
0 0 2 87 32 30 32 17
0 0 8 9 102 13 17 51
0 0 0 57 15 55 13 60
0 0 4 8 80 4 46 58
0 0 2 18 11 67 14 88
0 0 2 13 38 14 47 86
0 0 5 5 22 33 13 122
0 0 25 21 19 23 19 93
0 0 22 104 14 8 8 44
0 0 34 86 58 2 2 18
0 0 1 137 46 13 0 3
0 0 28 21 128 11 7 5
0 0 13 133 18 25 5 6
0 0 6 82 74 7 16 15
0 0 7 42 99 30 2 20
0 0 4 44 63 32 38 19
0 0 2 49 60 25 15 49
0 0 6 30 36 35 15 78
0 0 0 33 34 47 25 61
0 0 5 10 54 35 21 75
0 0 26 22 13 42 19 78
0 0 2 119 17 8 18 36
0 0 4 33 124 5 2 32
0 0 1 61 46 52 3 37
0 0 12 20 85 20 26 37
0 0 25 66 20 32 10 47
0 0 2 111 48 3 12 24
0 0 8 32 122 8 5 25
0 0 4 91 31 36 7 31
0 0 29 50 66 10 20 25
0 0 26 115 24 14 3 18
0 0 11 115 58 4 6 6
0 0 25 53 98 17 0 7
0 0 3 116 54 19 3 5
0 0 0 19 134 20 21 6
0 0 0 17 39 67 17 60
0 0 0 7 33 35 59 66
0 0 3 7 15 24 26 125
0 0 2 23 9 11 23 132
0 0 2 40 28 11 2 117
0 0 0 20 58 22 3 97
0 0 1 6 31 47 11 104
0 0 1 21 14 26 39 99
0 0 3 25 40 8 25 99
0 0 10 22 27 23 7 111

# Antibody prevalence values
0 0 0 0 0 15 0 73 3 38 41 8 7 0 15 0
0 0 0 0 0 14 0 76 0 58 2 16 20 11 3 0
0 0 0 0 0 8 1 98 5 47 4 10 7 1 17 2
0 0 0 0 0 1 0 52 19 74 8 9 7 2 27 1
0 0 0 0 0 19 0 33 6 53 29 20 13 1 25 1
0 0 0 0 0 0 0 89 0 35 4 31 12 2 27 0
0 0 0 0 0 9 0 7 12 114 7 4 13 1 32 1
0 0 0 0 0 0 0 41 0 11 34 37 5 1 68 3
0 0 0 0 0 3 0 8 2 66 3 12 17 34 52 3
0 0 0 0 0 6 0 22 0 10 0 67 1 11 60 23
0 0 0 0 0 1 0 22 0 39 0 5 0 44 62 27
0 0 0 0 0 2 0 8 0 26 0 36 0 8 48 72
0 0 0 0 0 23 0 25 0 9 0 13 0 31 29 70
0 0 0 0 0 20 0 102 0 20 0 7 0 10 10 31
0 0 0 0 0 27 0 88 6 65 0 1 0 2 9 2
0 0 0 0 0 0 1 118 7 57 8 5 1 0 3 0
0 0 0 0 0 20 0 32 19 98 10 6 11 0 4 0
0 0 0 0 0 9 0 131 2 15 18 10 8 0 7 0
0 0 0 0 0 9 1 95 10 62 3 0 14 0 6 0
0 0 0 0 0 6 0 49 8 85 22 4 0 0 26 0
0 0 0 0 0 5 0 49 8 43 24 14 26 1 30 0
0 0 0 0 0 4 1 51 5 46 13 14 14 3 49 0
0 0 0 0 0 10 0 34 7 43 13 20 12 2 59 0
0 0 0 0 0 1 0 35 0 48 4 28 6 16 58 4
0 0 0 0 0 5 0 10 1 47 4 31 7 14 71 10
0 0 0 0 0 21 0 32 0 16 3 31 1 15 63 18
0 0 0 0 0 6 0 107 0 14 0 5 1 15 30 22
0 0 0 0 0 3 0 40 16 99 2 5 0 0 32 3
0 0 0 0 0 4 1 50 7 54 25 15 2 1 41 0
0 0 0 0 0 12 0 17 3 77 5 15 34 10 27 0
0 0 0 0 0 16 1 81 1 25 5 20 7 9 32 3
0 0 0 0 0 4 2 126 1 47 0 0 7 0 12 1
0 0 0 0 0 17 0 43 13 88 8 7 0 0 23 1
0 0 0 0 0 8 1 84 4 34 26 14 5 0 24 0
0 0 0 0 0 26 3 41 15 74 5 5 14 1 16 0
0 0 0 0 0 28 1 124 0 15 10 2 1 0 19 0
0 0 0 0 0 7 1 117 8 50 1 0 6 0 10 0
0 0 0 0 0 14 1 55 13 91 11 3 2 0 10 0
0 0 0 0 0 1 0 104 7 52 17 4 9 0 6 0
0 0 0 0 0 2 0 16 17 130 8 2 12 0 13 0
0 0 0 0 0 1 0 15 1 26 61 16 19 0 61 0
0 0 0 0 0 1 0 7 0 35 7 25 41 12 72 0
0 0 0 0 0 4 0 4 0 11 0 36 3 29 106 7
0 0 0 0 0 9 0 17 0 11 0 15 0 26 95 27
0 0 0 0 0 4 0 44 0 29 0 9 0 5 67 42
0 0 0 0 0 0 0 21 3 46 3 16 1 2 87 21
0 0 0 0 0 1 0 3 0 34 3 42 0 17 72 28
0 0 0 0 0 4 0 15 0 15 0 19 5 42 70 30
0 0 0 0 0 5 0 28 0 30 0 7 0 13 66 51
0 0 0 0 0 6 0 28 1 35 1 14 0 9 47 59

# Average weight-at-age
70
94
115
134
150
160
165
168

# Maturity logistic function parameter age-at-50%
3

# Maturity logistic function parameter age-at-95%
4

# Infection prevalence index (avg of 3 different samples)
0
0
0.183333333333333
0.233333333333333
0
0.0611111111111111
0.0444444444444444
0
0
0
0
0
0
0.355555555555556
0.116666666666667
0.377777777777778
0.361111111111111
0.483333333333333
0.0333333333333333
0.1
0.105555555555556
0.0444444444444444
0
0
0
0
0
0.0277777777777778
0.0388888888888889
0.0222222222222222
0.127777777777778
0.0277777777777778
0.244444444444444
0.177777777777778
0.122222222222222
0.211111111111111
0.122222222222222
0.15
0
0.0166666666666667
0
0
0
0
0.0611111111111111
0
0
0
0
0

