# Simulated data from SIR age-structured hybrid model
# random seed = 2133742
# Flag=0 if no issues, =1 if negative pop #'s, =2 if NaN, or=3 if NA. Flag:
0

# Number of years (nyr)
50

# Starting age
0

# Ending age
8

# Sample size for comp data
200

# Sample size for fishery age comp data
200

# Sample size for antibody prevalence data
200

# Survey data
28487.2722864625
32590.3734924868
19057.3716024357
14857.0012239961
25630.4134541952
17309.820190305
16515.5568185977
32384.5489967424
14956.6623242093
33377.1392589689
46524.222380976
16507.4873638079
65662.866298372
59622.657220923
51569.7545485671
20588.8480404418
25508.7175051224
20087.222610841
17705.5177865789
17548.7638928167
15420.1002327959
15784.8172175248
33643.7442523795
28604.0742268033
44354.0894824812
43258.0583467694
28781.0130215663
22973.3359436094
19328.1101837157
20926.3788203797
17914.5735414089
22330.9731226186
13125.7559813798
17575.7484085965
21194.3012106906
145440.116755702
120691.103238806
64500.2052707339
62909.7889874652
43710.5007671085
68385.6240609452
30789.1556321764
76166.313128206
63634.871785137
52991.3848222644
36670.9545327731
33063.3322483602
26544.5953071131
22923.155691527
17889.2817591531

# Catches
0
0
0
0
0
0
0
0
0
0
0
0
0
0
0
0
0
0
0
0
0
0
0
0
0
0
0
0
0
0
0
0
0
0
0
0
0
0
0
0
0
0
0
0
0
0
0
0
0
0

# Catch compositions
-999 -999 -999 -999 -999 -999 -999 -999
-999 -999 -999 -999 -999 -999 -999 -999
-999 -999 -999 -999 -999 -999 -999 -999
-999 -999 -999 -999 -999 -999 -999 -999
-999 -999 -999 -999 -999 -999 -999 -999
-999 -999 -999 -999 -999 -999 -999 -999
-999 -999 -999 -999 -999 -999 -999 -999
-999 -999 -999 -999 -999 -999 -999 -999
-999 -999 -999 -999 -999 -999 -999 -999
-999 -999 -999 -999 -999 -999 -999 -999
-999 -999 -999 -999 -999 -999 -999 -999
-999 -999 -999 -999 -999 -999 -999 -999
-999 -999 -999 -999 -999 -999 -999 -999
-999 -999 -999 -999 -999 -999 -999 -999
-999 -999 -999 -999 -999 -999 -999 -999
-999 -999 -999 -999 -999 -999 -999 -999
-999 -999 -999 -999 -999 -999 -999 -999
-999 -999 -999 -999 -999 -999 -999 -999
-999 -999 -999 -999 -999 -999 -999 -999
-999 -999 -999 -999 -999 -999 -999 -999
-999 -999 -999 -999 -999 -999 -999 -999
-999 -999 -999 -999 -999 -999 -999 -999
-999 -999 -999 -999 -999 -999 -999 -999
-999 -999 -999 -999 -999 -999 -999 -999
-999 -999 -999 -999 -999 -999 -999 -999
-999 -999 -999 -999 -999 -999 -999 -999
-999 -999 -999 -999 -999 -999 -999 -999
-999 -999 -999 -999 -999 -999 -999 -999
-999 -999 -999 -999 -999 -999 -999 -999
-999 -999 -999 -999 -999 -999 -999 -999
-999 -999 -999 -999 -999 -999 -999 -999
-999 -999 -999 -999 -999 -999 -999 -999
-999 -999 -999 -999 -999 -999 -999 -999
-999 -999 -999 -999 -999 -999 -999 -999
-999 -999 -999 -999 -999 -999 -999 -999
-999 -999 -999 -999 -999 -999 -999 -999
-999 -999 -999 -999 -999 -999 -999 -999
-999 -999 -999 -999 -999 -999 -999 -999
-999 -999 -999 -999 -999 -999 -999 -999
-999 -999 -999 -999 -999 -999 -999 -999
-999 -999 -999 -999 -999 -999 -999 -999
-999 -999 -999 -999 -999 -999 -999 -999
-999 -999 -999 -999 -999 -999 -999 -999
-999 -999 -999 -999 -999 -999 -999 -999
-999 -999 -999 -999 -999 -999 -999 -999
-999 -999 -999 -999 -999 -999 -999 -999
-999 -999 -999 -999 -999 -999 -999 -999
-999 -999 -999 -999 -999 -999 -999 -999
-999 -999 -999 -999 -999 -999 -999 -999
-999 -999 -999 -999 -999 -999 -999 -999

# Age composition from fishery-independent survey
0 0 1 8 30 29 60 72
0 0 0 15 19 28 34 104
0 0 1 12 30 20 12 125
0 0 1 21 21 14 13 130
0 0 4 19 26 13 18 120
0 0 6 22 27 21 13 111
0 0 2 15 33 31 13 106
0 0 6 57 22 30 25 60
0 0 3 51 69 12 15 50
0 0 17 10 75 38 7 53
0 0 2 104 13 33 24 24
0 0 0 5 138 7 15 35
0 0 1 9 7 122 5 56
0 0 3 9 30 7 113 38
0 0 4 16 17 23 4 136
0 0 11 9 14 15 18 133
0 0 2 27 26 19 12 114
0 0 1 16 47 12 18 106
0 0 4 30 14 51 12 89
0 0 2 39 53 15 27 64
0 0 3 12 59 35 7 84
0 0 6 25 26 50 26 67
0 0 8 58 26 18 27 63
0 0 12 69 46 11 6 56
0 0 0 80 68 18 7 27
0 0 1 8 102 39 19 31
0 0 0 5 12 81 39 63
0 0 0 5 6 12 89 88
0 0 2 4 8 6 9 171
0 0 6 15 5 6 11 157
0 0 0 19 20 11 8 142
0 0 3 9 31 19 9 129
0 0 5 17 15 32 21 110
0 0 4 43 26 8 30 89
0 0 77 16 39 14 7 47
0 0 1 162 10 8 1 18
0 0 1 17 170 1 3 8
0 0 0 10 26 149 2 13
0 0 0 6 19 24 136 15
0 0 0 0 8 24 16 152
0 0 6 12 0 3 22 157
0 0 1 63 15 0 3 118
0 0 2 14 90 10 2 82
0 0 1 12 29 78 9 71
0 0 3 22 8 21 56 90
0 0 2 18 25 14 19 122
0 0 0 20 44 25 10 101
0 0 0 2 24 36 25 113
0 0 0 2 16 28 30 124
0 0 0 2 7 15 29 147

# Antibody prevalence values
0 0 0 0 0 1 0 12 0 24 7 16 47 12 80 1
0 0 0 0 0 0 0 11 0 17 2 23 11 30 94 12
0 0 0 0 0 2 0 6 0 19 0 26 1 19 93 34
0 0 0 0 0 2 0 19 0 15 0 15 1 14 81 53
0 0 0 0 0 4 0 23 0 18 1 17 4 9 88 36
0 0 0 0 0 2 0 32 0 31 1 21 2 8 60 43
0 0 0 0 0 12 0 14 6 41 3 21 6 10 57 30
0 0 0 0 0 10 0 52 1 28 1 19 2 16 52 19
0 0 0 0 0 2 0 56 16 42 11 8 9 11 38 7
0 0 0 0 0 19 0 12 26 41 29 22 6 0 41 4
0 0 0 0 0 1 0 105 0 11 22 9 15 6 30 1
0 0 0 0 0 1 0 4 48 88 7 0 20 0 31 1
0 0 0 0 0 0 0 20 4 6 103 12 3 1 51 0
0 0 0 0 0 2 0 4 0 27 1 1 99 17 48 1
0 0 0 0 0 3 0 14 0 15 0 28 2 1 125 12
0 0 0 0 0 1 0 11 0 31 0 14 2 11 113 17
0 0 0 0 0 1 0 41 0 14 0 17 0 10 89 28
0 0 0 0 0 4 0 10 5 48 1 10 3 12 81 26
0 0 0 0 0 7 0 39 1 18 24 19 5 7 66 14
0 0 0 0 0 1 0 53 0 37 1 13 14 16 51 14
0 0 0 0 0 1 1 18 15 40 22 11 9 2 68 13
0 0 0 0 0 5 0 24 1 19 15 38 14 21 53 10
0 0 0 0 0 17 0 51 0 21 0 26 6 23 41 15
0 0 0 0 0 12 1 64 9 45 9 7 5 3 38 7
0 0 0 0 0 0 2 69 22 40 27 8 3 0 27 2
0 0 0 0 0 1 0 8 45 56 42 7 18 0 23 0
0 0 0 0 0 0 0 6 6 6 87 15 34 3 43 0
0 0 0 0 0 1 0 1 0 14 3 8 82 20 69 2
0 0 0 0 0 0 0 4 0 8 0 4 6 7 158 13
0 0 0 0 0 1 0 18 0 10 0 9 0 9 139 14
0 0 0 0 0 0 0 33 0 26 0 7 0 4 116 14
0 0 0 0 0 1 0 15 0 41 0 23 0 10 91 19
0 0 0 0 0 6 0 25 0 21 0 33 0 16 79 20
0 0 0 0 0 2 0 36 0 29 0 7 0 32 62 32
0 0 0 0 0 67 0 20 4 35 5 7 2 4 32 24
0 0 0 0 0 2 5 162 1 6 10 0 3 0 11 0
0 0 0 0 0 1 0 16 64 96 3 0 8 0 12 0
0 0 0 0 0 0 0 10 12 17 137 5 3 0 16 0
0 0 0 0 0 0 0 5 0 16 10 19 127 9 14 0
0 0 0 0 0 0 0 0 0 6 2 18 13 16 138 7
0 0 0 0 0 7 0 18 0 2 0 5 1 15 137 15
0 0 0 0 0 1 0 56 0 17 0 1 0 2 94 29
0 0 0 0 0 2 1 15 37 55 9 2 0 0 75 4
0 0 0 0 0 3 1 9 7 27 52 16 9 1 75 0
0 0 0 0 0 3 0 19 0 12 7 15 49 9 86 0
0 0 0 0 0 3 0 16 1 30 0 11 4 5 120 10
0 0 0 0 0 0 0 18 3 28 8 18 1 8 109 7
0 0 0 0 0 0 0 5 0 34 5 24 8 13 97 14
0 0 0 0 0 0 0 2 0 14 1 36 7 16 99 25
0 0 0 0 0 0 0 6 0 6 0 13 2 21 104 48

# Average weight-at-age
70
94
115
134
150
160
165
168

# Maturity logistic function parameter age-at-50%
3

# Maturity logistic function parameter age-at-95%
4

# Infection prevalence index (avg of 3 different samples)
0
0
0
0.00555555555555556
0.00555555555555556
0.0166666666666667
0
0.0833333333333333
0.0722222222222222
0.0111111111111111
0
0.138888888888889
0
0
0
0
0
0.00555555555555556
0
0.00555555555555556
0.00555555555555556
0
0
0.111111111111111
0.216666666666667
0.0888888888888889
0
0
0
0
0
0
0
0.00555555555555556
0.0444444444444444
0.255555555555556
0.0333333333333333
0
0
0
0
0.155555555555556
0.1
0
0
0
0.00555555555555556
0
0
0

