# Simulated data from SIR age-structured hybrid model
# random seed = 2660121
# Flag=0 if no issues, =1 if negative pop #'s, =2 if NaN, or=3 if NA. Flag:
0

# True SSB
43969.6857164144
56281.3368445259
84391.2344971172
122157.688873707
128335.573277282
118454.012450663
117768.858439178
112834.210420485
111673.452188147
104542.430563695
88749.0474812894
75031.993563234
79045.7813432046
79817.0130525979
77699.4776092346
75292.6052365978
78842.2516261082
79416.0490551163
70208.2116672703
64415.5205451304
55696.2835260262
46343.1167406516
38594.6142430739
31917.0645441169
27305.7584462936
23999.9845232382
23580.6555393069
26365.1489707293
31065.6570871139
41483.2837993692
41832.4634260792
36340.2272508929
40222.725322747
39021.8379591234
31408.9547911274
26739.0838065446
24515.7946288762
25421.8570773546
25592.7306389622
21453.5144745902
18375.2293040491
16694.3035047269
16503.8560523928
16088.2217763508
19354.6068589795
47484.6465047734
63528.83785662
59862.0917355838
56805.4720687359
48345.8537778802

# True R (numbers)
1336.53524105254
224.984232564535
494.228027149851
390.168103834023
428.092307500205
478.237371038066
289.241260764012
38.2563169748273
28.5346909722495
639.528403460016
206.598322476009
419.420526403984
110.027376818705
610.674013236485
195.426520711504
158.96536693177
135.864749155324
18.8673448559268
66.9448456504071
10.1162783332991
55.4916292241068
38.7704795685326
34.56574269654
113.154851518861
134.538534830466
237.486751473199
435.330978197156
47.232704531583
70.6922513013382
318.213633809816
37.4471960375499
22.9321913982079
32.1430141165754
70.6858812968636
137.91386519154
55.0703750379298
27.4638413598104
10.149889957552
57.0706873170857
58.4859486438534
41.6666839799863
61.4825123797622
1042.53295661991
230.165985627844
262.61215608589
41.0964973978116
128.073365885861
79.0400955595588
36.6291913875135
28.0356573065606

# True infection rate given (selected) susceptible
-999 -999 0.559598419046392 0.559598419046392 0.559598419046392 0.559598419046391 0.559598419046391 0.559598419046392
-999 -999 0.783855603607006 0.783855603607005 0.783855603607006 0.783855603607005 0.783855603607005 0.783855603607005
-999 -999 0.898218119530526 0.898218119530526 0.898218119530526 0.898218119530526 0.898218119530527 0.898218119530526
-999 -999 0.930425900409748 0.930425900409748 0.930425900409748 0.930425900409748 0.930425900409748 0.930425900409748
-999 -999 0.854300989612964 0.854300989612964 0.854300989612964 0.854300989612963 0.854300989612964 0.854300989612963
-999 -999 0.431798413951379 0.43179841395138 0.43179841395138 0.43179841395138 0.43179841395138 0.431798413951379
-999 -999 0.684012251689841 0.684012251689841 0.684012251689841 0.684012251689842 0.684012251689841 0.684012251689841
-999 -999 0.571673525673407 0.571673525673407 0.571673525673407 0.571673525673407 0.571673525673408 0.571673525673407
-999 -999 0.675972419878307 0.675972419878306 0.675972419878306 0.675972419878306 0.675972419878306 0.675972419878306
-999 -999 0.554339420676931 0.554339420676932 0.554339420676932 0.554339420676931 0.554339420676931 0.554339420676932
-999 -999 0.0146429134936067 0.0146429134936065 0.0146429134936059 0.0146429134936065 0.0146429134936063 0.0146429134936075
-999 -999 0.0076186773182923 0.00761867731829224 0.00761867731829174 0.00761867731829269 0.00761867731829243 0.00761867731829179
-999 -999 0.799859771976686 0.799859771976686 0.799859771976686 0.799859771976686 0.799859771976686 0.799859771976686
-999 -999 0.731284429808071 0.731284429808071 0.731284429808071 0.731284429808071 0.731284429808072 0.731284429808071
-999 -999 0.535725553282658 0.535725553282658 0.535725553282658 0.535725553282659 0.535725553282658 0.535725553282658
-999 -999 0.546522774282181 0.546522774282181 0.546522774282181 0.54652277428218 0.546522774282181 0.54652277428218
-999 -999 0.755449270323612 0.755449270323612 0.755449270323613 0.755449270323612 0.755449270323613 0.755449270323612
-999 -999 0.705354254073171 0.705354254073171 0.705354254073171 0.705354254073171 0.705354254073171 0.705354254073171
-999 -999 0.0051294733738885 0.00512947337388971 0.00512947337389004 0.00512947337388933 0.00512947337389055 0.00512947337388903
-999 -999 0.0392492626745895 0.0392492626745891 0.0392492626745895 0.0392492626745895 0.0392492626745884 0.0392492626745889
-999 -999 0.0808851603011505 0.0808851603011508 0.0808851603011509 0.0808851603011504 0.0808851603011506 0.0808851603011514
-999 -999 0.0316463766253364 0.0316463766253355 0.0316463766253359 0.0316463766253363 0.0316463766253357 0.0316463766253361
-999 -999 0.134761123201873 0.134761123201873 0.134761123201873 0.134761123201873 0.134761123201873 0.134761123201873
-999 -999 0.131335787757459 0.131335787757459 0.131335787757459 0.13133578775746 0.131335787757459 0.131335787757459
-999 -999 0.0142147867014647 0.0142147867014642 0.0142147867014643 0.014214786701464 0.0142147867014646 0.014214786701464
-999 -999 0.020485867471496 0.0204858674714972 0.0204858674714964 0.0204858674714973 0.0204858674714961 0.0204858674714971
-999 -999 0.0245135679310847 0.0245135679310844 0.0245135679310839 0.024513567931085 0.0245135679310842 0.0245135679310841
-999 -999 0.460240117368511 0.460240117368511 0.460240117368511 0.46024011736851 0.460240117368511 0.460240117368511
-999 -999 0.541471859432225 0.541471859432225 0.541471859432225 0.541471859432225 0.541471859432225 0.541471859432224
-999 -999 0.790761576948261 0.790761576948261 0.790761576948261 0.790761576948261 0.790761576948261 0.790761576948261
-999 -999 0.640563683091977 0.640563683091977 0.640563683091977 0.640563683091977 0.640563683091977 0.640563683091977
-999 -999 0.00176105146159675 0.00176105146159703 0.00176105146159607 0.00176105146159779 0.00176105146159685 0.0017610514615978
-999 -999 0.579778400497031 0.57977840049703 0.579778400497031 0.579778400497031 0.579778400497031 0.57977840049703
-999 -999 0.565661843272307 0.565661843272307 0.565661843272307 0.565661843272307 0.565661843272307 0.565661843272307
-999 -999 0.00148743177510657 0.00148743177510623 0.0014874317751064 0.0014874317751062 0.00148743177510597 0.00148743177510608
-999 -999 0.00114763150524998 0.00114763150524898 0.00114763150524801 0.00114763150524784 0.00114763150524899 0.00114763150524863
-999 -999 0.00263364232491742 0.00263364232491837 0.00263364232491784 0.0026336423249179 0.00263364232491871 0.00263364232491824
-999 -999 0.0313169747960209 0.0313169747960218 0.0313169747960217 0.0313169747960213 0.0313169747960215 0.0313169747960226
-999 -999 0.379770615428494 0.379770615428494 0.379770615428493 0.379770615428493 0.379770615428494 0.379770615428493
-999 -999 0.0024886295686897 0.0024886295686898 0.00248862956869005 0.00248862956869041 0.00248862956869054 0.00248862956868899
-999 -999 0.00250072252882206 0.00250072252882188 0.00250072252882157 0.00250072252882259 0.00250072252882326 0.00250072252882238
-999 -999 0.00812583037620454 0.00812583037620446 0.00812583037620437 0.00812583037620458 0.00812583037620477 0.00812583037620456
-999 -999 0.0392785144314301 0.0392785144314312 0.0392785144314302 0.03927851443143 0.0392785144314297 0.0392785144314307
-999 -999 0.0311043005228802 0.0311043005228801 0.0311043005228796 0.0311043005228803 0.0311043005228812 0.03110430052288
-999 -999 0.134913732523776 0.134913732523776 0.134913732523775 0.134913732523775 0.134913732523775 0.134913732523775
-999 -999 0.945665380357242 0.945665380357242 0.945665380357242 0.945665380357243 0.945665380357242 0.945665380357242
-999 -999 0.888512550100281 0.888512550100281 0.888512550100281 0.88851255010028 0.888512550100281 0.888512550100281
-999 -999 0.0988697778477177 0.0988697778477177 0.0988697778477183 0.0988697778477175 0.0988697778477179 0.0988697778477176
-999 -999 0.515559509124198 0.515559509124198 0.515559509124198 0.515559509124198 0.515559509124198 0.515559509124198
-999 -999 0.00222345364672643 0.00222345364672525 0.00222345364672597 0.00222345364672686 0.0022234536467262 0.00222345364672613

# Duration of outbreak (days) based on incidence
0
0
0
0
0
0
0
0
0
0
0
0
0
0
0
0
0
0
0
0
0
0
0
0
0
0
0
0
0
0
0
0
0
0
0
0
0
0
0
0
0
0
0
0
0
4
0
0
0
0

# Duration of outbreak (days) based on prevalence
0
24
23
22
15
0
0
0
0
0
0
0
19
4
0
0
13
0
0
0
0
0
0
0
0
0
0
0
0
25
0
0
0
0
0
0
0
0
0
0
0
0
0
0
0
28
22
0
0
0

# Peak (point) prevalence
0.0819839463762988
0.195858233292592
0.319307813226124
0.341911943018717
0.155549632877535
0.0233417426028069
0.0758354524745805
0.0472733226754835
0.0767175144275376
0.0421346728386014
0.000613500423443873
0.000301600880377158
0.165864186373736
0.101748655818353
0.0438122726159593
0.0467835915838283
0.121096349507016
0.0861174981447266
0.000164488156590348
0.00362350864759486
0.00813602583049407
0.00245146262453231
0.0125458889646693
0.0118755108111161
0.000909410099809823
0.00175840958654593
0.00313417007187117
0.0747519203857426
0.0877412015691436
0.213416996184153
0.0769318966530856
4.85979562303279e-05
0.0757287781569983
0.0586185574534144
3.52259078127188e-05
3.32413511416333e-05
0.000108058409447581
0.00418066288080623
0.0551794146802445
0.00013412810402334
0.000141505296270964
0.00071384800144436
0.00660825823783962
0.00570859216494261
0.0353027463008212
0.600268490824246
0.27804997365414
0.0074894614932516
0.047005353350893
6.98712922939635e-05

# Day of peak prevalence
75
40
22
17
25
88
52
70
54
72
119
119
35
43
76
74
43
47
119
119
119
119
119
119
119
119
119
91
80
39
57
75
74
71
71
67
81
119
101
109
103
119
119
119
119
17
21
119
79
98

# Total immunity
0.0430114803878462
0.0630928885804522
0.0965182100871832
0.171213597564789
0.273349126284322
0.292540031868684
0.276452278498536
0.35264769971971
0.428505769147002
0.318736910760699
0.326297748656309
0.230629658031805
0.210322140585966
0.205798324727904
0.24413862853948
0.261621281005245
0.285485289320011
0.412530925762543
0.507431387067315
0.498255895067638
0.445862120445805
0.421458824554331
0.385642370089824
0.293514300386719
0.216954643158456
0.126846891696143
0.0647758162921553
0.0624492016673355
0.11001911993481
0.123051470951331
0.255202225991056
0.339035578209727
0.31257835265126
0.387138395442784
0.352849475323794
0.301232532284091
0.275537211178635
0.265233647145728
0.213824637524541
0.265977436073404
0.219442519174588
0.164777033219833
0.0257182396564495
0.0221455796817145
0.01840645677736
0.026576736220229
0.226332859099348
0.405321382614007
0.393565399181455
0.482358240414969

# Observed immunity (based on survey selectivity)
0.400398501710972
0.375338592686757
0.358818819447551
0.406524699042315
0.618872376836435
0.733344999971225
0.645218362221346
0.664492732429328
0.629995979185014
0.680560884358523
0.762389333440574
0.709138302944517
0.504158949440411
0.598271440300265
0.647220499335035
0.637992027653932
0.568754760905781
0.625169705870842
0.733887342048725
0.632500618289222
0.588044057995793
0.576377924257221
0.550812099237339
0.558388217243115
0.544318274175092
0.483927835372424
0.379597100330961
0.266039841743209
0.324991964064318
0.336535151569171
0.571516257674973
0.709411114517801
0.49052632398553
0.574827210738179
0.748432541355558
0.689627960503598
0.577616480362288
0.424444408459003
0.341056500763105
0.49656776386649
0.458898212963756
0.38933044271939
0.305423635730287
0.259620658979469
0.167097903461442
0.0718939803351496
0.409628922869928
0.67645977095832
0.598144637698858
0.693500527559501

# True total proportion of susceptible
1 1 1 0.984783426070488 0.838045123256638 0.655998863597537 0.50520452012593 0.156542034677761
1 1 1 0.97931208576633 0.762185854885043 0.431679940726086 0.306667043935183 0.0948258821473254
1 1 1 0.971583516561964 0.664688902509361 0.218881611414096 0.0948094442351064 0.0276116970066307
1 1 1 0.967770809344659 0.610976465452794 0.109180846655584 0.0210400399261297 0.00421815171647268
1 1 1 0.966720357402068 0.594823186200003 0.0789894954843188 0.00688658266267744 0.000569629876375084
1 1 1 0.969306419898344 0.626787453534836 0.123142986805688 0.0107374453820652 0.000448504081938841
1 1 1 0.983966381605241 0.801793957678432 0.387116582949215 0.0681829297296797 0.00313889661258143
1 1 1 0.975028772162078 0.710581472011264 0.314308280521701 0.123637006094078 0.0103371991346136
1 1 1 0.978928847846555 0.749470324614894 0.349726385500586 0.134085465218882 0.00865939138543629
1 1 1 0.975299482141436 0.709776606238651 0.295923259284978 0.113500911252206 0.0108927105746211
1 1 1 0.979554313779131 0.756955492430578 0.361300794043411 0.131079386530713 0.012437285644901
1 1 1 0.999459233629853 0.974194269906447 0.748334070888598 0.356311565074804 0.0361803810521497
1 1 1 0.999720050265159 0.996658230489291 0.968946020391313 0.743684028720446 0.112226997769273
1 1 1 0.971089865228084 0.67420733324523 0.290812508670138 0.232777414236558 0.0433296822200986
1 1 1 0.973454600619506 0.68123583524728 0.225922626016695 0.0775046993001543 0.0121378907603024
1 1 1 0.980197591777829 0.762803989781837 0.356701549767018 0.102920610625011 0.00599769576690581
1 1 1 0.97981459185206 0.764135518988636 0.39755821277704 0.162440704317453 0.0194221291985818
1 1 1 0.972562460516747 0.677179664284199 0.241896004832717 0.0981927783120523 0.00913473977467821
1 1 1 0.974329583940985 0.69298487622318 0.244169159957977 0.0698462378460976 0.00924794397844309
1 1 1 0.999811941964225 0.972467669085508 0.690172222380588 0.242951496474264 0.0142915007857164
1 1 1 0.998539912489024 0.985133825902061 0.94488126152703 0.667150939638072 0.0990148749957451
1 1 1 0.996989344114626 0.968111848800478 0.927119173490962 0.885285233682132 0.172620051509783
1 1 1 0.998830022538141 0.985259077284272 0.946114061329636 0.904557058079927 0.272214541187522
1 1 1 0.994991467854245 0.947801511505208 0.88720558190378 0.84529420933016 0.316367316787293
1 1 1 0.995120284348833 0.945412475733211 0.854664239929499 0.793145292867118 0.287579080280971
1 1 1 0.999477280944409 0.989897044179282 0.935768923455668 0.845140155811258 0.334133205699172
1 1 1 0.999244205498293 0.991901502805416 0.975545126653991 0.921156682914541 0.337497482042431
1 1 1 0.999091900276143 0.990137552903852 0.97461693605506 0.957521108461762 0.401241611380914
1 1 1 0.98287521313548 0.815803976892441 0.617793016265512 0.584000921329193 0.252369426288804
1 1 1 0.979930944307315 0.767768338607816 0.431996908161452 0.297601622739778 0.129003185921153
1 1 1 0.971343860823364 0.66218691634143 0.215284772327594 0.0917475417914771 0.0350482210797778
1 1 1 0.976558717324439 0.718613338468582 0.279630547982677 0.0755726838976946 0.017599228592635
1 1 1 0.999935828823809 0.975917910009396 0.717624059361537 0.279160280640839 0.040893981649827
1 1 1 0.978574177692657 0.766307041866624 0.497087292936944 0.324286472242521 0.0650100424528346
1 1 1 0.979139012236489 0.754909108779178 0.385669020195407 0.222740448265912 0.0342837243903638
1 1 1 0.999945819193712 0.978596790390327 0.754043669945852 0.385140507711866 0.0557085439097893
1 1 1 0.999958212188548 0.999527996369051 0.977812152764673 0.75334682269251 0.190715901417727
1 1 1 0.99990396418552 0.998997800256334 0.997703553272869 0.975915835294717 0.22740203969293
1 1 1 0.998837058093528 0.988225979198234 0.976727121019897 0.974267322816857 0.259590618107548
1 1 1 0.985824052882523 0.848972308204633 0.688246721046986 0.661463793485261 0.20063194130763
1 1 1 0.999908991035077 0.984916553655088 0.847404208963517 0.686825569881541 0.286112829415546
1 1 1 0.999908605990837 0.998995024287443 0.9831944709672 0.845753232805586 0.413844693557865
1 1 1 0.999701111222386 0.996917290544404 0.99330966177011 0.977264083139164 0.474761788543283
1 1 1 0.998539949859824 0.985024270456221 0.968925605027282 0.963889476432433 0.50240789404413
1 1 1 0.998843527675156 0.986935851499473 0.963059151054404 0.946018893172739 0.507058845122496
1 1 1 0.994949933552864 0.947382991973592 0.887932434398256 0.860209055320913 0.534952274125701
1 1 1 0.966155508830415 0.606841961928426 0.11906802866354 0.0541778579411063 0.0336285676432285
1 1 1 0.9681435661082 0.611755006912911 0.104776217540262 0.012394110926488 0.00376089212410043
1 1 1 0.996320188024523 0.931523662071433 0.560979933807269 0.0940727319906621 0.00517878658239781
1 1 1 0.980913440475212 0.790731167062949 0.528509616890688 0.283014217701325 0.0370632293082445

# True vulnerable proportion of susceptible
0 0 0.05 0.492391713035244 0.796142867093806 0.655998863597537 0.50520452012593 0.156542034677761
0 0 0.05 0.489656042883165 0.724076562140791 0.431679940726086 0.306667043935183 0.0948258821473254
0 0 0.05 0.485791758280982 0.631454457383893 0.218881611414096 0.0948094442351064 0.0276116970066307
0 0 0.05 0.48388540467233 0.580427642180154 0.109180846655584 0.0210400399261297 0.00421815171647268
0 0 0.05 0.483360178701034 0.565082026890003 0.0789894954843188 0.00688658266267744 0.000569629876375084
0 0 0.05 0.484653209949172 0.595448080858094 0.123142986805688 0.0107374453820652 0.000448504081938841
0 0 0.05 0.491983190802621 0.761704259794511 0.387116582949215 0.0681829297296797 0.00313889661258143
0 0 0.05 0.487514386081039 0.6750523984107 0.314308280521701 0.123637006094078 0.0103371991346136
0 0 0.05 0.489464423923277 0.711996808384149 0.349726385500586 0.134085465218882 0.00865939138543629
0 0 0.05 0.487649741070718 0.674287775926719 0.295923259284978 0.113500911252206 0.0108927105746211
0 0 0.05 0.489777156889565 0.719107717809049 0.361300794043411 0.131079386530713 0.012437285644901
0 0 0.05 0.499729616814926 0.925484556411124 0.748334070888598 0.356311565074804 0.0361803810521497
0 0 0.05 0.49986002513258 0.946825318964826 0.968946020391313 0.743684028720446 0.112226997769273
0 0 0.05 0.485544932614042 0.640496966582969 0.290812508670138 0.232777414236558 0.0433296822200986
0 0 0.05 0.486727300309753 0.647174043484916 0.225922626016695 0.0775046993001543 0.0121378907603024
0 0 0.05 0.490098795888915 0.724663790292745 0.356701549767018 0.102920610625011 0.00599769576690581
0 0 0.05 0.48990729592603 0.725928743039204 0.39755821277704 0.162440704317453 0.0194221291985818
0 0 0.05 0.486281230258373 0.643320681069989 0.241896004832717 0.0981927783120523 0.00913473977467821
0 0 0.05 0.487164791970492 0.658335632412021 0.244169159957977 0.0698462378460976 0.00924794397844309
0 0 0.05 0.499905970982112 0.923844285631233 0.690172222380588 0.242951496474264 0.0142915007857164
0 0 0.05 0.499269956244512 0.935877134606958 0.94488126152703 0.667150939638072 0.0990148749957451
0 0 0.05 0.498494672057313 0.919706256360454 0.927119173490962 0.885285233682132 0.172620051509783
0 0 0.05 0.499415011269071 0.935996123420058 0.946114061329636 0.904557058079927 0.272214541187522
0 0 0.05 0.497495733927123 0.900411435929947 0.88720558190378 0.84529420933016 0.316367316787293
0 0 0.05 0.497560142174416 0.898141851946551 0.854664239929499 0.793145292867118 0.287579080280971
0 0 0.05 0.499738640472204 0.940402191970318 0.935768923455668 0.845140155811258 0.334133205699172
0 0 0.05 0.499622102749146 0.942306427665145 0.975545126653991 0.921156682914541 0.337497482042431
0 0 0.05 0.499545950138071 0.940630675258659 0.97461693605506 0.957521108461762 0.401241611380914
0 0 0.05 0.49143760656774 0.775013778047819 0.617793016265512 0.584000921329193 0.252369426288804
0 0 0.05 0.489965472153657 0.729379921677425 0.431996908161452 0.297601622739778 0.129003185921153
0 0 0.05 0.485671930411682 0.629077570524359 0.215284772327594 0.0917475417914771 0.0350482210797778
0 0 0.05 0.488279358662219 0.682682671545153 0.279630547982677 0.0755726838976946 0.017599228592635
0 0 0.05 0.499967914411904 0.927122014508927 0.717624059361537 0.279160280640839 0.040893981649827
0 0 0.05 0.489287088846329 0.727991689773293 0.497087292936944 0.324286472242521 0.0650100424528346
0 0 0.05 0.489569506118244 0.717163653340219 0.385669020195407 0.222740448265912 0.0342837243903638
0 0 0.05 0.499972909596856 0.92966695087081 0.754043669945852 0.385140507711866 0.0557085439097893
0 0 0.05 0.499979106094274 0.949551596550598 0.977812152764673 0.75334682269251 0.190715901417727
0 0 0.05 0.49995198209276 0.949047910243517 0.997703553272869 0.975915835294717 0.22740203969293
0 0 0.05 0.499418529046764 0.938814680238322 0.976727121019897 0.974267322816857 0.259590618107548
0 0 0.05 0.492912026441261 0.806523692794401 0.688246721046986 0.661463793485261 0.20063194130763
0 0 0.05 0.499954495517538 0.935670725972334 0.847404208963517 0.686825569881541 0.286112829415546
0 0 0.05 0.499954302995418 0.949045273073071 0.9831944709672 0.845753232805586 0.413844693557865
0 0 0.05 0.499850555611193 0.947071426017184 0.99330966177011 0.977264083139164 0.474761788543283
0 0 0.05 0.499269974929912 0.93577305693341 0.968925605027282 0.963889476432433 0.50240789404413
0 0 0.05 0.499421763837578 0.937589058924499 0.963059151054404 0.946018893172739 0.507058845122496
0 0 0.05 0.497474966776432 0.900013842374912 0.887932434398256 0.860209055320913 0.534952274125701
0 0 0.05 0.483077754415208 0.576499863832005 0.11906802866354 0.0541778579411063 0.0336285676432285
0 0 0.05 0.4840717830541 0.581167256567266 0.104776217540262 0.012394110926488 0.00376089212410043
0 0 0.05 0.498160094012262 0.884947478967861 0.560979933807269 0.0940727319906621 0.00517878658239781
0 0 0.05 0.490456720237606 0.751194608709802 0.528509616890688 0.283014217701325 0.0370632293082445

# True survival by age
0.778267540515681 0.778267540515681 0.771403458814111 0.710679315691457 0.66905810803099 0.688394380643419 0.709176084478993 0.75722696188159
0.778267540515681 0.778267540515681 0.76886042456327 0.686153548747932 0.642164909568587 0.697353327821756 0.720940206331513 0.760909456502667
0.778267540515681 0.778267540515681 0.7676120446712 0.674755652161013 0.643877135729608 0.732038224064406 0.758545393859757 0.772901732885257
0.778267540515681 0.778267540515681 0.767268811277342 0.671842235524178 0.650795654843742 0.754725551790148 0.774161289580512 0.777870647601084
0.778267540515681 0.778267540515681 0.768114355766677 0.680132382744096 0.66373595368828 0.762718763693296 0.777398695931193 0.778684808173042
0.778267540515681 0.778267540515681 0.772943055922845 0.726673336653921 0.715057470680531 0.765621659271144 0.777651630158519 0.778752782848456
0.778267540515681 0.778267540515681 0.769991988717869 0.696847442740534 0.652302771281379 0.714522289355584 0.767479397697605 0.77827958724804
0.778267540515681 0.778267540515681 0.77127696058817 0.710120690602814 0.68404171586426 0.734689237383303 0.761448967096314 0.777350010501372
0.778267540515681 0.778267540515681 0.770081042203942 0.698138782948621 0.661825920204056 0.72135360479037 0.756775474302381 0.777378363656257
0.778267540515681 0.778267540515681 0.771483434242244 0.712115358530195 0.686933501364572 0.738491487400899 0.76334021467407 0.777317028491694
0.778267540515681 0.778267540515681 0.778112517300499 0.776759906433983 0.776167574380517 0.777487921897796 0.778324479005444 0.778755589621241
0.778267540515681 0.778267540515681 0.778200135235239 0.777594140575991 0.777033650307758 0.777392906140658 0.778130436962437 0.778732715177915
0.778267540515681 0.778267540515681 0.768698561442023 0.682604687391758 0.59706628921772 0.592847615966564 0.636078280934488 0.757262982997217
0.778267540515681 0.778267540515681 0.769474552830875 0.692895144371928 0.665803628243543 0.727503493319561 0.737740477514458 0.771157730597957
0.778267540515681 0.778267540515681 0.771695903215005 0.714309790012839 0.69337765744968 0.748986680388953 0.768572798809496 0.777198994318071
0.778267540515681 0.778267540515681 0.771569387669199 0.712622967107635 0.681315846928539 0.730825744607042 0.764958341801563 0.777994115185312
0.778267540515681 0.778267540515681 0.769181611778361 0.689253048660772 0.646478576941814 0.706345076309404 0.749195669505709 0.775261064729083
0.778267540515681 0.778267540515681 0.769762077140044 0.695561227494913 0.669004872223925 0.737523041631215 0.762044920909636 0.777242008147428
0.778267540515681 0.778267540515681 0.778231009749661 0.777925299013376 0.777950263945926 0.778492187955483 0.778712507353582 0.778789094984566
0.778267540515681 0.778267540515681 0.777803840668589 0.773631514350138 0.769714492846511 0.772032098791958 0.77641809955919 0.778660622900416
0.778267540515681 0.778267540515681 0.777283767290195 0.768444950791621 0.759861650444938 0.759705954445583 0.765318525163825 0.776799820467491
0.778267540515681 0.778267540515681 0.777901223260799 0.774617001928701 0.771546459212384 0.771514008662253 0.771842806179066 0.777444060645835
0.778267540515681 0.778267540515681 0.776614687665219 0.761758973898661 0.747334123790659 0.747020528328719 0.748416440516898 0.769657015086974
0.778267540515681 0.778267540515681 0.776657792978062 0.762253360624863 0.749306673134453 0.749764147282834 0.751135830786231 0.768446652371223
0.778267540515681 0.778267540515681 0.778118579424218 0.776787800550791 0.775620885095543 0.775798805367536 0.776014888478093 0.777790671794049
0.778267540515681 0.778267540515681 0.778040296251199 0.775996564455978 0.773998907753031 0.774048828844376 0.774509053312943 0.77710401193548
0.778267540515681 0.778267540515681 0.777989149924819 0.775486141689633 0.77302527411561 0.77284892921041 0.773180756062927 0.776741692582723
0.778267540515681 0.778267540515681 0.772581556453013 0.721459818531994 0.671304579024636 0.667447948533271 0.669401196820742 0.732957755817268
0.778267540515681 0.778267540515681 0.771607817739619 0.712819907751348 0.675138223485264 0.696184745118197 0.700703684187229 0.745052000628798
0.778267540515681 0.778267540515681 0.768781835434605 0.685324882815035 0.640017719738515 0.696614518600907 0.722182864722321 0.754258269559499
0.778267540515681 0.778267540515681 0.770495554520348 0.702790112358855 0.680664035465899 0.745222179358427 0.764490647179543 0.773334208200551
0.778267540515681 0.778267540515681 0.778272638134295 0.778329821644117 0.778487188976104 0.778680181161068 0.778768189314699 0.778793192696873
0.778267540515681 0.778267540515681 0.771159928898071 0.707196019596358 0.646487918085584 0.676406253356052 0.738968665852735 0.772965805878819
0.778267540515681 0.778267540515681 0.771346325993058 0.710549747574829 0.677620422433783 0.709726759155174 0.733738734900658 0.769767147951398
0.778267540515681 0.778267540515681 0.778275995286155 0.778361448438216 0.778519502490524 0.778660342798302 0.778719672772812 0.778788298751001
0.778267540515681 0.778267540515681 0.778280159853449 0.778393755947614 0.778513589243171 0.778589005532973 0.778692614125856 0.778785137003714
0.778267540515681 0.778267540515681 0.778261930573162 0.778211465717803 0.778161253610595 0.778169662620621 0.778314541838882 0.778677687131823
0.778267540515681 0.778267540515681 0.777903585221321 0.774628388309893 0.77135985470054 0.771006375270489 0.77117658851511 0.777024239100688
0.778267540515681 0.778267540515681 0.77355927335988 0.731240243499608 0.689870012437625 0.686306106123586 0.686539045534451 0.754217918682963
0.778267540515681 0.778267540515681 0.778263619739527 0.778236447779565 0.77828483093079 0.778379811404264 0.778396193398281 0.778678064923634
0.778267540515681 0.778267540515681 0.778263490353302 0.778227091107763 0.778199791283704 0.778280268592359 0.778378903347512 0.778625039466666
0.778267540515681 0.778267540515681 0.778193772247327 0.777529973987094 0.776867887883817 0.776825930867365 0.777101996427255 0.777969531341113
0.778267540515681 0.778267540515681 0.77780385321145 0.773632212762901 0.769486284418668 0.769059406502081 0.769216765309443 0.774144799604289
0.778267540515681 0.778267540515681 0.777905757187088 0.774655768008618 0.771504584385083 0.771273288094564 0.771312413319972 0.774897621797596
0.778267540515681 0.778267540515681 0.776600790239598 0.761619929940782 0.74701997041933 0.746183656830311 0.746760780511549 0.761627588314968
0.778267540515681 0.778267540515681 0.767084374834851 0.667003333915498 0.576995519857141 0.579729389165614 0.585944875280214 0.658866325495872
0.778267540515681 0.778267540515681 0.76773391614421 0.67651439569418 0.657024528796495 0.753652933159627 0.767358109035918 0.771698236893958
0.778267540515681 0.778267540515681 0.77705954160956 0.766589364033635 0.764433581063906 0.776213520809857 0.778494732555184 0.778707914532233
0.778267540515681 0.778267540515681 0.771932479260771 0.715152008541639 0.666180125280339 0.707424799828906 0.76683148909582 0.778141862917496
0.778267540515681 0.778267540515681 0.778266908376875 0.77827151754696 0.778369634377741 0.778512277423812 0.77864628976126 0.778780550798171

# True Numbers-at-age
1336.53524105254 730.996565349619 303.412899837425 114.259743945938 67.711725320327 31.0503540657292 21.8675072637826 97.2889433975236
224.984232564535 1040.18199486649 568.910899040058 234.053760383409 81.2020366385804 45.303078834332 21.3748892558365 89.177724212222
494.228027149851 175.097925332809 809.539882833438 437.413075374611 160.596818284874 52.1450985147991 31.5922527856928 83.2661907328826
390.168103834023 384.641631143832 136.273031698163 621.412564704659 295.14694493815 103.404619364553 38.172205310437 88.3207409404396
428.092307500205 303.655170558572 299.354096250249 104.558047040209 417.491206653991 192.080349306153 78.0421084075626 98.2535556412073
478.237371038066 333.170347271867 236.324962755489 229.938178787376 71.1133136685267 277.103924204958 146.503286552565 137.178384430553
289.241260764012 372.196622540481 259.295666744031 182.66573890308 167.089943603549 50.850106203528 212.156766240345 220.756568233131
38.2563169748273 225.107084630463 289.668550012823 199.655586102162 127.290153030922 108.993233265844 36.3335342985194 334.636277978387
28.5346909722495 29.7736497211871 175.193537108005 223.414678831872 141.779562685577 87.0717746918959 80.0761554280235 287.795646363205
639.528403460016 22.2076237623477 23.1718651406837 134.913221643528 155.97445197254 93.8333895405108 62.8095385494941 284.325779141577
206.598322476009 497.724197650747 17.2834727262199 17.8767100965328 96.0737772011443 107.144076416917 69.2951594096398 268.956316405866
419.420526403984 160.788768308069 387.362587160787 13.4484864706935 13.8859116619302 74.5693506117864 83.3032253170478 263.385353610114
110.027376818705 326.42138152622 125.136679253666 301.445617713597 10.4574642792267 10.7898206265207 57.9696841811183 269.927566671234
610.674013236485 85.6307359460855 254.043165772142 96.1923853259252 205.768191645005 6.24379939182477 6.39671943513966 241.27941139088
195.426520711504 475.267762338399 66.6436222573077 195.479751382259 66.651236717887 137.001208574357 4.54238586913907 190.783602178808
158.96536693177 152.094117625679 369.885472481497 51.4286102713727 139.633100161623 46.2144783815726 102.612080419382 151.767977966465
135.864749155324 123.717585149161 118.36991485144 285.392307510281 36.6492088458078 95.1342438958739 33.7747305748389 196.568560617903
18.8673448559268 105.739124167894 96.2853807125769 91.0479618914977 196.707518015793 23.6929283806812 67.1976047642685 177.695833482291
66.9448456504071 14.6838420770833 82.293328102429 74.1168346555331 63.3294321341602 131.598287955641 17.4740806044705 189.32025986311
10.1162783332991 52.1010003745442 11.4279576586523 64.0432198248135 57.6573607613305 49.2671484443156 102.448239121783 161.04783896224
55.4916292241068 7.87317105762879 40.5485174199031 8.88870935789778 49.5458531369292 44.3797061972759 38.0358200149599 204.944277725224
38.7704795685326 43.1873337954537 6.12743347508 31.5177043781744 6.83048382513077 37.6479937373295 33.715527054616 188.31019582004
34.56574269654 30.1738057784153 33.6113000544175 4.7665379957139 24.4141496730965 5.27003560998711 29.0459545663785 172.423730312985
113.154851518861 26.9013955545341 23.4832936111651 26.1030292937834 3.630953092664 18.2455271540376 3.93682478568373 154.445603530838
134.538534830466 88.064747989001 20.9364829546667 18.2384829879033 19.8971218016756 2.72069738217132 13.6798421083728 121.64029716278
237.486751473199 104.70697460709 68.537934823533 16.2910663748246 14.1674310855564 15.4326232226695 2.11071377885509 105.226449595593
435.330978197156 184.828229974105 81.4900396022976 53.325275114547 12.6418115381882 10.965576185887 11.9456039315038 83.4066630731378
47.232704531583 338.803969711786 143.845811959814 63.3983666375313 41.3530118531182 9.7724398296258 8.47473381343797 74.0215437274944
70.6922513013382 36.7596807876989 263.680132224541 111.13262129316 45.7393740895381 27.7604662134583 6.52259491644857 59.9276615300867
318.213633809816 55.0174845538089 28.608866356784 203.457651407072 79.217544858356 30.8803997661387 19.3264130951788 49.2196304044129
37.4471960375499 247.655342143723 42.8183223890523 21.9939767874717 139.434591108374 50.7006324235285 21.5117348172923 51.0815176310738
22.9321913982079 29.1439371593525 192.742114025765 32.9913270527839 15.4571494176853 94.9081114673636 37.7832357895125 55.9486050633354
32.1430141165754 17.8473801981181 22.6817802939528 150.005913562413 25.678133700796 12.0331927997574 73.9030654310615 72.9967748864604
70.6858812968636 25.0158645412679 13.8900366914376 17.4912800787663 106.083584987254 16.6006031965509 8.13932685759494 111.036060590687
137.91386519154 55.0125269860934 19.469035370406 10.7140287698492 12.428424644728 71.884403672353 11.7818923067091 91.4440510720861
55.0703750379298 107.333884665631 42.8144640750194 15.1522828801641 8.33938695190853 9.67577097115464 55.9735344053659 80.3903482870546
27.4638413598104 42.8594853360458 83.5344784327144 33.3216479443458 11.7944423822717 6.49232606801798 7.5334488981961 106.192986232488
10.149889957552 21.3742162682125 33.3561462402522 65.0117044544665 25.931288486902 9.17797806982644 5.05213118597261 88.5535017368015
57.0706873170857 7.89932989376878 16.634858725512 25.9478657494589 50.3599118428424 20.0023549194545 7.07627960392892 72.7043025994687
58.4859486438534 44.4162634538078 6.14779204814542 12.8680492281513 18.9741236689294 34.7417930093794 13.7277383180728 59.6930300310839
41.6666839799863 45.5177154057782 34.5677361170915 4.78460289279553 10.014384921169 14.7672726317327 27.0423102904867 57.1672723647884
61.4825123797622 32.4278276625481 35.4249604187477 26.9028069640995 3.72350759136606 7.79319225548842 11.4930769102015 65.5610335291272
1042.53295661991 47.8498436945224 25.2375256791976 27.5674835799775 20.9177387989761 2.89267347802391 6.05395382829813 59.9357795409036
230.165985627844 811.369560055121 37.2399801661957 19.6298447188028 21.3270933222829 16.0959131068643 2.22463774821338 51.0557748229559
262.61215608589 179.130715544949 631.462591953389 28.9691949688166 15.2063724365341 16.4539502697498 12.4143478268156 41.2788891996793
41.0964973978116 204.382516826485 139.411621417982 490.394347917747 22.063516242591 11.359463887725 12.277668781586 40.7096889021672
128.073365885861 31.9840699536039 159.064278694954 106.940476460126 327.094664994454 12.7305500242702 6.58541506087969 34.0162802420092
79.0400955595588 99.6753434735539 24.8921634584728 122.119041601131 72.3467718076695 214.909218139829 9.59441636652663 31.3036751367825
36.6291913875135 61.5143407732622 77.5740844152185 19.3426931267111 93.6151584374079 55.30430185135 166.81544086681 31.8456221862407
28.0356573065606 28.5073106922383 47.8746147000502 59.881955309024 13.832965840172 62.3645579759711 39.1236346668687 152.69974469784

