# Simulated data from SIR age-structured hybrid model
# random seed = 6980796
# Flag=0 if no issues, =1 if negative pop #'s, =2 if NaN, or=3 if NA. Flag:
0

# Number of years (nyr)
50

# Starting age
0

# Ending age
8

# Sample size for comp data
200

# Sample size for fishery age comp data
200

# Sample size for antibody prevalence data
200

# Survey data
20420.1238477861
34853.8985645649
39339.7676036215
15968.1881092447
17102.1561579934
24253.4735879143
18244.9490831469
39486.9086784862
51380.1012566185
14998.8503707115
18934.7786826318
10938.2197958649
16857.1011401728
12201.2676600964
15003.4615579393
25608.2142945016
12702.7488332047
18919.5062450186
9234.09261618249
9377.68217813034
12283.7148059017
8747.42132232651
12983.7267572045
9960.0615451281
7103.83680787484
27546.840578877
6907.49373438169
17908.0823525912
9627.12262730192
13688.6690384261
18112.6217934524
13609.1968894216
43559.1455157716
36324.1856592139
47591.4073207201
70221.75527408
31258.3627380054
39858.3848783849
21613.4938969856
27876.7916126879
30486.4427929946
23758.87253836
24682.7794972606
13283.2603042717
15424.4877037665
23337.6628835188
13324.9107406435
18278.0179810114
22142.1452537289
10038.8781465763

# Catches
0
0
0
0
0
0
0
0
0
0
0
0
0
0
0
0
0
0
0
0
0
0
0
0
0
0
0
0
0
0
0
0
0
0
0
0
0
0
0
0
0
0
0
0
0
0
0
0
0
0

# Catch compositions
-999 -999 -999 -999 -999 -999 -999 -999
-999 -999 -999 -999 -999 -999 -999 -999
-999 -999 -999 -999 -999 -999 -999 -999
-999 -999 -999 -999 -999 -999 -999 -999
-999 -999 -999 -999 -999 -999 -999 -999
-999 -999 -999 -999 -999 -999 -999 -999
-999 -999 -999 -999 -999 -999 -999 -999
-999 -999 -999 -999 -999 -999 -999 -999
-999 -999 -999 -999 -999 -999 -999 -999
-999 -999 -999 -999 -999 -999 -999 -999
-999 -999 -999 -999 -999 -999 -999 -999
-999 -999 -999 -999 -999 -999 -999 -999
-999 -999 -999 -999 -999 -999 -999 -999
-999 -999 -999 -999 -999 -999 -999 -999
-999 -999 -999 -999 -999 -999 -999 -999
-999 -999 -999 -999 -999 -999 -999 -999
-999 -999 -999 -999 -999 -999 -999 -999
-999 -999 -999 -999 -999 -999 -999 -999
-999 -999 -999 -999 -999 -999 -999 -999
-999 -999 -999 -999 -999 -999 -999 -999
-999 -999 -999 -999 -999 -999 -999 -999
-999 -999 -999 -999 -999 -999 -999 -999
-999 -999 -999 -999 -999 -999 -999 -999
-999 -999 -999 -999 -999 -999 -999 -999
-999 -999 -999 -999 -999 -999 -999 -999
-999 -999 -999 -999 -999 -999 -999 -999
-999 -999 -999 -999 -999 -999 -999 -999
-999 -999 -999 -999 -999 -999 -999 -999
-999 -999 -999 -999 -999 -999 -999 -999
-999 -999 -999 -999 -999 -999 -999 -999
-999 -999 -999 -999 -999 -999 -999 -999
-999 -999 -999 -999 -999 -999 -999 -999
-999 -999 -999 -999 -999 -999 -999 -999
-999 -999 -999 -999 -999 -999 -999 -999
-999 -999 -999 -999 -999 -999 -999 -999
-999 -999 -999 -999 -999 -999 -999 -999
-999 -999 -999 -999 -999 -999 -999 -999
-999 -999 -999 -999 -999 -999 -999 -999
-999 -999 -999 -999 -999 -999 -999 -999
-999 -999 -999 -999 -999 -999 -999 -999
-999 -999 -999 -999 -999 -999 -999 -999
-999 -999 -999 -999 -999 -999 -999 -999
-999 -999 -999 -999 -999 -999 -999 -999
-999 -999 -999 -999 -999 -999 -999 -999
-999 -999 -999 -999 -999 -999 -999 -999
-999 -999 -999 -999 -999 -999 -999 -999
-999 -999 -999 -999 -999 -999 -999 -999
-999 -999 -999 -999 -999 -999 -999 -999
-999 -999 -999 -999 -999 -999 -999 -999
-999 -999 -999 -999 -999 -999 -999 -999

# Age composition from fishery-independent survey
0 0 25 67 46 37 5 20
0 0 8 125 38 11 12 6
0 0 3 32 133 11 3 18
0 0 2 18 55 71 21 33
0 0 4 13 29 55 49 50
0 0 13 22 21 25 45 74
0 0 23 81 18 7 17 54
0 0 1 99 57 4 5 34
0 0 0 9 150 11 4 26
0 0 0 8 29 90 28 45
0 0 0 3 15 43 72 67
0 0 3 11 12 9 25 140
0 0 11 26 19 11 10 123
0 0 3 77 34 14 5 67
0 0 2 18 100 16 1 63
0 0 5 23 38 65 8 61
0 0 2 32 23 28 58 57
0 0 2 31 45 22 13 87
0 0 1 3 47 48 18 83
0 0 0 15 25 32 34 94
0 0 5 13 25 17 28 112
0 0 1 33 16 21 9 120
0 0 3 33 56 12 16 80
0 0 6 18 47 53 7 69
0 0 5 30 21 36 45 63
0 0 7 25 59 11 29 69
0 0 4 60 29 41 6 60
0 0 1 41 73 14 32 39
0 0 5 42 40 57 8 48
0 0 20 42 35 26 32 45
0 0 17 74 36 25 14 34
0 0 19 79 65 15 2 20
0 0 6 102 57 20 3 12
0 0 18 31 100 33 8 10
0 0 6 103 26 38 19 8
0 0 1 24 107 15 31 22
0 0 0 8 50 74 14 54
0 0 0 5 12 33 80 70
0 0 4 4 9 13 30 140
0 0 2 36 8 9 11 134
0 0 4 17 55 4 7 113
0 0 0 40 19 44 4 93
0 0 0 1 62 20 36 81
0 0 2 6 9 47 15 121
0 0 3 17 8 7 47 118
0 0 6 21 21 9 6 137
0 0 2 51 14 24 2 107
0 0 0 24 65 21 9 81
0 0 1 10 39 57 4 89
0 0 9 12 12 28 58 81

# Antibody prevalence values
0 0 0 0 0 32 0 67 7 37 20 12 9 0 16 0
0 0 0 0 0 2 1 119 2 43 6 7 15 2 3 0
0 0 0 0 0 1 0 29 18 118 7 3 3 0 20 1
0 0 0 0 0 1 0 13 7 56 53 19 17 1 33 0
0 0 0 0 0 4 0 13 1 31 8 46 35 12 50 0
0 0 0 0 0 22 0 17 0 17 0 22 2 34 74 12
0 0 0 0 0 28 0 58 0 30 0 9 0 15 43 17
0 0 0 0 0 2 0 107 7 47 2 4 2 3 20 6
0 0 0 0 0 0 0 14 14 124 12 7 3 0 26 0
0 0 0 0 0 0 0 6 5 35 56 27 23 0 48 0
0 0 0 0 0 0 0 5 0 15 6 20 68 24 62 0
0 0 0 0 0 6 0 15 0 6 0 13 6 15 123 16
0 0 0 0 0 24 0 23 0 13 0 4 2 15 85 34
0 0 0 0 0 5 0 73 0 30 0 9 0 2 53 28
0 0 0 0 0 1 0 19 19 90 3 10 0 1 47 10
0 0 0 0 0 2 0 21 5 31 32 34 6 5 58 6
0 0 0 0 0 1 0 38 1 20 4 28 25 25 52 6
0 0 0 0 0 0 0 22 0 51 0 32 1 16 48 30
0 0 0 0 0 1 0 11 0 46 0 33 0 25 55 29
0 0 0 0 0 0 0 15 0 19 0 53 0 38 38 37
0 0 0 0 0 8 0 10 0 23 0 16 0 33 37 73
0 0 0 0 0 5 0 43 0 14 0 17 0 10 34 77
0 0 0 0 0 2 0 37 1 54 1 11 0 10 23 61
0 0 0 0 0 12 0 19 1 37 4 37 1 5 23 61
0 0 0 0 0 2 0 45 0 17 1 26 6 39 20 44
0 0 0 0 0 8 0 31 0 57 0 16 1 24 12 51
0 0 0 0 0 5 3 56 2 25 5 32 4 9 21 38
0 0 0 0 0 4 0 22 1 77 0 22 5 20 17 32
0 0 0 0 0 7 0 36 2 44 6 55 3 5 17 25
0 0 0 0 0 11 0 45 0 37 1 30 3 28 14 31
0 0 0 0 0 28 0 60 0 46 2 12 0 10 14 28
0 0 0 0 0 19 1 98 6 39 3 8 2 6 13 5
0 0 0 0 0 1 1 90 15 53 16 9 5 0 10 0
0 0 0 0 0 17 0 31 23 66 25 10 12 0 16 0
0 0 0 0 0 1 4 95 2 30 21 8 18 1 20 0
0 0 0 0 0 0 3 30 35 86 15 2 13 0 16 0
0 0 0 0 0 1 0 5 16 39 70 20 8 0 41 0
0 0 0 0 0 2 0 4 0 8 19 23 58 11 74 1
0 0 0 0 0 9 0 5 0 7 2 10 10 23 123 11
0 0 0 0 0 1 0 43 0 7 0 10 0 11 93 35
0 0 0 0 0 1 0 24 2 46 2 10 0 7 83 25
0 0 0 0 0 0 0 44 0 15 12 22 2 0 89 16
0 0 0 0 0 1 0 1 2 59 3 26 3 19 73 13
0 0 0 0 0 1 0 4 0 6 8 46 3 8 100 24
0 0 0 0 0 4 0 17 0 7 0 4 13 44 71 40
0 0 0 0 0 7 0 9 0 25 0 6 0 4 95 54
0 0 0 0 0 4 0 34 0 27 0 22 0 4 66 43
0 0 0 0 0 1 0 20 0 69 0 12 0 15 44 39
0 0 0 0 0 2 0 3 0 29 0 71 0 20 37 38
0 0 0 0 0 7 0 13 0 14 0 26 0 55 36 49

# Average weight-at-age
70
94
115
134
150
160
165
168

# Maturity logistic function parameter age-at-50%
3

# Maturity logistic function parameter age-at-95%
4

# Infection prevalence index (avg of 3 different samples)
0
0.316666666666667
0
0
0
0
0
0
0
0
0
0
0
0.144444444444444
0.0333333333333333
0
0
0
0
0
0
0.00555555555555556
0
0
0
0
0
0
0
0
0.1
0
0.288888888888889
0
0
0.0722222222222222
0
0
0
0
0.0444444444444444
0
0.00555555555555556
0
0.00555555555555556
0
0
0
0.00555555555555556
0

