# Simulated data from SIR age-structured hybrid model
# random seed = 6473280
# Flag=0 if no issues, =1 if negative pop #'s, =2 if NaN, or=3 if NA. Flag:
0

# Number of years (nyr)
50

# Starting age
0

# Ending age
8

# Sample size for comp data
20

# Sample size for fishery age comp data
20

# Sample size for antibody prevalence data
20

# Survey data
24205.0972966169
11837.5699355447
13129.0228864271
12653.5323017319
14627.7764281281
7398.15159569718
9781.78551362906
7209.40698081501
8408.60658574574
11084.9627128023
20255.5598080991
16225.5339919114
14813.9035081338
12720.3695147616
20779.5984109169
22753.1381276433
16905.0979819446
20611.4634148413
20238.8889717662
21727.3054489061
25618.9396864541
13230.4976765301
12974.9915977407
30695.8224546005
17653.5887438066
14420.5660772103
9528.05686379305
12743.8146466692
6488.47532121483
17885.383096479
19857.3821623501
10135.5788612365
9921.17413232206
23361.372653943
14707.3966955677
5361.54082279858
11149.6419938669
10867.0401990957
5622.22130164376
6687.7706787543
4574.8605207118
7526.42469008545
5126.36404587165
4692.58037328893
4676.90270509758
5452.21911946531
8308.21922388392
17494.4641279912
13999.6847690258
9533.53988609873

# Catches
0
0
0
0
0
0
0
0
0
0
0
0
0
0
0
0
0
0
0
0
0
0
0
0
0
0
0
0
0
0
0
0
0
0
0
0
0
0
0
0
0
0
0
0
0
0
0
0
0
0

# Catch compositions
-999 -999 -999 -999 -999 -999 -999 -999
-999 -999 -999 -999 -999 -999 -999 -999
-999 -999 -999 -999 -999 -999 -999 -999
-999 -999 -999 -999 -999 -999 -999 -999
-999 -999 -999 -999 -999 -999 -999 -999
-999 -999 -999 -999 -999 -999 -999 -999
-999 -999 -999 -999 -999 -999 -999 -999
-999 -999 -999 -999 -999 -999 -999 -999
-999 -999 -999 -999 -999 -999 -999 -999
-999 -999 -999 -999 -999 -999 -999 -999
-999 -999 -999 -999 -999 -999 -999 -999
-999 -999 -999 -999 -999 -999 -999 -999
-999 -999 -999 -999 -999 -999 -999 -999
-999 -999 -999 -999 -999 -999 -999 -999
-999 -999 -999 -999 -999 -999 -999 -999
-999 -999 -999 -999 -999 -999 -999 -999
-999 -999 -999 -999 -999 -999 -999 -999
-999 -999 -999 -999 -999 -999 -999 -999
-999 -999 -999 -999 -999 -999 -999 -999
-999 -999 -999 -999 -999 -999 -999 -999
-999 -999 -999 -999 -999 -999 -999 -999
-999 -999 -999 -999 -999 -999 -999 -999
-999 -999 -999 -999 -999 -999 -999 -999
-999 -999 -999 -999 -999 -999 -999 -999
-999 -999 -999 -999 -999 -999 -999 -999
-999 -999 -999 -999 -999 -999 -999 -999
-999 -999 -999 -999 -999 -999 -999 -999
-999 -999 -999 -999 -999 -999 -999 -999
-999 -999 -999 -999 -999 -999 -999 -999
-999 -999 -999 -999 -999 -999 -999 -999
-999 -999 -999 -999 -999 -999 -999 -999
-999 -999 -999 -999 -999 -999 -999 -999
-999 -999 -999 -999 -999 -999 -999 -999
-999 -999 -999 -999 -999 -999 -999 -999
-999 -999 -999 -999 -999 -999 -999 -999
-999 -999 -999 -999 -999 -999 -999 -999
-999 -999 -999 -999 -999 -999 -999 -999
-999 -999 -999 -999 -999 -999 -999 -999
-999 -999 -999 -999 -999 -999 -999 -999
-999 -999 -999 -999 -999 -999 -999 -999
-999 -999 -999 -999 -999 -999 -999 -999
-999 -999 -999 -999 -999 -999 -999 -999
-999 -999 -999 -999 -999 -999 -999 -999
-999 -999 -999 -999 -999 -999 -999 -999
-999 -999 -999 -999 -999 -999 -999 -999
-999 -999 -999 -999 -999 -999 -999 -999
-999 -999 -999 -999 -999 -999 -999 -999
-999 -999 -999 -999 -999 -999 -999 -999
-999 -999 -999 -999 -999 -999 -999 -999
-999 -999 -999 -999 -999 -999 -999 -999

# Age composition from fishery-independent survey
0 0 0 1 2 4 2 11
0 0 0 2 2 0 4 12
0 0 1 0 3 3 3 10
0 0 1 0 1 5 1 12
0 0 0 3 1 3 3 10
0 0 0 1 6 0 2 11
0 0 0 4 1 6 1 8
0 0 3 1 2 1 1 12
0 0 0 11 0 2 0 7
0 0 2 0 8 3 2 5
0 0 0 13 1 3 0 3
0 0 2 1 13 1 2 1
0 0 0 6 2 7 0 5
0 0 0 5 2 0 9 4
0 0 0 1 7 2 1 9
0 0 1 0 4 4 3 8
0 0 0 6 2 3 5 4
0 0 0 3 6 2 1 8
0 0 0 0 0 5 3 12
0 0 1 4 3 1 1 10
0 0 0 3 3 2 3 9
0 0 1 2 6 2 2 7
0 0 1 3 8 3 1 4
0 0 0 4 3 5 3 5
0 0 0 0 10 2 0 8
0 0 0 0 0 4 5 11
0 0 0 0 1 1 3 15
0 0 0 2 0 0 1 17
0 0 0 4 4 0 0 12
0 0 0 3 4 3 1 9
0 0 0 5 1 4 3 7
0 0 0 3 2 1 3 11
0 0 1 4 6 3 2 4
0 0 0 2 4 2 4 8
0 0 0 4 2 4 4 6
0 0 0 3 5 0 3 9
0 0 0 0 3 3 2 12
0 0 0 2 5 4 3 6
0 0 0 0 2 5 2 11
0 0 1 0 0 0 1 18
0 0 0 1 0 1 2 16
0 0 0 3 3 2 2 10
0 0 0 0 3 5 0 12
0 0 0 2 3 2 5 8
0 0 2 2 4 3 2 7
0 0 2 5 3 3 0 7
0 0 0 12 6 1 0 1
0 0 0 6 11 3 0 0
0 0 0 2 3 12 1 2
0 0 0 1 3 6 8 2

# Antibody prevalence values
0 0 0 0 0 0 0 4 0 5 0 1 0 2 5 3
0 0 0 0 0 1 0 5 0 2 0 0 0 2 7 3
0 0 0 0 0 0 0 0 1 2 1 3 0 1 7 5
0 0 0 0 0 0 0 1 0 0 2 2 1 5 5 4
0 0 0 0 0 0 0 2 0 5 0 3 1 4 2 3
0 0 0 0 0 0 0 1 0 5 0 2 0 0 3 9
0 0 0 0 0 0 0 2 0 2 0 3 0 0 7 6
0 0 0 0 0 2 0 1 0 3 0 2 0 1 6 5
0 0 0 0 0 0 0 12 0 0 0 3 0 1 2 2
0 0 0 0 0 2 0 2 1 5 0 0 0 1 8 1
0 0 0 0 0 0 0 14 0 1 0 2 1 0 2 0
0 0 0 0 0 0 0 1 6 7 1 0 2 0 3 0
0 0 0 0 0 0 0 4 1 0 9 2 3 0 1 0
0 0 0 0 0 0 0 5 0 4 0 1 5 2 3 0
0 0 0 0 0 2 0 2 1 6 0 2 0 0 6 1
0 0 0 0 0 0 0 3 1 3 0 2 2 1 8 0
0 0 0 0 0 1 0 1 0 1 0 7 1 4 5 0
0 0 0 0 0 0 0 0 0 3 0 2 1 1 12 1
0 0 0 0 0 1 0 1 1 0 1 4 2 3 5 2
0 0 0 0 0 1 0 3 0 5 0 1 1 2 4 3
0 0 0 0 0 1 0 2 0 4 1 2 0 1 4 5
0 0 0 0 0 1 0 2 0 5 1 0 0 0 7 4
0 0 0 0 0 1 0 4 0 4 1 2 3 1 3 1
0 0 0 0 0 0 0 0 1 2 4 4 2 1 5 1
0 0 0 0 0 0 0 0 0 7 2 2 0 1 7 1
0 0 0 0 0 0 0 2 0 1 3 3 3 3 5 0
0 0 0 0 0 1 0 0 0 1 0 3 3 2 3 7
0 0 0 0 0 0 0 1 0 1 0 0 0 1 12 5
0 0 0 0 0 0 0 6 0 3 0 1 0 0 9 1
0 0 0 0 0 0 0 2 1 5 0 3 0 0 5 4
0 0 0 0 0 0 0 4 0 3 0 4 0 1 5 3
0 0 0 0 0 2 0 3 0 4 0 4 0 0 2 5
0 0 0 0 0 0 0 5 0 2 0 3 0 2 5 3
0 0 0 0 0 1 0 1 0 6 0 4 1 2 2 3
0 0 0 0 0 1 0 5 0 1 0 3 0 3 4 3
0 0 0 0 0 0 0 3 0 4 0 4 0 4 3 2
0 0 0 0 0 0 0 2 0 1 0 5 0 5 3 4
0 0 0 0 0 0 0 0 0 2 0 3 1 3 6 5
0 0 0 0 0 0 0 0 0 2 0 5 0 1 2 10
0 0 0 0 0 1 0 2 0 1 0 1 0 6 4 5
0 0 0 0 0 1 0 2 0 2 0 0 0 1 8 6
0 0 0 0 0 0 0 3 0 4 0 0 0 0 6 7
0 0 0 0 0 0 0 1 0 2 0 3 0 2 5 7
0 0 0 0 0 0 0 2 0 3 0 1 0 2 7 5
0 0 0 0 0 1 0 3 0 2 0 1 0 1 5 7
0 0 0 0 0 5 0 5 0 2 0 1 0 0 3 4
0 0 0 0 0 1 0 13 0 3 0 2 0 0 0 1
0 0 0 0 0 1 1 4 3 5 2 1 0 0 3 0
0 0 0 0 0 0 0 1 6 2 5 2 1 0 3 0
0 0 0 0 0 0 0 1 0 3 2 1 5 3 5 0

# Average weight-at-age
70
94
115
134
150
160
165
168

# Maturity logistic function parameter age-at-50%
3

# Maturity logistic function parameter age-at-95%
4

# Infection prevalence index (avg of 3 different samples)
0
0
0.00555555555555556
0
0
0.00555555555555556
0
0
0
0
0.00555555555555556
0.0333333333333333
0
0.00555555555555556
0.0277777777777778
0
0
0.00555555555555556
0.00555555555555556
0
0.0611111111111111
0.00555555555555556
0
0
0
0
0
0.0111111111111111
0.00555555555555556
0
0
0
0
0
0.00555555555555556
0.00555555555555556
0.00555555555555556
0
0.00555555555555556
0
0.00555555555555556
0
0
0
0
0.00555555555555556
0.222222222222222
0.105555555555556
0
0

