# Simulated data from SIR age-structured hybrid model
# random seed = 6731978
# Flag=0 if no issues, =1 if negative pop #'s, =2 if NaN, or=3 if NA. Flag:
0

# True SSB
14696.740791677
15407.3438949415
16878.7364647859
14183.382000071
16453.5943990793
15457.9366971103
13959.0197792598
16130.0094896511
14606.3378144438
16356.9457797222
15757.529258175
14360.6467043856
14401.9320252949
8762.64740055319
9956.25178021286
11511.3274854245
11326.2637229177
10039.9016119687
9711.87629533269
9998.95487627807
9788.35518674223
10214.007475163
10665.5310475201
12510.9814633113
27218.6522480434
51024.3462558808
66425.427949912
47789.294981506
26151.7911293248
23652.9574973222
19799.8707330562
20795.3340900628
22581.5310669542
17524.136387454
18393.914526869
19176.6630557887
19351.7770951492
17714.9169538826
17031.2396504631
23952.4754912761
18827.6148591137
11742.5061173761
16127.5703619254
26052.4398831661
21275.314483166
13783.6008769002
13062.4014241284
11696.9446664494
12331.3332206479
13100.8613783396

# True R (numbers)
101.371713826992
174.507214929086
106.365815114426
106.743612972565
70.359188963778
71.0025497905333
91.0247929654829
23.0805297686935
116.130151257816
26.3897027096075
37.3058299159932
60.2394341863628
63.2506058278275
9.74703125892046
20.7292158146636
37.1017690030472
41.4310291033167
50.4561650201091
28.1532202717469
52.8304990029263
35.9602382648386
435.636856800279
1051.81819190609
988.447347991097
214.045304107179
87.6055435686729
4.13090450857287
6.87861078721311
154.745113541756
163.364098287399
88.5278150541718
81.2729074213166
85.1101296061908
79.7354708233942
74.8234123588347
28.6149052407411
339.053945524803
123.697720524736
32.7698396828673
153.21531955535
349.616320818369
155.350879244698
50.174998446477
14.4063360783443
15.7938398152579
86.9666442276977
30.4799249750352
53.6555461900599
23.2312118388667
9.22279077630689

# True infection rate given (selected) susceptible
-999 -999 0.222921403018059 0.22292140301806 0.22292140301806 0.222921403018059 0.222921403018059 0.222921403018059
-999 -999 0.437084825057466 0.437084825057465 0.437084825057465 0.437084825057466 0.437084825057466 0.437084825057466
-999 -999 0.698182501476995 0.698182501476995 0.698182501476995 0.698182501476995 0.698182501476994 0.698182501476995
-999 -999 0.404519810574386 0.404519810574387 0.404519810574386 0.404519810574387 0.404519810574387 0.404519810574387
-999 -999 0.610478494127991 0.610478494127991 0.610478494127991 0.610478494127991 0.610478494127991 0.610478494127991
-999 -999 0.558951254599305 0.558951254599305 0.558951254599305 0.558951254599305 0.558951254599305 0.558951254599305
-999 -999 0.0491865901995787 0.0491865901995778 0.0491865901995777 0.0491865901995773 0.0491865901995768 0.0491865901995775
-999 -999 0.296129536732222 0.296129536732221 0.296129536732223 0.296129536732222 0.296129536732222 0.296129536732223
-999 -999 0.00977423354203253 0.00977423354203323 0.00977423354203271 0.00977423354203224 0.00977423354203361 0.00977423354203219
-999 -999 0.0984288229181099 0.0984288229181097 0.0984288229181092 0.0984288229181111 0.0984288229181102 0.0984288229181094
-999 -999 0.251146531528865 0.251146531528865 0.251146531528865 0.251146531528866 0.251146531528865 0.251146531528866
-999 -999 0.115984117590339 0.115984117590338 0.115984117590338 0.115984117590338 0.115984117590338 0.115984117590338
-999 -999 0.546159387437484 0.546159387437483 0.546159387437483 0.546159387437482 0.546159387437483 0.546159387437483
-999 -999 0.000887367836673948 0.000887367836673196 0.000887367836672666 0.000887367836673438 0.000887367836673134 0.000887367836673101
-999 -999 0.000928569726943571 0.000928569726944039 0.000928569726942885 0.000928569726943956 0.000928569726943299 0.000928569726943834
-999 -999 0.012892438250488 0.0128924382504887 0.0128924382504883 0.0128924382504882 0.0128924382504882 0.0128924382504886
-999 -999 0.0237188013896722 0.0237188013896722 0.0237188013896727 0.0237188013896731 0.0237188013896726 0.0237188013896726
-999 -999 0.00658197371680429 0.00658197371680531 0.00658197371680601 0.00658197371680542 0.00658197371680566 0.0065819737168056
-999 -999 0.0168919253861754 0.0168919253861742 0.0168919253861757 0.0168919253861752 0.0168919253861748 0.0168919253861762
-999 -999 0.133250424658884 0.133250424658885 0.133250424658884 0.133250424658884 0.133250424658883 0.133250424658884
-999 -999 0.00525618254511614 0.00525618254511579 0.00525618254511536 0.00525618254511468 0.00525618254511596 0.00525618254511561
-999 -999 0.00418175221428235 0.00418175221428264 0.00418175221428128 0.0041817522142821 0.00418175221428236 0.00418175221428275
-999 -999 0.00402188962867958 0.00402188962867983 0.00402188962867841 0.00402188962867827 0.0040218896286782 0.00402188962867909
-999 -999 0.0097566055320105 0.00975660553200973 0.00975660553201083 0.00975660553201002 0.00975660553201052 0.00975660553201036
-999 -999 0.902190008154394 0.902190008154394 0.902190008154394 0.902190008154394 0.902190008154394 0.902190008154394
-999 -999 0.963043203125403 0.963043203125403 0.963043203125403 0.963043203125403 0.963043203125403 0.963043203125403
-999 -999 0.962356519633857 0.962356519633857 0.962356519633857 0.962356519633857 0.962356519633857 0.962356519633857
-999 -999 0.924001107956774 0.924001107956774 0.924001107956774 0.924001107956774 0.924001107956774 0.924001107956774
-999 -999 0.0124727793153964 0.0124727793153964 0.0124727793153968 0.0124727793153966 0.0124727793153972 0.0124727793153972
-999 -999 0.0151168669570174 0.0151168669570181 0.0151168669570183 0.0151168669570172 0.0151168669570179 0.0151168669570179
-999 -999 0.00387660406004031 0.00387660406004084 0.00387660406004121 0.00387660406004024 0.00387660406004031 0.00387660406004059
-999 -999 0.316725902553852 0.316725902553853 0.316725902553852 0.316725902553853 0.316725902553852 0.316725902553853
-999 -999 0.686671968051782 0.686671968051783 0.686671968051783 0.686671968051783 0.686671968051782 0.686671968051783
-999 -999 0.108964434202634 0.108964434202635 0.108964434202634 0.108964434202635 0.108964434202634 0.108964434202635
-999 -999 0.0693034790092407 0.0693034790092419 0.0693034790092416 0.0693034790092406 0.069303479009241 0.0693034790092416
-999 -999 0.0930318492812662 0.0930318492812654 0.0930318492812666 0.0930318492812663 0.0930318492812669 0.0930318492812658
-999 -999 0.20112059896682 0.20112059896682 0.20112059896682 0.20112059896682 0.20112059896682 0.20112059896682
-999 -999 0.12051441851842 0.12051441851842 0.12051441851842 0.12051441851842 0.12051441851842 0.12051441851842
-999 -999 0.0761372964035907 0.0761372964035908 0.07613729640359 0.0761372964035899 0.0761372964035903 0.0761372964035912
-999 -999 0.854714783337709 0.854714783337708 0.854714783337708 0.854714783337708 0.854714783337708 0.854714783337708
-999 -999 0.817063223340845 0.817063223340846 0.817063223340846 0.817063223340845 0.817063223340845 0.817063223340846
-999 -999 0.00222419341833522 0.00222419341833535 0.0022241934183358 0.00222419341833621 0.002224193418335 0.00222419341833567
-999 -999 0.190322960995071 0.19032296099507 0.19032296099507 0.19032296099507 0.19032296099507 0.19032296099507
-999 -999 0.865018367392848 0.865018367392848 0.865018367392848 0.865018367392848 0.865018367392848 0.865018367392848
-999 -999 0.811844598511804 0.811844598511804 0.811844598511804 0.811844598511804 0.811844598511804 0.811844598511804
-999 -999 0.0123186314548032 0.0123186314548035 0.0123186314548037 0.012318631454804 0.0123186314548029 0.012318631454804
-999 -999 0.00400533079973081 0.00400533079973089 0.00400533079972977 0.00400533079973025 0.00400533079973055 0.0040053307997309
-999 -999 0.00132505237869841 0.00132505237870005 0.00132505237869969 0.00132505237870038 0.00132505237869942 0.00132505237870045
-999 -999 0.0143088448435244 0.0143088448435245 0.0143088448435239 0.014308844843524 0.0143088448435252 0.0143088448435244
-999 -999 0.351406961781224 0.351406961781224 0.351406961781224 0.351406961781224 0.351406961781224 0.351406961781224

# Duration of outbreak (days) based on incidence
0
0
0
0
0
0
0
0
0
0
0
0
0
0
0
0
0
0
0
0
0
0
0
0
0
4
4
0
0
0
0
0
0
0
0
0
0
0
0
0
0
0
0
0
0
0
0
0
0
0

# Duration of outbreak (days) based on prevalence
0
21
47
12
39
33
0
0
0
0
0
0
34
0
0
0
0
0
0
0
0
0
0
0
50
43
39
34
0
0
0
0
35
0
0
0
0
0
0
47
42
0
0
45
40
0
0
0
0
0

# Peak (point) prevalence
0.0755492410243178
0.131862957755808
0.220665039512897
0.105970173407219
0.16439907860279
0.135806045106512
0.0135756719608764
0.0952314854154133
0.00229570531244885
0.0330082214524214
0.0836660820224085
0.038349330743939
0.152301594646789
7.7448396420774e-05
0.000109830245054871
0.00347128839037673
0.00741410947186486
0.0016381883835055
0.00504929892153671
0.0505456799079366
0.00137416551634382
0.00113517711597742
0.00113858772358179
0.0033905585134651
0.563163674724041
0.714021193522813
0.656082092576548
0.428661091251508
0.00125611224485604
0.00198489664016498
0.000320313946522173
0.057703184927676
0.167259887025066
0.0256098281625308
0.0188873894897674
0.0276655533674091
0.0607170579015125
0.0360358136105408
0.0227719215532161
0.410138594345484
0.299982181713799
0.000215408389009948
0.0597301136210716
0.416739543164856
0.285571824209797
0.00196234409803792
0.000569579744636031
0.000123870979576493
0.00281033470284953
0.0959945824546713

# Day of peak prevalence
119
115
82
116
95
99
119
119
119
119
119
119
103
113
119
119
119
119
119
119
119
119
119
119
43
19
18
24
119
119
119
117
72
119
119
119
119
119
119
48
50
119
119
46
50
119
119
119
119
119

# Total immunity
0.0225690309812845
0.0198342037957539
0.0273331667606148
0.0443156433334477
0.0489836692214774
0.0660523084541887
0.0718090085856145
0.0677684494640178
0.0562777257904415
0.0510313776155308
0.0490788843099624
0.0515842718078848
0.0440196219927238
0.0843014276763849
0.0722596898382147
0.0543819167224215
0.0409255865859467
0.030265614611858
0.0253353646582498
0.0185774721908003
0.0211051210265126
0.00495978587689399
0.0014878377505325
0.000819558178645655
0.000778708952880872
0.0150566394369879
0.0625804763910509
0.204558207567213
0.268377621130941
0.168731676912429
0.134499009418674
0.10828500667761
0.0989134360396901
0.118137234275263
0.0962239919790966
0.0905159292239032
0.0376985170403164
0.0348014862608907
0.0360325847582929
0.0269750142803102
0.0392041887096516
0.0490442309715823
0.0443530012252015
0.0490375564131923
0.133258522340314
0.168551546155223
0.142895604768451
0.105623293650406
0.0922636564866242
0.0877411534358811

# Observed immunity (based on survey selectivity)
0.0994664128880155
0.093252570776954
0.107136200141961
0.187280073415795
0.160101029704475
0.200068674434227
0.234497775457399
0.166320382008674
0.176862904589445
0.12477434972761
0.113317777969052
0.123993183623951
0.110665272928505
0.237563302839262
0.161223937208679
0.109056150913892
0.0900304555951696
0.083052351219205
0.066934973150419
0.0518689354894612
0.0562856783892101
0.0431076875432237
0.032542524892124
0.0212495347675873
0.00749190442406378
0.0522660347502502
0.11360964990902
0.275588881424562
0.561436759807121
0.502714948938112
0.473904777024373
0.336249185107282
0.258015221902369
0.338270398355259
0.263074244267078
0.20351619847504
0.166584774444636
0.164451106995475
0.144919399935767
0.0816024054105333
0.196020476704246
0.381111474325724
0.21042189010952
0.110350110273326
0.217268991935398
0.393374660000141
0.337105530153822
0.296331621755909
0.213204036683218
0.158100387471945

# True total proportion of susceptible
1 1 1 0.999623620808441 0.996090752395092 0.991520344331072 0.986789137534241 0.740038154130383
1 1 1 0.998227118552581 0.980059056054508 0.954055415579178 0.945815353461013 0.733424275020022
1 1 1 0.9965005544784 0.955083506981368 0.866995235640546 0.820608319676584 0.584010248142076
1 1 1 0.994426461120671 0.916745200262841 0.669482102802564 0.504678542748218 0.297154819762976
1 1 1 0.996764896177276 0.954531565552021 0.79609617411073 0.505008399575951 0.209121637157293
1 1 1 0.995109557895628 0.930191518764822 0.736729990021081 0.501790759964927 0.149291017009794
1 1 1 0.995523946346901 0.935461912287461 0.734456701220197 0.478002670886563 0.147806570867148
1 1 1 0.999611892884052 0.991478123132072 0.925614079475781 0.71952571619246 0.233038940031965
1 1 1 0.997635954971114 0.97260463041914 0.929663446030288 0.843248327678065 0.372413345500638
1 1 1 0.999923362893336 0.996857238875468 0.970950664270019 0.927642763315242 0.548643842923183
1 1 1 0.999220946159194 0.991802241407865 0.980518419363672 0.951682547745296 0.668023125639359
1 1 1 0.998000242568947 0.976819115268702 0.942063951093914 0.924904628599568 0.661237245483636
1 1 1 0.99908157492596 0.988264723392221 0.955500450972101 0.916536070246958 0.699431972064585
1 1 1 0.995623792496699 0.942154357415282 0.828531389228615 0.761034386943554 0.523466610545315
1 1 1 0.999993166499402 0.995552533896083 0.941989117819317 0.828305554878614 0.546336192908147
1 1 1 0.999992820125114 0.999921358284409 0.995413050244945 0.941808324714637 0.667143344899828
1 1 1 0.999898788190739 0.998975604718896 0.997978275873614 0.993322656922328 0.706548564462117
1 1 1 0.999813243254377 0.998012475473978 0.995341231275869 0.994130477226206 0.777520230862518
1 1 1 0.999948451878424 0.999296004252152 0.997018950414871 0.994282048881943 0.854871744693968
1 1 1 0.999867216649732 0.998611418598867 0.996730628585545 0.994287360503675 0.897186120814698
1 1 1 0.998943097090572 0.988677683614633 0.975909609792339 0.972461352833471 0.869966298156216
1 1 1 0.999958820541854 0.998528091661485 0.987849949082835 0.974990098072525 0.883652580093612
1 1 1 0.999967224381461 0.999630525102835 0.997899152355574 0.9871547454768 0.9059065897907
1 1 1 0.999968458200693 0.999651322890715 0.999028545883112 0.997260171684305 0.92782996172812
1 1 1 0.999923173873357 0.999197215117825 0.99817827187319 0.997472723159501 0.947962169512495
1 1 1 0.992916705459178 0.887560967345753 0.483201951387687 0.353462871499435 0.294262589414687
1 1 1 0.992536170082649 0.867214880558001 0.225207841058314 0.0223568707714831 0.0116172278503007
1 1 1 0.992548655600743 0.866992476224658 0.212230776792289 0.00810739191571142 0.000404916319412773
1 1 1 0.992827353060909 0.874477580293755 0.280717857878082 0.0163898917860574 0.000397530733595081
1 1 1 0.999902598967291 0.991812860336691 0.871654237269619 0.27788429147842 0.0114602229197104
1 1 1 0.999881619309505 0.998711212123411 0.989448331107166 0.868015665132893 0.148518325959758
1 1 1 0.99996996027897 0.999580631840738 0.998135440337907 0.98881583957855 0.363036743579082
1 1 1 0.997482023322869 0.970986476466416 0.934614027972647 0.927932150538142 0.380443200694073
1 1 1 0.99455224048732 0.920559873002661 0.709681893426254 0.616637368115488 0.142872855011358
1 1 1 0.999138095056492 0.985296451287575 0.896574380279476 0.674556811739604 0.133727555380953
1 1 1 0.999452428383792 0.993479635803095 0.973515230095195 0.879984882313757 0.280130900597627
1 1 1 0.999264113621291 0.991781978848571 0.977883232724542 0.955584815212857 0.498833476445143
1 1 1 0.998402753008105 0.981784368516469 0.954032637199298 0.935354969972472 0.560269973785362
1 1 1 0.999046415242465 0.988294292324501 0.960003469033521 0.92844514904164 0.61806926570276
1 1 1 0.999398966497258 0.992814920735801 0.975454010544509 0.944834318647796 0.677394754236519
1 1 1 0.993280881156377 0.895704359213705 0.559275557427536 0.439527675552561 0.206729109993787
1 1 1 0.993577270616228 0.893991103537033 0.461458844621657 0.148071970066851 0.0482653727819001
1 1 1 0.999982766558508 0.993397373844039 0.893514697488399 0.460802916761114 0.0554865608767159
1 1 1 0.998486510938015 0.983553896922533 0.958243169595429 0.842200058575072 0.256966998317708
1 1 1 0.993204274068186 0.892559683528842 0.525256484259542 0.390108931369807 0.0866573005665166
1 1 1 0.993616791908236 0.89479680526243 0.46385758431973 0.137331492876451 0.019870872177333
1 1 1 0.999903552648993 0.992616133106743 0.892131212740918 0.460165980018753 0.0533185794055327
1 1 1 0.999968778505223 0.999590746910934 0.992000226376896 0.891223459947022 0.277452154144153
1 1 1 0.999989765815424 0.999866387505794 0.999395813671256 0.991787660367369 0.549863049747237
1 1 1 0.999888083168342 0.99886431181642 0.997714793168906 0.997124477176465 0.644007845508869

# True vulnerable proportion of susceptible
0 0 0.05 0.49981181040422 0.946286214775337 0.991520344331072 0.986789137534241 0.740038154130383
0 0 0.05 0.49911355927629 0.931056103251783 0.954055415579178 0.945815353461013 0.733424275020022
0 0 0.05 0.4982502772392 0.907329331632299 0.866995235640546 0.820608319676584 0.584010248142076
0 0 0.05 0.497213230560336 0.870907940249699 0.669482102802564 0.504678542748218 0.297154819762976
0 0 0.05 0.498382448088638 0.90680498727442 0.79609617411073 0.505008399575951 0.209121637157293
0 0 0.05 0.497554778947814 0.883681942826581 0.736729990021081 0.501790759964927 0.149291017009794
0 0 0.05 0.497761973173451 0.888688816673088 0.734456701220197 0.478002670886563 0.147806570867148
0 0 0.05 0.499805946442026 0.941904216975468 0.925614079475781 0.71952571619246 0.233038940031965
0 0 0.05 0.498817977485557 0.923974398898183 0.929663446030288 0.843248327678065 0.372413345500638
0 0 0.05 0.499961681446668 0.947014376931694 0.970950664270019 0.927642763315242 0.548643842923183
0 0 0.05 0.499610473079597 0.942212129337472 0.980518419363672 0.951682547745296 0.668023125639359
0 0 0.05 0.499000121284473 0.927978159505267 0.942063951093914 0.924904628599568 0.661237245483636
0 0 0.05 0.49954078746298 0.93885148722261 0.955500450972101 0.916536070246958 0.699431972064585
0 0 0.05 0.49781189624835 0.895046639544518 0.828531389228615 0.761034386943554 0.523466610545315
0 0 0.05 0.499996583249701 0.945774907201278 0.941989117819317 0.828305554878614 0.546336192908147
0 0 0.05 0.499996410062557 0.949925290370189 0.995413050244945 0.941808324714637 0.667143344899828
0 0 0.05 0.499949394095369 0.949026824482951 0.997978275873614 0.993322656922328 0.706548564462117
0 0 0.05 0.499906621627189 0.948111851700279 0.995341231275869 0.994130477226206 0.777520230862518
0 0 0.05 0.499974225939212 0.949331204039545 0.997018950414871 0.994282048881943 0.854871744693968
0 0 0.05 0.499933608324866 0.948680847668924 0.996730628585545 0.994287360503675 0.897186120814698
0 0 0.05 0.499471548545286 0.939243799433901 0.975909609792339 0.972461352833471 0.869966298156216
0 0 0.05 0.499979410270927 0.948601687078411 0.987849949082835 0.974990098072525 0.883652580093612
0 0 0.05 0.49998361219073 0.949648998847693 0.997899152355574 0.9871547454768 0.9059065897907
0 0 0.05 0.499984229100346 0.949668756746179 0.999028545883112 0.997260171684305 0.92782996172812
0 0 0.05 0.499961586936679 0.949237354361934 0.99817827187319 0.997472723159501 0.947962169512495
0 0 0.05 0.496458352729589 0.843182918978465 0.483201951387687 0.353462871499435 0.294262589414687
0 0 0.05 0.496268085041325 0.823854136530101 0.225207841058314 0.0223568707714831 0.0116172278503007
0 0 0.05 0.496274327800372 0.823642852413425 0.212230776792289 0.00810739191571142 0.000404916319412773
0 0 0.05 0.496413676530454 0.830753701279067 0.280717857878082 0.0163898917860574 0.000397530733595081
0 0 0.05 0.499951299483646 0.942222217319856 0.871654237269619 0.27788429147842 0.0114602229197104
0 0 0.05 0.499940809654752 0.94877565151724 0.989448331107166 0.868015665132893 0.148518325959758
0 0 0.05 0.499984980139485 0.949601600248701 0.998135440337907 0.98881583957855 0.363036743579082
0 0 0.05 0.498741011661435 0.922437152643095 0.934614027972647 0.927932150538142 0.380443200694073
0 0 0.05 0.49727612024366 0.874531879352528 0.709681893426254 0.616637368115488 0.142872855011358
0 0 0.05 0.499569047528246 0.936031628723196 0.896574380279476 0.674556811739604 0.133727555380953
0 0 0.05 0.499726214191896 0.94380565401294 0.973515230095195 0.879984882313757 0.280130900597627
0 0 0.05 0.499632056810645 0.942192879906143 0.977883232724542 0.955584815212857 0.498833476445143
0 0 0.05 0.499201376504052 0.932695150090646 0.954032637199298 0.935354969972472 0.560269973785362
0 0 0.05 0.499523207621232 0.938879577708276 0.960003469033521 0.92844514904164 0.61806926570276
0 0 0.05 0.499699483248629 0.94317417469901 0.975454010544509 0.944834318647796 0.677394754236519
0 0 0.05 0.496640440578188 0.850919141253019 0.559275557427536 0.439527675552561 0.206729109993787
0 0 0.05 0.496788635308114 0.849291548360181 0.461458844621657 0.148071970066851 0.0482653727819001
0 0 0.05 0.499991383279254 0.943727505151837 0.893514697488399 0.460802916761114 0.0554865608767159
0 0 0.05 0.499243255469007 0.934376202076406 0.958243169595429 0.842200058575072 0.256966998317708
0 0 0.05 0.496602137034093 0.8479316993524 0.525256484259542 0.390108931369807 0.0866573005665166
0 0 0.05 0.496808395954118 0.850056964999308 0.46385758431973 0.137331492876451 0.019870872177333
0 0 0.05 0.499951776324496 0.942985326451405 0.892131212740918 0.460165980018753 0.0533185794055327
0 0 0.05 0.499984389252612 0.949611209565387 0.992000226376896 0.891223459947022 0.277452154144153
0 0 0.05 0.499994882907712 0.949873068130505 0.999395813671256 0.991787660367369 0.549863049747237
0 0 0.05 0.499944041584171 0.948921096225599 0.997714793168906 0.997124477176465 0.644007845508869

# True survival by age
0.778267540515681 0.778267540515681 0.770373241579089 0.699354464349687 0.628864299912626 0.621724902231713 0.622474416328218 0.661564514970994
0.778267540515681 0.778267540515681 0.762812663859625 0.62399371597192 0.490491029163119 0.483395864706944 0.485947241532218 0.551710055896739
0.778267540515681 0.778267540515681 0.753924192591394 0.535687809524831 0.3365428198645 0.356227130918216 0.378836123084743 0.494154070716683
0.778267540515681 0.778267540515681 0.763960573532709 0.635998247101334 0.529110912590671 0.586878619914165 0.634123282033193 0.693614643572272
0.778267540515681 0.778267540515681 0.756828620894069 0.56457364070282 0.389473401526805 0.437027432956263 0.561994801366796 0.689022431112044
0.778267540515681 0.778267540515681 0.758601471212413 0.582571213008331 0.430733758775148 0.488636266457639 0.581168169659927 0.720001825010546
0.778267540515681 0.778267540515681 0.776546305160232 0.761134617201495 0.747709102745532 0.753125682679256 0.762090789762964 0.773633768406917
0.778267540515681 0.778267540515681 0.767767736540489 0.673310458205378 0.580475891910097 0.583931878430578 0.627319521836981 0.729739253012992
0.778267540515681 0.778267540515681 0.777948432966457 0.775085269479011 0.772385204773015 0.772371794482169 0.772969389033396 0.776225398227644
0.778267540515681 0.778267540515681 0.774793538413364 0.743530222733381 0.712470617641966 0.710821337879317 0.713853466274382 0.740388425551659
0.778267540515681 0.778267540515681 0.769371215909599 0.68937401703806 0.610627412901953 0.603817726105501 0.608963768103708 0.659585553311465
0.778267540515681 0.778267540515681 0.774170594419787 0.737381074896507 0.702242371596705 0.701106729952142 0.702521896419151 0.724267116205808
0.778267540515681 0.778267540515681 0.759029878720432 0.586068095816116 0.417047650521477 0.410659379148759 0.42567182818375 0.50931910163182
0.778267540515681 0.778267540515681 0.778263358919012 0.778228241124415 0.778223531793046 0.778289683193973 0.778331320372773 0.778477869873464
0.778267540515681 0.778267540515681 0.778261795587293 0.778210095268293 0.778161243911611 0.778190241186269 0.778263924178476 0.77844668011753
0.778267540515681 0.778267540515681 0.777837622387343 0.773968393928503 0.770099780392862 0.769711064162809 0.77020056134905 0.77270869348569
0.778267540515681 0.778267540515681 0.777452135054506 0.770114365160992 0.762791253657134 0.761993479859388 0.762071886775897 0.766901550148188
0.778267540515681 0.778267540515681 0.77806159508806 0.776208570443099 0.774363414333729 0.774170305259354 0.774175937870148 0.775183641467801
0.778267540515681 0.778267540515681 0.777695308460288 0.772545542424286 0.76740316099346 0.766858606072961 0.766891388361121 0.768561228766186
0.778267540515681 0.778267540515681 0.77355263493036 0.731124816077809 0.688809468419164 0.684279467728094 0.684511166149124 0.693719408209361
0.778267540515681 0.778267540515681 0.778108371837917 0.776678099582044 0.775283614183544 0.775173701692784 0.775186517540151 0.77556745231166
0.778267540515681 0.778267540515681 0.778146288691519 0.777055094163551 0.77596793170063 0.775878447273403 0.775916490301091 0.776186692165997
0.778267540515681 0.778267540515681 0.778151855808431 0.777110748836922 0.776070540206998 0.77595982735096 0.775990415997231 0.776221724353517
0.778267540515681 0.778267540515681 0.777947580529925 0.775068058398686 0.772190606407522 0.771875075350142 0.771887334502189 0.772368655424562
0.778267540515681 0.778267540515681 0.747583347207725 0.4714492218803 0.195736319067274 0.165702610939493 0.166135971030472 0.196546200142406
0.778267540515681 0.778267540515681 0.746001925112296 0.457900632170352 0.234211182223573 0.466726952715115 0.550518360202918 0.588752598983003
0.778267540515681 0.778267540515681 0.746053706037612 0.458537561582036 0.247548331427079 0.633584530366353 0.76438485074689 0.771309879169859
0.778267540515681 0.778267540515681 0.747211416078047 0.470024368302185 0.266755367453211 0.646866304318442 0.773760776421035 0.778549064520738
0.778267540515681 0.778267540515681 0.777854803613953 0.774173600419737 0.771476820236269 0.776333839985025 0.778656749020509 0.778797289579029
0.778267540515681 0.778267540515681 0.777760224364089 0.773194925069313 0.768711815262266 0.769491894474816 0.775833099554808 0.778678392869082
0.778267540515681 0.778267540515681 0.778158633444751 0.777178661856953 0.776201660208708 0.776118008723035 0.776447259307515 0.778398092862503
0.778267540515681 0.778267540515681 0.767092184929118 0.666517357714156 0.566025053173669 0.555178165391715 0.557266132047655 0.697465902420756
0.778267540515681 0.778267540515681 0.754457312564746 0.540766139685232 0.339014234264262 0.33323494605512 0.336420449613635 0.597429127948578
0.778267540515681 0.778267540515681 0.774423100200374 0.740035478202808 0.711068189091957 0.723855756842184 0.731059454627122 0.76773927390968
0.778267540515681 0.778267540515681 0.775830406798059 0.753917668719854 0.732650696211147 0.734621258406776 0.745561377666295 0.772211235164119
0.778267540515681 0.778267540515681 0.774986686293731 0.745477255311163 0.716341242157988 0.714402432266274 0.720589495355946 0.760270032395546
0.778267540515681 0.778267540515681 0.771150746936154 0.707152368640901 0.644164077946449 0.639091471873573 0.642277227030331 0.707532886185189
0.778267540515681 0.778267540515681 0.774013600288383 0.735796935895087 0.69892466549004 0.697124095998953 0.698723129325326 0.730834923686031
0.778267540515681 0.778267540515681 0.775590690886183 0.751525078742728 0.728008993502535 0.726893169760099 0.728599535542862 0.74538163253854
0.778267540515681 0.778267540515681 0.749103073426854 0.486798478342155 0.228127928364899 0.209308701738044 0.227185169392641 0.383322427039925
0.778267540515681 0.778267540515681 0.750344491979048 0.500916820885392 0.303118025750557 0.466168982835772 0.533107355857424 0.663240406866615
0.778267540515681 0.778267540515681 0.778216422381929 0.777763067230195 0.777455784991299 0.778082935278931 0.778570441540236 0.778725701205037
0.778267540515681 0.778267540515681 0.771522082699448 0.710814134017483 0.650953579796519 0.657781009008698 0.716388530614201 0.771285550160635
0.778267540515681 0.778267540515681 0.748782874674328 0.483867936351403 0.22728090851102 0.21322021402905 0.281711940186668 0.627132035779422
0.778267540515681 0.778267540515681 0.750510336721853 0.502585429843831 0.307600572621198 0.486927668408894 0.562026098191345 0.730647286670019
0.778267540515681 0.778267540515681 0.777859103491867 0.774212645460896 0.771379744598987 0.774764302243391 0.777605726750633 0.778627867078883
0.778267540515681 0.778267540515681 0.778153301067828 0.777125307647909 0.776116955447198 0.776286729200372 0.777504020838603 0.77865052963442
0.778267540515681 0.778267540515681 0.778248010484809 0.778072262953164 0.777896840022072 0.777884330434501 0.777977432362181 0.778544460792919
0.778267540515681 0.778267540515681 0.777789361897841 0.773485808732266 0.769183431946708 0.768710068516416 0.76878688663215 0.77324891763087
0.778267540515681 0.778267540515681 0.76584183442962 0.654024445790457 0.54244785330172 0.530322543532585 0.530469560174592 0.618412326573754

# True Numbers-at-age
101.371713826992 127.142411003544 86.9617343319284 15.5521407792321 28.3295768184045 7.7775732049387 12.4617069752937 34.6259483733547
174.507214929086 78.8943143979925 98.9508115069621 66.9929931706273 10.8764590841508 17.8154594927269 4.83551094044051 30.6643925169283
106.365815114426 135.813300965101 61.4008840271964 75.4809321166974 41.8032067526211 5.33480560983566 8.61191944663826 19.26765691246
106.743612972565 82.78106132405 105.699083711425 46.2916119146019 40.4342151864861 14.0685690799058 1.90040249639816 12.7836972719471
70.359188963778 83.0750891339163 64.4258129979462 80.7499326140621 29.441384033182 21.3941844972092 8.25654240578224 10.0720490950175
71.0025497905333 54.7582729475176 64.6546452983739 48.7592992012148 45.5892834424284 11.4666359850604 9.34984553100801 11.5800016630429
91.0247929654829 55.2589797958205 42.6165864097508 49.0471090440632 28.4057640810878 19.6368434170228 5.60301419656871 13.771454944875
23.0805297686935 70.8416417471954 43.0062702970989 33.0937527150338 37.331452567093 21.2392483738714 14.789011104111 14.9240680995659
116.130151257816 17.9628271368801 55.1337502886827 33.0188268030521 22.2823698042949 21.6700082251828 12.4022741994084 20.1681136811649
26.3897027096075 90.3803271991342 13.979885296528 42.8912146406447 25.5924062705244 17.2105727641183 16.7373031393278 25.241580384204
37.3058299159932 20.5382490227462 70.3400749602727 10.8315247955099 31.8909143750638 18.2338375025047 12.2336423578599 30.6365558211907
60.2394341863628 29.0339164956163 15.9842525534313 54.1176289993573 7.466971758928 19.4734665399229 11.0099142989396 27.6572745707531
63.2506058278275 46.8823962862768 22.596154782581 12.3745383006459 39.9053154423965 5.24362395663522 13.6529784466378 27.765960368175
9.74703125892046 49.2258934337501 36.4870472512021 17.1511566241706 7.25232209846314 16.6424180485699 2.15334335852138 19.9534222861973
20.7292158146636 7.58579804520949 38.3109150123717 28.3965319507573 13.3475144528776 5.64392771716674 12.9526222706031 17.2093122574984
37.1017690030472 16.132875808897 5.90378038749384 29.8159215081206 22.0984678346879 10.3865184497794 4.39204947145985 23.4770906306767
41.4310291033167 28.8751025107824 12.5556935772352 4.59218249970524 23.0765808831384 17.0180252265119 7.99461816892638 21.5237109964665
50.4561650201091 32.2444251212719 22.4725550132048 9.76145077871162 3.53650571046392 17.6026140619694 12.9676242626847 22.5990410801783
28.1532202717469 39.2683954540536 25.0947894344743 17.4850319992783 7.57692175439443 2.73854063676557 13.6274211017174 27.5576296337247
52.8304990029263 21.9107374984886 30.5613175500235 19.5161000099895 13.5079835301885 5.8145537049224 2.1000734553842 31.6304775816566
35.9602382648386 41.1162625232236 17.0524157838335 23.6407877177641 14.2687050303597 9.30442695484394 3.97877971428071 23.3801999192701
435.636856800279 27.9866861907338 31.9994525091463 13.2686274814619 18.3612820772556 11.0622932056562 7.21254708471649 21.2172184766983
1051.81819190609 339.042025099935 21.7811294288466 24.9002552101527 10.3104545770284 14.2477660768598 8.58299487568763 22.0648568464963
988.447347991097 818.595957284399 263.865403005982 16.9490262866606 19.3502559725922 8.00164005337415 11.055694105137 23.7875429930878
214.045304107179 769.276486450278 637.086662351809 205.273451854057 13.1366488957503 14.9420858936168 6.17626651912289 26.906502851311
87.6055435686729 166.584512386425 598.702919086202 476.275379502363 96.7760091492785 2.57131929973334 2.47594264545446 6.31447093004347
4.13090450857287 68.1805509287304 129.647318742987 446.633530208658 218.086797361306 22.6660235137319 1.20010402122211 5.08071305639778
6.87861078721311 3.21494889199214 53.0627096823071 96.7238626260449 204.798249862655 53.9870227930669 14.3608418632205 4.8361455067695
154.745113541756 5.35339949952898 2.50209036705434 39.649062442655 45.462572430554 54.631032395887 34.9223859153067 14.8770327103268
163.364098287399 120.433098922962 4.16637706189629 1.94626301108942 30.6952574244972 35.0733208184849 42.4119191622453 38.7787442366334
88.5278150541718 127.140974982696 93.7291716954555 3.24044235844586 1.50484068302446 23.5958070547278 26.9886360821389 63.1007409413755
81.2729074213166 68.8983248894373 98.9496938985487 72.9361641604441 2.51840265596154 1.16805983651319 18.3131307855282 70.0727489254023
85.1101296061908 63.2520657693467 53.6213298573527 75.9035368907052 48.6132194180251 1.42547899725334 0.648481317103138 59.0786406228929
79.7354708233942 66.238451241581 49.2270296588455 40.4550044203261 41.0460626328423 16.4805733561223 0.475019416752423 35.5134631239882
74.8234123588347 62.0555287695828 51.551236535353 38.1225489220589 29.9381385418927 29.1865494256902 11.9295578998891 27.6123478285772
28.6149052407411 58.2326331095009 48.2958037509033 39.9950168121659 28.7412632089772 21.9341980459835 21.4410596676521 30.216782845278
339.053945524803 22.2700519238008 45.3205681478832 37.4286049108049 29.8153753592573 20.5885521883084 15.6698444338607 38.4231168384788
123.697720524736 263.874680285726 17.332058537893 34.948989978811 26.4677266176002 19.2059937769232 13.1579681217719 37.2500029839364
32.7698396828673 96.2699207201826 205.365098430334 13.4152490293235 25.7153597390372 18.498946972488 13.3889610494991 36.4173797496769
153.21531955535 25.5037025330783 74.9237544245361 159.279258575492 10.0818960831157 18.7210131611721 13.4467582020558 36.9000367726567
349.616320818369 119.242509919667 19.8487038444624 56.1256147120988 77.5369007060159 2.29996206743137 3.91847095998577 17.1995156934732
155.350879244698 272.095034127453 92.8025749200956 14.8933656026157 28.1142644918229 23.5028322648245 1.07217097753534 13.49637947893
50.174998446477 120.90454670672 211.762732996903 72.2204878421478 11.5835097124711 21.8575975699432 18.2871527159831 11.3447382048453
14.4063360783443 39.0495726363178 94.0960842026021 163.379624799898 51.3353435238364 7.54032711394078 14.3775125840633 21.8507391110731
15.7938398152579 11.2119837475354 30.3910148538555 70.457536424822 79.0541618937931 11.6675435148228 1.6077501610835 17.753615467127
86.9666442276977 12.2918328683194 8.72592301549613 22.8087707912859 35.4109312298065 24.3171054666196 5.68124975973199 13.8752285195395
30.4799249750352 67.6833163099925 9.56633453485673 6.78753865397287 17.6588387740327 27.3152750880605 18.8400252494245 15.2214119356694
53.6555461900599 23.7215362454231 52.6757281185227 7.44407479741793 5.27476806464074 13.7053241860352 21.2044855553188 26.500355849621
23.2312118388667 41.7583699683634 18.461701670979 40.994780609079 5.79202812321959 4.10322540933337 10.6611569278418 37.1283164826516
9.22279077630689 18.0800981010336 32.4991838912221 14.3593151622191 31.7088810332153 4.4551320697499 3.15419068554696 36.9055881761189

