# Simulated data from SIR age-structured hybrid model
# random seed = 6980796
# Flag=0 if no issues, =1 if negative pop #'s, =2 if NaN, or=3 if NA. Flag:
0

# True SSB
57837.5219088079
87769.7293724015
108991.84600368
101398.772455373
82856.710056505
69275.7001540732
70750.7017871843
94009.7073189051
106445.226620046
93033.0302918026
76137.4418843045
60614.9623828994
50518.1044806443
49421.6000652757
48524.257334775
43048.785731302
38718.9176951197
35634.963610677
31428.791503642
26900.3238978121
22932.2658310467
20673.2281889058
20083.6338239695
18605.641060968
17890.9807033612
17945.7064235137
18533.6565529293
19427.2963423841
18524.1125589214
19921.9745718224
26949.4009766191
42378.5912529346
66157.2220431815
83904.7598441295
108816.664134209
127908.340632665
118064.65084369
97908.8540827849
78813.5881682011
67722.4020969172
61238.0382334363
56462.7536738231
50280.610958651
41270.4812599025
34300.759811593
29141.3924995933
27005.2103283196
26270.5126307189
23379.5075552921
19400.5456033278

# True R (numbers)
106.737711820526
62.7659168332592
106.339942935385
509.238607328612
1324.60860666699
157.165642614638
40.903289750512
20.3840927254466
38.5329327228316
99.8488152827436
318.463079009137
78.5084862140522
60.6180016953454
99.1023219346761
81.3657195697342
32.0766674580349
38.1370746284529
24.4980582369117
88.309973395211
64.747915194588
34.0160298361693
105.245828409007
47.316800107847
124.235415268877
81.4002146027432
86.7182056699833
138.916157194369
329.342165370124
564.028506467063
964.658815149534
376.569636910436
1467.0989960364
459.214546369747
77.1413845708947
38.529407814301
33.88961721547
237.121951429447
106.195182135213
205.422506965073
17.4147623218051
13.0988263301104
51.2874767321039
44.2267251127926
126.38624861269
64.332264250546
21.2728302173193
29.1145879501189
122.184135096965
105.240895610408
12.7297378169263

# True infection rate given (selected) susceptible
0.835717620058194 0.835717620058194 0.835717620058194 0.835717620058194 0.835717620058194 0.835717620058194 0.835717620058194 0.835717620058194
0.0972673564865962 0.0972673564865957 0.097267356486596 0.097267356486596 0.0972673564865967 0.097267356486596 0.0972673564865961 0.0972673564865961
0.046187832531679 0.0461878325316791 0.0461878325316781 0.046187832531679 0.0461878325316789 0.046187832531678 0.0461878325316785 0.0461878325316779
0.668737475183696 0.668737475183695 0.668737475183696 0.668737475183696 0.668737475183696 0.668737475183696 0.668737475183695 0.668737475183696
0.926526009590877 0.926526009590877 0.926526009590877 0.926526009590877 0.926526009590876 0.926526009590877 0.926526009590877 0.926526009590877
0.9211006745786 0.921100674578599 0.9211006745786 0.9211006745786 0.921100674578599 0.9211006745786 0.9211006745786 0.9211006745786
0.795143679635096 0.795143679635096 0.795143679635096 0.795143679635096 0.795143679635095 0.795143679635095 0.795143679635096 0.795143679635096
0.0223102353909329 0.0223102353909329 0.0223102353909327 0.0223102353909332 0.0223102353909328 0.022310235390932 0.0223102353909327 0.0223102353909326
0.0129036609632186 0.0129036609632172 0.0129036609632174 0.0129036609632178 0.0129036609632155 0.0129036609632171 0.0129036609632173 0.0129036609632177
0.00830663029482394 0.00830663029482369 0.00830663029482282 0.00830663029482388 0.0083066302948245 0.00830663029482407 0.0083066302948244 0.00830663029482353
0.398625181999599 0.398625181999599 0.398625181999599 0.398625181999598 0.398625181999599 0.398625181999599 0.398625181999598 0.398625181999599
0.583374910491404 0.583374910491405 0.583374910491405 0.583374910491405 0.583374910491405 0.583374910491405 0.583374910491405 0.583374910491405
0.2855850495089 0.285585049508899 0.285585049508899 0.285585049508899 0.2855850495089 0.285585049508899 0.285585049508899 0.285585049508899
0.0370117178523528 0.0370117178523527 0.0370117178523527 0.0370117178523528 0.0370117178523527 0.0370117178523523 0.0370117178523526 0.0370117178523531
0.0501980452460954 0.0501980452460958 0.0501980452460954 0.0501980452460958 0.0501980452460951 0.0501980452460951 0.0501980452460952 0.050198045246096
0.0512655064088797 0.0512655064088791 0.0512655064088802 0.0512655064088791 0.0512655064088792 0.0512655064088793 0.0512655064088799 0.0512655064088797
0.0294361398715725 0.0294361398715715 0.0294361398715722 0.0294361398715719 0.0294361398715717 0.0294361398715726 0.0294361398715715 0.0294361398715712
0.0352344723930651 0.0352344723930646 0.0352344723930652 0.0352344723930648 0.0352344723930653 0.0352344723930651 0.0352344723930654 0.0352344723930654
0.0363568960520319 0.0363568960520322 0.0363568960520328 0.0363568960520325 0.0363568960520319 0.0363568960520313 0.0363568960520325 0.0363568960520326
0.0895717462135762 0.0895717462135765 0.089571746213577 0.0895717462135759 0.089571746213577 0.0895717462135767 0.0895717462135763 0.0895717462135767
0.221108609622242 0.221108609622242 0.221108609622242 0.221108609622242 0.221108609622242 0.221108609622242 0.221108609622242 0.221108609622242
0.111322990171031 0.11132299017103 0.111322990171031 0.11132299017103 0.111322990171031 0.11132299017103 0.111322990171031 0.11132299017103
0.144530711379823 0.144530711379823 0.144530711379823 0.144530711379823 0.144530711379824 0.144530711379824 0.144530711379823 0.144530711379824
0.302030707056134 0.302030707056134 0.302030707056133 0.302030707056133 0.302030707056133 0.302030707056133 0.302030707056133 0.302030707056133
0.205168120110435 0.205168120110436 0.205168120110435 0.205168120110435 0.205168120110435 0.205168120110434 0.205168120110435 0.205168120110435
0.272237138743038 0.272237138743038 0.272237138743038 0.272237138743038 0.272237138743038 0.272237138743038 0.272237138743038 0.272237138743039
0.29760831044783 0.29760831044783 0.29760831044783 0.297608310447829 0.297608310447829 0.29760831044783 0.29760831044783 0.29760831044783
0.732644440718644 0.732644440718644 0.732644440718644 0.732644440718643 0.732644440718644 0.732644440718644 0.732644440718643 0.732644440718643
0.863359903778056 0.863359903778057 0.863359903778057 0.863359903778057 0.863359903778057 0.863359903778057 0.863359903778056 0.863359903778056
0.922587321802645 0.922587321802645 0.922587321802645 0.922587321802645 0.922587321802645 0.922587321802645 0.922587321802645 0.922587321802645
0.902574822699876 0.902574822699876 0.902574822699876 0.902574822699876 0.902574822699876 0.902574822699876 0.902574822699876 0.902574822699876
0.933686490383225 0.933686490383225 0.933686490383225 0.933686490383225 0.933686490383225 0.933686490383225 0.933686490383225 0.933686490383225
0.925359109130312 0.925359109130312 0.925359109130312 0.925359109130312 0.925359109130312 0.925359109130312 0.925359109130312 0.925359109130312
0.827119878186899 0.827119878186899 0.827119878186899 0.827119878186899 0.827119878186899 0.827119878186899 0.827119878186899 0.827119878186899
0.140803531450244 0.140803531450244 0.140803531450244 0.140803531450244 0.140803531450244 0.140803531450244 0.140803531450244 0.140803531450245
0.0310034088500072 0.0310034088500068 0.0310034088500064 0.0310034088500058 0.0310034088500068 0.0310034088500069 0.0310034088500076 0.0310034088500062
0.0707231956630045 0.0707231956630053 0.0707231956630048 0.0707231956630038 0.0707231956630037 0.0707231956630044 0.0707231956630045 0.0707231956630039
0.307360918570307 0.307360918570307 0.307360918570307 0.307360918570306 0.307360918570306 0.307360918570307 0.307360918570307 0.307360918570307
0.398118893726911 0.398118893726911 0.398118893726911 0.398118893726911 0.398118893726911 0.398118893726911 0.39811889372691 0.39811889372691
0.227946068173648 0.227946068173649 0.227946068173648 0.227946068173648 0.227946068173648 0.227946068173648 0.227946068173648 0.227946068173648
0.100726653815558 0.100726653815557 0.100726653815557 0.100726653815558 0.100726653815557 0.100726653815557 0.100726653815557 0.100726653815557
0.0263982540562028 0.0263982540562032 0.0263982540562027 0.0263982540562029 0.0263982540562028 0.0263982540562035 0.026398254056204 0.0263982540562028
0.00971838949694166 0.00971838949694196 0.00971838949694163 0.00971838949694203 0.0097183894969422 0.00971838949694301 0.00971838949694162 0.0097183894969419
0.0423266500189743 0.0423266500189752 0.0423266500189758 0.0423266500189751 0.0423266500189749 0.0423266500189753 0.0423266500189749 0.0423266500189756
0.223581280316466 0.223581280316465 0.223581280316466 0.223581280316465 0.223581280316466 0.223581280316466 0.223581280316465 0.223581280316466
0.234432743102469 0.234432743102468 0.234432743102469 0.234432743102469 0.234432743102469 0.234432743102469 0.234432743102469 0.234432743102469
0.0135273857070502 0.0135273857070508 0.0135273857070508 0.0135273857070504 0.0135273857070506 0.0135273857070497 0.0135273857070506 0.0135273857070516
0.0309664118690064 0.0309664118690062 0.0309664118690073 0.0309664118690063 0.0309664118690072 0.0309664118690069 0.0309664118690064 0.0309664118690059
0.332909706238741 0.332909706238741 0.332909706238742 0.332909706238741 0.332909706238741 0.332909706238741 0.332909706238741 0.332909706238742
0.203049050442786 0.203049050442786 0.203049050442786 0.203049050442786 0.203049050442786 0.203049050442786 0.203049050442786 0.203049050442786

# Duration of outbreak (days) based on incidence
0
0
0
0
0
0
0
0
0
0
0
0
0
0
0
0
0
0
0
0
0
0
0
0
0
0
0
0
0
0
0
0
0
0
0
0
0
0
0
0
0
0
0
0
0
0
0
0
0
0

# Duration of outbreak (days) based on prevalence
11
0
0
0
20
17
0
0
0
0
0
0
0
0
0
0
0
0
0
0
0
0
0
0
0
0
0
26
25
24
20
20
18
8
0
0
0
0
0
0
0
0
0
0
0
0
0
0
0
0

# Peak (point) prevalence
0.126309235057704
0.00342023589727139
0.00192341886191186
0.0791216974887108
0.305605761163383
0.238307122900698
0.0903380757964816
0.000432959415478899
0.000268201867554078
0.00021312142870864
0.0301792853071203
0.0566326066378454
0.0186603077361058
0.00285092107630652
0.00541699092994786
0.00658996954858863
0.00377373242119475
0.00423618764951945
0.0049765090102642
0.015623563473276
0.0358057976743844
0.0196537488214118
0.0273990606854627
0.0513281860798142
0.0368026870366726
0.0441766271408926
0.0467112495279328
0.184746058760061
0.285058336205151
0.365637827177583
0.262891576651673
0.319667412017658
0.251444890121345
0.112289064003676
0.00458601302742768
0.000930363834348851
0.00400704274905826
0.0207257907381114
0.0297075646176398
0.0160355572712594
0.00807107356088578
0.00194096372119264
0.000630698379669483
0.00465594953489767
0.0286781430785016
0.0268347922840094
0.00114686278364831
0.00446652051700179
0.0524399102543894
0.031750376809973

# Day of peak prevalence
26
119
119
52
18
17
31
119
112
106
92
66
106
119
119
119
119
119
119
119
119
119
119
112
119
115
112
50
28
18
19
16
16
27
118
119
119
103
92
113
119
119
119
119
117
114
119
119
108
119

# Total immunity
0.547304143355621
0.719839514315344
0.659223198689735
0.404903510075347
0.23477695331162
0.401162287996156
0.630430270660576
0.800158243139279
0.765115160878135
0.662152464197091
0.425060500557573
0.463728261851399
0.559457150308935
0.52062351642457
0.446811729612621
0.427701812624963
0.40033311915898
0.379572236376907
0.289215686036585
0.242157076451654
0.24455481643754
0.228974970202369
0.226063199783266
0.182130994979952
0.225043697990446
0.224292610478748
0.212379372104546
0.14944000146702
0.164163531349894
0.165942719705718
0.301556091690991
0.240267276134933
0.367388496952818
0.57927974317198
0.755688597536686
0.753938280744477
0.587231985026984
0.532147436539234
0.471525839838653
0.560585986782196
0.607620025608614
0.566986507924686
0.512448815266385
0.368720644293216
0.321813866586698
0.377505121908083
0.420573745723997
0.27162271373081
0.201291030562655
0.311359106589256

# Observed immunity (based on survey selectivity)
0.911117399269646
0.895637814903695
0.846995497800116
0.806826115044192
0.908112084806319
0.961780083666236
0.92396368711081
0.90272743672935
0.857705322919445
0.832941906128298
0.814249836786293
0.863742952691465
0.89194326154401
0.812225130371877
0.730709120218306
0.680719128438674
0.610034188329671
0.532424291055371
0.490656839786014
0.465363075422938
0.46434413655997
0.497560427336158
0.46991491688209
0.477367671989316
0.534723841791912
0.540958187635323
0.555040318515935
0.586594261310053
0.802143640535313
0.882954672307135
0.888788215993619
0.88471414806428
0.914607406631212
0.933387806439142
0.910457780266272
0.859944220361552
0.821793116972128
0.809399422480352
0.839931758097266
0.833696248405586
0.795043718562855
0.724070667624754
0.671119424208533
0.651991797200716
0.622227462043007
0.638313821288424
0.621112368037989
0.538316218610228
0.502512950406372
0.60814680799305

# True total proportion of susceptible
1 0.807244652311892 0.480613426928263 0.171424922218938 0.0324487622985292 0.00394136236322443 0.000490453279111884 1.8666913416156e-05
1 0.828016179919279 0.518135565629119 0.200866016200935 0.0451478902836899 0.00634013206926112 0.000664428240148217 2.1429480164732e-05
1 0.980427364239495 0.795587243311954 0.484865976654434 0.183676131647624 0.0407885075745378 0.00570197566368143 0.00040790828802737
1 0.990759972486656 0.96345029056711 0.773834993943567 0.466962237029977 0.175609999305468 0.0388609553273471 0.00183069420424619
1 0.861836644823542 0.722961103492465 0.559308383142674 0.353335449443874 0.17671681488249 0.0587837820696925 0.00483646486337849
1 0.808840028044564 0.521852055596277 0.268975257831273 0.114512400436567 0.0432548362771079 0.0153769342232782 0.00273420448401641
1 0.81025452046879 0.488108527116003 0.187707628838622 0.0524106578226028 0.0138075978102379 0.00389746746108002 0.000349445538544622
1 0.836391994621583 0.534927671845094 0.218450792883457 0.0561701086666856 0.0122302576722336 0.00285709714573163 0.000106584402210568
1 0.9955722794082 0.828996403018885 0.527188380655431 0.214224775250738 0.0549390960572171 0.0119503606701315 0.000214718958071405
1 0.997446739387352 0.990850803807205 0.822818513962863 0.52188332403055 0.211643480864626 0.0542224703787708 0.00116619517937657
1 0.998358549498815 0.994409219749673 0.986430503655162 0.818064131378571 0.518237999345664 0.209952145500756 0.0190018755950136
1 0.917666647351797 0.841318114201805 0.758424460997655 0.697551531411419 0.544309043918142 0.325201307244082 0.072631049207914
1 0.87927541570482 0.697194112832153 0.527103553145393 0.401652136854981 0.33526538218195 0.243737604536067 0.0371974733065767
1 0.941349599807674 0.777156290876804 0.569325612633166 0.403560628506 0.296293524944185 0.242945942758231 0.0297800729092218
1 0.992565506546219 0.928012872444128 0.759945009795961 0.55290711137012 0.39026576436668 0.285868623408395 0.0319729913355156
1 0.989878868543761 0.9738341637327 0.901651319532407 0.732095424690287 0.529321692229532 0.37212719205201 0.0396006040354126
1 0.989651461536525 0.970754420851254 0.946080724573179 0.869677850648001 0.702151826777935 0.505308592321796 0.0743774067308168
1 0.994079999171076 0.978728466182673 0.954954585222636 0.927305026599793 0.850447338044966 0.685061944966953 0.212252053037565
1 0.992927299663929 0.980993128429967 0.959747635625976 0.932373364816807 0.903347698287842 0.827066167377783 0.251441914375091
1 0.992696259382814 0.979420529870535 0.961362852304477 0.936353665472813 0.907544180440863 0.878231244083163 0.296340702610089
1 0.981859055674415 0.959023927571715 0.930333648167031 0.902613111277289 0.873848424160311 0.844294828575937 0.362966969171362
1 0.954715112339926 0.897533176822309 0.835719098749017 0.783097941629373 0.746162523751873 0.715756325116445 0.344907842558987
1 0.977397828483746 0.913657813296187 0.839452379699103 0.76867767120284 0.713829223243971 0.677120507800512 0.331566340315473
1 0.970541303361928 0.922998304538592 0.83674685446659 0.751348081029171 0.679140928677318 0.626342705371962 0.314327022639589
1 0.937675127607435 0.854622804937165 0.755600617287409 0.646001863853224 0.560540924509719 0.497136711265494 0.236807184560816
1 0.957949009255659 0.861668435201114 0.748855035093225 0.638027791791759 0.53325251515766 0.456852402190933 0.2414996898012
1 0.943943470128668 0.854771419733383 0.71869931782124 0.591777706012605 0.488063986730546 0.399933489174999 0.206345705074965
1 0.938610325579998 0.831812587834533 0.69860439926448 0.551542716351641 0.437051731068818 0.352567824540591 0.159899678782654
1 0.847984795254022 0.653602623568289 0.432489974564354 0.271845423930865 0.176441052360539 0.125456703495954 0.0576071474071398
1 0.821679077717893 0.535897493477911 0.268729559569942 0.109488534730549 0.0485155271126896 0.0258792325603087 0.0086332030312667
1 0.809728651274846 0.495927386017605 0.192397176995169 0.0517658430609538 0.0129295792267548 0.00426331667942247 0.00106663481192674
1 0.814027558847156 0.495362374816163 0.18384065443437 0.0397502260541635 0.0069873985562583 0.00137275701689016 0.000163503954951902
1 0.807565193532705 0.486873821834151 0.172462756081739 0.0329926952204456 0.00423284645052363 0.000539871216405267 2.88005323831203e-05
1 0.809384968396402 0.485710669396183 0.172259379995533 0.0321511443085728 0.00376671506668215 0.000360962031687372 1.44878215797136e-05
1 0.829773136120025 0.522740226130756 0.206162540922107 0.0466321263163226 0.00652961769331347 0.000664788985458244 3.11776625572259e-05
1 0.971529479805872 0.78245853354587 0.473935009915346 0.180576943012125 0.0401066517333249 0.00557723957255417 0.000308095525696541
1 0.993819439909265 0.960241483106758 0.768085933197153 0.462187279374477 0.175263366310319 0.0388370311927405 0.00302146770963274
1 0.985763390124889 0.967414082463805 0.922278471761357 0.728514221987624 0.43355436397921 0.163013314977437 0.0098558022802437
1 0.936805241916115 0.867033504895402 0.792120279070635 0.714664257822834 0.539564302132511 0.307878862769782 0.0616973454506026
1 0.917785868763342 0.786369074539892 0.653086118199107 0.54715585559083 0.469387992946881 0.339847851654859 0.0628428929117547
1 0.953385629735404 0.83456504673029 0.675618051846673 0.536384335392252 0.437877804317665 0.370420189844869 0.0560941575603
1 0.979606466778472 0.916397344245698 0.784701648816041 0.623878788534754 0.489841775140068 0.397405456731306 0.0571244202431582
1 0.994710019465171 0.96990218097779 0.902761692064367 0.769854294004571 0.610342223602313 0.47834652519948 0.0646172160404301
1 0.998064477135785 0.991132784356424 0.964749907967815 0.89681328504377 0.764078870233048 0.605327126604688 0.146720276770938
1 0.991492629058527 0.982280097089547 0.968111688703485 0.93738563405644 0.868559036128593 0.737921741570978 0.188151174190364
1 0.954228000752588 0.905736077036099 0.855684011325823 0.815248919297507 0.775040044620713 0.709376755940053 0.241774150289569
1 0.952015669276133 0.866363422214072 0.779690296490966 0.70810624932942 0.660714087749233 0.621240028918308 0.193594467205996
1 0.997302542886941 0.947142396197323 0.859650683005101 0.772159040748242 0.700521882463793 0.653285983193785 0.200335918568475
1 0.993773547726671 0.985764425093457 0.930761150787031 0.841056036077271 0.75349513553117 0.6825746103958 0.23871308317842
1 0.931191086630296 0.863571114667707 0.791706505374662 0.702058719547724 0.61012149353665 0.534077145792285 0.189402819365926

# True vulnerable proportion of susceptible
0.27 0.403622326155946 0.350847801657632 0.150853931552665 0.0308263241836027 0.00386253511595994 0.000485548746320765 1.8666913416156e-05
0.27 0.414008089959639 0.378238962909257 0.176762094256823 0.0428904957695054 0.0062133294278759 0.000657783957746735 2.1429480164732e-05
0.27 0.490213682119748 0.580778687617726 0.426682059455902 0.174492325065243 0.039972737423047 0.00564495590704461 0.00040790828802737
0.27 0.495379986243328 0.703318712113991 0.680974794670339 0.443614125178478 0.172097799319358 0.0384723457740737 0.00183069420424619
0.27 0.430918322411771 0.527761605549499 0.492191377165553 0.33566867697168 0.17318247858484 0.0581959442489956 0.00483646486337849
0.27 0.404420014022282 0.380952000585282 0.23669822689152 0.108786780414738 0.0423897395515658 0.0152231648810454 0.00273420448401641
0.27 0.405127260234395 0.356319224794682 0.165182713377987 0.0497901249314727 0.0135314458540331 0.00385849278646922 0.000349445538544622
0.27 0.418195997310792 0.390497200446918 0.192236697737442 0.0533616032333513 0.0119856525187889 0.00282852617427431 0.000106584402210568
0.27 0.4977861397041 0.605167374203786 0.463925774976779 0.203513536488201 0.0538403141360727 0.0118308570634302 0.000214718958071405
0.27 0.498723369693676 0.723321086779259 0.724080292287319 0.495789157829023 0.207410611247334 0.0536802456749831 0.00116619517937657
0.27 0.499179274749408 0.725918730417261 0.868058843216543 0.777160924809642 0.50787323935875 0.207852624045749 0.0190018755950136
0.27 0.458833323675899 0.614162223367318 0.667413525677936 0.662673954840848 0.53342286303978 0.321949294171641 0.072631049207914
0.27 0.43963770785241 0.508951702367471 0.463851126767946 0.381569530012232 0.328560074538311 0.241300228490707 0.0371974733065767
0.27 0.470674799903837 0.567324092340067 0.501006539117186 0.3833825970807 0.290367654445301 0.240516483330649 0.0297800729092218
0.27 0.496282753273109 0.677449396884213 0.668751608620446 0.525261755801614 0.382460449079346 0.283009937174311 0.0319729913355156
0.27 0.494939434271881 0.710898939524871 0.793453161188518 0.695490653455772 0.518735258384941 0.36840592013149 0.0396006040354126
0.27 0.494825730768263 0.708650727221416 0.832551037624398 0.826193958115601 0.688108790242376 0.500255506398578 0.0743774067308168
0.27 0.497039999585538 0.714471780313351 0.840360034995919 0.880939775269803 0.833438391284067 0.678211325517283 0.212252053037565
0.27 0.496463649831964 0.716124983753876 0.844577919350858 0.885754696575967 0.885280744322086 0.818795505704006 0.251441914375091
0.27 0.496348129691407 0.714976986805491 0.84599931002794 0.889535982199172 0.889393296832046 0.869448931642332 0.296340702610089
0.27 0.490929527837208 0.700087467127352 0.818693610386987 0.857482455713425 0.856371455677105 0.835851880290178 0.362966969171362
0.27 0.477357556169963 0.655199219080286 0.735432806899135 0.743943044547905 0.731239273276835 0.70859876186528 0.344907842558987
0.27 0.488698914241873 0.666970203706216 0.738718094135211 0.730243787642698 0.699552638779092 0.670349302722507 0.331566340315473
0.27 0.485270651680964 0.673788762313172 0.736337231930599 0.713780676977713 0.665558110103772 0.620079278318242 0.314327022639589
0.27 0.468837563803718 0.62387464760413 0.66492854321292 0.613701770660562 0.549330106019525 0.492165344152839 0.236807184560816
0.27 0.478974504627829 0.629017957696813 0.658992430882038 0.606126402202171 0.522587464854507 0.452283878169024 0.2414996898012
0.27 0.471971735064334 0.62398313640537 0.632455399682691 0.562188820711975 0.478302706995935 0.395934154283249 0.206345705074965
0.27 0.469305162789999 0.607223189119209 0.614771871352743 0.523965580534059 0.428310696447441 0.349042146295185 0.159899678782654
0.27 0.423992397627011 0.477129915204851 0.380591177616632 0.258253152734322 0.172912231313328 0.124202136460994 0.0576071474071398
0.27 0.410839538858946 0.391205170238875 0.236482012421549 0.104014107994021 0.0475452165704358 0.0256204402347057 0.0086332030312667
0.27 0.404864325637423 0.362026991792851 0.169309515755748 0.0491775509079061 0.0126709876422197 0.00422068351262825 0.00106663481192674
0.27 0.407013779423578 0.361614533615799 0.161779775902246 0.0377627147514553 0.00684765058513313 0.00135902944672126 0.000163503954951902
0.27 0.403782596766352 0.35541788993893 0.15176722535193 0.0313430604594233 0.00414818952151316 0.000534472504241214 2.88005323831203e-05
0.27 0.404692484198201 0.354568788659214 0.151588254396069 0.0305435870931441 0.00369138076534851 0.000357352411370498 1.44878215797136e-05
0.27 0.414886568060013 0.381600365075452 0.181423036011454 0.0443005200005065 0.0063990253394472 0.000658141095603661 3.11776625572259e-05
0.27 0.485764739902936 0.571194729488485 0.417062808725505 0.171548095861519 0.0393045186986584 0.00552146717682863 0.000308095525696541
0.27 0.496909719954633 0.700976282667934 0.675915621213494 0.439077915405753 0.171758098984113 0.0384486608808131 0.00302146770963274
0.27 0.492881695062445 0.706212280198578 0.811605055149994 0.692088510888243 0.424883276699626 0.161383181827663 0.0098558022802437
0.27 0.468402620958057 0.632934458573644 0.697065845582159 0.678931044931692 0.528773016089861 0.304800074142084 0.0616973454506026
0.27 0.458892934381671 0.574049424414122 0.574715784015214 0.519798062811289 0.460000233087944 0.336449373138311 0.0628428929117547
0.27 0.476692814867702 0.609232484113111 0.594543885625072 0.509565118622639 0.429120248231312 0.36671598794642 0.0560941575603
0.27 0.489803233389236 0.668970061299359 0.690537450958116 0.592684849108016 0.480044939637267 0.393431402163993 0.0571244202431582
0.27 0.497355009732585 0.708028592113787 0.794430289016643 0.731361579304343 0.598135379130267 0.473563059947485 0.0646172160404301
0.27 0.499032238567892 0.72352693258019 0.848979919011677 0.851972620791581 0.748797292828387 0.599273855338641 0.146720276770938
0.27 0.495746314529264 0.717064470875369 0.851938286059067 0.890516352353618 0.851187855406021 0.730542524155268 0.188151174190364
0.27 0.477114000376294 0.661187336236352 0.753001929966724 0.774486473332632 0.759539243728299 0.702282988380653 0.241774150289569
0.27 0.476007834638066 0.632445298216272 0.68612746091205 0.672700936862949 0.647499805994248 0.615027628629125 0.193594467205996
0.27 0.49865127144347 0.691413949224046 0.756492601044489 0.73355108871083 0.686511444814517 0.646753123361847 0.200335918568475
0.27 0.496886773863336 0.719608030318224 0.819069812692587 0.799003234273407 0.738425232820546 0.675748864291842 0.23871308317842
0.27 0.465595543315148 0.630406913707426 0.696701724729702 0.666955783570338 0.597919063665917 0.528736374334362 0.189402819365926

# True survival by age
0.724602478663493 0.698146558839974 0.708810169996123 0.748725721758061 0.772656455588283 0.778030965865911 0.778704014120457 0.778797062891249
0.771888153609381 0.768577331873404 0.769587703406932 0.774517251320483 0.777763319157532 0.77865059767874 0.778784887072332 0.77880026532227
0.775318222911575 0.772923178061517 0.772032465031738 0.773881413716201 0.776796789933772 0.778342394762021 0.778736080432247 0.778796109812547
0.734588257285237 0.698132309447806 0.664507559162455 0.668223360102271 0.706786049235828 0.750865997680612 0.772556192283652 0.778503646087139
0.719060241377959 0.683846733544601 0.662684383322023 0.670571713444003 0.705004829689513 0.74073000638619 0.766007864169242 0.777737633610904
0.719466156129983 0.690293709600294 0.695557675944175 0.727108526525409 0.755047819107627 0.769545957124618 0.775477238362595 0.778203862081458
0.727050131373133 0.701518466649661 0.710948845345285 0.74736650191509 0.769327942145411 0.7762265847223 0.778066771428786 0.778734308972461
0.776926169518769 0.776277168519134 0.776575530876041 0.777729256068279 0.778505728160857 0.778734716167661 0.778785207312378 0.778800196720411
0.777554293261616 0.776954921574891 0.776760082585216 0.777294131254576 0.778148936448951 0.778629259591797 0.778763157570115 0.778800101360384
0.777860204367925 0.777516501814722 0.777181179163556 0.777269635754024 0.777774519171503 0.778375015244506 0.778690884511297 0.778798401823348
0.751688734666978 0.729129197187458 0.706811066210604 0.692823045018585 0.70186081819023 0.728529383832204 0.758227810839217 0.776920105417505
0.739845517383097 0.713017723510195 0.690954544770832 0.683420885086101 0.6841278040128 0.702602439573264 0.73281276734638 0.76842637957617
0.759185612215773 0.747261044819418 0.742459454342723 0.745737583311453 0.751619633158979 0.755401413507523 0.761617205664487 0.776152060689839
0.775920729215319 0.774207760074566 0.773455249557729 0.774142498843144 0.775253266588279 0.776118941967094 0.776580690248561 0.778526057840958
0.775024538325715 0.772310593586539 0.770169001642646 0.770363092751064 0.772196967898519 0.773998898706173 0.775249079659616 0.778399702300969
0.774948776425942 0.772189281159401 0.769543323357054 0.768567081038732 0.769861623060414 0.772142378265331 0.7740740070232 0.778292906852968
0.776426837701617 0.774899625037164 0.773451967400143 0.772620444279739 0.772704524410684 0.773735240701301 0.775120880217394 0.778254060014162
0.776041572133976 0.774172936854571 0.772388544170894 0.771363357436116 0.771043548695245 0.771476149444181 0.772844082716019 0.776937725840428
0.775964397771516 0.774036398451401 0.772169016306051 0.771084621430684 0.770747974128315 0.770767494736675 0.771375300905976 0.776521864206541
0.772361613340568 0.767414413301508 0.762639247639168 0.759782920097357 0.758843943410836 0.758862426926067 0.759314316973257 0.772160663047268
0.763482870402159 0.7513948765649 0.739953974952789 0.733474634195404 0.731365414920024 0.7314415896569 0.732580960569389 0.758731874743402
0.770888198694951 0.765245078797925 0.760414998711279 0.758255104793366 0.758050572216689 0.758417473200061 0.759052472533583 0.769190223284194
0.768634613554576 0.76084403389293 0.754517747556819 0.751997531169968 0.752337613387845 0.753461844600913 0.754523321484427 0.766794517273812
0.758012666370497 0.741879189975442 0.727762280425853 0.723116008998876 0.724853696080263 0.728509763054833 0.731949650699868 0.755052969474683
0.764529947197349 0.754446331145872 0.746602335191596 0.744566316843394 0.747231176482539 0.750551976596184 0.753494328090023 0.766625763712885
0.760015802056776 0.745911751349194 0.735820300163807 0.733854211717672 0.73748700184912 0.743190023728387 0.747983217878795 0.762346860062724
0.758310851412371 0.743412272308753 0.732224103097392 0.731670446517123 0.736931786784268 0.743187421321578 0.749322577728801 0.763438983782544
0.730465289933231 0.695211968727285 0.670851169476181 0.669585742492968 0.685740995626456 0.702737301679253 0.716816482084916 0.75040601956091
0.722761519680107 0.691185153874155 0.680364909839333 0.700329043106025 0.725564694350472 0.743159771586288 0.753200675424764 0.766927310695339
0.719315194735996 0.688659093431947 0.693098492067847 0.727023524415922 0.756031748531138 0.768393793833545 0.773192964453126 0.776911188479094
0.720551144212536 0.691823409194121 0.70114783966703 0.742505836452537 0.768260768145324 0.776085282009119 0.777896277681055 0.778572205712934
0.718694796270331 0.688563272691294 0.698750078748589 0.743007695063228 0.770447628974461 0.777286192882064 0.778500195082454 0.778764620405277
0.719216567837022 0.690059950907514 0.700808671940369 0.745516217561794 0.771928233640596 0.777891286581612 0.778683602147444 0.778794468826875
0.725114544651485 0.698700229233187 0.708740324594281 0.748866816450569 0.772770738126227 0.778072078400285 0.778730241142034 0.778797923230616
0.768958591877079 0.764054024749864 0.765365375741097 0.772435819823446 0.77724854178034 0.778576678244996 0.778777737460379 0.778799691515553
0.776339717790676 0.774814321080518 0.774305164439114 0.775570197198375 0.777479623917718 0.778498758926289 0.778758385309551 0.778798418953771
0.773655731718989 0.769783233965753 0.766315524461137 0.766846045455246 0.771054534801988 0.775773564031218 0.778123340652627 0.778747562891192
0.757735516386766 0.740794173357018 0.724581333094469 0.716590856884669 0.725782760119487 0.746259542733683 0.766441548607719 0.778046047648472
0.751726103582636 0.732256503007653 0.716119962372382 0.709855690167506 0.711679673265187 0.726533821244532 0.74867426842262 0.772702934520441
0.76305323964881 0.752453102184085 0.746034195929352 0.746067719201563 0.749218778811893 0.752629811547933 0.759660887699626 0.775226121899524
0.771616944914952 0.766550578253991 0.763349243107547 0.763795807551861 0.765963235909413 0.767997268602782 0.769570371350998 0.777389169214658
0.77663757045297 0.775321509263443 0.774273598147397 0.774213623157811 0.774890109682601 0.775641582738124 0.776213753246819 0.778425465992719
0.777761517178808 0.777338238241252 0.776956630728495 0.776830502246328 0.77701957501191 0.777354320918855 0.777658175163286 0.778645223387604
0.77556259739756 0.77326911402834 0.771023753347752 0.769780995182053 0.769787240072768 0.770891661908888 0.772474286921184 0.777252656676259
0.763325401051582 0.750836852672684 0.73859374015692 0.731137208849552 0.729018634597502 0.731231824336276 0.737978150016807 0.768287930321056
0.762611033760635 0.750625508946063 0.739977494954076 0.734680126301249 0.733455862463666 0.734344049477389 0.737699185969184 0.764652086149282
0.777505937556343 0.776950427893466 0.776554830075064 0.776449623822387 0.776525668373197 0.776622026023331 0.776734671220892 0.778151468340209
0.776324375425892 0.774680231719615 0.773319684036737 0.772897973288492 0.773109735503093 0.773486475461703 0.773797800624742 0.777252156311244
0.755951681448635 0.737202508066436 0.718798570833375 0.710607252334666 0.712313616311742 0.717367159891556 0.72258526294445 0.758943537312882
0.764681565942507 0.754876198234789 0.746619207609163 0.743321678444192 0.744866251348421 0.748389095157329 0.751910809158788 0.76916933399093

# True Numbers-at-age
106.737711820526 246.409913072031 729.506435858668 162.076059492151 78.6117483886317 130.938912936549 15.6367855404982 47.9243695668831
62.7659168332592 77.3424105520225 172.030232875296 517.081580814248 121.350514622963 60.7398748775581 101.874528901456 49.49978592793
106.339942935385 48.4482676540244 59.4436235427309 132.392351835058 400.488604680702 94.3819790346304 47.2951398763425 117.888789900135
509.238607328612 82.4472955811808 37.4467890067236 45.8924072141132 102.455980403328 311.098262521024 73.4614955841931 128.641762815531
1324.60860666699 374.080701099886 57.5591208718157 24.8836743613293 30.6663785517964 72.4144576098513 233.593107264554 156.901214698955
157.165642614638 952.473384441291 255.813865529232 38.1435305194969 16.6862881532592 21.6199449881034 53.6395616477977 300.962136611019
40.903289750512 113.075360767652 657.486385841525 177.933297781808 27.7344862725084 12.5989454791198 16.6375412588516 275.806156184597
20.3840927254466 29.7387421867031 79.3244537015808 467.439186844277 132.981386337406 21.336915250489 9.77963642035963 227.724834458551
38.5329327228316 15.8369350802966 23.0855065800144 61.6014297447571 363.541131041561 103.526771002442 16.615796641483 184.968382051512
99.8488152827436 29.9614472705987 12.3045846532985 17.9318999976135 47.8824298174908 282.88914447544 80.6089730535613 156.993164948248
318.463079009137 77.6684198617301 23.2955196711422 9.56289160996833 13.9379213795226 37.2417338280621 220.193842143576 185.03549848551
78.5084862140522 239.385108898528 56.6303126206017 16.4655310966901 6.62539168440094 9.78248090330286 27.1316973986011 310.714893878142
60.6180016953454 58.0841516019992 170.685825389069 39.1289718769978 11.2528878355127 4.53261466377388 6.87319494773945 258.643975236648
99.1023219346761 46.0203147283776 43.4040238135594 126.727304782405 29.1799449250141 8.45789142690717 3.42394352389972 205.981797895021
81.3657195697342 76.8955459024851 35.6292847837838 33.5710700705262 98.1049923959078 22.6218476219833 6.56432974552374 163.021165527365
32.0766674580349 63.0604292450728 59.3872447001092 27.4405706911683 25.8619133664932 75.7563776638272 17.5092851461139 131.984617309058
38.1370746284529 24.857774198426 48.6945875283561 45.7010576515407 21.0899193181482 19.9100945997763 58.4947096181142 116.276173978507
24.4980582369117 29.6106482529602 19.2622799056188 37.6629245255455 35.3095714667873 16.2962760765894 15.4051418375436 135.83287528894
88.309973395211 19.0115116284026 22.9237625201619 14.8779643337131 29.0517999128878 27.22521728666 12.5721883178465 117.439457933902
64.747915194588 68.5253953228335 14.7156019899657 17.701019155227 11.4721694959204 22.3916159276394 20.9843125217006 100.892182352965
34.0160298361693 50.0088042401302 52.5873760479262 11.2226956301849 13.4489320224576 8.70558633976175 16.9921560056448 93.8386633515196
105.245828409007 25.970656099004 37.5763592891709 38.9122379390001 8.23156257203622 9.83608374883588 6.36762791125073 83.6465149368737
47.316800107847 81.1327670823775 19.8739167729162 28.5736272004495 29.5054030561809 6.23994071796953 7.45985778297629 69.1734452114473
124.235415268877 36.3693303655341 61.7293817878516 14.9952229186324 21.487297111309 22.1980245173336 4.70155724356167 58.6704552012909
81.4002146027432 94.1720183856072 26.9816493515317 44.9243156592049 10.8432857509699 15.5751467299071 16.1714775814081 47.7406046023364
86.7182056699833 62.2329017720882 71.047733767623 20.1445624131744 33.4491322470843 8.1024411686336 11.6899571639074 48.784294097807
138.916157194369 65.9072066351968 46.4202527523607 52.2783647868506 14.7831719701175 24.6683002553569 6.02165344437466 45.9344452021644
329.342165370124 105.341629436997 48.9962262461942 33.9900279371515 38.25053450678 10.8941893342778 18.3331704551651 39.5803070468837
564.028506467063 240.573020314326 73.2347615898346 32.8691756771789 22.7592380936543 26.2299596159234 7.6557532167533 42.8428194151852
964.658815149534 407.658100477036 166.280500063928 49.8263619661728 23.0192383496825 16.5132996310719 19.4930507968872 38.6236467704379
376.569636910436 693.893743473082 280.737457904705 115.248763854596 36.2249372854704 17.4032750193655 12.6887169522294 45.0790330476983
1467.0989960364 271.337682751513 480.051935228019 196.838462123498 85.5728798059774 27.8301981449517 13.5064256012865 44.9677878770405
459.214546369747 1054.39641406479 186.833162839854 335.436327543991 146.252492042171 65.9294223510318 21.632028763243 45.5340772219967
77.1413845708947 330.274709940884 727.596737726606 130.934300724217 250.073222143415 112.896427847648 51.2859231762266 52.306193562746
38.529407814301 55.9363399469094 230.76301554562 515.677148070095 98.0523529475256 193.24926846137 87.8415582593873 80.67385424098
33.88961721547 29.6275191787426 42.7383856662127 176.618022100222 398.32750063374 76.2110483465955 150.459373511929 131.237822792486
237.121951429447 26.309855865092 22.9558261577775 33.0925527411391 136.979674229056 309.691515388805 59.3302065542961 219.37930766856
106.195182135213 183.450756839784 20.2528859330034 17.5914059615359 25.3768932035617 105.618798990013 240.250490643402 217.007319721287
205.422506965073 80.4678611730122 135.899251764847 14.6748630883458 12.6058406717831 18.4181115925385 78.8190366383678 352.979645522429
17.4147623218051 154.421460749031 58.9231146270552 97.3201670602771 10.4170350656914 8.9713205705276 13.3813809954352 331.758192514172
13.0988263301104 13.2883908073674 116.194907184406 43.9586584424481 72.607435070976 7.80463829075795 6.75208331033228 267.352928756796
51.2874767321039 10.1072763548113 10.1862236574525 88.6972944521683 33.5754390239461 55.6146259180474 5.99394088973479 213.033474433877
44.2267251127926 39.8317813238844 7.83638875795499 7.88692404278988 68.6706537021084 26.0172756279071 43.137016470463 170.483260962999
126.38624861269 34.3978448235757 30.9627667203191 6.08853420645937 6.12680316533911 53.3584421554023 20.2246416278904 166.29183032679
64.332264250546 98.0204472493913 26.5987909912106 23.8730286107313 4.68683792064826 4.71633489911549 41.1335781500473 144.873782524797
21.2728302173193 49.1064514096044 73.5973641103018 19.6457005218505 17.4544595052356 3.41679218149079 3.44873417246106 141.660460440503
29.1145879501189 16.2228950430443 36.8605550818694 54.4603931295641 14.4333057406696 12.8020756502497 2.50910100677863 110.865094992347
122.184135096965 22.6367650007238 12.6043852453641 28.6242420880736 42.2857517586694 11.2078323871082 9.94237392880087 88.2187422015316
105.240895610408 94.8545223661044 17.5362543561432 9.74721921542225 22.1236186967913 32.6915263576943 8.66910677066983 76.2615946823011
12.7297378169263 79.557031993848 69.9269917897361 12.6050345689663 6.92644466457487 15.7589548398135 23.4518274157391 64.1424132246848

