# Simulated data from SIR age-structured hybrid model
# random seed = 2896164
# Flag=0 if no issues, =1 if negative pop #'s, =2 if NaN, or=3 if NA. Flag:
0

# True SSB
18403.856136815
16953.8267405506
14713.4870622517
12782.6681596176
11923.4828055438
18504.616957404
29151.841618025
29606.8870423862
23993.8544750211
19593.6986670579
15762.7905988587
25042.6045471573
32912.6292617309
31990.1331075583
24726.469844379
22244.7256302789
21147.5909237082
15413.6842566318
13035.383552495
10849.4770467054
9712.47501510653
9524.84633125798
9361.76619347971
8674.7407865756
8250.92026321015
9345.06173258029
13005.8062328814
16042.024846513
11058.261039738
9863.80458252873
13678.8000692897
24565.4988145777
27069.9875023436
34331.3802677503
30179.7649050467
18275.2349145421
17531.6244318567
15801.4958788095
14693.4125115512
14557.3589730296
14510.2204837807
13929.3077824094
12739.5326520717
11284.4234069131
12117.1784745038
10527.7545268513
8500.60840975793
8744.27801278548
10300.669633882
14496.4511019467

# True R (numbers)
15.6296278628564
20.019743105553
237.092535682177
537.596168989739
264.208917815366
244.219571527172
87.2029070547222
41.907666208665
329.824012661692
482.832739500421
307.519500458569
154.497534943377
182.787239286522
95.4808697430436
14.2590132316551
4.99799556616383
9.56239846290338
27.6636756891117
38.2746144008925
24.811160561464
13.7139532657197
25.560229286222
58.3887768564612
119.293752688231
152.095206224508
48.3224035496657
17.0948406459702
139.682970592611
340.629566678967
347.746469928772
572.203026401878
198.260727828533
59.582729986832
38.7433506077429
16.9895519957242
50.3113123698696
48.6770910353634
61.1195556136784
41.4459575943137
19.0117523675982
16.7201136556198
95.6972820077965
23.1426626140006
21.8685387624944
39.6151388252149
60.0199215469984
143.246903857944
136.699278342863
880.233635613714
101.689418312627

# True infection rate given (selected) susceptible
-999 -999 0.00510187318233686 0.00510187318233619 0.00510187318233635 0.00510187318233707 0.00510187318233687 0.00510187318233594
-999 -999 0.0156169137632169 0.0156169137632158 0.015616913763216 0.015616913763216 0.0156169137632161 0.015616913763216
-999 -999 0.00638579131140719 0.00638579131140799 0.00638579131140709 0.00638579131140726 0.0063857913114072 0.00638579131140702
-999 -999 0.00667759696058647 0.0066775969605858 0.0066775969605851 0.00667759696058571 0.00667759696058576 0.00667759696058566
-999 -999 0.0275805564426286 0.0275805564426284 0.0275805564426278 0.0275805564426276 0.0275805564426281 0.0275805564426284
-999 -999 0.766799521965245 0.766799521965245 0.766799521965245 0.766799521965245 0.766799521965246 0.766799521965245
-999 -999 0.920873201349399 0.920873201349399 0.920873201349399 0.920873201349399 0.920873201349399 0.920873201349399
-999 -999 0.887771398817287 0.887771398817287 0.887771398817287 0.887771398817287 0.887771398817287 0.887771398817287
-999 -999 0.758844756699804 0.758844756699804 0.758844756699804 0.758844756699803 0.758844756699804 0.758844756699803
-999 -999 0.569332394475777 0.569332394475777 0.569332394475777 0.569332394475778 0.569332394475777 0.569332394475778
-999 -999 0.00107694056030758 0.00107694056030797 0.00107694056030834 0.00107694056030747 0.00107694056030758 0.00107694056030612
-999 -999 0.811851417571523 0.811851417571522 0.811851417571522 0.811851417571522 0.811851417571523 0.811851417571523
-999 -999 0.902162260033988 0.902162260033988 0.902162260033988 0.902162260033988 0.902162260033988 0.902162260033988
-999 -999 0.871248845481471 0.871248845481471 0.871248845481471 0.871248845481471 0.871248845481471 0.871248845481471
-999 -999 0.688075907068658 0.688075907068659 0.688075907068659 0.688075907068658 0.688075907068658 0.688075907068658
-999 -999 0.451503881721413 0.451503881721413 0.451503881721412 0.451503881721413 0.451503881721412 0.451503881721412
-999 -999 0.486768149855836 0.486768149855836 0.486768149855836 0.486768149855836 0.486768149855837 0.486768149855835
-999 -999 0.00236480395542946 0.00236480395542936 0.0023648039554288 0.00236480395542936 0.00236480395542973 0.00236480395542894
-999 -999 0.00149331193517411 0.00149331193517572 0.00149331193517445 0.00149331193517456 0.00149331193517464 0.00149331193517542
-999 -999 0.00263718964938691 0.00263718964938848 0.00263718964938796 0.00263718964938739 0.00263718964938828 0.00263718964938801
-999 -999 0.0126541454000494 0.0126541454000506 0.0126541454000506 0.0126541454000507 0.0126541454000507 0.01265414540005
-999 -999 0.00613712586198715 0.00613712586198795 0.00613712586198671 0.00613712586198814 0.00613712586198817 0.00613712586198671
-999 -999 0.00272042229788081 0.00272042229788122 0.00272042229788123 0.0027204222978807 0.00272042229788131 0.00272042229788014
-999 -999 0.00130316819164903 0.00130316819164953 0.00130316819164994 0.00130316819164919 0.00130316819164911 0.00130316819164869
-999 -999 0.00119043211851028 0.00119043211850951 0.00119043211850925 0.00119043211850971 0.00119043211851112 0.00119043211850892
-999 -999 0.00324392479813768 0.00324392479813732 0.00324392479813662 0.00324392479813791 0.00324392479813666 0.00324392479813757
-999 -999 0.255527187683908 0.255527187683907 0.255527187683908 0.255527187683908 0.255527187683908 0.255527187683908
-999 -999 0.69376506209218 0.69376506209218 0.693765062092181 0.69376506209218 0.693765062092181 0.69376506209218
-999 -999 0.239509507198246 0.239509507198246 0.239509507198245 0.239509507198246 0.239509507198246 0.239509507198246
-999 -999 0.00217470756979043 0.00217470756979142 0.00217470756979133 0.00217470756979111 0.00217470756979166 0.00217470756979088
-999 -999 0.137036887788727 0.137036887788726 0.137036887788727 0.137036887788726 0.137036887788726 0.137036887788726
-999 -999 0.871874957698898 0.871874957698898 0.871874957698898 0.871874957698897 0.871874957698898 0.871874957698898
-999 -999 0.877698381304737 0.877698381304736 0.877698381304736 0.877698381304737 0.877698381304736 0.877698381304737
-999 -999 0.920522722763386 0.920522722763387 0.920522722763387 0.920522722763387 0.920522722763387 0.920522722763387
-999 -999 0.878440410096251 0.878440410096251 0.878440410096251 0.878440410096251 0.878440410096251 0.878440410096251
-999 -999 0.0311708538998281 0.031170853899829 0.0311708538998294 0.0311708538998289 0.0311708538998299 0.0311708538998295
-999 -999 0.0082048133946927 0.00820481339469173 0.00820481339469193 0.00820481339469211 0.00820481339469245 0.00820481339469203
-999 -999 0.00275691621403913 0.00275691621403884 0.00275691621403869 0.00275691621403855 0.0027569162140389 0.00275691621403897
-999 -999 0.00738732758738183 0.00738732758738183 0.00738732758738244 0.00738732758738335 0.00738732758738264 0.00738732758738237
-999 -999 0.0463723241598232 0.0463723241598233 0.0463723241598233 0.0463723241598234 0.0463723241598231 0.0463723241598225
-999 -999 0.0727306511796884 0.0727306511796877 0.072730651179689 0.0727306511796883 0.0727306511796882 0.072730651179689
-999 -999 0.026716876771901 0.0267168767719023 0.0267168767719008 0.0267168767719019 0.0267168767719026 0.0267168767719009
-999 -999 0.0339365316198277 0.0339365316198287 0.0339365316198281 0.0339365316198276 0.0339365316198267 0.0339365316198276
-999 -999 0.0205184245296536 0.0205184245296543 0.0205184245296544 0.0205184245296535 0.0205184245296543 0.020518424529654
-999 -999 0.303875128493983 0.303875128493983 0.303875128493983 0.303875128493984 0.303875128493983 0.303875128493983
-999 -999 0.226104534960924 0.226104534960924 0.226104534960924 0.226104534960924 0.226104534960924 0.226104534960924
-999 -999 0.00194737031736914 0.00194737031736892 0.00194737031736849 0.00194737031737009 0.00194737031736885 0.00194737031736917
-999 -999 0.000722805760748792 0.000722805760748589 0.000722805760748897 0.000722805760749068 0.000722805760749575 0.000722805760748978
-999 -999 0.00485972301510504 0.00485972301510459 0.00485972301510489 0.00485972301510583 0.00485972301510418 0.00485972301510398
-999 -999 0.467786110502441 0.467786110502442 0.467786110502442 0.467786110502441 0.467786110502441 0.467786110502442

# Duration of outbreak (days) based on incidence
0
0
0
0
0
0
0
0
0
0
0
0
0
0
0
0
0
0
0
0
0
0
0
0
0
0
0
0
0
0
0
0
0
0
0
0
0
0
0
0
0
0
0
0
0
0
0
0
0
0

# Duration of outbreak (days) based on prevalence
0
0
0
0
0
47
43
40
36
9
0
42
40
39
29
0
0
0
0
0
0
0
0
0
0
0
1
51
0
0
0
49
44
40
38
0
0
0
0
0
0
0
0
0
2
0
0
0
0
24

# Peak (point) prevalence
0.000375904360435535
0.0020366654546149
0.000693322879482258
0.000789533001059444
0.0053408623542276
0.273721587806941
0.539974713930864
0.416621233894693
0.212710850044241
0.102820550582136
8.61379291918405e-05
0.302086896259956
0.455112025399304
0.362578261866895
0.149728806590622
0.083530473103286
0.0930726008597177
0.000230352327590247
0.000113570209245691
0.000198468970911181
0.00170092261872465
0.000817116720706736
0.000336390260041534
0.00014088197421271
0.000135450563484156
0.00062095210984344
0.100412939647939
0.238321168069586
0.073089491576377
0.000331096943102825
0.0509254733896634
0.46149099773981
0.430914500372791
0.510565632276915
0.365664013553507
0.00498476475418522
0.0012391473527219
0.000300668485262241
0.000948670658463721
0.0106266909685185
0.0196729698586508
0.00688233910459852
0.00932667009341349
0.00530193078024648
0.101751291353599
0.0754094164058504
0.000286321471295659
8.79001726618452e-05
0.00115726008388773
0.166717940662083

# Day of peak prevalence
119
119
119
119
119
66
30
34
60
92
119
56
33
37
71
107
104
119
119
119
119
119
119
119
119
119
119
88
119
119
119
47
40
29
34
119
119
119
119
119
119
119
119
119
119
119
119
119
119
116

# Total immunity
0.28631974640354
0.250426706192022
0.0855584594203885
0.029302987584434
0.0207630224778185
0.0156207527508961
0.0286160681084591
0.071141658237914
0.0727853067270746
0.0507786897857002
0.0423996520377393
0.0353293279473258
0.0471539203765657
0.0813710016508919
0.142156679453088
0.201904036767346
0.253198294319141
0.298349409792132
0.22074723181373
0.181491953702261
0.161319097674668
0.127989653082017
0.0790993164459992
0.0394320312047967
0.0216567141608015
0.0183185139040906
0.0172094755048856
0.0185874264570403
0.0243090003276123
0.0158448306097787
0.00807990460205061
0.00796397466272166
0.0287208582027958
0.0619885716144537
0.148831369945824
0.248848100517414
0.196136253474475
0.144842060183719
0.117891347997279
0.106694900535808
0.0997935861297583
0.0609886340922145
0.0553744004383372
0.0504746862520394
0.0399495196511861
0.0448087373663754
0.0288355596166304
0.0175646536349225
0.00414225920872988
0.00376043466280196

# Observed immunity (based on survey selectivity)
0.438692856238811
0.373166175074774
0.338396637212384
0.304975953870351
0.24836814392433
0.11532364091367
0.100531648238585
0.176197964188559
0.279389954755385
0.3592305241412
0.406250821285365
0.189267045693529
0.164564200976074
0.226386187420784
0.338944779364187
0.356609792271012
0.3372515764675
0.429184368424896
0.405425037721861
0.381959084539244
0.327383176680839
0.256165928383057
0.203659776144208
0.172942798505775
0.140524295833573
0.0935215431571779
0.0510502217785788
0.0551405500751571
0.179078163850659
0.18900759104612
0.10134146471928
0.0504319560520598
0.117871929186702
0.141914137144794
0.240642420244508
0.459691196174239
0.387275465851777
0.340894827263666
0.283969548724966
0.22153047373975
0.176152992372495
0.151214026028848
0.133794101150072
0.12164700933608
0.0874628274483979
0.117488146912764
0.145646051765801
0.109502902558674
0.0707561136052278
0.038541207573441

# True total proportion of susceptible
1 1 1 0.999982858228559 0.999817104965248 0.999555809616156 0.999393081635709 0.312705602068323
1 1 1 0.999960597026837 0.999588100066522 0.99906515650189 0.9987631469667 0.375023239951761
1 1 1 0.999878272470654 0.998735673488153 0.997242344748982 0.996588115281395 0.409365657027294
1 1 1 0.999950470692721 0.999381517523895 0.997784547015832 0.996233859811843 0.484345428386234
1 1 1 0.999948171866262 0.999430803718718 0.998389086996547 0.996731678347243 0.604211146035944
1 1 1 0.999784015313555 0.997763820259476 0.995223667379809 0.993933091584485 0.625697818476343
1 1 1 0.99392374024271 0.910758356041831 0.680530049943205 0.623621551184909 0.24826198944555
1 1 1 0.992823520112711 0.876386884070474 0.325558519771055 0.0949057174950182 0.0218000955724779
1 1 1 0.993072565165108 0.881165113402006 0.343753347660727 0.0412680726409345 0.00250305175818931
1 1 1 0.994007665914231 0.903353961838938 0.507514335294233 0.095171806947255 0.00430687333817423
1 1 1 0.995455090711428 0.932871715027064 0.691488336229407 0.273281075809989 0.0234778355685236
1 1 1 0.999991679820919 0.995368523417513 0.932664646127197 0.691167399385732 0.101333309763308
1 1 1 0.993591278637595 0.903733539877359 0.623729058386417 0.450200286676921 0.0727495844878341
1 1 1 0.992961677384662 0.879466574562182 0.35072489630617 0.0988315997668713 0.0113593019579785
1 1 1 0.993192750476333 0.884353737410788 0.371446616693548 0.0525820414497455 0.00186449420182786
1 1 1 0.994542290774094 0.914670291986098 0.57819814150769 0.135181945159158 0.00596157164913331
1 1 1 0.996389380473413 0.948973150853647 0.772038466446831 0.393591233921722 0.0332098390708957
1 1 1 0.996105310280009 0.94673035934843 0.801224736370683 0.565001374887416 0.0782090905681454
1 1 1 0.999981647668032 0.995916922028036 0.946296007587675 0.800591021136143 0.187375776705677
1 1 1 0.999988474494508 0.999866342362413 0.995693397916314 0.946009780920979 0.406773181037451
1 1 1 0.999979664417707 0.999784950205082 0.999479130806069 0.995277666594931 0.558667673264827
1 1 1 0.999901457008938 0.99898934319206 0.997892397112932 0.997482983421614 0.583088906479306
1 1 1 0.999952322382857 0.999423379445964 0.998075063348633 0.996924781258251 0.59318132939948
1 1 1 0.999978925475226 0.999741345572142 0.999021200103852 0.99764897769845 0.619154356615271
1 1 1 0.999989938003149 0.999878266281916 0.99954983850599 0.998818923515996 0.693997901323427
1 1 1 0.999990806274725 0.999897977088527 0.999703419318899 0.999365500268689 0.773659137718005
1 1 1 0.999974722628488 0.999737762426377 0.99941649494821 0.999196070079515 0.813396896465339
1 1 1 0.99796192151555 0.977172987014988 0.950529600572472 0.946756372694757 0.752672938845239
1 1 1 0.994445683979341 0.919085608715646 0.708586109505222 0.627378102510926 0.421166604373387
1 1 1 0.998093655688484 0.972735418940725 0.859333186626949 0.623588427327925 0.407499751753338
1 1 1 0.999983092894613 0.997922291421514 0.972372225547254 0.85880506025096 0.512895020233867
1 1 1 0.998912151869964 0.988452592347952 0.97439627659404 0.944614078487354 0.670115807709424
1 1 1 0.993146499298912 0.891773802388561 0.521186348450011 0.397358766722558 0.179007710054736
1 1 1 0.993130574476575 0.883079565359592 0.373363834460708 0.0886361264031843 0.023499656318803
1 1 1 0.992832828246042 0.875470398616013 0.297786044642497 0.0344708344118417 0.00334632620630155
1 1 1 0.993146003534574 0.883012981669612 0.35765145539191 0.0401428820484176 0.00217883300191685
1 1 1 0.999755152015621 0.990583608296283 0.875960854535763 0.349307983099598 0.0177461625813042
1 1 1 0.999935857300378 0.999110930044714 0.989302421805583 0.874018066943991 0.199728247209496
1 1 1 0.999978617091475 0.999721767505858 0.99870223318098 0.988852334235673 0.471824735043297
1 1 1 0.999942604412895 0.999403048240447 0.998623887045204 0.997540602195977 0.574315579992537
1 1 1 0.999635604347937 0.99622812694987 0.992189929819401 0.99098668400031 0.623590469760731
1 1 1 0.999426625427613 0.99371646521001 0.98444220219191 0.979510390772307 0.628693334171915
1 1 1 0.999790116973522 0.997299192434354 0.98952038605273 0.979835189408899 0.699616389886866
1 1 1 0.999733088487856 0.997081349267174 0.992018808188657 0.983753059416941 0.751925636384554
1 1 1 0.999838954406351 0.998107318347939 0.993927762892571 0.988618077974189 0.809528787075135
1 1 1 0.997576318591934 0.972081095119272 0.935994835152012 0.926096635899073 0.744932588180104
1 1 1 0.998201294551716 0.97750691539975 0.924913478223286 0.879399930369721 0.686950902087865
1 1 1 0.99998488541547 0.998048158304639 0.977188530887638 0.924511775031899 0.706228641294311
1 1 1 0.999994414570572 0.999929022829723 0.997940980322956 0.977064935147 0.809271547734347
1 1 1 0.999961986045246 0.999613624794742 0.999204079722329 0.997170487645949 0.834396650906604

# True vulnerable proportion of susceptible
0 0 0.05 0.499991429114279 0.949826249716985 0.999555809616156 0.999393081635709 0.312705602068323
0 0 0.05 0.499980298513418 0.949608695063196 0.99906515650189 0.9987631469667 0.375023239951761
0 0 0.05 0.499939136235327 0.948798889813746 0.997242344748982 0.996588115281395 0.409365657027294
0 0 0.05 0.49997523534636 0.9494124416477 0.997784547015832 0.996233859811843 0.484345428386234
0 0 0.05 0.499974085933131 0.949459263532782 0.998389086996547 0.996731678347243 0.604211146035944
0 0 0.05 0.499892007656777 0.947875629246502 0.995223667379809 0.993933091584485 0.625697818476343
0 0 0.05 0.496961870121355 0.865220438239739 0.680530049943205 0.623621551184909 0.24826198944555
0 0 0.05 0.496411760056355 0.83256753986695 0.325558519771055 0.0949057174950182 0.0218000955724779
0 0 0.05 0.496536282582554 0.837106857731906 0.343753347660727 0.0412680726409345 0.00250305175818931
0 0 0.05 0.497003832957116 0.858186263746991 0.507514335294233 0.095171806947255 0.00430687333817423
0 0 0.05 0.497727545355714 0.88622812927571 0.691488336229407 0.273281075809989 0.0234778355685236
0 0 0.05 0.499995839910459 0.945600097246637 0.932664646127197 0.691167399385732 0.101333309763308
0 0 0.05 0.496795639318798 0.858546862883491 0.623729058386417 0.450200286676921 0.0727495844878341
0 0 0.05 0.496480838692331 0.835493245834073 0.35072489630617 0.0988315997668713 0.0113593019579785
0 0 0.05 0.496596375238167 0.840136050540248 0.371446616693548 0.0525820414497455 0.00186449420182786
0 0 0.05 0.497271145387047 0.868936777386793 0.57819814150769 0.135181945159158 0.00596157164913331
0 0 0.05 0.498194690236706 0.901524493310965 0.772038466446831 0.393591233921722 0.0332098390708957
0 0 0.05 0.498052655140004 0.899393841381009 0.801224736370683 0.565001374887416 0.0782090905681454
0 0 0.05 0.499990823834016 0.946121075926634 0.946296007587675 0.800591021136143 0.187375776705677
0 0 0.05 0.499994237247254 0.949873025244292 0.995693397916314 0.946009780920979 0.406773181037451
0 0 0.05 0.499989832208853 0.949795702694827 0.999479130806069 0.995277666594931 0.558667673264827
0 0 0.05 0.499950728504469 0.949039876032457 0.997892397112932 0.997482983421614 0.583088906479306
0 0 0.05 0.499976161191429 0.949452210473666 0.998075063348633 0.996924781258251 0.59318132939948
0 0 0.05 0.499989462737613 0.949754278293535 0.999021200103852 0.99764897769845 0.619154356615271
0 0 0.05 0.499994969001574 0.94988435296782 0.99954983850599 0.998818923515996 0.693997901323427
0 0 0.05 0.499995403137363 0.949903078234101 0.999703419318899 0.999365500268689 0.773659137718005
0 0 0.05 0.499987361314244 0.949750874305058 0.99941649494821 0.999196070079515 0.813396896465339
0 0 0.05 0.498980960757775 0.928314337664238 0.950529600572472 0.946756372694757 0.752672938845239
0 0 0.05 0.49722284198967 0.873131328279863 0.708586109505222 0.627378102510926 0.421166604373387
0 0 0.05 0.499046827844242 0.924098647993689 0.859333186626949 0.623588427327925 0.407499751753338
0 0 0.05 0.499991546447307 0.948026176850438 0.972372225547254 0.85880506025096 0.512895020233867
0 0 0.05 0.499456075934982 0.939029962730554 0.97439627659404 0.944614078487354 0.670115807709424
0 0 0.05 0.496573249649456 0.847185112269133 0.521186348450011 0.397358766722558 0.179007710054736
0 0 0.05 0.496565287238287 0.838925587091612 0.373363834460708 0.0886361264031843 0.023499656318803
0 0 0.05 0.496416414123021 0.831696878685213 0.297786044642497 0.0344708344118417 0.00334632620630155
0 0 0.05 0.496573001767287 0.838862332586131 0.35765145539191 0.0401428820484176 0.00217883300191685
0 0 0.05 0.499877576007811 0.941054427881469 0.875960854535763 0.349307983099598 0.0177461625813042
0 0 0.05 0.499967928650189 0.949155383542478 0.989302421805583 0.874018066943991 0.199728247209496
0 0 0.05 0.499989308545737 0.949735679130565 0.99870223318098 0.988852334235673 0.471824735043297
0 0 0.05 0.499971302206447 0.949432895828425 0.998623887045204 0.997540602195977 0.574315579992537
0 0 0.05 0.499817802173969 0.946416720602376 0.992189929819401 0.99098668400031 0.623590469760731
0 0 0.05 0.499713312713806 0.944030641949509 0.98444220219191 0.979510390772307 0.628693334171915
0 0 0.05 0.499895058486761 0.947434232812637 0.98952038605273 0.979835189408899 0.699616389886866
0 0 0.05 0.499866544243928 0.947227281803815 0.992018808188657 0.983753059416941 0.751925636384554
0 0 0.05 0.499919477203176 0.948201952430542 0.993927762892571 0.988618077974189 0.809528787075135
0 0 0.05 0.498788159295967 0.923477040363308 0.935994835152012 0.926096635899073 0.744932588180104
0 0 0.05 0.499100647275858 0.928631569629763 0.924913478223286 0.879399930369721 0.686950902087865
0 0 0.05 0.499992442707735 0.948145750389407 0.977188530887638 0.924511775031899 0.706228641294311
0 0 0.05 0.499997207285286 0.949932571688237 0.997940980322956 0.977064935147 0.809271547734347
0 0 0.05 0.499980993022623 0.949632943555005 0.999204079722329 0.997170487645949 0.834396650906604

# True survival by age
0.778267540515681 0.778267540515681 0.778116386761544 0.776756038025466 0.775396241974648 0.775246045115041 0.775246623827429 0.777688702623121
0.778267540515681 0.778267540515681 0.777745138470707 0.773043746919227 0.768346209673744 0.767829765397653 0.767833081849965 0.774682546571208
0.778267540515681 0.778267540515681 0.778070702240619 0.776299462281729 0.774533015971349 0.774343101755634 0.774346026166624 0.776970915286247
0.778267540515681 0.778267540515681 0.77806033193102 0.776195583709189 0.774333342151004 0.774133731413831 0.774140984620256 0.776535298863265
0.778267540515681 0.778267540515681 0.777320514048032 0.768797794302301 0.760284582984959 0.759358381715095 0.759390657713091 0.767034513028802
0.778267540515681 0.778267540515681 0.751800896116622 0.513658375596241 0.276526988665862 0.251465469418129 0.252149301820964 0.447264701109968
0.778267540515681 0.778267540515681 0.747195469633144 0.469438091549389 0.24063131223789 0.355528336497695 0.390923980675746 0.624388116543828
0.778267540515681 0.778267540515681 0.748233003321364 0.48008141789798 0.278217841431244 0.583067191994472 0.721741189262902 0.765694042706498
0.778267540515681 0.778267540515681 0.75215453331362 0.518950124055485 0.341143360237369 0.599088806293817 0.757226107617119 0.777492204165909
0.778267540515681 0.778267540515681 0.758306315602072 0.579854630031568 0.4357100957276 0.575917998956405 0.740755116535656 0.7770790771157
0.778267540515681 0.778267540515681 0.778256648962926 0.778161543538372 0.778110288165468 0.778281424429875 0.778595528867026 0.778783149488666
0.778267540515681 0.778267540515681 0.750403266000652 0.499627118159608 0.25130079639373 0.258542971988866 0.393254660154473 0.722275164623097
0.778267540515681 0.778267540515681 0.747770683850961 0.475256849839371 0.254659261542846 0.3980326703696 0.503966844855907 0.734389316886171
0.778267540515681 0.778267540515681 0.748734732583369 0.485021828625348 0.284842582908285 0.57145594163754 0.720372588785391 0.772085284148791
0.778267540515681 0.778267540515681 0.754415112918145 0.541370588719475 0.37754352167249 0.601404641307554 0.753688557357019 0.777910334584645
0.778267540515681 0.778267540515681 0.762330918125316 0.619774001405345 0.501354695900984 0.594201954256335 0.735641826025547 0.776897457783192
0.778267540515681 0.778267540515681 0.76110272778413 0.607241094616347 0.468804768191357 0.513351185344172 0.64347250701499 0.767382260802003
0.778267540515681 0.778267540515681 0.77821137299397 0.777710129663571 0.777285611692765 0.777473479789771 0.777864805754462 0.778671222440216
0.778267540515681 0.778267540515681 0.778242182476402 0.778013974562934 0.777789882278509 0.777816253543262 0.777967845498008 0.77860583668724
0.778267540515681 0.778267540515681 0.778202423038292 0.777616379392803 0.777030545082753 0.776973096132687 0.777064294987716 0.778054113432375
0.778267540515681 0.778267540515681 0.777849654913031 0.774088780312448 0.770329536197081 0.769914459487039 0.76995181451463 0.773833694147043
0.778267540515681 0.778267540515681 0.778079055660259 0.776382930247397 0.774690486564439 0.774506912295311 0.774508673977722 0.776291786687988
0.778267540515681 0.778267540515681 0.778199088412315 0.777583077542088 0.776968007977252 0.776902160225755 0.776904348389688 0.777672383349811
0.778267540515681 0.778267540515681 0.778248787611558 0.77808002666437 0.777911465422805 0.777893371477791 0.777894617868279 0.778238404774156
0.778267540515681 0.778267540515681 0.778252706364417 0.778119205861141 0.777985790865783 0.777971231090948 0.777971837695995 0.778224816459938
0.778267540515681 0.778267540515681 0.778180122767955 0.777393375977859 0.776606827165504 0.776519862238913 0.776520633234178 0.777035604309016
0.778267540515681 0.778267540515681 0.769202223537418 0.687616675685872 0.60607182583276 0.597067305265204 0.597107387231217 0.630893031319643
0.778267540515681 0.778267540515681 0.754005620528776 0.536143904407977 0.327825949188292 0.317060457952419 0.318893385055326 0.413173613458431
0.778267540515681 0.778267540515681 0.769783470584788 0.693901035059799 0.630156542552893 0.65818905270139 0.672011844472345 0.707112060633692
0.778267540515681 0.778267540515681 0.778217895101062 0.777773049325949 0.777364533940011 0.777489310999844 0.777849093064179 0.778178876979668
0.778267540515681 0.778267540515681 0.773414676240897 0.729739727262307 0.686255801134363 0.68390646411773 0.694989543748296 0.728747087211844
0.778267540515681 0.778267540515681 0.748541571382935 0.481331802674483 0.220002184347807 0.198983720688643 0.21670569585657 0.380046612498759
0.778267540515681 0.778267540515681 0.748475086781734 0.482388483779971 0.273530786102561 0.467974460871716 0.541823040999899 0.672043750146089
0.778267540515681 0.778267540515681 0.747234196000637 0.470069570924161 0.257636552133089 0.546867119500566 0.723740009573848 0.764202793444077
0.778267540515681 0.778267540515681 0.748539501436392 0.483121631183678 0.283839598765064 0.601590087431921 0.758287395505743 0.776809404343203
0.778267540515681 0.778267540515681 0.777190578851641 0.767575393632263 0.760261471500278 0.770906529964369 0.777914730277378 0.778752690832614
0.778267540515681 0.778267540515681 0.77800478400525 0.775640749328757 0.773327198184546 0.77373039511838 0.776778858255661 0.778698061667243
0.778267540515681 0.778267540515681 0.778197696777312 0.777569182135266 0.776942163400021 0.776891313329287 0.777113825659687 0.778415284121549
0.778267540515681 0.778267540515681 0.77803521755941 0.775944372032654 0.773854780868056 0.773627803435237 0.773678822973364 0.776356871698095
0.778267540515681 0.778267540515681 0.776652868021579 0.762121772931192 0.747607395197973 0.746019263870375 0.746054824528943 0.759947902164776
0.778267540515681 0.778267540515681 0.77571469131398 0.752748545281435 0.729948368445582 0.727613479771962 0.727675555496412 0.746629609437243
0.778267540515681 0.778267540515681 0.777347987726283 0.769077590851299 0.760909170962199 0.760170905135016 0.760264236205694 0.766903202848851
0.778267540515681 0.778267540515681 0.777091283774627 0.76650755378695 0.755980462640187 0.754994528201709 0.755227538317534 0.76196914794451
0.778267540515681 0.778267540515681 0.777567955904801 0.771273704007328 0.765015784277357 0.764391774588568 0.764511834050329 0.767879112248538
0.778267540515681 0.778267540515681 0.767505872399793 0.670668276425475 0.574183855396204 0.56434436418259 0.565490016870377 0.604131505136863
0.778267540515681 0.778267540515681 0.770259055087894 0.698378078820267 0.630369379650977 0.628383650837401 0.629974320668038 0.659087917771771
0.778267540515681 0.778267540515681 0.778225984650933 0.777853688482097 0.77750773302744 0.777538868256365 0.777600965113719 0.777863534841208
0.778267540515681 0.778267540515681 0.778268992037176 0.778282063570988 0.778296106399493 0.778308072764933 0.778334633023982 0.778444694026872
0.778267540515681 0.778267540515681 0.778122653676779 0.776818683197606 0.775514923814098 0.775376868191609 0.77544849347118 0.776024189115733
0.778267540515681 0.778267540515681 0.761703937102495 0.612637823135192 0.463680877244563 0.447259562827093 0.447934319478076 0.501943542970645

# True Numbers-at-age
15.6296278628564 18.737633236767 10.8696183941118 31.2880352069982 13.0967159246484 5.36184213624574 7.4767924534015 73.1381545018277
20.019743105553 12.1640320360006 14.5828917342635 8.45782819030309 24.3031702649892 10.1551443101819 4.15674691065569 62.6750745933336
237.092535682177 15.5807162285145 9.46687129541211 11.3417731511681 6.53827119503097 18.6732487561601 7.79742207326625 51.7449741833832
537.596168989739 184.521424619994 12.1259656986387 7.36589519684286 8.80461239857315 5.06410690792593 14.4595013616995 46.2422427495041
264.208917815366 418.393648230296 143.607035311453 9.43473289646702 5.71737532185416 6.81770494493132 3.92029597691126 47.1024264148578
244.219571527172 205.625224650475 325.622195575576 111.628694509212 7.2534018406352 4.34683231234438 5.17708139399405 39.1062228479321
87.2029070547222 190.068165278246 160.031437856709 244.80305842918 57.3390138915309 2.00576136857428 1.09307822790557 18.7962305325861
41.907666208665 67.8671919992961 147.923883521428 119.574765365411 114.919880554448 13.7975621551457 0.713105002780554 12.1634534724078
329.824012661692 32.6153763089698 52.8188325989977 110.681531630198 57.4056229014448 31.9727611053949 8.04490582217 9.8281611153365
482.832739500421 256.691323137228 25.3834887029753 39.7279243836693 57.4381945701423 19.5835470931182 19.1545232845484 13.7331313703287
307.519500458569 375.773048651441 199.774524729726 19.24845979548 23.0364208954147 25.0264012545772 11.2785172543372 24.8605401789943
154.497534943377 239.332445282501 292.451966366036 155.475852164318 14.978411185187 17.9248761012321 19.477583216766 28.1423728850633
182.787239286522 120.240416536117 186.264673555616 219.456910709386 77.6799519602673 3.76408665955025 4.63435073974475 27.9861873769834
95.4808697430436 142.257375157173 93.579213248145 139.283262321959 104.298400059223 19.7819192028854 1.49822946460337 22.888316150296
14.2590132316551 74.3096616612166 110.71429748379 70.0660072067119 67.5554225883006 29.7086256660707 11.3044952654826 18.7510155165996
4.99799556616383 11.0973271579808 57.8327976176274 83.5245392378862 37.9316755707206 25.5051121520603 17.8669053624437 23.1066774826107
9.56239846290338 3.8897777167866 8.63668951353958 44.0877297056015 51.7663378990024 19.0172236707734 15.1551874842812 31.0951618803101
27.6636756891117 7.44210433315474 3.02728773679621 6.57340794777957 26.7718812455791 24.2683060388573 9.7625143133468 33.6138221085092
38.2746144008925 21.5297408401884 5.79194823562543 2.35586974609999 5.11220594739919 20.809398090136 18.8679643446335 33.7680322521475
24.811160561464 29.7878900139686 16.7558984516334 4.50753843568348 1.83289958471582 3.97622206201111 16.1858880609599 40.9706565750928
13.7139532657197 19.3097209075102 23.182947898323 13.0394807752447 3.50513571833009 1.42421896339368 3.08941756643187 44.454863573116
25.560229286222 10.6731246788587 15.0281289987322 18.0328480225773 10.0937157692168 2.70010957220904 1.09652677339244 36.7793739626548
58.3887768564612 19.8926967816049 8.30654649343257 11.6930724196741 14.0003953884745 7.81950558049768 2.09125352763064 29.4007954239762
119.293752688231 45.442089757797 15.4818401984438 6.46414690904373 9.09233523801269 10.877859315877 6.074990777386 24.4888906089453
152.095206224508 92.8424555035553 35.3661034316935 12.0487233644348 5.02962359935115 7.07303182911786 8.46181465768864 23.7838977915224
48.3224035496657 118.370762072573 72.2562695001885 27.5237657092793 9.37534305597457 3.91297569369841 5.50261527964428 25.0922729929944
17.0948406459702 37.6077581624045 92.1241218671882 56.2283926704112 21.3967931443603 7.28095542428855 3.03850334661491 23.7704838099916
139.682970592611 13.3043595850467 29.2688974493631 70.8620793816732 38.663580447188 12.9679934879683 4.34722043493603 16.8109453812107
340.629566678967 108.710721975035 10.3543512123905 22.0689131835001 37.9922719141583 12.6749249591173 4.11163795401923 8.33213888888555
347.746469928772 265.100935086162 84.6060262191948 7.97060841192779 15.3136417006756 23.9410787131553 8.34249685190262 8.65482530448894
572.203026401878 270.639789874475 206.319452737914 65.8419236371671 6.19932440952814 11.90428194357 18.6139327932842 13.2242058460456
198.260727828533 445.327042033419 210.630163631289 159.570492741493 48.0474673974119 4.25432233915255 8.14141537188748 22.5735901503616
59.582729986832 154.299889027961 346.583581728472 157.665433665209 76.8063529249184 10.5705477798107 0.846540888053386 10.3433075520025
38.7433506077429 46.3713047240616 120.086595135634 259.409176411342 76.055989490272 21.0089020932236 4.9467463983756 7.409830554458
16.9895519957242 30.1526921888248 36.0892812780986 89.7328103666293 121.94036024947 19.5948029013441 11.4890777715906 9.24277149438383
50.3113123698696 13.2224168461755 23.466861589723 27.0142526151057 43.3518617150215 34.6115029264768 11.7880391906309 15.891894679215
48.6770910353634 39.1556613382146 10.2905778385461 18.2382237427482 20.7354755847211 32.9587501797389 26.6822336179019 21.545945071346
61.1195556136784 37.8837999195502 30.4735802469572 8.00611878856729 14.1463095302507 16.0353072369564 25.5011867991773 37.5039806292706
41.4459575943137 47.5673662248688 29.4837317887764 23.7144699607407 6.22531123850405 10.9908643305593 12.4576908989577 49.0109965695937
19.0117523675982 32.2560434812437 37.0201371206373 22.939381676744 18.4011095017742 4.817486864308 8.50283822990531 47.6882756072475
16.7201136556198 14.7962297560238 25.1038316269144 28.7517956692951 17.4826022334254 13.7568055433741 3.59393800421626 42.5841884891934
95.6972820077965 13.0127217319018 11.5154253411256 19.47341100127 21.642872364291 12.761396976472 10.0096371519606 34.4098368535261
23.1426626140006 74.4780883022433 10.1273789377022 8.95149271673622 14.9765640185139 16.4682600679533 9.70084269039194 33.9989832365071
21.8685387624944 18.0111831135824 57.9638786052965 7.86989789997111 6.86138678504718 11.3219897954765 12.4334462403075 33.2325198323713
39.6151388252149 17.0195738773584 14.0175191835853 45.0708546034345 6.06984530347022 5.24906919259316 8.65443587163797 35.0240746154069
60.0199215469984 30.8311766606872 13.2457819021566 10.7585282898785 30.2275923739086 3.48520717800507 2.96228261604441 26.0531440004877
143.246903857944 46.7115567243266 23.9949040309175 10.2026834518555 7.51352031801884 19.0545486530834 2.19004721043954 19.0374744093588
136.699278342863 111.484415552008 36.3540883655003 18.6734578160654 7.93619495544105 5.84182014951844 14.8156521948543 16.5115399629953
880.233635613714 106.388611146168 86.7647018974897 28.2932597086484 14.5332172830932 6.17670963344707 4.54673578201104 24.3848558884992
101.689418312627 685.057266668261 82.7988027356076 67.5135800859494 21.9787327502401 11.2707268940717 4.78927777131113 22.4489974299486

