# Simulated data from SIR age-structured hybrid model
# random seed = 3786128
# Flag=0 if no issues, =1 if negative pop #'s, =2 if NaN, or=3 if NA. Flag:
0

# True SSB
30131.2472769758
25662.3490753252
42313.4188551444
57399.9513325607
56747.4216313659
69453.7654344737
77814.2419531506
90495.4223322521
94636.8953974172
88835.9773155384
70779.570879969
67010.7159933144
70360.8915714153
125946.205452723
151787.393615409
118388.983413471
111286.084159394
101754.314060107
108049.314643637
117896.848084967
103091.813968461
91774.3427402137
102863.359794708
89887.8069082832
110955.600480004
115793.501413331
100633.102458521
83124.6038091813
68708.3700908815
54939.0145348888
43875.5309196941
43046.9544109065
35539.9743856025
29208.8414551521
24971.0547042351
25071.6064247902
29900.2759813912
34662.3450781234
30500.4751799887
30181.3707147014
33598.9805316935
51904.6847441588
72374.1005635331
68380.7853612306
63304.1972491069
63296.5936646343
102179.377852721
125303.153799542
110570.45521059
98543.6341790974

# True R (numbers)
295.562346870274
163.917024520442
424.610649809278
504.679989538816
612.134467526934
866.10297518372
40.7964742670315
109.446005885475
98.103126208046
408.265164749224
2321.85459848922
316.00873609963
353.216692954317
269.050085022142
177.232133083866
1017.8451660105
538.389875025268
230.770318518738
165.74640814446
537.661472054875
358.466019523254
1351.28246855941
658.628482958291
84.6968408746776
29.5887596489794
11.3577553892781
11.3355561815756
70.7230244714863
164.818543865336
56.8097827468619
150.178793389486
101.299230725989
48.196537319627
316.863433550722
122.222290240452
91.8765990243883
104.251505443953
165.901388347832
857.947641319686
551.556368469645
237.727294108763
236.692670794854
94.2102600187596
1519.96811391389
516.360476514594
48.0963127199799
146.201598408919
215.304091353588
70.5127804099171
31.8545699227265

# True infection rate given (selected) susceptible
-999 -999 0.0587168758835206 0.0587168758835216 0.0587168758835208 0.0587168758835203 0.0587168758835204 0.0587168758835208
-999 -999 0.0292323298820789 0.0292323298820787 0.0292323298820781 0.0292323298820786 0.0292323298820789 0.0292323298820791
-999 -999 0.901975524055115 0.901975524055116 0.901975524055115 0.901975524055115 0.901975524055115 0.901975524055116
-999 -999 0.838380014291934 0.838380014291933 0.838380014291934 0.838380014291933 0.838380014291933 0.838380014291933
-999 -999 0.0517471489481461 0.0517471489481454 0.0517471489481458 0.0517471489481461 0.0517471489481459 0.0517471489481463
-999 -999 0.7668188828053 0.7668188828053 0.7668188828053 0.766818882805299 0.7668188828053 0.7668188828053
-999 -999 0.789462606229643 0.789462606229643 0.789462606229643 0.789462606229644 0.789462606229643 0.789462606229643
-999 -999 0.791912577397874 0.791912577397873 0.791912577397874 0.791912577397874 0.791912577397873 0.791912577397873
-999 -999 0.840649939005653 0.840649939005654 0.840649939005653 0.840649939005654 0.840649939005654 0.840649939005653
-999 -999 0.705504740084003 0.705504740084003 0.705504740084004 0.705504740084003 0.705504740084003 0.705504740084004
-999 -999 0.00182911764862956 0.00182911764862932 0.00182911764862996 0.00182911764862997 0.00182911764862978 0.00182911764862984
-999 -999 0.00219206401155825 0.00219206401155734 0.00219206401155814 0.00219206401155783 0.00219206401155798 0.002192064011557
-999 -999 0.686567648339603 0.686567648339602 0.686567648339602 0.686567648339603 0.686567648339603 0.686567648339602
-999 -999 0.967309703233113 0.967309703233113 0.967309703233113 0.967309703233113 0.967309703233113 0.967309703233113
-999 -999 0.933205891953099 0.933205891953099 0.933205891953099 0.933205891953099 0.933205891953099 0.933205891953099
-999 -999 0.0162137022118761 0.0162137022118756 0.016213702211876 0.0162137022118762 0.0162137022118759 0.0162137022118759
-999 -999 0.532327139497646 0.532327139497645 0.532327139497645 0.532327139497645 0.532327139497645 0.532327139497645
-999 -999 0.0238743503061491 0.0238743503061502 0.0238743503061492 0.0238743503061498 0.0238743503061503 0.0238743503061496
-999 -999 0.876655455471765 0.876655455471765 0.876655455471765 0.876655455471765 0.876655455471765 0.876655455471765
-999 -999 0.839405166690895 0.839405166690896 0.839405166690896 0.839405166690896 0.839405166690895 0.839405166690896
-999 -999 0.331883848903751 0.33188384890375 0.331883848903751 0.331883848903751 0.331883848903751 0.331883848903751
-999 -999 0.0362284088028758 0.0362284088028761 0.0362284088028749 0.0362284088028751 0.0362284088028757 0.0362284088028755
-999 -999 0.71414335650806 0.71414335650806 0.71414335650806 0.71414335650806 0.71414335650806 0.71414335650806
-999 -999 0.66017882765379 0.66017882765379 0.66017882765379 0.660178827653791 0.66017882765379 0.66017882765379
-999 -999 0.907518698907921 0.907518698907921 0.907518698907921 0.907518698907921 0.907518698907921 0.907518698907921
-999 -999 0.860475078695313 0.860475078695313 0.860475078695313 0.860475078695313 0.860475078695313 0.860475078695313
-999 -999 0.16060214142098 0.16060214142098 0.16060214142098 0.160602141420979 0.16060214142098 0.160602141420979
-999 -999 0.0083440672503431 0.00834406725034302 0.0083440672503431 0.00834406725034305 0.00834406725034318 0.00834406725034355
-999 -999 0.00525886806700479 0.0052588680670046 0.00525886806700405 0.00525886806700589 0.00525886806700496 0.00525886806700468
-999 -999 0.0158958454043762 0.0158958454043767 0.0158958454043772 0.0158958454043773 0.0158958454043763 0.0158958454043775
-999 -999 0.022045977293151 0.0220459772931511 0.0220459772931516 0.0220459772931513 0.0220459772931512 0.022045977293152
-999 -999 0.134618890185184 0.134618890185184 0.134618890185184 0.134618890185184 0.134618890185183 0.134618890185184
-999 -999 0.100368685894976 0.100368685894976 0.100368685894976 0.100368685894975 0.100368685894976 0.100368685894975
-999 -999 0.0142465907972367 0.0142465907972368 0.014246590797237 0.0142465907972371 0.0142465907972372 0.0142465907972364
-999 -999 0.0739906840654271 0.0739906840654266 0.0739906840654275 0.0739906840654268 0.0739906840654269 0.0739906840654264
-999 -999 0.11282534310182 0.112825343101821 0.11282534310182 0.11282534310182 0.11282534310182 0.112825343101819
-999 -999 0.695153492274707 0.695153492274707 0.695153492274707 0.695153492274707 0.695153492274707 0.695153492274707
-999 -999 0.606689814463418 0.606689814463419 0.606689814463418 0.606689814463419 0.606689814463418 0.606689814463419
-999 -999 0.00424286456156438 0.00424286456156421 0.00424286456156406 0.00424286456156401 0.00424286456156426 0.00424286456156386
-999 -999 0.0116175739692094 0.0116175739692092 0.0116175739692091 0.0116175739692084 0.0116175739692089 0.0116175739692091
-999 -999 0.305116617253162 0.305116617253162 0.305116617253162 0.305116617253162 0.305116617253162 0.305116617253162
-999 -999 0.902546400568384 0.902546400568385 0.902546400568385 0.902546400568385 0.902546400568384 0.902546400568385
-999 -999 0.864346021542783 0.864346021542783 0.864346021542783 0.864346021542784 0.864346021542783 0.864346021542784
-999 -999 0.573153801802676 0.573153801802676 0.573153801802676 0.573153801802676 0.573153801802677 0.573153801802676
-999 -999 0.082317713622931 0.0823177136229307 0.0823177136229301 0.0823177136229305 0.0823177136229303 0.0823177136229305
-999 -999 0.523899602970308 0.523899602970308 0.523899602970308 0.523899602970308 0.523899602970308 0.523899602970308
-999 -999 0.948169054546306 0.948169054546307 0.948169054546307 0.948169054546306 0.948169054546306 0.948169054546306
-999 -999 0.91302831092693 0.91302831092693 0.91302831092693 0.91302831092693 0.91302831092693 0.91302831092693
-999 -999 0.238211692736619 0.238211692736618 0.238211692736617 0.238211692736618 0.238211692736618 0.238211692736618
-999 -999 0.0100352679452397 0.0100352679452401 0.0100352679452391 0.0100352679452385 0.010035267945239 0.0100352679452402

# Duration of outbreak (days) based on incidence
0
0
0
0
0
0
0
0
0
0
0
0
0
3
0
0
0
0
0
0
0
0
0
0
0
0
0
0
0
0
0
0
0
0
0
0
0
0
0
0
0
0
0
0
0
0
2
0
0
0

# Duration of outbreak (days) based on prevalence
0
0
28
22
0
21
19
18
18
0
0
0
13
23
18
0
0
0
22
17
0
0
13
0
20
17
0
0
0
0
0
0
0
0
0
0
27
0
0
0
0
27
22
0
0
0
23
20
0
0

# Peak (point) prevalence
0.00965332561741997
0.00507887330459461
0.436217280656026
0.213727678304877
0.00414409531623694
0.168714950326477
0.162593894899203
0.161474044369921
0.185781965806021
0.0704044767367761
2.72487976234106e-05
5.81710903507184e-05
0.115727485144654
0.515647826960166
0.280395278135165
0.000495150541289778
0.0398855919565227
0.00154225611263058
0.248697675157685
0.166986876327296
0.0174648223277257
0.00248655164998082
0.119283872676692
0.0838490265943751
0.288719821218503
0.183803348288584
0.007768995140483
0.000242845303447783
0.000130679986221284
0.000441882551830376
0.000879943236202916
0.0120054795337894
0.0118209978885938
0.00153293463432409
0.0132715124936771
0.0203922449204084
0.166092844493986
0.0910797491458693
0.000217895672154737
0.00132641821819466
0.0509542891250201
0.405951417386513
0.254782922895877
0.0536003792108303
0.00733063887388536
0.0576972222831754
0.427108695335612
0.262102045778703
0.00960229799060547
0.000313178269171602

# Day of peak prevalence
119
119
25
29
119
42
37
35
29
45
72
82
53
12
14
119
76
119
26
28
99
119
46
55
20
25
119
119
103
105
119
119
119
119
119
119
58
64
119
119
111
24
25
66
119
83
15
18
109
119

# Total immunity
0.0607913646683048
0.053878720059975
0.035456460000249
0.121032726179035
0.140298738970467
0.088269503052521
0.151758047835199
0.228756460585911
0.333194307579064
0.352393170338649
0.116588999081362
0.104084966467735
0.08916275079548
0.124164140270147
0.319695242418926
0.283946035059053
0.214726642359656
0.228953397683071
0.206464409983324
0.262402433633923
0.306608226633226
0.158047440124905
0.122803503481868
0.175932832139508
0.239317993323889
0.450148182113431
0.712624682037409
0.657257498771289
0.490303899228385
0.441251411347815
0.325922317029751
0.269801529443535
0.260961003426959
0.13512761086283
0.105623138682423
0.0962537498177235
0.0911814856033113
0.177714086458513
0.0911934122627127
0.0581011201588666
0.0486990107383239
0.0606617477867936
0.199830041785417
0.125735792192473
0.121753939752989
0.122474854958392
0.153715590632335
0.319552832902859
0.527703408654332
0.53811831396345

# Observed immunity (based on survey selectivity)
0.391586056020473
0.301960521557704
0.137776346250278
0.437559112817943
0.644309617596064
0.435708002482564
0.489218853961413
0.512967685551459
0.521890935491287
0.695471925876823
0.838273943686698
0.735904482998942
0.469527992967765
0.28283792983195
0.525378683608042
0.793286252226744
0.672664911777393
0.693825566557989
0.456337333782103
0.570500810400923
0.728827739732542
0.695861778654329
0.531354801440677
0.574120886145376
0.454231134308466
0.561715348647979
0.77621803835353
0.778182301103767
0.76439725561064
0.749437903619349
0.692519612237429
0.570021055949719
0.511263265069784
0.445406665653531
0.357377480447715
0.321609059917595
0.239597992826905
0.443365762080822
0.583414600422696
0.457655170248064
0.306999801366801
0.205063564047501
0.410968341085129
0.620207160390212
0.651194219684531
0.514261266948796
0.33793027658443
0.501066387823977
0.786851974670062
0.764843626968908

# True total proportion of susceptible
1 1 1 0.994730107211618 0.938334650343119 0.801663478519572 0.583531364308304 0.235766379648502
1 1 1 0.997696018628634 0.971563207541762 0.895492362349136 0.760999858450919 0.330652345049621
1 1 1 0.998905993528139 0.986726667057808 0.95096334483588 0.874864812039521 0.427035949139736
1 1 1 0.967787413923299 0.631053256118585 0.180652289084392 0.116501941809506 0.0564841183314181
1 1 1 0.969866499505393 0.634566765264518 0.142627229980166 0.0281674995110441 0.00950238565626587
1 1 1 0.998097512397313 0.951036948261925 0.607773630930721 0.135183943746924 0.0129715253270831
1 1 1 0.972073066743072 0.685373331375698 0.302755124245986 0.149514863441865 0.0210983997556664
1 1 1 0.971423812767205 0.657148453695762 0.189445567514484 0.0628255653218593 0.010171546362033
1 1 1 0.971086839368628 0.652532673555486 0.173837024432656 0.0363735345753022 0.00354810053482059
1 1 1 0.969699792595101 0.634966924712951 0.145168225033401 0.0262281571408514 0.0022753931961589
1 1 1 0.974288397579735 0.690214804804013 0.225910608138666 0.0408349565463652 0.00282337948657008
1 1 1 0.99993410290136 0.973632879091071 0.689229726240823 0.225513506928191 0.0157224869957019
1 1 1 0.999918819844012 0.999122382457033 0.972113175364507 0.687961075708333 0.0963924641426388
1 1 1 0.97488690542889 0.721745510143802 0.407166090372078 0.354994013461932 0.0333820031895999
1 1 1 0.965500111677724 0.58408490392699 0.0684747981859804 0.0125676245729417 0.00163254742486378
1 1 1 0.966559017832971 0.591193937462984 0.0721250310331766 0.00397253437637738 0.000146432314076776
1 1 1 0.999403051982321 0.96068351216743 0.583280840451331 0.0709195893998779 0.00133081332919164
1 1 1 0.980409226660363 0.787500203855334 0.535162198931673 0.287074624292287 0.022618223535161
1 1 1 0.999098550390697 0.97146094068148 0.772698868601471 0.523543330335693 0.0506855066202415
1 1 1 0.968512122948008 0.640668627839476 0.200569109765965 0.108130332199405 0.0144409299861696
1 1 1 0.969709770743008 0.633181766174737 0.142278359360782 0.0305557923364725 0.0037906086027
1 1 1 0.987601499590275 0.84199414316351 0.449675824512725 0.0934831210666464 0.0040596697949431
1 1 1 0.998686147257872 0.974490326485386 0.819354461149286 0.434991137844845 0.0413803636607791
1 1 1 0.973529421778584 0.704065101631855 0.355739985217352 0.25269508274823 0.0361373596379969
1 1 1 0.975760462540559 0.710929543245612 0.284284519857926 0.120419294182719 0.0193919301425966
1 1 1 0.967340190255523 0.60853628127967 0.109040810019565 0.0242492739539177 0.00233982998442384
1 1 1 0.969076889943223 0.62437342531711 0.122297184259271 0.0142284557233027 0.001093764835971
1 1 1 0.994012829719181 0.908939918897347 0.539489927060523 0.10204078833911 0.00311876002859244
1 1 1 0.999695065638045 0.990969336792389 0.90345544815931 0.53554275410662 0.0527493699729554
1 1 1 0.999807816738527 0.99777261569082 0.987333263424852 0.899835319271031 0.172245279617588
1 1 1 0.999413386346719 0.993930981698653 0.986598278434045 0.975639675223876 0.207200154778594
1 1 1 0.999198625349607 0.991379111055641 0.978670460003905 0.970598616482332 0.22122367312555
1 1 1 0.994851524244363 0.946711809776518 0.890117753479715 0.872696061274951 0.199017046846241
1 1 1 0.996127589252282 0.955671402187371 0.873441997895426 0.815900442407766 0.187839659789939
1 1 1 0.999455847380753 0.99068718724403 0.945568495443867 0.863388212317087 0.254346754608457
1 1 1 0.99728138918079 0.971994536981035 0.938235976701094 0.891844670680678 0.378561579839726
1 1 1 0.995806067478647 0.954727086718436 0.89109202737744 0.854806625402572 0.384966447570372
1 1 1 0.974825979464154 0.717641607572027 0.382851143751491 0.316555323265064 0.164215503725796
1 1 1 0.977456642007648 0.73209845509031 0.324775442964118 0.149302360476696 0.0710938881477654
1 1 1 0.999843833827079 0.975906836708332 0.729667233976981 0.323465749306627 0.0786957708482256
1 1 1 0.999567474226905 0.995513073076517 0.967781361667923 0.722605524224973 0.201737538865075
1 1 1 0.988423256441876 0.878427139297466 0.754739270010913 0.717858163974809 0.231134689919189
1 1 1 0.967660267589471 0.621780290379998 0.151438402201603 0.083050540670699 0.031060647226565
1 1 1 0.968817830062972 0.621386189813603 0.120677785922771 0.0188818074246485 0.00498808366645407
1 1 1 0.978814402183892 0.742921427816419 0.298695149312039 0.0492607167694432 0.00348563484828277
1 1 1 0.996922166340516 0.948056061860758 0.693823494872349 0.274598048775455 0.0307338694049967
1 1 1 0.980926256603575 0.79137570360955 0.539719678295081 0.358763617599211 0.0569732885427796
1 1 1 0.966107471027026 0.596253465926428 0.0928018927626309 0.0281790611452419 0.0050880653114055
1 1 1 0.967356874523793 0.601740923978597 0.0883160012420646 0.00750409049530252 0.000740490281582461
1 1 1 0.991210748322915 0.878216003694583 0.479179132455684 0.0666291342840794 0.000976293888449322

# True vulnerable proportion of susceptible
0 0 0.05 0.497365053605809 0.891417917825963 0.801663478519572 0.583531364308304 0.235766379648502
0 0 0.05 0.498848009314317 0.922985047164674 0.895492362349136 0.760999858450919 0.330652345049621
0 0 0.05 0.499452996764069 0.937390333704918 0.95096334483588 0.874864812039521 0.427035949139736
0 0 0.05 0.48389370696165 0.599500593312656 0.180652289084392 0.116501941809506 0.0564841183314181
0 0 0.05 0.484933249752696 0.602838427001292 0.142627229980166 0.0281674995110441 0.00950238565626587
0 0 0.05 0.499048756198657 0.903485100848829 0.607773630930721 0.135183943746924 0.0129715253270831
0 0 0.05 0.486036533371536 0.651104664806913 0.302755124245986 0.149514863441865 0.0210983997556664
0 0 0.05 0.485711906383603 0.624291031010974 0.189445567514484 0.0628255653218593 0.010171546362033
0 0 0.05 0.485543419684314 0.619906039877712 0.173837024432656 0.0363735345753022 0.00354810053482059
0 0 0.05 0.48484989629755 0.603218578477303 0.145168225033401 0.0262281571408514 0.0022753931961589
0 0 0.05 0.487144198789867 0.655704064563812 0.225910608138666 0.0408349565463652 0.00282337948657008
0 0 0.05 0.49996705145068 0.924951235136517 0.689229726240823 0.225513506928191 0.0157224869957019
0 0 0.05 0.499959409922006 0.949166263334182 0.972113175364507 0.687961075708333 0.0963924641426388
0 0 0.05 0.487443452714445 0.685658234636612 0.407166090372078 0.354994013461932 0.0333820031895999
0 0 0.05 0.482750055838862 0.55488065873064 0.0684747981859804 0.0125676245729417 0.00163254742486378
0 0 0.05 0.483279508916485 0.561634240589835 0.0721250310331766 0.00397253437637738 0.000146432314076776
0 0 0.05 0.49970152599116 0.912649336559058 0.583280840451331 0.0709195893998779 0.00133081332919164
0 0 0.05 0.490204613330182 0.748125193662568 0.535162198931673 0.287074624292287 0.022618223535161
0 0 0.05 0.499549275195349 0.922887893647406 0.772698868601471 0.523543330335693 0.0506855066202415
0 0 0.05 0.484256061474004 0.608635196447502 0.200569109765965 0.108130332199405 0.0144409299861696
0 0 0.05 0.484854885371504 0.601522677866 0.142278359360782 0.0305557923364725 0.0037906086027
0 0 0.05 0.493800749795137 0.799894436005335 0.449675824512725 0.0934831210666464 0.0040596697949431
0 0 0.05 0.499343073628936 0.925765810161116 0.819354461149286 0.434991137844845 0.0413803636607791
0 0 0.05 0.486764710889292 0.668861846550262 0.355739985217352 0.25269508274823 0.0361373596379969
0 0 0.05 0.487880231270279 0.675383066083331 0.284284519857926 0.120419294182719 0.0193919301425966
0 0 0.05 0.483670095127761 0.578109467215686 0.109040810019565 0.0242492739539177 0.00233982998442384
0 0 0.05 0.484538444971611 0.593154754051254 0.122297184259271 0.0142284557233027 0.001093764835971
0 0 0.05 0.49700641485959 0.86349292295248 0.539489927060523 0.10204078833911 0.00311876002859244
0 0 0.05 0.499847532819023 0.941420869952769 0.90345544815931 0.53554275410662 0.0527493699729554
0 0 0.05 0.499903908369264 0.947883984906279 0.987333263424852 0.899835319271031 0.172245279617588
0 0 0.05 0.49970669317336 0.94423443261372 0.986598278434045 0.975639675223876 0.207200154778594
0 0 0.05 0.499599312674804 0.941810155502859 0.978670460003905 0.970598616482332 0.22122367312555
0 0 0.05 0.497425762122181 0.899376219287692 0.890117753479715 0.872696061274951 0.199017046846241
0 0 0.05 0.498063794626141 0.907887832078002 0.873441997895426 0.815900442407766 0.187839659789939
0 0 0.05 0.499727923690376 0.941152827881829 0.945568495443867 0.863388212317087 0.254346754608457
0 0 0.05 0.498640694590395 0.923394810131983 0.938235976701094 0.891844670680678 0.378561579839726
0 0 0.05 0.497903033739324 0.906990732382514 0.89109202737744 0.854806625402572 0.384966447570372
0 0 0.05 0.487412989732077 0.681759527193426 0.382851143751491 0.316555323265064 0.164215503725796
0 0 0.05 0.488728321003824 0.695493532335795 0.324775442964118 0.149302360476696 0.0710938881477654
0 0 0.05 0.499921916913539 0.927111494872916 0.729667233976981 0.323465749306627 0.0786957708482256
0 0 0.05 0.499783737113453 0.945737419422691 0.967781361667923 0.722605524224973 0.201737538865075
0 0 0.05 0.494211628220938 0.834505782332592 0.754739270010913 0.717858163974809 0.231134689919189
0 0 0.05 0.483830133794736 0.590691275860998 0.151438402201603 0.083050540670699 0.031060647226565
0 0 0.05 0.484408915031486 0.590316880322923 0.120677785922771 0.0188818074246485 0.00498808366645407
0 0 0.05 0.489407201091946 0.705775356425598 0.298695149312039 0.0492607167694432 0.00348563484828277
0 0 0.05 0.498461083170258 0.90065325876772 0.693823494872349 0.274598048775455 0.0307338694049967
0 0 0.05 0.490463128301787 0.751806918429072 0.539719678295081 0.358763617599211 0.0569732885427796
0 0 0.05 0.483053735513513 0.566440792630106 0.0928018927626309 0.0281790611452419 0.0050880653114055
0 0 0.05 0.483678437261897 0.571653877779667 0.0883160012420646 0.00750409049530252 0.000740490281582461
0 0 0.05 0.495605374161457 0.834305203509854 0.479179132455684 0.0666291342840794 0.000976293888449322

# True survival by age
0.632612702570733 0.632612702570733 0.632023546975841 0.626756367966716 0.622157861196583 0.623323684146414 0.626066708367866 0.630439873592731
0.75780468383724 0.75780468383724 0.757475592134263 0.754522672494601 0.751746084358834 0.75197073400975 0.752933197856928 0.756012878221016
0.868274038273603 0.868274038273603 0.856379482187852 0.749458971287695 0.645281648884989 0.642064736183377 0.660193406070492 0.766878007246144
0.797342363768925 0.797342363768925 0.787125590499861 0.698481615744628 0.675025216238517 0.760833064470641 0.773972915467486 0.786266305778808
0.812055227525386 0.812055227525386 0.81141178234467 0.805828591217887 0.804466203417259 0.810615913682483 0.812141770124809 0.812390593742559
0.753303879275385 0.753303879275385 0.74435725767234 0.664008981310372 0.59166965242036 0.644782246365934 0.729619524451817 0.751558574770111
0.775373215579532 0.775373215579532 0.765949296288384 0.683780891353171 0.652823692896788 0.71868634373986 0.747651441479344 0.771924406054784
0.692884574483969 0.692884574483969 0.684375388839137 0.610244177056243 0.58687866371141 0.661207295883195 0.682843948909021 0.691841395749338
0.773553448432253 0.773553448432253 0.763590398607835 0.676819278657388 0.650218980168192 0.739363002590886 0.766828738330287 0.773387386723564
0.759923268014407 0.759923268014407 0.751607515031285 0.679302706817206 0.659807088709826 0.736267060837049 0.756116409091224 0.760113773155434
0.830591515331386 0.830591515331386 0.830588949350853 0.830577348656608 0.830688390341962 0.83090607799493 0.830993556135075 0.831011522745143
0.713425832723219 0.713425832723219 0.713433751188296 0.713505055550544 0.713589679894856 0.713739634160521 0.713971562399612 0.714076489637012
0.768898585270543 0.768898585270543 0.760677816864286 0.686697619675142 0.612841549367191 0.609083641149066 0.655959546062468 0.753549231372061
0.786382589668024 0.786382589668024 0.774865595734086 0.674117894827809 0.628591873613198 0.692902200699611 0.704946457458696 0.779192641585067
0.703748167844762 0.703748167844762 0.693764472041848 0.607378891293653 0.593234079947357 0.690705130351719 0.701906120844711 0.704096961254987
0.777882819849454 0.777882819849454 0.777709064255778 0.776221227996499 0.776149392965345 0.778127690894824 0.778400923961695 0.77841626334986
0.795154256589575 0.795154256589575 0.788509159245811 0.728743248296444 0.673880968322613 0.717842684566274 0.786191723368403 0.795474872603611
0.7182757539689 0.7182757539689 0.71802875817589 0.715866912334045 0.714718137232158 0.715934097724973 0.717320809229506 0.718799016003506
0.794778643215659 0.794778643215659 0.784142389183996 0.688512433136901 0.598471480844957 0.630519623256845 0.683645568388154 0.78447021379828
0.747651544177645 0.747651544177645 0.738028675126699 0.654471604375415 0.630728762174644 0.709525647644629 0.727371109885565 0.745458007328236
0.766192815259768 0.766192815259768 0.76214058972767 0.726914881999453 0.717647288362319 0.755140309153291 0.764257120537524 0.766441219401921
0.858087849634421 0.858087849634421 0.857619265208262 0.853464552615438 0.850648196160823 0.854071138277068 0.857537102300732 0.858407244956604
0.664495956846714 0.664495956846714 0.657023560837747 0.589871148550333 0.526161122445796 0.542179262993229 0.599906945516007 0.659023506415459
0.754157208672528 0.754157208672528 0.746374528273862 0.678405920855914 0.65021856899643 0.699159707324494 0.715258950568114 0.74909289457792
0.71811139726325 0.71811139726325 0.708157443100332 0.621000403532263 0.583844648444517 0.661981503370199 0.694710152987759 0.714888254752977
0.775034040330101 0.775034040330101 0.764848663902598 0.676524431999465 0.65748012101848 0.753302590268269 0.770621039189099 0.775095985674036
0.774402839650005 0.774402839650005 0.772433024249496 0.755330547403604 0.751237996915555 0.770059737747086 0.774375726424784 0.774900292392412
0.79747760252669 0.79747760252669 0.797397274336555 0.796682083128715 0.796135260618211 0.796838019986702 0.79775657778901 0.797964294739122
0.779730806097461 0.779730806097461 0.779692617755228 0.779349200813101 0.779016568474885 0.779091968626896 0.779568050412104 0.780192788671807
0.744632175368904 0.744632175368904 0.74447361423245 0.743046984070832 0.741627560892883 0.741508723606246 0.741838710839144 0.744582723012126
0.820079369691055 0.820079369691055 0.819817923020801 0.817466697457382 0.815144728788024 0.814926470911529 0.814988644512707 0.819348383738445
0.689510273817794 0.689510273817794 0.688015827053011 0.67457834384534 0.661366612048457 0.660273802293004 0.660520717391165 0.683443855978272
0.672448042416206 0.672448042416206 0.671361966105283 0.661646951433156 0.652951091377249 0.653193484062824 0.65358461872002 0.668709395766472
0.674579886676839 0.674579886676839 0.674457716075527 0.673365722827725 0.672393723432147 0.672537584081625 0.672719954695879 0.674710513166949
0.825784926348235 0.825784926348235 0.82483828515835 0.816323900698895 0.807970268873496 0.807906159320928 0.809497566439473 0.821291550037603
0.789476932584672 0.789476932584672 0.788075326912239 0.775500366707711 0.763606508865214 0.763207698358421 0.764531806878493 0.779182019862207
0.84047731954202 0.84047731954202 0.831459503715623 0.75067903649307 0.676913883646274 0.679806716912062 0.686365502506448 0.77129169382062
0.72418839310409 0.72418839310409 0.717238809667161 0.656458129497631 0.629609869696498 0.671369509350637 0.680626425937854 0.701897706571232
0.764194312176135 0.764194312176135 0.764170870381075 0.763977842046464 0.764018727849127 0.764421338860397 0.764602175223037 0.764682774112982
0.761878442727951 0.761878442727951 0.761764494373844 0.760739225580233 0.75977923129027 0.76036865783123 0.761524429476282 0.762220877449366
0.735300176860616 0.735300176860616 0.731673682820112 0.699051189271378 0.666708727405541 0.66512702068203 0.683061109925432 0.721161491394096
0.811814904834583 0.811814904834584 0.800657791756573 0.701540759387528 0.625657632285 0.643514125569355 0.651760918783208 0.760594635400469
0.726264157891316 0.726264157891316 0.716646969444183 0.633222980474003 0.612888521416604 0.69767471724384 0.71087211900889 0.720905061933919
0.753460381058091 0.753460381058091 0.746659367297805 0.68758912574884 0.673386041351365 0.73755838391096 0.751464046084314 0.75336197399622
0.767337370627116 0.767337370627116 0.766346695438263 0.757652266265938 0.753496276476398 0.761808697242359 0.766889410086962 0.767821799590323
0.852962659412161 0.852962659412161 0.846013629190742 0.783687377809677 0.72780858188707 0.75664815708392 0.81506777905553 0.849050575910725
0.777256662927739 0.777256662927739 0.766072497947423 0.667558462457656 0.609201689835764 0.656776778003264 0.697350494694031 0.765017503270928
0.796757808072475 0.796757808072475 0.785708131114574 0.690022822219969 0.67177781134645 0.776698037214936 0.791011238456802 0.796125623914276
0.806814710719581 0.806814710719581 0.803787946746941 0.777550552669931 0.772397995651963 0.801900013918709 0.806830237073963 0.807242874989319
0.691158186569444 0.691158186569444 0.691080489450428 0.690394178441876 0.689946718078712 0.690777053565491 0.691706053412122 0.691853893622833

# True Numbers-at-age
295.562346870274 659.663718110552 67.430615615742 24.2925667963458 41.8921272357805 33.9757383755985 33.2945879246331 66.7652737087569
163.917024520442 186.976495031753 417.311647501774 42.6177368562258 15.2255209338665 26.0635162819883 21.1778824158727 62.9361237857723
424.610649809278 124.217088942255 141.691663702533 316.103387295931 32.1560487084311 11.4457257443576 19.5990014694418 63.526050818577
504.679989538816 368.678403603881 107.854473438483 121.34183359191 236.906519463364 20.7497081322025 7.34889688047827 61.6558627956589
612.134467526934 402.402735805756 293.962909800072 84.8950160933174 84.7550399846932 159.917874529072 15.787064025095 54.1657746140015
866.10297518372 497.086994303716 326.773245181581 238.524968584102 68.4108312198978 68.1825652369641 129.631973975544 56.8250999216086
40.7964742670315 652.438731057849 374.45756114633 243.236036664053 158.382721406618 40.4766127296648 43.9629075764815 137.28941031404
109.446005885475 31.6324934367358 505.883516868954 286.815505449896 166.320153959358 103.395993079711 29.0899888096571 138.845977735457
98.103126208046 75.8334492169271 21.9176667547796 346.2142285645 175.027492090242 97.6097497039442 68.3661849893936 115.923317863185
408.265164749224 75.8880115802185 58.6612261482661 16.7361198938359 234.324464437949 113.806197408314 72.169037623253 142.078787242406
2321.85459848922 310.25019821267 57.6690657631548 44.0902184139865 11.3688915455 154.608942694292 83.7917544708599 162.564236631437
316.00873609963 1928.51272933831 257.691182265325 47.899288742264 36.6203367119797 9.44400621790373 128.465510197058 204.723161849529
353.216692954317 225.44879569969 1375.85079984551 183.845586811698 34.1763846748806 26.1318943519435 6.74056154297629 237.908717790758
269.050085022142 271.587815506514 173.34726006444 1046.57918275747 126.246326851372 20.944708535923 15.9165093620044 183.697467117875
177.232133083866 211.576302610114 213.571929680294 134.320827938704 705.517755451073 79.3574151322884 14.5126346375529 154.356001545916
1017.8451660105 124.72678894099 148.896435321237 148.168617037608 81.5836355510553 418.537176541542 54.8125737633228 118.868098721631
538.389875025268 791.764267906383 97.0228262921847 115.7981073847 115.011625867475 63.3210892088575 325.675366735909 135.195019300483
230.770318518738 428.103000831071 629.574727841289 76.5033871873029 84.3870889221066 77.5041458079323 45.4545806673468 363.587518587436
165.74640814446 165.75672452769 307.496005698286 452.052760010805 54.7662435688705 60.3129830008525 55.4878606989468 293.951867179294
537.661472054875 131.731705382923 131.739904623989 241.12065257279 311.243945701291 32.7760348889775 38.028519319194 268.530514158719
358.466019523254 401.983429826653 98.4894129466971 97.2278272709602 157.806620337361 196.310508606527 23.2554373818247 227.839068296092
1351.28246855941 274.654088673485 307.996815786661 75.0627792651277 70.6763545877332 113.249493170729 148.241978159173 192.398386942528
658.628482958291 1159.51906769484 235.677336343132 264.14400284144 64.0634213235836 60.1207135412779 96.7231235416253 292.279165659376
84.6968408746776 437.655963989869 770.495732369891 154.84556273292 155.810926338763 33.7076816713347 32.5962041584371 250.643714209651
29.5887596489794 63.8747330974281 330.061400161484 575.078388784601 105.048146576279 101.311157557999 23.5670528519175 211.070152163936
11.3577553892781 21.2480255348151 45.8691738344113 233.735437204472 357.123911497921 61.3317982075756 67.066112388419 167.263843603148
11.3355561815756 8.80264704843316 16.4679430792849 35.0829763215655 158.127733892902 234.801872550246 46.2014024555775 181.328090948346
70.7230244714863 8.7782868960243 6.81679487074338 12.7203830759006 26.4992437095157 118.7915620665 180.811468398567 176.288435283213
164.818543865336 56.4000279989573 7.00048718813292 5.43569364964218 10.1341012871037 21.0969822968608 94.657633108197 284.915415186079
56.8097827468619 128.514096067928 43.9768392955463 5.45822818127729 4.23630350171348 7.89463280925645 16.4364894697481 296.081018808394
150.178793389486 42.3023921090306 95.6957309206296 32.739596492875 4.05571998846851 3.14175943317775 5.85393909773175 232.650035375518
101.299230725989 123.158530223813 34.6913190571977 78.453075365308 26.7635298211178 3.30599877004033 2.56030292733255 195.392324351943
48.196537319627 69.8468603154085 84.9190718976181 23.8681765726978 52.9227456495031 17.7005050442506 2.18286437827052 135.230816709949
316.863433550722 32.4096671718228 46.9683844880147 57.0114350690207 15.7923062655938 34.5559645305236 11.5618545595256 91.8568043135062
122.222290240452 213.74969909668 21.8629096080023 31.6781893295436 38.389546184697 10.6186476115034 23.2401849009687 69.7546418517262
91.8765990243883 100.929324944324 176.51127952551 18.0333648696366 25.8596630805711 31.0176119527812 8.57887080899207 76.1017710496595
104.251505443953 72.534455574086 79.6813738648869 139.104184315764 13.9848810693772 19.7466070453856 23.6728802270568 65.8559512821408
165.901388347832 87.6210258537537 60.9635647953476 66.2518355690779 104.422595054312 9.46656015700336 13.4238761056762 67.0423965453894
857.947641319686 120.143859841354 63.4541299151619 43.725434646882 43.4915560534615 65.7454964655154 6.35555984784563 56.1935491942868
551.556368469645 655.638707641435 91.8132543336498 48.489797686543 33.4052632040686 33.2283633281447 50.2572604322108 47.8297139695646
237.727294108763 420.218907086337 499.516997570023 69.9400772642899 36.8880911406029 25.3806251982364 25.2658060257498 74.7289381277139
236.692670794854 174.800921402769 308.987036700759 365.483441243304 48.8916941893339 24.593612300771 16.8813396211502 71.1497219775887
94.2102600187596 192.150638016367 141.905993373587 247.392878486237 256.401530913394 30.5894616249009 15.8263369143224 65.1186942681611
1519.96811391389 68.4215351572464 139.552121307236 101.696500097147 156.654855863098 157.145555170464 21.3414939897941 58.1948979828776
516.360476514594 1145.2357543057 51.5529159521584 104.197898600328 69.9254075935143 105.48919324812 115.904021710318 59.879188643944
48.0963127199799 396.222690344473 878.782192457101 39.5074067801431 78.9457740146866 52.6885342528075 80.3625848814977 134.862113218734
146.201598408919 41.024358805553 337.963159675663 743.461711908829 30.9614560235906 57.4574118316061 39.8666823418398 180.005708475427
215.304091353588 113.636166494018 31.8864562239544 258.904281946939 496.304157297995 18.8617713293471 37.7366938151689 165.508568325278
70.5127804099171 171.54521589592 90.5405029335326 25.0534479275899 178.649863313861 333.406120551791 14.6499007699008 161.615761131122
31.8545699227265 56.8907485284606 138.405203738395 72.7753649503796 19.4803222823848 137.988796347124 267.358372711064 142.283154570363

# Simulated data from SIR age-structured hybrid model
# random seed = 3786128
# Flag=0 if no issues, =1 if negative pop #'s, =2 if NaN, or=3 if NA. Flag:
0

# True SSB
62482.6901369317
58266.0065410102
54876.7111970148
68430.3788818975
76724.2729733209
68390.1173047219
57382.3670361413
46300.6608522183
39075.3852333781
35645.5092165017
40919.48353414
44926.1253856884
47691.1448226063
44582.6693231389
43508.6636390185
40640.6327063169
41694.8721084134
43127.4844661648
48127.6496465254
47578.4200943191
49990.6332172814
50608.1693329329
45793.3005488859
47086.986868632
41235.8407658321
41252.3038371341
45954.7996345557
57432.8952836589
63187.66369946
60091.8447570296
56435.9868005947
50898.0618148381
47517.4886834432
44589.5523165552
42518.2201766599
76094.502887768
140888.847081005
161315.580248932
132176.680845381
110545.942619767
92175.299807388
79618.7547900036
71707.1205777268
68678.2199421693
63762.9689749846
54118.5094725112
56501.0878933415
55714.6405241033
50556.1521612856
36814.5162396745

# True R (numbers)
742.991425165635
466.980869836919
26.4919308161383
29.02156100941
22.1869197435431
61.6324352303221
75.2913986866087
346.319325214868
219.724128661555
216.253075978485
47.6512474529541
191.378243360252
168.296890703993
110.516129472789
369.170978060666
209.835203995433
105.218897915031
284.776303832265
127.380550490551
194.523645279401
178.873573261301
20.2711251500079
238.57884150412
252.378337429657
482.649432263312
260.558020210597
182.217937398874
92.0360401376972
87.9199290524751
164.213314676495
52.1222158609189
292.204591042772
1055.98714743482
2213.53385024972
216.518128838992
120.669621835703
26.0742733865539
111.97932386337
133.327733979979
154.563014386623
270.560409147139
85.1515264386763
220.124478761669
243.516710757073
200.311765071713
25.1423826547334
42.3763648467724
38.9510085605864
29.7747732787679
203.722866012689

# True infection rate given (selected) susceptible
-999 -999 0.00381945190733432 0.00381945190733398 0.00381945190733441 0.00381945190733469 0.00381945190733507 0.00381945190733412
-999 -999 0.0111838497288403 0.0111838497288399 0.0111838497288393 0.0111838497288409 0.0111838497288402 0.01118384972884
-999 -999 0.0381797909168576 0.0381797909168571 0.0381797909168577 0.038179790916857 0.0381797909168573 0.0381797909168576
-999 -999 0.849941998805496 0.849941998805496 0.849941998805496 0.849941998805497 0.849941998805496 0.849941998805496
-999 -999 0.832927865539988 0.832927865539988 0.832927865539988 0.832927865539988 0.832927865539988 0.832927865539988
-999 -999 0.0549807122327683 0.0549807122327681 0.0549807122327674 0.0549807122327684 0.0549807122327674 0.0549807122327675
-999 -999 0.170603821696285 0.170603821696285 0.170603821696285 0.170603821696286 0.170603821696286 0.170603821696285
-999 -999 0.00224255061103716 0.00224255061103748 0.00224255061103855 0.00224255061103812 0.00224255061103668 0.00224255061103762
-999 -999 0.00737479175852488 0.00737479175852463 0.0073747917585256 0.0073747917585252 0.00737479175852431 0.00737479175852488
-999 -999 0.0110474635566394 0.0110474635566398 0.0110474635566402 0.0110474635566406 0.0110474635566406 0.0110474635566406
-999 -999 0.594937697590658 0.594937697590658 0.594937697590658 0.594937697590657 0.594937697590658 0.594937697590658
-999 -999 0.365968873374197 0.365968873374197 0.365968873374197 0.365968873374198 0.365968873374197 0.365968873374197
-999 -999 0.340614239770442 0.340614239770442 0.340614239770442 0.340614239770442 0.340614239770441 0.340614239770442
-999 -999 0.00755693084792646 0.00755693084792603 0.00755693084792618 0.00755693084792673 0.00755693084792536 0.00755693084792672
-999 -999 0.524635052136455 0.524635052136456 0.524635052136455 0.524635052136455 0.524635052136455 0.524635052136455
-999 -999 0.00605651761723963 0.00605651761724104 0.00605651761723907 0.00605651761723998 0.00605651761724051 0.00605651761723985
-999 -999 0.493256393182517 0.493256393182517 0.493256393182517 0.493256393182518 0.493256393182517 0.493256393182518
-999 -999 0.415363177539586 0.415363177539586 0.415363177539586 0.415363177539586 0.415363177539586 0.415363177539587
-999 -999 0.46564666104733 0.465646661047329 0.46564666104733 0.465646661047329 0.46564666104733 0.46564666104733
-999 -999 0.00966615887357973 0.00966615887357948 0.00966615887357886 0.00966615887357848 0.00966615887358001 0.00966615887357854
-999 -999 0.277424413318492 0.277424413318492 0.277424413318492 0.277424413318491 0.277424413318492 0.277424413318491
-999 -999 0.61828068769751 0.61828068769751 0.61828068769751 0.61828068769751 0.61828068769751 0.61828068769751
-999 -999 0.00265776166485645 0.00265776166485662 0.00265776166485725 0.00265776166485637 0.00265776166485714 0.00265776166485799
-999 -999 0.379687610389613 0.379687610389613 0.379687610389613 0.379687610389613 0.379687610389613 0.379687610389613
-999 -999 0.0366388202098908 0.0366388202098905 0.036638820209891 0.0366388202098905 0.0366388202098913 0.0366388202098907
-999 -999 0.290803378899882 0.290803378899882 0.290803378899883 0.290803378899883 0.290803378899883 0.290803378899883
-999 -999 0.397486006917744 0.397486006917744 0.397486006917745 0.397486006917744 0.397486006917744 0.397486006917744
-999 -999 0.579718505653672 0.579718505653672 0.579718505653671 0.579718505653672 0.579718505653671 0.579718505653671
-999 -999 0.692763654885142 0.692763654885142 0.692763654885142 0.692763654885142 0.692763654885142 0.692763654885142
-999 -999 0.0103811153659837 0.0103811153659841 0.0103811153659836 0.0103811153659843 0.0103811153659835 0.0103811153659844
-999 -999 0.016368819582368 0.0163688195823699 0.0163688195823682 0.0163688195823684 0.0163688195823684 0.0163688195823685
-999 -999 0.0507686136461186 0.0507686136461178 0.0507686136461177 0.050768613646118 0.0507686136461192 0.0507686136461171
-999 -999 0.029205367442783 0.0292053674427832 0.0292053674427829 0.0292053674427826 0.0292053674427823 0.0292053674427824
-999 -999 0.632365113433484 0.632365113433484 0.632365113433484 0.632365113433484 0.632365113433484 0.632365113433484
-999 -999 0.488020774853031 0.488020774853032 0.488020774853031 0.488020774853032 0.488020774853032 0.488020774853031
-999 -999 0.88655154552366 0.88655154552366 0.886551545523659 0.886551545523659 0.886551545523659 0.88655154552366
-999 -999 0.946846533501714 0.946846533501714 0.946846533501714 0.946846533501714 0.946846533501714 0.946846533501714
-999 -999 0.879415396448764 0.879415396448764 0.879415396448764 0.879415396448764 0.879415396448764 0.879415396448764
-999 -999 0.00417451923053594 0.00417451923053612 0.00417451923053553 0.00417451923053573 0.00417451923053636 0.00417451923053544
-999 -999 0.00325128303874604 0.00325128303874548 0.00325128303874505 0.00325128303874667 0.00325128303874567 0.00325128303874567
-999 -999 0.0037850702744333 0.00378507027443275 0.00378507027443435 0.00378507027443274 0.00378507027443369 0.00378507027443356
-999 -999 0.00915143157880725 0.00915143157880692 0.00915143157880758 0.00915143157880752 0.00915143157880813 0.00915143157880719
-999 -999 0.0433393870509635 0.0433393870509646 0.0433393870509635 0.0433393870509634 0.0433393870509638 0.0433393870509642
-999 -999 0.18535522707021 0.185355227070211 0.185355227070211 0.185355227070211 0.18535522707021 0.185355227070211
-999 -999 0.651395931862432 0.651395931862431 0.651395931862432 0.651395931862432 0.651395931862432 0.651395931862432
-999 -999 0.00915334517181266 0.00915334517181309 0.00915334517181205 0.00915334517181249 0.00915334517181384 0.00915334517181181
-999 -999 0.331132648696029 0.331132648696029 0.33113264869603 0.33113264869603 0.33113264869603 0.331132648696029
-999 -999 0.101864422188223 0.101864422188223 0.101864422188222 0.101864422188223 0.101864422188222 0.101864422188222
-999 -999 0.596521889519251 0.596521889519251 0.596521889519251 0.596521889519251 0.59652188951925 0.596521889519251
-999 -999 0.0014324631257475 0.00143246312574797 0.00143246312574793 0.00143246312574771 0.0014324631257481 0.00143246312574803

# Duration of outbreak (days) based on incidence
0
0
0
0
0
0
0
0
0
0
0
0
0
0
0
0
0
0
0
0
0
0
0
0
0
0
0
0
0
0
0
0
0
0
0
1
3
0
0
0
0
0
0
0
0
0
0
0
0
0

# Duration of outbreak (days) based on prevalence
0
0
0
22
19
0
0
0
0
0
0
0
0
0
0
0
0
0
0
0
0
0
0
0
0
0
0
0
11
0
0
0
0
14
0
17
14
9
0
0
0
0
0
0
4
0
0
0
0
0

# Peak (point) prevalence
7.76596034227466e-05
0.000343147855245265
0.00153910754555987
0.298116479573249
0.200086803117409
0.00155452567244025
0.0133859831711163
2.72354624541105e-05
0.00016142926838571
0.000504851533285971
0.093037068317736
0.0267299716833
0.0252228808608929
0.000205021974482822
0.0761538117741876
0.000176801734416514
0.0638832700580607
0.0378981698842492
0.0468489247616909
0.000268005267627118
0.019383738936279
0.0967476657969342
5.37773393359082e-05
0.0347820993070316
0.00304850639550513
0.0266515693312873
0.036980449946369
0.0847901274125259
0.116868324593752
0.000300743234522037
0.000627923128209207
0.00392946079996118
0.00121529787639213
0.112202034495148
0.058123192054208
0.359287703767488
0.461314391684216
0.191247712556039
2.9210555901384e-05
2.91640759341313e-05
4.46917384553611e-05
0.000191213232144002
0.00162549584790066
0.00923153872268803
0.100964003150892
0.000437519883054244
0.0231896788266736
0.0048170071086104
0.0847238186247795
1.81926775093214e-05

# Day of peak prevalence
57
98
108
26
28
119
119
35
62
115
56
68
84
90
85
88
81
73
53
92
88
59
50
88
119
99
68
41
41
113
119
119
110
59
84
19
11
15
36
38
39
69
113
93
59
119
84
108
69
30

# Total immunity
0.187317822635406
0.128621747410186
0.126832223055436
0.128593623672998
0.353230009902478
0.577193902670503
0.499843217736309
0.27805417869783
0.20047079702859
0.14854285625247
0.139356076657217
0.184051581651392
0.199623214167687
0.22214367346458
0.129090859305081
0.150603006891479
0.130900297145253
0.132928742455963
0.165162627789282
0.201986944864538
0.157659548208421
0.210820956295654
0.239298319176202
0.163609660680049
0.124624883018928
0.0972794020505975
0.104396579567699
0.155202947586367
0.255967937526189
0.34045149546345
0.312908721282489
0.195857896946244
0.0739519652739716
0.0281616652767888
0.0435706546021679
0.0571399775233641
0.164047255518196
0.459709291872678
0.648375329326297
0.549115693024057
0.408407178950542
0.370456207808115
0.283333238007843
0.216587640717427
0.199115888403971
0.30103613601346
0.280992421175935
0.344278321115983
0.350794974572605
0.32543261983201

# Observed immunity (based on survey selectivity)
0.624780467491168
0.525591050232433
0.434124920526248
0.268538818656599
0.465581579570612
0.716743171549611
0.703447828833919
0.720607793622607
0.662492663240277
0.553987698680499
0.36213170916349
0.433860339298239
0.454667774493086
0.509493175066971
0.409652151769669
0.497243527193877
0.381978015463786
0.398827415874072
0.405615478364984
0.521320237659426
0.390065814952118
0.408753383202463
0.566814533656551
0.434735164925751
0.521536164232716
0.407009915365205
0.354210998014767
0.352869756118877
0.455619192332052
0.630017531607986
0.539293261877441
0.47488527602931
0.411343228843368
0.353606557867378
0.445051842203492
0.242543801829332
0.272233188632831
0.569168163370882
0.855403559855633
0.818765867445928
0.769884677937159
0.688665925150559
0.590625102726185
0.483129457029558
0.46865831336432
0.626935680140335
0.467011250407979
0.47520135886569
0.455216599054427
0.699669901009981

# True total proportion of susceptible
1 1 1 0.98422111864472 0.812222378510387 0.487481444655926 0.308224498660213 0.0922903537914713
1 1 1 0.999856247857386 0.982792084004373 0.809837427575659 0.485802769056603 0.14457900153079
1 1 1 0.999564526223743 0.995497275486082 0.974594364056025 0.802305465400727 0.241681769549787
1 1 1 0.998296055915947 0.982488815381961 0.963082205394236 0.941058468663271 0.292709260222707
1 1 1 0.971084653326932 0.664870805322105 0.243950966461299 0.184165104623565 0.0622177256335449
1 1 1 0.970086794320312 0.639448410051403 0.155024400721027 0.0398262410287501 0.0124925153190995
1 1 1 0.997578636294587 0.946352925598559 0.607733963392496 0.146236429370433 0.0136884463473851
1 1 1 0.994291959769158 0.938772173205771 0.833994054046062 0.518776778190801 0.0696349735029178
1 1 1 0.99990729151337 0.993366942785194 0.937090640037815 0.832381416426189 0.218867917350909
1 1 1 0.999756282512327 0.997467834682156 0.988740320464596 0.932347779634623 0.233486028269959
1 1 1 0.999582756280889 0.995579566734336 0.989534154521958 0.980433311738751 0.256908934800303
1 1 1 0.979243268539913 0.770696800329983 0.512234833533435 0.476595451988033 0.115394268796574
1 1 1 0.984323943027703 0.82013129660777 0.517274496855114 0.328142040449884 0.0945079552610632
1 1 1 0.986851294606657 0.848281711508159 0.584823041685552 0.34917197761522 0.0816224408183343
1 1 1 0.999677642224436 0.983654984323719 0.842898551509368 0.58069349751526 0.201770499954082
1 1 1 0.983206170237831 0.813070347317654 0.588594285079057 0.463246236874139 0.149358266586726
1 1 1 0.999756847553782 0.98079676443874 0.809093017935282 0.585372482150444 0.227936228921435
1 1 1 0.986189964480423 0.844256074627393 0.645415038548422 0.486142118282889 0.129529608942495
1 1 1 0.984912893931679 0.826860386765411 0.555650268510486 0.39949818548885 0.128150787964104
1 1 1 0.979307645428515 0.774106738957629 0.474252000258488 0.299449998496093 0.0991845667655074
1 1 1 0.999611536115692 0.975469667730953 0.767987714100398 0.469975450041543 0.132212166528646
1 1 1 0.988442689991098 0.88073758240751 0.747370981896051 0.570428304781547 0.207070650889811
1 1 1 0.978341479172448 0.750347202236254 0.418461134784921 0.318508652951044 0.115982620534859
1 1 1 0.999881826041611 0.977173908697011 0.748583989671011 0.417373293553145 0.143068909746903
1 1 1 0.987108630443318 0.86192685875547 0.699132232984045 0.503055708252527 0.143491936280845
1 1 1 0.998898943977047 0.976048721425066 0.84173118895081 0.679985013983775 0.194106954348637
1 1 1 0.990206311319087 0.895728718022465 0.771456404721991 0.643786526788949 0.227026370034868
1 1 1 0.982209048927616 0.808864244704986 0.57187434594288 0.473232250821949 0.192980434012918
1 1 1 0.977861784552644 0.747139386666125 0.39948213126575 0.254255692051296 0.08464373378639
1 1 1 0.97245084451832 0.685412649073716 0.274684774309106 0.123640998962848 0.042027761881193
1 1 1 0.999638269552968 0.968870184839001 0.679933040281122 0.271964875752729 0.0669394193892294
1 1 1 0.999344193834845 0.993071466168565 0.95664110501459 0.670091990496192 0.154818289864556
1 1 1 0.997942258982909 0.978663704939887 0.953737976951298 0.916301920269701 0.271757236787379
1 1 1 0.998728203388614 0.985217713423463 0.954811238982383 0.929140566213561 0.387824895566942
1 1 1 0.982062012657131 0.790646258307095 0.517963103170575 0.461947943934895 0.17907482074753
1 1 1 0.985010443271292 0.816915809043074 0.483588392414153 0.28367993523716 0.106189155081787
1 1 1 0.970437116248067 0.643131276730109 0.160421424995496 0.0590989418442421 0.0151893012457992
1 1 1 0.964214947129081 0.577076817236135 0.0721469157314659 0.0079750010701117 0.000880042234567949
1 1 1 0.967357010276844 0.607579251576029 0.105006554560805 0.00833684278817713 0.000386643097584192
1 1 1 0.999846553766286 0.965841265301001 0.60550985655673 0.104564332514815 0.00547850036073709
1 1 1 0.999859915458071 0.998445889098185 0.963251394546492 0.603674253503188 0.0697562860222648
1 1 1 0.999859905174157 0.998458748234148 0.99578540167045 0.96051099741739 0.115549022762113
1 1 1 0.999652629812265 0.996383447960168 0.991853598183315 0.988843702162125 0.16933945425887
1 1 1 0.998534115855832 0.984891715631122 0.96817940225995 0.962204308775933 0.176252644028684
1 1 1 0.992770603168937 0.924609005026115 0.842422868894374 0.819621846021312 0.200852546514568
1 1 1 0.978631523639501 0.75212131139718 0.426164558743755 0.347582010563015 0.0951221779167723
1 1 1 0.999698593785705 0.975633133674292 0.747159342283406 0.422710030710759 0.126510006430215
1 1 1 0.987213391359839 0.866174757321224 0.714826407093542 0.523367075183595 0.12864696260013
1 1 1 0.996016879552081 0.947214135324659 0.79597854241228 0.650902665274472 0.147574979585138
1 1 1 0.982350689775439 0.794532311528115 0.513729536555721 0.384169021779939 0.111232968760899

# True vulnerable proportion of susceptible
0 0 0.05 0.49211055932236 0.771611259584868 0.487481444655926 0.308224498660213 0.0922903537914713
0 0 0.05 0.499928123928693 0.933652479804154 0.809837427575659 0.485802769056603 0.14457900153079
0 0 0.05 0.499782263111871 0.945722411711778 0.974594364056025 0.802305465400727 0.241681769549787
0 0 0.05 0.499148027957973 0.933364374612863 0.963082205394236 0.941058468663271 0.292709260222707
0 0 0.05 0.485542326663466 0.631627265056 0.243950966461299 0.184165104623565 0.0622177256335449
0 0 0.05 0.485043397160156 0.607475989548832 0.155024400721027 0.0398262410287501 0.0124925153190995
0 0 0.05 0.498789318147294 0.899035279318631 0.607733963392496 0.146236429370433 0.0136884463473851
0 0 0.05 0.497145979884579 0.891833564545482 0.833994054046062 0.518776778190801 0.0696349735029178
0 0 0.05 0.499953645756685 0.943698595645934 0.937090640037815 0.832381416426189 0.218867917350909
0 0 0.05 0.499878141256164 0.947594442948048 0.988740320464596 0.932347779634623 0.233486028269959
0 0 0.05 0.499791378140445 0.945800588397619 0.989534154521958 0.980433311738751 0.256908934800303
0 0 0.05 0.489621634269957 0.732161960313484 0.512234833533435 0.476595451988033 0.115394268796574
0 0 0.05 0.492161971513851 0.779124731777382 0.517274496855114 0.328142040449884 0.0945079552610632
0 0 0.05 0.493425647303328 0.805867625932751 0.584823041685552 0.34917197761522 0.0816224408183343
0 0 0.05 0.499838821112218 0.934472235107533 0.842898551509368 0.58069349751526 0.201770499954082
0 0 0.05 0.491603085118916 0.772416829951771 0.588594285079057 0.463246236874139 0.149358266586726
0 0 0.05 0.499878423776891 0.931756926216803 0.809093017935282 0.585372482150444 0.227936228921435
0 0 0.05 0.493094982240212 0.802043270896024 0.645415038548422 0.486142118282889 0.129529608942495
0 0 0.05 0.492456446965839 0.78551736742714 0.555650268510486 0.39949818548885 0.128150787964104
0 0 0.05 0.489653822714257 0.735401402009748 0.474252000258488 0.299449998496093 0.0991845667655074
0 0 0.05 0.499805768057846 0.926696184344405 0.767987714100398 0.469975450041543 0.132212166528646
0 0 0.05 0.494221344995549 0.836700703287134 0.747370981896051 0.570428304781547 0.207070650889811
0 0 0.05 0.489170739586224 0.712829842124441 0.418461134784921 0.318508652951044 0.115982620534859
0 0 0.05 0.499940913020805 0.92831521326216 0.748583989671011 0.417373293553145 0.143068909746903
0 0 0.05 0.493554315221659 0.818830515817697 0.699132232984045 0.503055708252527 0.143491936280845
0 0 0.05 0.499449471988523 0.927246285353813 0.84173118895081 0.679985013983775 0.194106954348637
0 0 0.05 0.495103155659543 0.850942282121342 0.771456404721991 0.643786526788949 0.227026370034868
0 0 0.05 0.491104524463808 0.768421032469736 0.57187434594288 0.473232250821949 0.192980434012918
0 0 0.05 0.488930892276322 0.709782417332819 0.39948213126575 0.254255692051296 0.08464373378639
0 0 0.05 0.48622542225916 0.65114201662003 0.274684774309106 0.123640998962848 0.042027761881193
0 0 0.05 0.499819134776484 0.92042667559705 0.679933040281122 0.271964875752729 0.0669394193892294
0 0 0.05 0.499672096917422 0.943417892860137 0.95664110501459 0.670091990496192 0.154818289864556
0 0 0.05 0.498971129491454 0.929730519692893 0.953737976951298 0.916301920269701 0.271757236787379
0 0 0.05 0.499364101694307 0.93595682775229 0.954811238982383 0.929140566213561 0.387824895566942
0 0 0.05 0.491031006328566 0.75111394539174 0.517963103170575 0.461947943934895 0.17907482074753
0 0 0.05 0.492505221635646 0.77607001859092 0.483588392414153 0.28367993523716 0.106189155081787
0 0 0.05 0.485218558124033 0.610974712893603 0.160421424995496 0.0590989418442421 0.0151893012457992
0 0 0.05 0.48210747356454 0.548222976374329 0.0721469157314659 0.0079750010701117 0.000880042234567949
0 0 0.05 0.483678505138422 0.577200288997228 0.105006554560805 0.00833684278817713 0.000386643097584192
0 0 0.05 0.499923276883143 0.917549202035951 0.60550985655673 0.104564332514815 0.00547850036073709
0 0 0.05 0.499929957729036 0.948523594643276 0.963251394546492 0.603674253503188 0.0697562860222648
0 0 0.05 0.499929952587078 0.948535810822441 0.99578540167045 0.96051099741739 0.115549022762113
0 0 0.05 0.499826314906133 0.946564275562159 0.991853598183315 0.988843702162125 0.16933945425887
0 0 0.05 0.499267057927916 0.935647129849566 0.96817940225995 0.962204308775933 0.176252644028684
0 0 0.05 0.496385301584468 0.878378554774809 0.842422868894374 0.819621846021312 0.200852546514568
0 0 0.05 0.48931576181975 0.714515245827321 0.426164558743755 0.347582010563015 0.0951221779167723
0 0 0.05 0.499849296892853 0.926851476990578 0.747159342283406 0.422710030710759 0.126510006430215
0 0 0.05 0.493606695679919 0.822866019455162 0.714826407093542 0.523367075183595 0.12864696260013
0 0 0.05 0.498008439776041 0.899853428558426 0.79597854241228 0.650902665274472 0.147574979585138
0 0 0.05 0.49117534488772 0.754805695951709 0.513729536555721 0.384169021779939 0.111232968760899

# True survival by age
0.778267540515681 0.778267540515681 0.778250994646417 0.778113106547147 0.778112331954005 0.778379521134953 0.778534427806827 0.778721029444714
0.778267540515681 0.778267540515681 0.778176395912507 0.777356302161023 0.776574768813306 0.776892697072368 0.777656166349125 0.778460135480685
0.778267540515681 0.778267540515681 0.778053782421824 0.776131122650703 0.774226825159099 0.774114539211032 0.774942973915058 0.777638679379355
0.778267540515681 0.778267540515681 0.766871058781024 0.664497821460923 0.565535477283431 0.558772251399868 0.563803857661196 0.711927583283539
0.778267540515681 0.778267540515681 0.768295278884291 0.681443857117007 0.6524711988508 0.730015840778926 0.741971726266768 0.766358577169818
0.778267540515681 0.778267540515681 0.777914934974633 0.774862911720178 0.774175813967602 0.777624868209923 0.778498686959533 0.778706022928142
0.778267540515681 0.778267540515681 0.77565007738121 0.752157578647486 0.731232313414642 0.746662288564653 0.77106743432819 0.778076903735638
0.778267540515681 0.778267540515681 0.778275451931262 0.778349246854674 0.778441303117695 0.778488023421649 0.778606234390077 0.778774668964449
0.778267540515681 0.778267540515681 0.778184397539821 0.777436237273792 0.776701839352935 0.776742836374311 0.776972788517337 0.778320126784413
0.778267540515681 0.778267540515681 0.778167797812836 0.777270486538177 0.776378578155177 0.776301152016475 0.776443717807924 0.778210507834237
0.778267540515681 0.778267540515681 0.770276136154629 0.698387063030038 0.627104398742697 0.620117770192747 0.621577193443552 0.737602524655296
0.778267540515681 0.778267540515681 0.775560005231873 0.751765251878183 0.738742727919696 0.750789759951895 0.75273866204734 0.772490568850274
0.778267540515681 0.778267540515681 0.774497511583373 0.741166602216587 0.719616998549226 0.739522153914914 0.753883704043062 0.771624432894452
0.778267540515681 0.778267540515681 0.778236745422752 0.777970650191708 0.777852107795011 0.778128736939698 0.778399534043697 0.778706987099454
0.778267540515681 0.778267540515681 0.769700170171016 0.692621626548391 0.618156862074168 0.633922832618347 0.678990807587665 0.744120338499644
0.778267540515681 0.778267540515681 0.778236519711642 0.777971497241017 0.777887999539054 0.778121746191028 0.778266355049407 0.778628474617221
0.778267540515681 0.778267540515681 0.768705691269034 0.682672427578795 0.600091395238014 0.623640830962474 0.666543769003814 0.735089400598233
0.778267540515681 0.778267540515681 0.773007735354519 0.726403233963722 0.693978763089816 0.710561473289785 0.727401294949762 0.765105702258908
0.778267540515681 0.778267540515681 0.775573328887644 0.751739947888342 0.736032865418604 0.748563698411284 0.757061100503495 0.771827140756212
0.778267540515681 0.778267540515681 0.778202061636891 0.777637334893589 0.777424931230242 0.777926821937916 0.778248950585791 0.77861800375503
0.778267540515681 0.778267540515681 0.775849161513497 0.754093352168324 0.733458569260303 0.741245552105659 0.755818596962846 0.772335499370502
0.778267540515681 0.778267540515681 0.769976671462682 0.696323214274103 0.639591616961922 0.654475154160713 0.683909678842943 0.744354451163371
0.778267540515681 0.778267540515681 0.778278313917374 0.778384490418169 0.778554258056176 0.778667806784385 0.778699569136507 0.778763926749618
0.778267540515681 0.778267540515681 0.772636398506918 0.721962837986851 0.673730216463463 0.694093951205104 0.731572456136401 0.762611665683849
0.778267540515681 0.778267540515681 0.777637254101627 0.772052803152894 0.768019211999743 0.76961490505116 0.772191148791388 0.77691544670529
0.778267540515681 0.778267540515681 0.773863409297615 0.734275307416982 0.696606026113429 0.704210044051411 0.718543321566631 0.76159982703717
0.778267540515681 0.778267540515681 0.775923622080634 0.755063134651265 0.738432356356083 0.742224791909276 0.74827782653102 0.768037097070302
0.778267540515681 0.778267540515681 0.772217376196673 0.718851765991611 0.685387991981848 0.709297160078025 0.721285777925986 0.755346610968929
0.778267540515681 0.778267540515681 0.771877424657209 0.715792844585636 0.687690538934124 0.727533020155216 0.746170736518693 0.767937982118698
0.778267540515681 0.778267540515681 0.778151216387976 0.777151035935517 0.776920421336784 0.778015260125027 0.778447203802064 0.77868059522544
0.778267540515681 0.778267540515681 0.778132652472857 0.776919340908635 0.775801049201203 0.776603917098194 0.777922063629848 0.778584501578944
0.778267540515681 0.778267540515681 0.77779840546479 0.773579616327114 0.769419427081202 0.769314783853948 0.77215618870456 0.777265613644952
0.778267540515681 0.778267540515681 0.778086515838996 0.776462116042936 0.774912834601562 0.774839207216693 0.774994706716376 0.777671975229397
0.778267540515681 0.778267540515681 0.766490257460604 0.660645171227802 0.557814853304555 0.553389992572824 0.559450296856231 0.687243506914972
0.778267540515681 0.778267540515681 0.76981470505743 0.695265019786007 0.651398325024078 0.690959445411584 0.700459053561993 0.748431492866429
0.778267540515681 0.778267540515681 0.766034661565073 0.657780398409001 0.588493756905211 0.66022934783469 0.709245066688282 0.752764176895299
0.778267540515681 0.778267540515681 0.76872242002817 0.685653912701961 0.661821293117895 0.74809040293354 0.767487138588856 0.775893009279339
0.778267540515681 0.778267540515681 0.768873624908223 0.687709084220928 0.675493853671932 0.765207470511272 0.777298200721007 0.778634972945779
0.778267540515681 0.778267540515681 0.778244425246839 0.778061339973358 0.778209953161369 0.778696244013102 0.778792483344799 0.778800398149664
0.778267540515681 0.778267540515681 0.778271436203965 0.778306573244804 0.778357245120214 0.778525077001067 0.778753171920397 0.77879828855246
0.778267540515681 0.778267540515681 0.778249797993214 0.778090214844589 0.777931785209995 0.777945326245805 0.778264664189539 0.778738833001727
0.778267540515681 0.778267540515681 0.778192627586197 0.777518590874506 0.776847210450535 0.776777843887342 0.776849503879985 0.77856604509931
0.778267540515681 0.778267540515681 0.777657315366175 0.772167593993437 0.7667171224837 0.766166804319022 0.766205143608659 0.776643780192181
0.778267540515681 0.778267540515681 0.776282254389359 0.758444562918817 0.741125051575396 0.739842245910609 0.740082677488677 0.771708559082695
0.778267540515681 0.778267540515681 0.768401960326369 0.68032881558618 0.604993460828469 0.612131760020048 0.616642824886808 0.739063141868836
0.778267540515681 0.778267540515681 0.778153699457663 0.777164850616024 0.776772896550009 0.7776032335078 0.77782405547516 0.778533483690643
0.778267540515681 0.778267540515681 0.774603888195719 0.741642220514442 0.710367302687018 0.723655724759432 0.747602124400601 0.769463548981118
0.778267540515681 0.778267540515681 0.777186758506139 0.767604734149944 0.760552126028294 0.762968176796538 0.767208787089748 0.77595139658107
0.778267540515681 0.778267540515681 0.767578789512967 0.671807900284689 0.585929503449084 0.608216004572191 0.639306963748216 0.747174245591804
0.778267540515681 0.778267540515681 0.778280325279933 0.778402543098787 0.778570104888575 0.778658198840661 0.778694158007926 0.778769910664512

# True Numbers-at-age
742.991425165635 50.6426533771628 88.8693419059184 70.4706199225014 39.4716535161533 91.4481853136756 54.1240414418864 167.043290309607
466.980869836919 578.246109087899 39.4135332890326 69.1626537318536 54.8341129882009 30.7133803635346 71.1813946931193 172.217552626281
26.4919308161383 363.436053035852 450.030177132601 30.670681285037 53.7640247526369 42.5827886168948 23.8610009068359 189.419149862042
29.02156100941 20.6178098397875 282.850483130939 350.147681521984 23.8044702982177 41.6255501920093 32.9639557884883 165.790572551212
22.1869197435431 22.5865389087193 16.0461721548314 216.909849475347 232.672371560951 13.4622724715818 23.2592023965473 136.616087084901
61.6324352303221 17.2673594604261 17.5783700852507 12.3281983107216 147.81188447315 151.812021211833 9.82767215713678 121.954580670647
75.2913986866087 47.9665237826948 13.438625378466 13.6744766218278 9.55266363930948 114.432385976086 118.052802987533 102.617596362109
346.319325214868 58.5968516778125 37.3307884914448 10.4236708147042 10.2853612251457 6.9852163322442 85.4423471988183 170.871053561071
219.724128661555 269.529089468026 45.6040276372533 29.0536362841295 8.11325632808609 8.00654999513861 5.4379072556614 199.595992382552
216.253075978485 171.004157205379 209.765741557711 35.4883427722853 22.587349671855 6.30158111316631 6.2190303527967 159.574684060978
47.6512474529541 168.302749570726 133.086984846187 163.232945164541 27.5840414530478 17.5363344225286 4.89192467767627 129.011422968868
191.378243360252 37.0854191577147 130.984566970435 102.513728459791 113.999777163207 17.2980737303072 10.8745925994528 98.1998601028962
168.296890703993 148.943474768194 28.8623779568677 101.586391444885 77.0662588965463 84.2165063637848 12.9872166236075 84.0441920755256
110.516129472789 130.980007204633 115.917871783702 22.3538399059728 75.2924405786499 55.4581899165503 62.2799721813353 74.6414030217647
369.170978060666 86.0111162720998 101.937488063876 90.2115472732802 17.390631365931 58.5663836051335 43.1536112727272 106.60248338616
209.835203995433 287.313789125043 66.9396599180953 78.4613019095711 62.4824686058663 10.7501381146525 37.1265677911789 108.625981390605
105.218897915031 163.307928127132 223.606996018588 52.0948879653394 61.0406565220685 48.6043625100791 8.36491624156815 113.473640784301
284.776303832265 81.8884528961014 127.097259570214 171.887970447061 35.5637436317436 36.6299727385725 30.3116650241871 88.9888533868872
127.380550490551 221.632153580683 63.731124832083 98.2471647901369 124.859977612206 24.6804828164007 26.0278473956847 90.1346235544664
194.523645279401 99.1361477398145 172.489111066432 49.4281606397726 73.8563185395149 91.9010470980146 18.4749134956211 89.2730195742954
178.873573261301 151.391438983744 77.1544458776646 134.231381841812 38.437183108605 57.4177433615012 71.4922895017252 83.887662330252
20.2711251500079 139.211495925324 117.823042873009 59.8602121412245 101.222992699278 28.1920813292337 42.560646878657 118.824621521715
238.57884150412 15.7763587139822 108.343788545311 90.7209943729639 41.6820553253072 64.7413775742561 18.4510167740616 117.555274275621
252.378337429657 185.678168196492 12.2782278946241 84.3216210724651 70.6158149752292 32.451741658051 50.4120264839458 105.915605817104
482.649432263312 196.417867950816 144.507291289741 9.48660578054953 60.8770768531288 47.576008309005 22.5245575909239 117.652526607769
260.558020210597 375.630386578857 152.865651003415 112.374253196218 7.32416058527971 46.7547645935878 36.6152051174481 108.799329267634
182.217937398874 202.783849550936 292.340937105682 118.297133850002 82.5136393114066 5.10205439992831 32.9251748340638 109.171161456925
92.0360401376972 141.814305977262 157.820087846309 226.834238801487 89.3218047050429 60.9307411082379 3.78687126529659 108.484680192157
87.9199290524751 71.628662596768 110.369471122862 121.871414147805 163.060193149812 61.2200923669841 43.2180016295225 84.6749519116888
164.213314676495 68.4252269459829 55.7462630696142 85.191703131093 87.2346862065315 112.134952105897 44.5396386939332 97.2731198138269
52.1222158609189 127.801892533203 53.2531330844774 43.3790224167044 66.20682034144 67.7744091627606 87.2427039317766 110.416448035713
292.204591042772 40.5650287443047 99.4640645750653 41.4380016995145 33.7020015052469 51.3633206851646 52.6338716348156 153.836559439258
1055.98714743482 227.413348398249 31.5704451517779 77.3629908275327 32.0555934560727 25.9309746896569 39.5145619509285 160.213437491888
2213.53385024972 821.840520050266 176.988427338341 24.564537671633 60.0694315613562 24.8402907898806 20.0923358708899 155.217076742794
216.518128838992 1722.72154548205 639.611800235649 135.659905238112 16.2284431962078 33.507621154486 13.7463683357188 117.912591421312
120.669621835703 168.50903160858 1340.73826019569 492.382569349658 94.3195866995439 10.5711807157581 23.1524073299651 97.8782649795542
26.0742733865539 93.91324980103 131.145109584688 1027.05197939635 323.879602636466 55.5064879265614 6.97940374980764 90.0999822540094
111.97932386337 20.2927606192868 73.0896339444823 100.814186014801 704.202208221401 214.350417431376 41.523870918407 75.2645489800746
133.327733979979 87.1498729717535 15.7931968974458 56.1966917941092 69.3308315407171 475.684263395758 164.022540725698 90.8800402107257
154.563014386623 103.764647607127 67.8259172939806 12.2909674422629 43.7244733193944 53.9539431659402 370.413549242416 198.516933316261
270.560409147139 120.291377061367 80.7566570856754 52.7869740642376 9.56614075185106 34.0332605972161 42.0044977577748 443.06537431021
85.1515264386763 210.56838418786 93.6188741707943 62.8488520635341 41.0730279906384 7.44180495265758 26.4760160185098 377.722828875711
220.124478761669 66.2706690525846 163.878538472247 72.853517682632 48.8661508945193 31.9074672192842 5.7806292057555 314.650048930184
243.516710757073 171.31573669314 51.5763106118836 127.44134427446 56.2551254629563 37.4665146007001 24.4464421933129 248.800151269537
200.311765071713 189.521151555375 133.329477047802 40.0377746748788 96.6571946560293 41.6920827601138 27.7193103086246 210.09359462927
25.1423826547334 155.896144738717 147.498160496702 102.450631532821 27.2388518232667 58.4769707089221 25.52104799885 172.36534594585
42.3763648467724 19.5675003114035 121.328909141678 114.776239253709 79.6210297507219 21.1584018294554 45.4718815089988 154.043078301207
38.9510085605864 32.9801492452927 15.2287503413958 93.9818447716885 85.1229049424173 56.5601761411831 15.3113986106458 152.525408942243
29.7747732787679 30.3143056330528 25.667379638974 11.8355831139287 72.1409089708932 64.7404063276598 43.1536144697296 130.099343639554
203.722866012689 23.1727395690787 23.5926400874766 19.7017361932534 7.95123824041333 42.269486971681 39.3761512709895 124.795285177276

