# Simulated data from SIR age-structured hybrid model
# random seed = 7458866
# Flag=0 if no issues, =1 if negative pop #'s, =2 if NaN, or=3 if NA. Flag:
0

# Number of years (nyr)
50

# Starting age
0

# Ending age
8

# Sample size for comp data
200

# Sample size for fishery age comp data
200

# Sample size for antibody prevalence data
200

# Survey data
8084.00221288915
22546.6528546179
76301.3954936172
79898.8089485585
127855.068920709
152757.515031155
59807.3342250025
94876.770306992
114175.982972301
71460.6395973114
46843.1585048947
45308.9495457941
27617.1376978749
37718.3105236127
28749.4428644956
18881.5237502166
21252.7928594334
23716.2233894275
19058.7154045944
19511.765136093
16815.4017355179
30310.0018991936
26254.5136437262
28056.1283561443
27797.7170075498
16178.2092305308
19188.717353932
31060.7954499595
20742.8861587989
18661.1762672419
14568.039231801
23548.0877596098
6755.46416305
8991.12609638668
8659.20847558552
11795.496751316
13718.3652234129
22774.9669997275
27370.0580474589
24184.9773315057
57202.6220672215
35072.8480165453
34735.3739773558
46156.1141716178
32383.351628687
30864.1488997839
28146.5173402922
14666.4413807512
64967.4779775142
38281.1734527668

# Catches
0
0
0
0
0
0
0
0
0
0
0
0
0
0
0
0
0
0
0
0
0
0
0
0
0
0
0
0
0
0
0
0
0
0
0
0
0
0
0
0
0
0
0
0
0
0
0
0
0
0

# Catch compositions
-999 -999 -999 -999 -999 -999 -999 -999
-999 -999 -999 -999 -999 -999 -999 -999
-999 -999 -999 -999 -999 -999 -999 -999
-999 -999 -999 -999 -999 -999 -999 -999
-999 -999 -999 -999 -999 -999 -999 -999
-999 -999 -999 -999 -999 -999 -999 -999
-999 -999 -999 -999 -999 -999 -999 -999
-999 -999 -999 -999 -999 -999 -999 -999
-999 -999 -999 -999 -999 -999 -999 -999
-999 -999 -999 -999 -999 -999 -999 -999
-999 -999 -999 -999 -999 -999 -999 -999
-999 -999 -999 -999 -999 -999 -999 -999
-999 -999 -999 -999 -999 -999 -999 -999
-999 -999 -999 -999 -999 -999 -999 -999
-999 -999 -999 -999 -999 -999 -999 -999
-999 -999 -999 -999 -999 -999 -999 -999
-999 -999 -999 -999 -999 -999 -999 -999
-999 -999 -999 -999 -999 -999 -999 -999
-999 -999 -999 -999 -999 -999 -999 -999
-999 -999 -999 -999 -999 -999 -999 -999
-999 -999 -999 -999 -999 -999 -999 -999
-999 -999 -999 -999 -999 -999 -999 -999
-999 -999 -999 -999 -999 -999 -999 -999
-999 -999 -999 -999 -999 -999 -999 -999
-999 -999 -999 -999 -999 -999 -999 -999
-999 -999 -999 -999 -999 -999 -999 -999
-999 -999 -999 -999 -999 -999 -999 -999
-999 -999 -999 -999 -999 -999 -999 -999
-999 -999 -999 -999 -999 -999 -999 -999
-999 -999 -999 -999 -999 -999 -999 -999
-999 -999 -999 -999 -999 -999 -999 -999
-999 -999 -999 -999 -999 -999 -999 -999
-999 -999 -999 -999 -999 -999 -999 -999
-999 -999 -999 -999 -999 -999 -999 -999
-999 -999 -999 -999 -999 -999 -999 -999
-999 -999 -999 -999 -999 -999 -999 -999
-999 -999 -999 -999 -999 -999 -999 -999
-999 -999 -999 -999 -999 -999 -999 -999
-999 -999 -999 -999 -999 -999 -999 -999
-999 -999 -999 -999 -999 -999 -999 -999
-999 -999 -999 -999 -999 -999 -999 -999
-999 -999 -999 -999 -999 -999 -999 -999
-999 -999 -999 -999 -999 -999 -999 -999
-999 -999 -999 -999 -999 -999 -999 -999
-999 -999 -999 -999 -999 -999 -999 -999
-999 -999 -999 -999 -999 -999 -999 -999
-999 -999 -999 -999 -999 -999 -999 -999
-999 -999 -999 -999 -999 -999 -999 -999
-999 -999 -999 -999 -999 -999 -999 -999
-999 -999 -999 -999 -999 -999 -999 -999

# Age composition from fishery-independent survey
0 0 16 22 19 8 24 111
0 0 69 52 15 7 2 55
0 0 6 154 27 3 0 10
0 0 15 7 156 14 2 6
0 0 0 97 14 74 10 5
0 0 2 7 110 11 62 8
0 0 2 0 7 127 8 56
0 0 0 13 2 12 113 60
0 0 1 1 17 5 13 163
0 0 1 2 0 26 2 169
0 0 0 6 10 3 21 160
0 0 1 7 18 10 1 163
0 0 7 13 19 14 6 141
0 0 0 31 18 13 9 129
0 0 0 8 63 13 3 113
0 0 2 8 10 55 10 115
0 0 1 6 20 16 34 123
0 0 0 9 13 16 9 153
0 0 2 36 9 10 8 135
0 0 3 57 30 14 9 87
0 0 4 41 54 27 12 62
0 0 6 22 48 30 29 65
0 0 1 49 38 33 25 54
0 0 2 19 71 36 23 49
0 0 3 18 31 50 26 72
0 0 7 22 29 28 45 69
0 0 0 35 32 20 11 102
0 0 6 24 44 27 18 81
0 0 5 25 37 39 15 79
0 0 0 29 32 36 29 74
0 0 1 14 48 29 16 92
0 0 0 4 33 39 38 86
0 0 1 3 9 31 37 119
0 0 0 8 6 9 17 160
0 0 9 8 11 3 11 158
0 0 9 54 10 6 2 119
0 0 17 57 51 3 5 67
0 0 6 95 44 18 1 36
0 0 4 40 91 27 11 27
0 0 11 19 58 63 12 37
0 0 0 56 35 34 44 31
0 0 0 23 74 20 24 59
0 0 5 13 37 65 14 66
0 0 8 37 23 23 44 65
0 0 0 37 50 14 16 83
0 0 1 7 54 41 10 87
0 0 2 19 12 45 34 88
0 0 14 12 41 9 35 89
0 0 8 77 12 19 4 80
0 0 5 51 92 4 6 42

# Antibody prevalence values
0 0 0 0 0 23 0 18 0 26 0 8 2 25 55 43
0 0 0 0 0 80 0 51 1 6 0 6 0 3 28 25
0 0 0 0 0 1 2 161 10 14 0 1 0 0 11 0
0 0 0 0 0 19 0 17 67 77 6 0 3 0 11 0
0 0 0 0 0 0 2 102 8 6 67 6 8 0 1 0
0 0 0 0 0 0 0 4 55 85 10 0 40 0 6 0
0 0 0 0 0 2 0 3 5 5 120 8 6 0 51 0
0 0 0 0 0 0 0 10 1 7 1 5 99 7 70 0
0 0 0 0 0 1 0 4 0 21 0 3 3 2 161 5
0 0 0 0 0 2 0 8 0 2 0 19 0 4 157 8
0 0 0 0 0 1 0 11 0 2 0 2 2 21 152 9
0 0 0 0 0 0 0 7 0 14 0 6 0 4 137 32
0 0 0 0 0 2 0 10 0 15 0 18 0 6 124 25
0 0 0 0 0 1 0 27 0 18 0 12 1 16 104 21
0 0 0 0 0 1 0 12 7 48 2 9 2 6 99 14
0 0 0 0 0 0 0 7 0 15 16 27 9 4 113 9
0 0 0 0 0 2 0 3 0 11 3 9 25 25 102 20
0 0 0 0 0 6 0 9 0 12 0 13 0 16 108 36
0 0 0 0 0 4 0 37 0 19 2 11 0 7 94 26
0 0 0 0 0 5 0 55 3 38 0 15 0 5 55 24
0 0 0 0 0 5 1 44 14 45 17 11 5 8 44 6
0 0 0 0 0 7 0 39 18 46 22 15 9 4 36 4
0 0 0 0 0 0 0 42 7 32 21 15 17 9 51 6
0 0 0 0 0 1 1 17 13 46 14 14 12 9 64 9
0 0 0 0 0 1 0 23 2 9 16 27 21 11 76 14
0 0 0 0 0 3 0 26 0 34 0 23 10 27 57 20
0 0 0 0 0 2 0 26 0 34 2 26 4 11 66 29
0 0 0 0 0 2 0 22 5 37 8 19 6 7 79 15
0 0 0 0 0 4 1 29 1 31 8 35 2 12 62 15
0 0 0 0 0 3 0 31 6 36 6 17 14 19 57 11
0 0 0 0 0 1 0 12 5 36 12 24 8 11 68 23
0 0 0 0 0 0 0 8 1 22 11 37 9 21 66 25
0 0 0 0 0 1 0 3 0 12 0 19 6 30 81 48
0 0 0 0 0 0 0 8 1 2 0 9 1 21 85 73
0 0 0 0 0 13 0 2 1 10 1 1 5 9 92 66
0 0 0 0 0 10 0 67 0 4 0 4 1 0 75 39
0 0 0 0 0 14 0 56 1 53 0 6 1 3 38 28
0 0 0 0 0 2 1 91 6 30 18 19 1 3 26 3
0 0 0 0 0 0 3 50 41 57 16 2 14 2 13 2
0 0 0 0 0 10 1 19 15 48 51 10 16 0 28 2
0 0 0 0 0 5 1 63 2 21 19 19 30 2 38 0
0 0 0 0 0 1 1 19 20 52 18 5 22 4 56 2
0 0 0 0 0 7 1 17 12 17 51 21 15 4 52 3
0 0 0 0 0 2 0 49 1 22 2 13 29 9 71 2
0 0 0 0 0 0 0 45 14 34 7 15 6 6 60 13
0 0 0 0 0 4 0 10 17 43 25 16 7 4 73 1
0 0 0 0 0 3 0 27 2 6 18 38 20 8 74 4
0 0 0 0 0 4 0 13 1 28 0 16 19 30 78 11
0 0 0 0 0 6 4 82 0 6 0 20 1 3 63 15
0 0 0 0 0 4 1 39 36 57 2 2 5 1 50 3

# Average weight-at-age
70
94
115
134
150
160
165
168

# Maturity logistic function parameter age-at-50%
3

# Maturity logistic function parameter age-at-95%
4

# Infection prevalence index (avg of 3 different samples)
0
0.116666666666667
0
0.0222222222222222
0.155555555555556
0
0
0
0
0
0.00555555555555556
0
0
0.0166666666666667
0.0388888888888889
0
0
0
0
0.0388888888888889
0.0666666666666667
0
0
0
0
0
0
0.0111111111111111
0.00555555555555556
0.00555555555555556
0
0
0
0.00555555555555556
0
0
0.00555555555555556
0.227777777777778
0.05
0
0.138888888888889
0.0333333333333333
0
0
0.0888888888888889
0.00555555555555556
0
0
0
0.00555555555555556

