# Simulated data from SIR age-structured hybrid model
# random seed = 328538
# Flag=0 if no issues, =1 if negative pop #'s, =2 if NaN, or=3 if NA. Flag:
0

# Number of years (nyr)
50

# Starting age
0

# Ending age
8

# Sample size for comp data
200

# Sample size for fishery age comp data
200

# Sample size for antibody prevalence data
200

# Survey data
13992.3876647388
10341.045182905
14956.1112362205
19129.4382382996
15879.8325882932
15659.8723431527
19751.9630129705
41761.2929814234
21359.5037200066
32128.1276079
41418.856276389
60765.0014336221
38451.0698997581
25768.3417681823
41253.1970430363
50679.4760332608
37062.8983776321
41395.2496548077
20263.2035951955
32707.2944963594
35215.403094944
101817.144465671
128653.111510429
134027.532300541
61084.1837437431
58293.25911632
91680.5802040699
72255.9914542319
74061.9124593463
56610.1536568806
22439.2139755835
35096.8496877344
48442.3078981273
44142.6677911029
84696.4864887958
35641.6724488072
33293.076979382
58730.9387203121
20903.3463157935
29548.148518294
15462.2999504934
15182.9701861343
11741.9323570268
17290.7200945148
12967.9759396499
15133.9011011227
8226.57511101803
8987.54756936737
7783.25868518829
14393.3672834155

# Catches
0
0
0
0
0
0
0
0
0
0
0
0
0
0
0
0
0
0
0
0
0
0
0
0
0
0
0
0
0
0
0
0
0
0
0
0
0
0
0
0
0
0
0
0
0
0
0
0
0
0

# Catch compositions
-999 -999 -999 -999 -999 -999 -999 -999
-999 -999 -999 -999 -999 -999 -999 -999
-999 -999 -999 -999 -999 -999 -999 -999
-999 -999 -999 -999 -999 -999 -999 -999
-999 -999 -999 -999 -999 -999 -999 -999
-999 -999 -999 -999 -999 -999 -999 -999
-999 -999 -999 -999 -999 -999 -999 -999
-999 -999 -999 -999 -999 -999 -999 -999
-999 -999 -999 -999 -999 -999 -999 -999
-999 -999 -999 -999 -999 -999 -999 -999
-999 -999 -999 -999 -999 -999 -999 -999
-999 -999 -999 -999 -999 -999 -999 -999
-999 -999 -999 -999 -999 -999 -999 -999
-999 -999 -999 -999 -999 -999 -999 -999
-999 -999 -999 -999 -999 -999 -999 -999
-999 -999 -999 -999 -999 -999 -999 -999
-999 -999 -999 -999 -999 -999 -999 -999
-999 -999 -999 -999 -999 -999 -999 -999
-999 -999 -999 -999 -999 -999 -999 -999
-999 -999 -999 -999 -999 -999 -999 -999
-999 -999 -999 -999 -999 -999 -999 -999
-999 -999 -999 -999 -999 -999 -999 -999
-999 -999 -999 -999 -999 -999 -999 -999
-999 -999 -999 -999 -999 -999 -999 -999
-999 -999 -999 -999 -999 -999 -999 -999
-999 -999 -999 -999 -999 -999 -999 -999
-999 -999 -999 -999 -999 -999 -999 -999
-999 -999 -999 -999 -999 -999 -999 -999
-999 -999 -999 -999 -999 -999 -999 -999
-999 -999 -999 -999 -999 -999 -999 -999
-999 -999 -999 -999 -999 -999 -999 -999
-999 -999 -999 -999 -999 -999 -999 -999
-999 -999 -999 -999 -999 -999 -999 -999
-999 -999 -999 -999 -999 -999 -999 -999
-999 -999 -999 -999 -999 -999 -999 -999
-999 -999 -999 -999 -999 -999 -999 -999
-999 -999 -999 -999 -999 -999 -999 -999
-999 -999 -999 -999 -999 -999 -999 -999
-999 -999 -999 -999 -999 -999 -999 -999
-999 -999 -999 -999 -999 -999 -999 -999
-999 -999 -999 -999 -999 -999 -999 -999
-999 -999 -999 -999 -999 -999 -999 -999
-999 -999 -999 -999 -999 -999 -999 -999
-999 -999 -999 -999 -999 -999 -999 -999
-999 -999 -999 -999 -999 -999 -999 -999
-999 -999 -999 -999 -999 -999 -999 -999
-999 -999 -999 -999 -999 -999 -999 -999
-999 -999 -999 -999 -999 -999 -999 -999
-999 -999 -999 -999 -999 -999 -999 -999
-999 -999 -999 -999 -999 -999 -999 -999

# Age composition from fishery-independent survey
0 0 7 56 102 11 1 23
0 0 10 32 81 53 8 16
0 0 0 45 54 44 43 14
0 0 0 14 70 36 30 50
0 0 6 15 11 59 40 69
0 0 23 18 16 10 47 86
0 0 10 80 21 7 4 78
0 0 5 48 94 10 8 35
0 0 10 37 62 42 12 37
0 0 5 60 38 31 32 34
0 0 4 55 58 17 27 39
0 0 0 22 65 45 16 52
0 0 4 12 50 49 39 46
0 0 1 51 16 35 37 60
0 0 6 28 68 10 12 76
0 0 3 74 27 40 2 54
0 0 1 22 90 20 18 49
0 0 0 3 36 60 31 70
0 0 3 4 11 34 66 82
0 0 15 19 6 8 26 126
0 0 23 56 13 3 5 100
0 0 9 119 44 3 0 25
0 0 0 48 112 20 2 18
0 0 3 9 67 74 21 26
0 0 0 20 15 66 57 42
0 0 0 11 36 10 36 107
0 0 2 9 16 25 9 139
0 0 5 16 13 15 27 124
0 0 4 44 15 6 10 121
0 0 2 16 68 16 7 91
0 0 7 7 19 59 11 97
0 0 0 49 9 19 32 91
0 0 7 6 59 7 20 101
0 0 0 41 16 47 5 91
0 0 2 14 50 8 43 83
0 0 4 15 27 36 7 111
0 0 0 15 27 23 43 92
0 0 1 13 20 21 20 125
0 0 0 5 27 20 20 128
0 0 0 3 9 25 26 137
0 0 3 3 3 9 24 158
0 0 4 37 9 2 4 144
0 0 4 35 39 7 0 115
0 0 5 27 50 25 4 89
0 0 1 29 29 37 28 76
0 0 1 12 36 43 24 84
0 0 1 14 23 38 27 97
0 0 3 13 17 18 25 124
0 0 5 24 20 11 12 128
0 0 4 38 36 17 3 102

# Antibody prevalence values
0 0 0 0 0 9 0 62 23 68 10 7 0 1 12 8
0 0 0 0 0 6 1 35 25 50 35 20 7 2 16 3
0 0 0 0 0 0 0 49 10 43 27 14 35 6 13 3
0 0 0 0 0 3 0 5 17 55 25 21 23 11 38 2
0 0 0 0 0 5 0 20 1 14 11 41 16 21 53 18
0 0 0 0 0 9 0 30 0 19 0 9 8 40 59 26
0 0 0 0 0 11 0 80 1 27 0 15 1 8 26 31
0 0 0 0 0 6 0 46 27 57 11 3 5 1 39 5
0 0 0 0 0 11 1 27 13 46 44 15 11 1 29 2
0 0 0 0 0 3 0 51 10 37 30 13 30 6 19 1
0 0 0 0 0 2 2 44 15 46 17 4 22 1 45 2
0 0 0 0 0 3 0 17 24 41 33 13 14 0 55 0
0 0 0 0 0 9 0 12 9 24 29 17 34 2 64 0
0 0 0 0 0 3 0 48 0 11 9 23 28 10 66 2
0 0 0 0 0 15 0 28 17 46 5 1 16 4 67 1
0 0 0 0 0 7 0 73 3 25 19 10 4 2 56 1
0 0 0 0 0 0 1 14 37 51 12 7 26 1 51 0
0 0 0 0 0 1 0 5 9 23 46 14 21 1 80 0
0 0 0 0 0 6 0 4 1 11 13 29 52 17 67 0
0 0 0 0 0 7 0 22 0 7 0 8 9 14 121 12
0 0 0 0 0 37 0 62 0 16 0 4 1 2 62 16
0 0 0 0 0 10 3 104 15 31 9 2 1 0 22 3
0 0 0 0 0 0 0 39 55 73 14 3 2 0 14 0
0 0 0 0 0 5 2 10 34 37 78 2 13 0 19 0
0 0 0 0 0 1 0 15 6 10 42 19 74 0 33 0
0 0 0 0 0 1 0 14 1 29 2 5 36 13 97 2
0 0 0 0 0 2 0 4 4 12 16 14 9 3 131 5
0 0 0 0 0 5 0 15 1 11 2 14 9 12 122 9
0 0 0 0 0 0 0 45 0 15 1 4 1 9 105 20
0 0 0 0 0 2 1 15 13 36 8 3 4 4 107 7
0 0 0 0 0 5 0 8 4 13 34 14 7 2 111 2
0 0 0 0 0 2 0 41 0 13 2 9 30 15 86 2
0 0 0 0 0 6 0 11 20 50 2 1 9 4 94 3
0 0 0 0 0 3 0 40 4 2 31 16 1 2 99 2
0 0 0 0 0 0 1 14 12 48 5 3 28 4 84 1
0 0 0 0 0 2 0 18 5 18 32 14 7 4 95 5
0 0 0 0 0 2 0 6 0 32 2 18 21 14 100 5
0 0 0 0 0 2 0 14 0 29 1 23 7 15 96 13
0 0 0 0 0 1 0 3 1 28 0 27 2 18 90 30
0 0 0 0 0 1 0 3 0 10 2 22 2 16 107 37
0 0 0 0 0 5 0 5 1 3 1 11 4 25 89 56
0 0 0 0 0 2 0 36 0 13 0 3 1 2 88 55
0 0 0 0 0 2 0 30 1 34 2 8 0 6 85 32
0 0 0 0 0 2 0 27 5 46 9 30 4 7 54 16
0 0 0 0 0 1 0 21 1 44 3 31 7 28 43 21
0 0 0 0 0 1 0 13 0 41 0 37 1 31 49 27
0 0 0 0 0 0 0 12 0 15 2 40 0 37 43 51
0 0 0 0 0 3 0 11 0 22 1 13 2 27 54 67
0 0 0 0 0 8 0 28 1 15 3 18 1 8 43 75
0 0 0 0 0 4 0 42 1 38 4 4 1 10 47 49

# Average weight-at-age
70
94
115
134
150
160
165
168

# Maturity logistic function parameter age-at-50%
3

# Maturity logistic function parameter age-at-95%
4

# Infection prevalence index (avg of 3 different samples)
0.0944444444444444
0
0.0277777777777778
0
0
0
0.0277777777777778
0.0611111111111111
0.0333333333333333
0.05
0.00555555555555556
0
0
0.127777777777778
0.0722222222222222
0.0777777777777778
0.0777777777777778
0
0
0
0.0222222222222222
0.0222222222222222
0.122222222222222
0.0555555555555556
0
0.0111111111111111
0
0
0.0277777777777778
0.0444444444444444
0
0.0222222222222222
0
0.00555555555555556
0.0555555555555556
0
0
0
0
0
0
0
0
0
0
0
0
0
0.00555555555555556
0

