# Simulated data from SIR age-structured hybrid model
# random seed = 4457620
# Flag=0 if no issues, =1 if negative pop #'s, =2 if NaN, or=3 if NA. Flag:
0

# True SSB
9904.65098982551
10907.2746227726
11299.1210987725
11391.8159918822
11923.8131207193
14823.2938627788
27149.7426088179
42480.574284698
35595.1782765378
31852.4043757162
40849.1445321974
32791.7929614396
32135.2951758638
38762.9183929997
27174.1706100653
22664.3606153364
23446.6604882674
23801.115797235
21667.9762892747
20359.1360217198
31178.8014351736
45528.794907244
47526.9990497817
48750.2289043037
54293.3217410767
38019.8974046594
25127.0700011489
23776.4316295431
24374.3903159623
38344.9014612023
46249.5908257418
67135.7981326358
69151.7599972398
52250.5831420857
51849.4512924948
45002.20407352
38528.6235679397
31047.3423587586
24508.6545091951
20265.3916273128
20894.6156414553
23473.8791465486
22734.7961536131
21530.4150467272
18844.802002784
15496.8960523777
17051.4817549659
17513.3013776506
17543.0566579601
16187.3084664663

# True R (numbers)
35.0871449827754
51.6952577401899
90.3028377055384
360.975923556201
693.002157819075
192.594020012318
345.292715508945
363.908134857262
238.745764343166
144.516240304341
302.326389922187
23.2736886672076
76.0665246265476
109.712401115321
67.0977645889641
28.0177501333044
29.6506151290363
397.712222161263
804.06916191243
223.248672972869
508.46689502685
504.134146588626
20.5243327167873
48.3001997305283
85.2563355452699
41.9394036054056
561.36791254939
435.937564472623
1215.59256649741
126.225562619733
235.848737612187
117.581419732729
80.008038990966
16.6757385429294
9.77008388507451
5.86938478475397
53.1917680623018
116.678537870183
123.296449454097
90.4750206358212
22.5085114133266
27.8260675654022
16.7981486581243
142.016775133548
73.1939180937498
45.9152896389908
24.9839080682172
23.0667491930429
22.5825809039358
35.9713605803294

# True infection rate given (selected) susceptible
-999 -999 0.000370927248027271 0.000370927248026223 0.000370927248026539 0.000370927248026983 0.000370927248026502 0.000370927248027158
-999 -999 0.00307767817128477 0.00307767817128497 0.00307767817128432 0.00307767817128519 0.00307767817128483 0.0030776781712852
-999 -999 0.000427981740195802 0.000427981740196626 0.000427981740196138 0.000427981740195684 0.000427981740196156 0.000427981740197093
-999 -999 0.000278092794442189 0.000278092794441438 0.000278092794441171 0.000278092794442031 0.000278092794441402 0.000278092794442058
-999 -999 0.000323652164205573 0.000323652164206426 0.000323652164206865 0.000323652164206622 0.000323652164206469 0.000323652164205327
-999 -999 0.00493048655061727 0.00493048655061727 0.00493048655061711 0.00493048655061736 0.00493048655061823 0.00493048655061688
-999 -999 0.654383182174797 0.654383182174797 0.654383182174797 0.654383182174797 0.654383182174797 0.654383182174797
-999 -999 0.902426818240881 0.902426818240882 0.902426818240882 0.902426818240881 0.902426818240881 0.902426818240882
-999 -999 0.841650049051027 0.841650049051027 0.841650049051027 0.841650049051026 0.841650049051026 0.841650049051027
-999 -999 0.44749663820531 0.44749663820531 0.44749663820531 0.44749663820531 0.44749663820531 0.44749663820531
-999 -999 0.829777246408655 0.829777246408656 0.829777246408655 0.829777246408655 0.829777246408655 0.829777246408656
-999 -999 0.55445669005833 0.554456690058329 0.55445669005833 0.554456690058329 0.55445669005833 0.554456690058329
-999 -999 0.0150610603566629 0.015061060356662 0.0150610603566633 0.0150610603566622 0.0150610603566626 0.015061060356663
-999 -999 0.715316035001523 0.715316035001524 0.715316035001524 0.715316035001523 0.715316035001524 0.715316035001524
-999 -999 0.37899387275221 0.378993872752211 0.37899387275221 0.37899387275221 0.37899387275221 0.37899387275221
-999 -999 0.00179429335908102 0.00179429335908098 0.00179429335908158 0.00179429335908107 0.00179429335908064 0.00179429335908182
-999 -999 0.00244127455803613 0.0024412745580362 0.00244127455803625 0.00244127455803588 0.00244127455803613 0.00244127455803638
-999 -999 0.0380458146481714 0.0380458146481704 0.0380458146481719 0.0380458146481708 0.0380458146481709 0.0380458146481714
-999 -999 0.00254153394678026 0.0025415339467806 0.00254153394678022 0.00254153394678064 0.00254153394678025 0.00254153394677997
-999 -999 0.00526909263349987 0.00526909263349985 0.00526909263350018 0.00526909263350008 0.00526909263349999 0.00526909263350033
-999 -999 0.78344424908687 0.78344424908687 0.78344424908687 0.78344424908687 0.78344424908687 0.78344424908687
-999 -999 0.895765496273475 0.895765496273474 0.895765496273474 0.895765496273474 0.895765496273474 0.895765496273474
-999 -999 0.832069353009345 0.832069353009346 0.832069353009345 0.832069353009345 0.832069353009345 0.832069353009345
-999 -999 0.763078082938068 0.763078082938067 0.763078082938067 0.763078082938067 0.763078082938067 0.763078082938067
-999 -999 0.824331562820195 0.824331562820195 0.824331562820195 0.824331562820195 0.824331562820195 0.824331562820196
-999 -999 0.708648865699697 0.708648865699698 0.708648865699698 0.708648865699698 0.708648865699698 0.708648865699698
-999 -999 0.000622000091691064 0.000622000091691318 0.000622000091690873 0.000622000091691245 0.000622000091691185 0.000622000091691045
-999 -999 0.000687500982424411 0.000687500982424992 0.00068750098242518 0.000687500982423762 0.000687500982423571 0.000687500982423889
-999 -999 0.00201082114988617 0.00201082114988638 0.00201082114988695 0.00201082114988626 0.00201082114988572 0.00201082114988741
-999 -999 0.855071816138255 0.855071816138255 0.855071816138255 0.855071816138255 0.855071816138255 0.855071816138255
-999 -999 0.865917785280578 0.865917785280578 0.865917785280578 0.865917785280578 0.865917785280578 0.865917785280578
-999 -999 0.917683136627244 0.917683136627244 0.917683136627244 0.917683136627244 0.917683136627244 0.917683136627244
-999 -999 0.849972246408474 0.849972246408474 0.849972246408474 0.849972246408474 0.849972246408474 0.849972246408474
-999 -999 0.00388776938274641 0.00388776938274668 0.00388776938274626 0.00388776938274558 0.00388776938274521 0.00388776938274611
-999 -999 0.221405364750271 0.22140536475027 0.22140536475027 0.221405364750272 0.221405364750271 0.22140536475027
-999 -999 0.00398046255158306 0.00398046255158202 0.0039804625515819 0.00398046255158225 0.00398046255158351 0.00398046255158358
-999 -999 0.0251731107462484 0.0251731107462477 0.0251731107462483 0.0251731107462483 0.0251731107462475 0.0251731107462478
-999 -999 0.0445243909463764 0.0445243909463771 0.0445243909463764 0.0445243909463766 0.044524390946376 0.0445243909463768
-999 -999 0.144582711197423 0.144582711197424 0.144582711197422 0.144582711197423 0.144582711197423 0.144582711197423
-999 -999 0.0268787677499451 0.0268787677499447 0.0268787677499447 0.0268787677499449 0.0268787677499458 0.026878767749945
-999 -999 0.0279722648896173 0.0279722648896171 0.0279722648896176 0.0279722648896173 0.0279722648896173 0.0279722648896163
-999 -999 0.270352493742868 0.270352493742868 0.270352493742868 0.270352493742868 0.270352493742868 0.270352493742868
-999 -999 0.0111899210473712 0.0111899210473714 0.0111899210473703 0.0111899210473712 0.0111899210473708 0.0111899210473714
-999 -999 0.00343115417021839 0.00343115417021846 0.00343115417021913 0.00343115417021867 0.00343115417021882 0.00343115417021877
-999 -999 0.112496361883073 0.112496361883073 0.112496361883073 0.112496361883073 0.112496361883073 0.112496361883074
-999 -999 0.00538669432290234 0.0053866943229031 0.00538669432290291 0.00538669432290263 0.00538669432290173 0.0053866943229046
-999 -999 0.247158403251054 0.247158403251054 0.247158403251054 0.247158403251055 0.247158403251054 0.247158403251054
-999 -999 0.0234363392611683 0.0234363392611682 0.0234363392611675 0.0234363392611683 0.0234363392611677 0.0234363392611678
-999 -999 0.00719301669649944 0.00719301669650061 0.00719301669649925 0.00719301669650017 0.00719301669649969 0.00719301669650086
-999 -999 0.00147276820150166 0.00147276820150127 0.00147276820150143 0.00147276820150056 0.00147276820150044 0.0014727682015011

# Duration of outbreak (days) based on incidence
0
0
0
0
0
0
0
3
0
0
0
0
0
0
0
0
0
0
0
0
0
3
0
0
0
0
0
0
0
0
0
3
0
0
0
0
0
0
0
0
0
0
0
0
0
0
0
0
0
0

# Duration of outbreak (days) based on prevalence
0
0
0
0
0
0
19
26
23
0
30
0
0
26
0
0
0
0
0
0
27
20
19
21
22
12
0
0
0
27
28
17
14
0
0
0
0
0
0
0
0
0
0
0
0
0
0
0
0
0

# Peak (point) prevalence
1.79032708220582e-05
0.000594823793321218
3.52054205973691e-05
1.57064378548335e-05
1.88376222406613e-05
0.00112743704136661
0.176166790716084
0.48017992937565
0.315112500605226
0.0460019346839578
0.286449869601446
0.079105914607708
0.000740254100760165
0.179053138149017
0.0330664219114662
5.56740643852035e-05
9.85342935806637e-05
0.00392787591343588
8.93926752668136e-05
0.000292607640950776
0.279734326747865
0.45033139547419
0.261731622386363
0.172188830148109
0.236620094729791
0.117919974085006
1.19925902133899e-05
1.86447070678667e-05
6.58558602733498e-05
0.345619931423294
0.35228398146016
0.444457829221458
0.230285278476075
6.48646700669186e-05
0.0133323910153913
9.65418616966446e-05
0.00200800920510865
0.00289850309452798
0.0101830639009122
0.00132244124126798
0.00220651538104259
0.0336347655179821
0.000929276600997142
0.000147302513663942
0.022818789674688
0.000253795697687886
0.0282199051076307
0.00203743421771838
0.000523276953854148
7.01816075418406e-05

# Day of peak prevalence
59
119
119
77
89
119
59
24
28
69
38
61
119
54
87
64
87
119
64
110
41
21
26
41
32
48
48
54
60
32
30
16
19
54
103
69
119
119
113
119
119
107
119
93
119
95
106
119
119
84

# Total immunity
0.0257842885416792
0.0185469955458573
0.0115011729497024
0.00385377306829536
0.00146400873525422
0.00120641688949297
0.000906319356005981
0.0264687968018608
0.0505440427482792
0.0856411153591726
0.0779473899815361
0.115935894592078
0.155665855455148
0.123628999009613
0.19376552726741
0.230048385597068
0.204764570275905
0.0703323876116326
0.0273116841615889
0.0223645519114931
0.014625527992746
0.0252990544016754
0.0926225261471921
0.167145849472019
0.214647465308519
0.307024760917079
0.135094352121791
0.0799261125311281
0.0324585497978902
0.0301324002372044
0.0481511341798685
0.0885535601761044
0.2461614434978
0.412726469765065
0.403874533908499
0.45427605777209
0.375740937153524
0.254467300140506
0.178033566306941
0.147373451353294
0.138517703257047
0.128578113875769
0.17823343580159
0.0987324234629856
0.0763101590951871
0.0705293952523063
0.0640107544651837
0.0899101359018592
0.0827806574010091
0.0671794584101068

# Observed immunity (based on survey selectivity)
0.0679667231962321
0.0484567627851189
0.037163742743908
0.0289160834706325
0.0213861945730941
0.0129785802950408
0.00557005104616902
0.0989366496685187
0.20755965771276
0.325256447549669
0.256005559201651
0.326169504065411
0.377370077855215
0.248174596040159
0.42128419380611
0.488742287778326
0.365661118963583
0.283063434609265
0.257790339404498
0.210859824830723
0.0992887694847496
0.115253113153652
0.30413973113007
0.399465846109931
0.360919750838631
0.49122716353503
0.701954522066604
0.573680815261464
0.424738203454467
0.197523106356016
0.213186325035092
0.20321271492755
0.42493111626255
0.658275503046823
0.528009039745383
0.524891025445127
0.485436593608838
0.477199200551833
0.475189426332344
0.461771933249442
0.338456765268283
0.237463822071554
0.267736488066094
0.229079170133823
0.207928504051451
0.209345698271607
0.143443563091451
0.158571559678032
0.132494099605732
0.116097016580514

# True total proportion of susceptible
1 1 1 0.999996060433365 0.999947750374683 0.999769853391776 0.999358123203306 0.801309133335964
1 1 1 0.999995725418516 0.999953320218863 0.999866548834413 0.999684343185062 0.844980056059056
1 1 1 0.999971087771303 0.999706335802458 0.999402898429266 0.999286917318981 0.863272757335975
1 1 1 0.999996748805186 0.99993856570342 0.99964448071857 0.999337702599023 0.913777472700426
1 1 1 0.999995474568883 0.999951503073313 0.999852611507223 0.999553974775941 0.94197960502679
1 1 1 0.999993143654685 0.999926924327497 0.999821284510752 0.999715538002848 0.956843805481468
1 1 1 0.999957501502322 0.99956742929567 0.999116481422103 0.998967652045496 0.965712885550657
1 1 1 0.989152270540607 0.861724137056382 0.637621207931725 0.601376722924992 0.572122228915165
1 1 1 0.993446284061509 0.880146171425256 0.319407171579416 0.109920248039129 0.0916849391671006
1 1 1 0.988921505243938 0.834072307541023 0.355092471384947 0.0579793196254061 0.0151751796622921
1 1 1 0.99303471491692 0.905780686394624 0.628090502084939 0.214164832374231 0.022411270803218
1 1 1 0.994794567452897 0.909721040266777 0.492897381169144 0.179230477247307 0.0244191222406957
1 1 1 0.989068414813439 0.863460986160798 0.598823043945669 0.254096804815047 0.0246446017005353
1 1 1 0.999730038903127 0.986325703179729 0.857806338530545 0.593030569646118 0.0952098191430686
1 1 1 0.991603066482409 0.885090835514434 0.637907527250207 0.441851573657303 0.0981820007704787
1 1 1 0.991611742852576 0.897496874667921 0.683288316922157 0.449885131183903 0.125101627811186
1 1 1 0.999955955062208 0.991167953318656 0.896655777362668 0.682471687899651 0.185657524615208
1 1 1 0.999961664298455 0.999572369884283 0.990430106092218 0.8958017596212 0.398267274027824
1 1 1 0.999025484948915 0.990126780218183 0.980712119540091 0.97054892313621 0.414505680667573
1 1 1 0.999954790411473 0.998572427082484 0.989258866050236 0.979791347677244 0.53731655932514
1 1 1 0.999933365837791 0.999287312274988 0.997298421415336 0.987891342948368 0.665826737074073
1 1 1 0.992304419690153 0.88930106419715 0.625316154272645 0.565244778841531 0.272915087865997
1 1 1 0.98356001274194 0.765703669093144 0.245314577324078 0.0925749780985969 0.0329464075750604
1 1 1 0.983460118414044 0.764649369729047 0.243993256730773 0.043690391228149 0.00585183031306517
1 1 1 0.990595053922175 0.849284060928593 0.348020188223943 0.0622195679216006 0.00626972692387417
1 1 1 0.995490210449631 0.916410358317739 0.43708262969102 0.0753789907313052 0.00711582342917069
1 1 1 0.9909838515134 0.873205417570014 0.542991240642755 0.155618316145304 0.00504757606976556
1 1 1 0.999990565716661 0.99088525647833 0.872996833230443 0.542774871243269 0.0428464949798235
1 1 1 0.999985865579147 0.999849233531004 0.990615178537503 0.872702005467733 0.207726359844399
1 1 1 0.999953777092052 0.999523528204485 0.998970571013368 0.989688061733676 0.231792901674802
1 1 1 0.990508484643437 0.860238477531668 0.496747429995592 0.411319782557079 0.055741438912508
1 1 1 0.988182695326022 0.818700027793732 0.300449095393154 0.0874530807832492 0.0121672869600039
1 1 1 0.978660338104735 0.709478757838244 0.163376803153893 0.0262908171361341 0.00121235210416151
1 1 1 0.983161648035766 0.754360454142997 0.203019144099669 0.0251660293512657 0.00197906652606984
1 1 1 0.999949585440478 0.982634545641748 0.753093175329073 0.202321391310276 0.0115550209593933
1 1 1 0.994933879743406 0.946017709672617 0.872777734663086 0.641007027206543 0.106679396133618
1 1 1 0.999942567116522 0.994352540196577 0.944835238506389 0.871438354423597 0.165177715007319
1 1 1 0.999781581470711 0.997736366229896 0.990022944951766 0.939440042544907 0.340961568813075
1 1 1 0.99970132501074 0.996735397023115 0.991768893134523 0.983451971925181 0.418926279381619
1 1 1 0.997506335952677 0.973537890704797 0.944320994882571 0.936019662106411 0.43471663004692
1 1 1 0.999779569021892 0.995253370287205 0.968776738219931 0.938783694077854 0.441953829877929
1 1 1 0.999343120719155 0.993163326808203 0.982578587800466 0.955356482290128 0.443193249132487
1 1 1 0.993721079711153 0.931550545210686 0.853137658287338 0.833636949318999 0.348198223901051
1 1 1 0.999807414408465 0.991773903077724 0.927631974156349 0.848825643334985 0.427529081208341
1 1 1 0.999937189660996 0.999178671966959 0.990570119930111 0.926307596711934 0.565696395834675
1 1 1 0.999094426763993 0.990443387538425 0.980164248641948 0.969667299924105 0.64754347265149
1 1 1 0.999887319874664 0.997965424228829 0.98828686641479 0.97788359556409 0.724266018318772
1 1 1 0.995987285851135 0.956123683191681 0.906352740925176 0.88979179709399 0.634128930843881
1 1 1 0.9995634960541 0.991575528701925 0.947433381471461 0.896944554863966 0.651406867901133
1 1 1 0.999851218649612 0.998072532084386 0.988725510696271 0.944373130263247 0.667745354095832

# True vulnerable proportion of susceptible
0 0 0.05 0.499998030216682 0.949950362855949 0.999769853391776 0.999358123203306 0.801309133335964
0 0 0.05 0.499997862709258 0.94995565420792 0.999866548834413 0.999684343185062 0.844980056059056
0 0 0.05 0.499985543885652 0.949721019012335 0.999402898429266 0.999286917318981 0.863272757335975
0 0 0.05 0.499998374402593 0.949941637418249 0.99964448071857 0.999337702599023 0.913777472700426
0 0 0.05 0.499997737284442 0.949953927919647 0.999852611507223 0.999553974775941 0.94197960502679
0 0 0.05 0.499996571827343 0.949930578111122 0.999821284510752 0.999715538002848 0.956843805481468
0 0 0.05 0.499978750751161 0.949589057830886 0.999116481422103 0.998967652045496 0.965712885550657
0 0 0.05 0.494576135270303 0.818637930203563 0.637621207931725 0.601376722924992 0.572122228915165
0 0 0.05 0.496723142030754 0.836138862853993 0.319407171579416 0.109920248039129 0.0916849391671006
0 0 0.05 0.494460752621969 0.792368692163972 0.355092471384947 0.0579793196254061 0.0151751796622921
0 0 0.05 0.49651735745846 0.860491652074892 0.628090502084939 0.214164832374231 0.022411270803218
0 0 0.05 0.497397283726449 0.864234988253438 0.492897381169144 0.179230477247307 0.0244191222406957
0 0 0.05 0.49453420740672 0.820287936852758 0.598823043945669 0.254096804815047 0.0246446017005353
0 0 0.05 0.499865019451563 0.937009418020742 0.857806338530545 0.593030569646118 0.0952098191430686
0 0 0.05 0.495801533241205 0.840836293738712 0.637907527250207 0.441851573657303 0.0981820007704787
0 0 0.05 0.495805871426288 0.852622030934525 0.683288316922157 0.449885131183903 0.125101627811186
0 0 0.05 0.499977977531104 0.941609555652723 0.896655777362668 0.682471687899651 0.185657524615208
0 0 0.05 0.499980832149228 0.949593751390069 0.990430106092218 0.8958017596212 0.398267274027824
0 0 0.05 0.499512742474457 0.940620441207274 0.980712119540091 0.97054892313621 0.414505680667573
0 0 0.05 0.499977395205736 0.94864380572836 0.989258866050236 0.979791347677244 0.53731655932514
0 0 0.05 0.499966682918895 0.949322946661239 0.997298421415336 0.987891342948368 0.665826737074073
0 0 0.05 0.496152209845077 0.844836010987293 0.625316154272645 0.565244778841531 0.272915087865997
0 0 0.05 0.49178000637097 0.727418485638487 0.245314577324078 0.0925749780985969 0.0329464075750604
0 0 0.05 0.491730059207022 0.726416901242595 0.243993256730773 0.043690391228149 0.00585183031306517
0 0 0.05 0.495297526961088 0.806819857882163 0.348020188223943 0.0622195679216006 0.00626972692387417
0 0 0.05 0.497745105224815 0.870589840401852 0.43708262969102 0.0753789907313052 0.00711582342917069
0 0 0.05 0.4954919257567 0.829545146691514 0.542991240642755 0.155618316145304 0.00504757606976556
0 0 0.05 0.49999528285833 0.941340993654413 0.872996833230443 0.542774871243269 0.0428464949798235
0 0 0.05 0.499992932789574 0.949856771854454 0.990615178537503 0.872702005467733 0.207726359844399
0 0 0.05 0.499976888546026 0.949547351794261 0.998970571013368 0.989688061733676 0.231792901674802
0 0 0.05 0.495254242321718 0.817226553655084 0.496747429995592 0.411319782557079 0.055741438912508
0 0 0.05 0.494091347663011 0.777765026404045 0.300449095393154 0.0874530807832492 0.0121672869600039
0 0 0.05 0.489330169052368 0.674004819946332 0.163376803153893 0.0262908171361341 0.00121235210416151
0 0 0.05 0.491580824017883 0.716642431435847 0.203019144099669 0.0251660293512657 0.00197906652606984
0 0 0.05 0.499974792720239 0.93350281835966 0.753093175329073 0.202321391310276 0.0115550209593933
0 0 0.05 0.497466939871703 0.898716824188986 0.872777734663086 0.641007027206543 0.106679396133618
0 0 0.05 0.499971283558261 0.944634913186748 0.944835238506389 0.871438354423597 0.165177715007319
0 0 0.05 0.499890790735356 0.947849547918401 0.990022944951766 0.939440042544907 0.340961568813075
0 0 0.05 0.49985066250537 0.946898627171959 0.991768893134523 0.983451971925181 0.418926279381619
0 0 0.05 0.498753167976339 0.924860996169557 0.944320994882571 0.936019662106411 0.43471663004692
0 0 0.05 0.499889784510946 0.945490701772845 0.968776738219931 0.938783694077854 0.441953829877929
0 0 0.05 0.499671560359577 0.943505160467793 0.982578587800466 0.955356482290128 0.443193249132487
0 0 0.05 0.496860539855577 0.884973017950152 0.853137658287338 0.833636949318999 0.348198223901051
0 0 0.05 0.499903707204232 0.942185207923838 0.927631974156349 0.848825643334985 0.427529081208341
0 0 0.05 0.499968594830498 0.949219738368611 0.990570119930111 0.926307596711934 0.565696395834675
0 0 0.05 0.499547213381996 0.940921218161504 0.980164248641948 0.969667299924105 0.64754347265149
0 0 0.05 0.499943659937332 0.948067153017387 0.98828686641479 0.97788359556409 0.724266018318772
0 0 0.05 0.497993642925568 0.908317499032097 0.906352740925176 0.88979179709399 0.634128930843881
0 0 0.05 0.49978174802705 0.941996752266828 0.947433381471461 0.896944554863966 0.651406867901133
0 0 0.05 0.499925609324806 0.948168905480167 0.988725510696271 0.944373130263247 0.667745354095832

# True survival by age
0.778267540515681 0.778267540515681 0.778282463626131 0.778416773133022 0.778551092661147 0.778566056758584 0.778566153424741 0.778612651435249
0.778267540515681 0.778267540515681 0.778189453254276 0.77748667351893 0.776783976697475 0.776706074866157 0.776706456584766 0.777030560176397
0.778267540515681 0.778267540515681 0.77827924331168 0.778384580509369 0.77848998493677 0.778501775080484 0.778501809780483 0.778542503399418
0.778267540515681 0.778267540515681 0.778286407507552 0.778456211554666 0.778626024098089 0.778644935779528 0.778644983607071 0.77865832267949
0.778267540515681 0.778267540515681 0.778286347467137 0.7784556115923 0.778624881124465 0.778643702700056 0.77864374961694 0.77865279475347
0.778267540515681 0.778267540515681 0.778122369537085 0.776815844339244 0.775509532450293 0.775364735128523 0.775365098543542 0.775512434203044
0.778267540515681 0.778267540515681 0.760090443019827 0.596504313212507 0.433052313477028 0.415047257794905 0.41510144287884 0.427208678391085
0.778267540515681 0.778267540515681 0.747591765909928 0.474843203967944 0.276094222477351 0.387270287141681 0.409526167298858 0.427489852329027
0.778267540515681 0.778267540515681 0.75332030977639 0.530433698480182 0.361144468843407 0.619263973391393 0.723898053102367 0.733006186105728
0.778267540515681 0.778267540515681 0.765412305750365 0.651145266896739 0.574634309053397 0.687315490993452 0.763863110724467 0.774891081076522
0.778267540515681 0.778267540515681 0.749140344042371 0.489028082240078 0.277043593990702 0.412575549341891 0.653926158264087 0.765733282670042
0.778267540515681 0.778267540515681 0.764201397897606 0.638341093659053 0.535186629092839 0.639874652020144 0.728283580664326 0.771918104635332
0.778267540515681 0.778267540515681 0.777884657780436 0.774486397502022 0.772058867149362 0.77389588504115 0.776719502248909 0.778598921670842
0.778267540515681 0.778267540515681 0.75583506711563 0.554003509421168 0.357886055325724 0.393489006797507 0.512421704354756 0.736034178437102
0.778267540515681 0.778267540515681 0.769158611395075 0.687947597634332 0.625146450938247 0.662247534606794 0.698069275683564 0.760861770531633
0.778267540515681 0.778267540515681 0.778255589402382 0.778153504848493 0.778118403894354 0.778273103541172 0.778453352610788 0.778704171485105
0.778267540515681 0.778267540515681 0.778224579914257 0.777837976910054 0.777463207882491 0.777552230623776 0.777850472241009 0.778542263400161
0.778267540515681 0.778267540515681 0.777479673914973 0.770389196985026 0.763304704527047 0.762666107571869 0.764207657706477 0.772312780345114
0.778267540515681 0.778267540515681 0.778226074507268 0.777853804176948 0.777492729834076 0.777464501294376 0.777478349286953 0.778235993082052
0.778267540515681 0.778267540515681 0.778130724141341 0.776899462734082 0.775672501637523 0.775566331918675 0.775597286633124 0.777043988945686
0.778267540515681 0.778267540515681 0.752816882473699 0.523777954460797 0.29505004681347 0.27063095932735 0.275424302326651 0.439531163910841
0.778267540515681 0.778267540515681 0.755420629576971 0.551560737119101 0.392288707882291 0.49273648818309 0.520217428085659 0.653949919006359
0.778267540515681 0.778267540515681 0.757936081814204 0.57830420922164 0.482602899300984 0.678917906944542 0.741107731273449 0.765386244145336
0.778267540515681 0.778267540515681 0.754930478571835 0.548765663257108 0.439344315060162 0.66478896055947 0.758385378166679 0.776066372096432
0.778267540515681 0.778267540515681 0.748954349829166 0.487897538545776 0.305338621792892 0.574583561093488 0.742290523771618 0.775121725768754
0.778267540515681 0.778267540515681 0.756676524249055 0.563333492056542 0.402373725956337 0.589826548662518 0.746210407484907 0.775724231423336
0.778267540515681 0.778267540515681 0.778276324750458 0.778359398657869 0.778480891169412 0.778606632285308 0.778745140519277 0.778798978270901
0.778267540515681 0.778267540515681 0.778277310794415 0.778365247412026 0.778456344162645 0.778505852456805 0.778617413647516 0.778786307940888
0.778267540515681 0.778267540515681 0.778248520133163 0.778077346916002 0.777906288128028 0.777895707309395 0.778003438704269 0.778610993839923
0.778267540515681 0.778267540515681 0.751498904105747 0.510593574306534 0.269906038306802 0.243446489457414 0.248421041603984 0.654581583085389
0.778267540515681 0.778267540515681 0.752884522941652 0.526851659066296 0.363468547839312 0.526356921293647 0.569770704475491 0.750473340893699
0.778267540515681 0.778267540515681 0.758423708047475 0.582180523465135 0.469687439704388 0.659399340543797 0.744046063689274 0.773965382875668
0.778267540515681 0.778267540515681 0.757587791722162 0.575894420269672 0.499657451563128 0.711141838649129 0.767913013809849 0.778298713854399
0.778267540515681 0.778267540515681 0.778175607349513 0.777372667809926 0.777080861820252 0.778319240769944 0.778741091618429 0.778796088911872
0.778267540515681 0.778267540515681 0.773059549926198 0.726190287089561 0.681043322649497 0.699957158339548 0.757619138655724 0.777591052634138
0.778267540515681 0.778267540515681 0.778177020519141 0.777369627873079 0.776669289293827 0.776755304091163 0.777298491768287 0.778550764706187
0.778267540515681 0.778267540515681 0.77742645140571 0.769857163103357 0.762380109213985 0.762403144117594 0.763676948857802 0.775934119738451
0.778267540515681 0.778267540515681 0.776694414059874 0.76253982842734 0.748447003582446 0.747124234974834 0.748742673970743 0.767891454566782
0.778267540515681 0.778267540515681 0.774259344767609 0.738197713779398 0.702362180315204 0.69876785248151 0.699439004382398 0.744994623116066
0.778267540515681 0.778267540515681 0.777363384078965 0.76924985250031 0.761557270783397 0.761220952813698 0.761375493506861 0.770707936880497
0.778267540515681 0.778267540515681 0.777653493153586 0.77212853798852 0.766658550194469 0.766386694076341 0.766771030636586 0.773137502813565
0.778267540515681 0.778267540515681 0.771948926316815 0.715123254470522 0.659038284048074 0.654106130026503 0.65756076565963 0.72255711043436
0.778267540515681 0.778267540515681 0.777983393935527 0.775447264238917 0.773274799546313 0.773497530806059 0.773618750609227 0.776636322269849
0.778267540515681 0.778267540515681 0.778203075468584 0.777623116889935 0.777057166744567 0.777110133448679 0.777253761414493 0.778021592724384
0.778267540515681 0.778267540515681 0.774321582005737 0.73881046737931 0.703356344394303 0.700097597040353 0.705203409559735 0.733854839535762
0.778267540515681 0.778267540515681 0.778162058237056 0.777214155838907 0.776287626226178 0.77621031861497 0.77623806087612 0.777089398115031
0.778267540515681 0.778267540515681 0.771158431396061 0.707184519958386 0.643470368567506 0.63775700296037 0.63924171018068 0.675436850491556
0.778267540515681 0.778267540515681 0.777665862256714 0.772277041304587 0.767360639406854 0.76741082243605 0.767618940633088 0.770831806718247
0.778267540515681 0.778267540515681 0.778114269172828 0.776735728885096 0.775384410658636 0.775391283540864 0.775572976136863 0.776456585100617
0.778267540515681 0.778267540515681 0.778251032525512 0.778102564511354 0.777955521064203 0.777947115132975 0.777985409082871 0.778224250157404

# True Numbers-at-age
35.0871449827754 30.7384069318791 26.9221965886785 25.2823816468222 19.0281425459543 3.96678423895237 6.22205621937256 21.9231769159296
51.6952577401899 27.3071860294617 23.9227043622437 20.9530734872637 19.6802299386368 14.8143811704648 3.08840356293325 21.9139452835054
90.3028377055384 40.2327410977818 21.2522965095533 18.6163962280181 16.2907354056103 15.287287274055 11.5064198504828 19.4265881671868
360.975923556201 70.2797674026761 31.3118364623748 16.5402212460906 14.4907157685421 12.6821743605225 11.9011802790171 24.082193261886
693.002157819075 280.935844211461 54.6964617244948 24.3695767127657 12.8758379695077 11.2828484051954 9.87491084049382 28.0185945350036
192.594020012318 539.341084937911 218.64324851715 42.5695094149331 18.9706337441815 10.0254478083858 8.78531885922476 29.5057945437199
345.292715508945 149.889674273015 419.751659673687 170.131202619451 33.0686693992687 14.7119073052359 7.77337868449389 29.6939401727144
363.908134857262 268.730112457127 116.654268145156 319.049224959681 101.483996174533 14.3204637869603 6.106136783971 15.9122496453863
238.745764343166 283.21788908901 209.143923684511 87.2097703235673 151.498356203344 28.0191450177023 5.54589012277816 9.30294804527102
144.516240304341 185.808078823892 220.419289971347 157.552365377865 46.259001016337 54.712793381706 17.3512470746919 10.8337775288026
302.326389922187 112.472298906233 144.608396514214 168.711636968827 102.589477004183 26.5820090865232 37.6049504467705 21.6489751468594
23.2736886672076 235.290815917725 87.5335394458982 108.331983916074 82.5047282784496 28.4217574148652 10.9670870014835 41.1682015830148
76.0665246265476 18.1131564377553 183.119204610216 66.8932532074806 69.1527570912417 44.155427411564 18.1863621356379 39.7656295281036
109.712401115321 59.2001070366787 14.0968817117876 142.445619811243 51.8079146938522 53.3899993001191 34.1717035760426 45.0871784158547
67.0977645889641 85.3856005800907 46.073521701701 10.6549175347501 78.9153732771022 18.5413302244344 21.0083777975235 50.6960269105019
28.0177501333044 52.2200122207532 66.4528413589214 35.4378459741611 7.33002492102325 49.3336655286474 12.2789502294621 53.2379718664477
29.6506151290363 21.8053054870297 40.6411404767444 51.7172952192504 27.5760840490745 5.70362729205245 38.3950649800426 51.0152207464752
397.712222161263 23.0761113112521 16.9703614715837 31.6279344747507 40.2276762846017 21.4393907656307 4.43486812358203 69.58312485427
804.06916191243 309.526512974472 17.9593883948743 13.1941111031461 24.3658190422982 30.7059745602276 16.3510967039358 57.1290968022623
223.248672972869 625.780929046092 240.894437977037 13.9764643310944 10.2630895143155 18.9442471618396 23.8728051982252 57.1725430581966
508.46689502685 173.747195637984 487.02498455032 187.447363464693 10.8583076297493 7.96079631809895 14.6925202822687 62.9412638521747
504.134146588626 395.723279826192 135.221802620671 366.640630555973 98.1807966046066 3.20374417447259 2.15443794457675 31.7113241071297
20.5243327167873 392.351242355501 307.978583715129 102.14933926824 202.224576447265 38.5152178388751 1.57860165356666 21.8583939979397
48.3001997305283 15.9734219442195 305.354236406288 233.428081023732 59.0733928680325 97.5941669033633 26.1486710806822 17.9000279751914
85.2563355452699 37.5904776506944 12.4315958101469 230.521219824136 128.097315705822 25.9535593278856 64.8795247723543 33.7223795772106
41.9394036054056 66.3522385781968 29.2554485880156 9.3106977573276 112.470735734766 39.1130578329848 14.9124885416676 74.298405480241
561.36791254939 32.6400764946735 51.6397935259629 22.1369111529266 5.24502788111837 45.2552689986482 23.0699199092669 68.7629276384312
435.937564472623 436.894424624236 25.4027120557532 40.1900287162589 17.2304728531346 4.08315397910144 35.2360525882032 71.5180858092366
1215.59256649741 339.276056120504 340.020749317317 19.7703544256365 31.2825216452273 13.4131709054448 3.17875926921276 83.1327101317496
126.225562619733 946.056236997083 264.047541752765 264.620644970771 15.3828649190883 24.3348702963235 10.4340480687528 67.2011276985484
235.848737612187 98.2372581702679 736.28486075724 198.431438259019 135.113600950926 4.1519281281198 5.92423874504144 46.5806576434248
117.581419732729 183.553416955165 76.4548693031783 554.337476140375 104.543932457676 49.1095443309735 2.18539610694963 38.3329994459299
80.008038990966 91.5098023457331 142.853666366945 57.9851854752016 322.724482035745 49.1029719726741 32.3828011462503 31.2944499639196
16.6757385429294 62.2676597269818 71.2191088046898 108.224193642349 33.3933447734706 161.251692251011 34.9191777717841 49.2236045815215
9.77008388507451 12.9781860220882 48.4608983893854 55.4209732489805 84.1305301333306 25.9493291356294 125.505294685676 65.5281493466507
5.86938478475397 7.60373915586883 10.1005009157656 37.4631602979175 40.24617247446 57.2965357782671 18.1634186825928 146.039315884123
53.1917680623018 4.56795166077063 5.91774337156081 7.85997770838132 29.1227229797417 31.2579661725356 44.5053880718181 127.817419006088
116.678537870183 41.3974265055282 3.55508850422248 4.60061022968218 6.05106014063007 22.2025847259041 23.8311716886626 133.165635474148
123.296449454097 90.807118699193 32.2182733101361 2.76121738271807 3.50814853520292 4.52889783075175 16.588089127805 120.100168736579
90.4750206358212 95.9576244709563 70.6722329313364 24.9452991826497 2.03832435917041 2.46399085405471 3.16464821130257 101.076336488242
22.5085114133266 70.413771788346 74.6807043907385 54.9380061519206 19.1891677168294 1.55230073594113 1.87564146564776 80.3098203559478
27.8260675654022 17.5176438183188 54.8007529881485 58.0757106406281 42.4192023700868 14.7115395012229 1.1896626292302 63.5287215011229
16.7981486581243 21.6561251663487 13.6334135701127 42.3033824305542 41.5312911990143 27.95587834067 9.62290816987696 46.6854049067938
142.016775133548 13.0734538413752 16.854259270314 10.606569360203 32.8040421738259 32.1151008768173 21.6238028680228 43.7020433660986
73.1939180937498 110.527046295155 10.1746447671723 13.1160363989032 8.24791352539031 25.4906160693625 24.9569703281013 50.8083155002584
45.9152896389908 56.9644506155288 86.0196124805927 7.87844703246328 9.69026498203772 5.80122230609886 17.8459190572389 54.8856687861826
24.9839080682172 35.7343795394025 44.3335828773746 66.937198696652 6.12324055965749 7.52243280040872 4.50296861457327 56.5037529257389
23.0667491930429 19.4441646847213 27.8109076759846 34.1882162298834 47.336950727651 3.9401238597503 4.79748419775945 41.0432022751839
22.5825809039358 17.9521021621616 15.1327622265599 21.6275934979865 26.4027744774958 36.324512777941 3.02369369171088 35.3200455008705
35.9713605803294 17.5752896986025 13.9715383968317 11.7750182204858 16.7989245996891 20.472299727986 28.1657105868842 29.7695770306108

