# Simulated data from SIR age-structured hybrid model
# random seed = 8335601
# Flag=0 if no issues, =1 if negative pop #'s, =2 if NaN, or=3 if NA. Flag:
0

# True SSB
42917.3138286253
40069.0582727666
41504.15062423
36622.9502285416
31418.1166177868
26163.9897617641
23228.1510607283
21558.1682981066
19559.5853805577
18581.3700729205
18384.2699524606
21047.5960454942
21816.6490265863
20858.4892416592
21560.1173926798
22805.9101568776
27336.2453441727
29226.8651826776
28987.5421901568
45189.6615440326
52267.5612322602
43595.5428106919
41214.0129115661
42181.1075483715
43433.975944988
40004.7196044632
36023.3715068602
35339.0187495011
29618.9430500478
27592.3214153754
24970.4760109691
20479.4251588782
16850.8539723546
14229.5065028984
11828.2812470022
17799.9283079787
37378.6298267391
47293.8413231443
46771.674230051
59787.4787432897
85543.8149871513
87969.7190604142
70170.9803321635
57372.2386471683
47241.8248137578
38977.4351828561
32579.6661516047
28477.6401485357
26693.4734455796
25108.4971009611

# True R (numbers)
54.3161622143442
15.4690343088476
17.535878027324
67.3595369535629
49.4711128513428
27.7853228353676
73.8526441652032
35.979306670797
177.970984700992
63.7608874868513
27.306927076734
132.880689628105
85.7012845985235
220.104812008104
58.6388831367481
158.018847647577
598.379539755612
146.10448744902
101.119357976275
91.0522578221562
213.055130786456
167.831883485243
22.082156742652
179.921143577456
63.9220802774004
40.3630367272013
100.198775561863
12.5816210354844
4.68293046043293
18.2872889258607
16.7747471915661
10.6429390171087
207.98116103405
629.872924455774
192.874286620194
227.866032331456
421.572192455793
1030.51404246815
75.763204000104
17.9164339549795
25.1215161158498
42.1583047813244
24.5152067684418
38.7039387049309
53.1486649998376
91.4148014442097
48.8484555192383
20.0773632213195
23.553349556936
37.4580496583596

# True infection rate given (selected) susceptible
-999 -999 0.151449482990329 0.15144948299033 0.15144948299033 0.151449482990329 0.151449482990329 0.15144948299033
-999 -999 0.0768767507000809 0.0768767507000807 0.0768767507000817 0.0768767507000796 0.0768767507000816 0.0768767507000804
-999 -999 0.592959425994362 0.592959425994362 0.592959425994361 0.592959425994362 0.592959425994362 0.592959425994361
-999 -999 0.143702689971044 0.143702689971044 0.143702689971044 0.143702689971044 0.143702689971043 0.143702689971043
-999 -999 0.0109623804535567 0.0109623804535573 0.0109623804535561 0.0109623804535561 0.010962380453556 0.0109623804535565
-999 -999 0.00240943352099092 0.00240943352099015 0.00240943352099082 0.00240943352099014 0.00240943352099013 0.00240943352099015
-999 -999 0.0260488019336385 0.0260488019336393 0.0260488019336384 0.0260488019336395 0.0260488019336385 0.026048801933638
-999 -999 0.00771439652437096 0.0077143965243723 0.00771439652437147 0.00771439652437131 0.00771439652437123 0.00771439652437129
-999 -999 0.00348941513280522 0.0034894151328046 0.00348941513280451 0.00348941513280485 0.00348941513280474 0.0034894151328046
-999 -999 0.00634284400370011 0.00634284400369889 0.00634284400369874 0.00634284400369891 0.00634284400369908 0.00634284400369949
-999 -999 0.0241809744196429 0.0241809744196421 0.0241809744196426 0.0241809744196427 0.0241809744196437 0.0241809744196429
-999 -999 0.400946465549936 0.400946465549935 0.400946465549934 0.400946465549936 0.400946465549935 0.400946465549936
-999 -999 0.0161396963491115 0.0161396963491115 0.0161396963491117 0.0161396963491121 0.0161396963491124 0.0161396963491113
-999 -999 0.0242492509090278 0.0242492509090271 0.0242492509090272 0.024249250909028 0.024249250909027 0.0242492509090276
-999 -999 0.259465030576527 0.259465030576528 0.259465030576528 0.259465030576527 0.259465030576527 0.259465030576528
-999 -999 0.0107505180931354 0.0107505180931349 0.0107505180931344 0.0107505180931343 0.0107505180931351 0.0107505180931347
-999 -999 0.306354872132669 0.306354872132669 0.306354872132668 0.306354872132668 0.306354872132668 0.306354872132668
-999 -999 0.544057210706253 0.544057210706252 0.544057210706253 0.544057210706253 0.544057210706253 0.544057210706253
-999 -999 0.00226740853839518 0.00226740853839654 0.00226740853839674 0.00226740853839567 0.00226740853839571 0.00226740853839555
-999 -999 0.828418406924671 0.828418406924671 0.82841840692467 0.828418406924671 0.828418406924671 0.828418406924671
-999 -999 0.778835876526377 0.778835876526377 0.778835876526378 0.778835876526377 0.778835876526377 0.778835876526377
-999 -999 0.00177861243679629 0.00177861243679638 0.00177861243679636 0.0017786124367958 0.00177861243679604 0.00177861243679746
-999 -999 0.00542088766026854 0.005420887660268 0.00542088766026936 0.00542088766026844 0.00542088766026859 0.00542088766026849
-999 -999 0.150503167324911 0.150503167324911 0.150503167324911 0.150503167324911 0.150503167324912 0.150503167324911
-999 -999 0.286650486999806 0.286650486999805 0.286650486999805 0.286650486999806 0.286650486999805 0.286650486999805
-999 -999 0.331095210002919 0.331095210002919 0.331095210002918 0.331095210002918 0.331095210002919 0.331095210002918
-999 -999 0.00439053440530041 0.00439053440530044 0.0043905344053005 0.00439053440530018 0.00439053440530022 0.0043905344053004
-999 -999 0.45255730800805 0.45255730800805 0.45255730800805 0.45255730800805 0.45255730800805 0.452557308008051
-999 -999 0.00201147107009879 0.00201147107009978 0.00201147107009862 0.00201147107009941 0.00201147107009838 0.00201147107009858
-999 -999 0.00385448762169827 0.0038544876216983 0.00385448762169791 0.00385448762169848 0.00385448762169739 0.00385448762169754
-999 -999 0.0217323242218896 0.0217323242218885 0.0217323242218896 0.0217323242218908 0.0217323242218908 0.0217323242218891
-999 -999 0.00433050359098146 0.00433050359098098 0.00433050359098054 0.00433050359098047 0.00433050359098041 0.00433050359098034
-999 -999 0.00477834699626256 0.00477834699626237 0.00477834699626241 0.00477834699626292 0.00477834699626228 0.00477834699626244
-999 -999 0.274183762668091 0.274183762668091 0.274183762668091 0.274183762668091 0.274183762668091 0.274183762668091
-999 -999 0.00258229892398527 0.00258229892398623 0.00258229892398704 0.00258229892398611 0.00258229892398562 0.00258229892398597
-999 -999 0.32019328531892 0.320193285318919 0.320193285318919 0.32019328531892 0.320193285318919 0.32019328531892
-999 -999 0.851956323107042 0.851956323107041 0.851956323107041 0.851956323107042 0.851956323107042 0.851956323107042
-999 -999 0.765868381178785 0.765868381178785 0.765868381178784 0.765868381178785 0.765868381178784 0.765868381178785
-999 -999 0.00721631415256617 0.00721631415256617 0.00721631415256541 0.00721631415256575 0.00721631415256495 0.00721631415256645
-999 -999 0.609494656151556 0.609494656151556 0.609494656151556 0.609494656151556 0.609494656151556 0.609494656151556
-999 -999 0.910794666387061 0.910794666387061 0.910794666387061 0.910794666387061 0.910794666387061 0.910794666387061
-999 -999 0.768856931251401 0.768856931251401 0.768856931251401 0.768856931251401 0.7688569312514 0.768856931251401
-999 -999 0.002547357387545 0.00254735738754511 0.00254735738754548 0.00254735738754653 0.00254735738754482 0.0025473573875458
-999 -999 0.00215400651848674 0.00215400651848593 0.002154006518487 0.00215400651848693 0.00215400651848734 0.00215400651848758
-999 -999 0.00257705243891357 0.0025770524389138 0.00257705243891362 0.0025770524389136 0.00257705243891369 0.00257705243891344
-999 -999 0.00279988247655759 0.00279988247655867 0.00279988247655748 0.00279988247655713 0.00279988247655764 0.00279988247655726
-999 -999 0.00237194283008285 0.00237194283008127 0.00237194283008232 0.00237194283008177 0.00237194283008167 0.00237194283008189
-999 -999 0.00313604923586155 0.00313604923586081 0.00313604923586117 0.00313604923586169 0.00313604923586119 0.00313604923586198
-999 -999 0.00437381888846637 0.00437381888846533 0.00437381888846498 0.00437381888846376 0.00437381888846516 0.00437381888846533
-999 -999 0.00327488764748048 0.00327488764748008 0.0032748876474801 0.00327488764747994 0.0032748876474811 0.00327488764748012

# Duration of outbreak (days) based on incidence
0
0
0
0
0
0
0
0
0
0
0
0
0
0
0
0
0
0
0
0
0
0
0
0
0
0
0
0
0
0
0
0
0
0
0
0
0
0
0
0
0
0
0
0
0
0
0
0
0
0

# Duration of outbreak (days) based on prevalence
0
0
4
0
0
0
0
0
0
0
0
0
0
0
0
0
0
0
0
21
19
0
0
0
0
0
0
0
0
0
0
0
0
0
0
0
19
16
0
0
23
6
0
0
0
0
0
0
0
0

# Peak (point) prevalence
0.00866786105792671
0.00674196358515717
0.101244875892807
0.0100373586501403
0.000519504807427296
5.47221909799678e-05
0.00176945908063257
0.00026053895145887
0.00011233952729779
0.000440725014802403
0.00281535359866604
0.057810138411449
0.000946136973471098
0.00241345513845798
0.0502040202964633
0.00063047866457767
0.0303409810188179
0.0861360184391127
7.05481642924763e-05
0.296552326604797
0.151744637588236
2.65766621842695e-05
0.000339190750917561
0.0187822814256294
0.0210984289745109
0.0356803147351802
0.000137304037900373
0.0511236524500962
3.54768021121301e-05
0.000198868077239421
0.00165075798272341
0.000126635826777922
0.000166570167358711
0.029383451720201
0.000104107484220305
0.0386976815899514
0.355049103079882
0.164857774488853
0.000186989457683841
0.0995075303609461
0.347584722946989
0.109686585005195
2.17528019777962e-05
3.46010841823539e-05
2.65273417038625e-05
3.26293689748509e-05
3.63638071891646e-05
0.000118660062624324
0.000181284988211535
0.00010835849014284

# Day of peak prevalence
98
119
64
114
119
44
119
76
57
119
119
89
119
119
117
119
86
71
64
29
37
41
119
119
87
103
81
80
34
111
119
59
71
103
68
97
24
33
88
46
20
28
42
66
33
32
35
80
88
65

# Total immunity
0.177572933441171
0.207946580101085
0.215869244317506
0.352818751999681
0.334804772869
0.302891888414399
0.224399052973184
0.198536210242118
0.105980940172658
0.0876071804603811
0.0808861757332015
0.0559811114022371
0.119756717504407
0.0694031215795265
0.063454581782354
0.0763646659263706
0.030833808720228
0.0603144749167766
0.103179772650942
0.0901290551857085
0.241006213754944
0.284806210657229
0.273815385273142
0.194149848226598
0.197286326618464
0.258586120467031
0.259115613699078
0.250975357251043
0.393059167848686
0.361764936595406
0.331285691602581
0.317016744133659
0.119345019422862
0.0349682054278055
0.0358795529431697
0.0270126587151329
0.0323884586645957
0.0736514594891023
0.119401440446859
0.118204518769924
0.22613844121668
0.528140391529362
0.728444235297717
0.664133174485138
0.574542164990758
0.442653170269818
0.382688977159792
0.357438466096035
0.325190178262965
0.274806771338803

# Observed immunity (based on survey selectivity)
0.400895997054283
0.39906978279401
0.3168028463167
0.511177477985676
0.536267168710812
0.510829794526797
0.444263621378399
0.379923496988509
0.329567004611229
0.268811892541036
0.212547139298049
0.15110667315593
0.305102886985392
0.264930449638515
0.206229384097999
0.256474115432909
0.170043233702257
0.287750452162402
0.421947551935101
0.206969323222409
0.499652962173345
0.705389394132954
0.589599987536788
0.4443820748566
0.381456590153771
0.465380731014385
0.49758398800436
0.400613300002129
0.568057762900211
0.474205629654814
0.414208078238785
0.407690591350112
0.388614450193734
0.359612767232741
0.427269854421307
0.200983923825713
0.130917747958856
0.418464377550306
0.571000799375602
0.347373526862584
0.342578456883629
0.614576995733886
0.857014040090075
0.832704232913307
0.791888406222415
0.746353901764486
0.692416634593409
0.610756689612326
0.500757110321616
0.416398262010661

# True total proportion of susceptible
1 1 1 0.999637268803155 0.994925599359852 0.978368913631421 0.951457753354593 0.332016968169542
1 1 1 0.993256385903273 0.931458344130395 0.86442019921258 0.842744885612099 0.310856342754085
1 1 1 0.997460010523175 0.967575423407303 0.883419542091328 0.81569037009518 0.347427592401186
1 1 1 0.980809652827144 0.782497295497989 0.512233680080407 0.428079002483665 0.189339604634801
1 1 1 0.993718454268105 0.918203093021485 0.682861934947285 0.440196815455257 0.193785255776318
1 1 1 0.999535005356762 0.989085395447144 0.909918447841282 0.676021367320706 0.223463816748526
1 1 1 0.999906524282494 0.998600392899938 0.987321869167467 0.908164897634085 0.396411618146548
1 1 1 0.998903321286482 0.988916316331443 0.977693465097548 0.965496918683995 0.437434515521395
1 1 1 0.999705422381799 0.995957229821025 0.983350948948555 0.971877822409775 0.453616531987309
1 1 1 0.999864807306817 0.998353501342189 0.993394654866419 0.980676157620861 0.478455157054344
1 1 1 0.999760098705232 0.997464663239119 0.993795040714559 0.988610691782162 0.576173887139644
1 1 1 0.998952074826201 0.989263772971194 0.977521412835871 0.972858434908639 0.627484865985108
1 1 1 0.984797736743938 0.83821650522031 0.667368118186999 0.639386650717389 0.415703905942712
1 1 1 0.999328702015939 0.978145954494133 0.82703027193559 0.657587647887918 0.465011151331732
1 1 1 0.999106584948485 0.990368756006111 0.961275319866553 0.811040141009191 0.480703202154009
1 1 1 0.990582659579289 0.901050472974592 0.797006462630212 0.760596734894102 0.490525786397375
1 1 1 0.999584623198127 0.986446410187576 0.893666397548329 0.789884175140662 0.535231289746987
1 1 1 0.986509053001481 0.861356410146607 0.72011795004442 0.63557242961303 0.390069701888808
1 1 1 0.981289556189776 0.782483231061587 0.472586309660948 0.362202069375382 0.229766951214557
1 1 1 0.999899616650906 0.980295064748351 0.780927345045729 0.471548285247023 0.260208827109468
1 1 1 0.966383514524259 0.634467711741384 0.233679340471303 0.142220970801999 0.0590409057356863
1 1 1 0.97730613154388 0.700123190447456 0.195769184897877 0.0518017573560518 0.0146074127648645
1 1 1 0.999925052374354 0.9765622582258 0.699048824852874 0.19542018867348 0.0262495506430856
1 1 1 0.999827298977334 0.998196839849735 0.973303562607778 0.69615729552706 0.125609817224534
1 1 1 0.994396621635566 0.942558346526555 0.88703332526394 0.857827536155896 0.191364217687944
1 1 1 0.986990152344824 0.862387866487314 0.698553401629644 0.643205097211117 0.206499216373405
1 1 1 0.989131266356349 0.871900654625429 0.646333181663611 0.500535489135937 0.182688597855057
1 1 1 0.999811320370859 0.987256786810648 0.86868405777795 0.643707123459933 0.276852719731554
1 1 1 0.982654560939017 0.815439697066182 0.616959652497438 0.513949330640347 0.2001573012033
1 1 1 0.999919857520279 0.98185707937384 0.814122821750968 0.615854814787371 0.211777746018553
1 1 1 0.999895399555883 0.998873236455138 0.979869950193703 0.812123117911412 0.330953145960421
1 1 1 0.999248159517688 0.992352696771526 0.984502073291818 0.964878164114638 0.384315018687266
1 1 1 0.999818877572355 0.997437529754733 0.988930319390653 0.98092138633572 0.439596865631678
1 1 1 0.999817961001829 0.997998085527982 0.993982211482011 0.985312783214454 0.567126730995294
1 1 1 0.991414432998269 0.909050396072983 0.815205002839517 0.80060373240953 0.444425077033285
1 1 1 0.999891379134888 0.990332490933919 0.907130731896546 0.81335565390276 0.449269324246588
1 1 1 0.988667303784136 0.880404844017609 0.75166209005575 0.668350360071204 0.333561545177597
1 1 1 0.96891499883371 0.640737860041313 0.19933293010444 0.125728320664119 0.0540170153324051
1 1 1 0.975018467352875 0.686516067600342 0.200512267947924 0.0462903583118477 0.012994098262041
1 1 1 0.999683211343852 0.971905774428349 0.682125635129765 0.199046180871942 0.032792774992002
1 1 1 0.975755803485982 0.740133709360998 0.453894039794717 0.282293568688803 0.0571484094448479
1 1 1 0.966517328600946 0.602869112133188 0.113115904739543 0.0405591755468911 0.00886697751160469
1 1 1 0.971573683803016 0.658590504310404 0.177483791162769 0.0253202681136013 0.0037656000385669
1 1 1 0.999896750420236 0.97055301340417 0.657165531628717 0.177031644480893 0.0119434347209227
1 1 1 0.999935115061822 0.999247807127769 0.969329536264429 0.656099288778499 0.10266746455768
1 1 1 0.999898710043559 0.998922250194313 0.99732429855792 0.967346406220913 0.133904793613084
1 1 1 0.999890873518572 0.99880746041733 0.996850206885052 0.995145556906296 0.149358799947882
1 1 1 0.999895480479583 0.99884587786803 0.996824032888425 0.994765814841886 0.177275774476729
1 1 1 0.999892133873308 0.99881662825874 0.996796730310501 0.994669149457832 0.231656506654259
1 1 1 0.999840984089875 0.99830152651045 0.995795370566757 0.993620019590717 0.267072184656073

# True vulnerable proportion of susceptible
0 0 0.05 0.499818634401577 0.945179319391859 0.978368913631421 0.951457753354593 0.332016968169542
0 0 0.05 0.496628192951636 0.884885426923875 0.86442019921258 0.842744885612099 0.310856342754085
0 0 0.05 0.498730005261587 0.919196652236937 0.883419542091328 0.81569037009518 0.347427592401186
0 0 0.05 0.490404826413572 0.74337243072309 0.512233680080407 0.428079002483665 0.189339604634801
0 0 0.05 0.496859227134052 0.87229293837041 0.682861934947285 0.440196815455257 0.193785255776318
0 0 0.05 0.499767502678381 0.939631125674787 0.909918447841282 0.676021367320706 0.223463816748526
0 0 0.05 0.499953262141247 0.948670373254941 0.987321869167467 0.908164897634085 0.396411618146548
0 0 0.05 0.499451660643241 0.939470500514871 0.977693465097548 0.965496918683995 0.437434515521395
0 0 0.05 0.4998527111909 0.946159368329974 0.983350948948555 0.971877822409775 0.453616531987309
0 0 0.05 0.499932403653409 0.948435826275079 0.993394654866419 0.980676157620861 0.478455157054344
0 0 0.05 0.499880049352616 0.947591430077163 0.993795040714559 0.988610691782162 0.576173887139644
0 0 0.05 0.499476037413101 0.939800584322635 0.977521412835871 0.972858434908639 0.627484865985108
0 0 0.05 0.492398868371969 0.796305679959295 0.667368118186999 0.639386650717389 0.415703905942712
0 0 0.05 0.49966435100797 0.929238656769426 0.82703027193559 0.657587647887918 0.465011151331732
0 0 0.05 0.499553292474243 0.940850318205805 0.961275319866553 0.811040141009191 0.480703202154009
0 0 0.05 0.495291329789645 0.855997949325863 0.797006462630212 0.760596734894102 0.490525786397375
0 0 0.05 0.499792311599063 0.937124089678197 0.893666397548329 0.789884175140662 0.535231289746987
0 0 0.05 0.49325452650074 0.818288589639277 0.72011795004442 0.63557242961303 0.390069701888808
0 0 0.05 0.490644778094888 0.743359069508508 0.472586309660948 0.362202069375382 0.229766951214557
0 0 0.05 0.499949808325453 0.931280311510933 0.780927345045729 0.471548285247023 0.260208827109468
0 0 0.05 0.48319175726213 0.602744326154315 0.233679340471303 0.142220970801999 0.0590409057356863
0 0 0.05 0.48865306577194 0.665117030925083 0.195769184897877 0.0518017573560518 0.0146074127648645
0 0 0.05 0.499962526187177 0.92773414531451 0.699048824852874 0.19542018867348 0.0262495506430856
0 0 0.05 0.499913649488667 0.948286997857249 0.973303562607778 0.69615729552706 0.125609817224534
0 0 0.05 0.497198310817783 0.895430429200227 0.88703332526394 0.857827536155896 0.191364217687944
0 0 0.05 0.493495076172412 0.819268473162948 0.698553401629644 0.643205097211117 0.206499216373405
0 0 0.05 0.494565633178175 0.828305621894158 0.646333181663611 0.500535489135937 0.182688597855057
0 0 0.05 0.499905660185429 0.937893947470115 0.86868405777795 0.643707123459933 0.276852719731554
0 0 0.05 0.491327280469509 0.774667712212873 0.616959652497438 0.513949330640347 0.2001573012033
0 0 0.05 0.49995992876014 0.932764225405148 0.814122821750968 0.615854814787371 0.211777746018553
0 0 0.05 0.499947699777941 0.948929574632381 0.979869950193703 0.812123117911412 0.330953145960421
0 0 0.05 0.499624079758844 0.94273506193295 0.984502073291818 0.964878164114638 0.384315018687266
0 0 0.05 0.499909438786177 0.947565653266996 0.988930319390653 0.98092138633572 0.439596865631678
0 0 0.05 0.499908980500915 0.948098181251583 0.993982211482011 0.985312783214454 0.567126730995294
0 0 0.05 0.495707216499135 0.863597876269334 0.815205002839517 0.80060373240953 0.444425077033285
0 0 0.05 0.499945689567444 0.940815866387223 0.907130731896546 0.81335565390276 0.449269324246588
0 0 0.05 0.494333651892068 0.836384601816728 0.75166209005575 0.668350360071204 0.333561545177597
0 0 0.05 0.484457499416855 0.608700967039248 0.19933293010444 0.125728320664119 0.0540170153324051
0 0 0.05 0.487509233676438 0.652190264220325 0.200512267947924 0.0462903583118477 0.012994098262041
0 0 0.05 0.499841605671926 0.923310485706931 0.682125635129765 0.199046180871942 0.032792774992002
0 0 0.05 0.487877901742991 0.703127023892948 0.453894039794717 0.282293568688803 0.0571484094448479
0 0 0.05 0.483258664300473 0.572725656526529 0.113115904739543 0.0405591755468911 0.00886697751160469
0 0 0.05 0.485786841901508 0.625660979094883 0.177483791162769 0.0253202681136013 0.0037656000385669
0 0 0.05 0.499948375210118 0.922025362733961 0.657165531628717 0.177031644480893 0.0119434347209227
0 0 0.05 0.499967557530911 0.94928541677138 0.969329536264429 0.656099288778499 0.10266746455768
0 0 0.05 0.499949355021779 0.948976137684597 0.99732429855792 0.967346406220913 0.133904793613084
0 0 0.05 0.499945436759286 0.948867087396463 0.996850206885052 0.995145556906296 0.149358799947882
0 0 0.05 0.499947740239792 0.948903583974628 0.996824032888425 0.994765814841886 0.177275774476729
0 0 0.05 0.499946066936654 0.948875796845803 0.996796730310501 0.994669149457832 0.231656506654259
0 0 0.05 0.499920492044937 0.948386450184928 0.995795370566757 0.993620019590717 0.267072184656073

# True survival by age
0.778267540515681 0.778267540515681 0.777301234425553 0.768608178131756 0.760003595750216 0.759370998338776 0.759905436876018 0.77220713712739
0.778267540515681 0.778267540515681 0.777093221824542 0.766607141107108 0.757521339916374 0.758037741496498 0.758558374214064 0.771334132969627
0.778267540515681 0.778267540515681 0.769003762505061 0.685866413826591 0.607980155991217 0.614653655613457 0.627238331974537 0.714245678078728
0.778267540515681 0.778267540515681 0.777233075717249 0.76813164302734 0.763003669979559 0.767929884062427 0.769715859949728 0.774782516017854
0.778267540515681 0.778267540515681 0.778207099347699 0.777670275062973 0.777256710027065 0.777611192569639 0.77803393120315 0.778463196382415
0.778267540515681 0.778267540515681 0.778269222438009 0.77828459987305 0.778304968378726 0.77834618407587 0.778463040018416 0.778689139630307
0.778267540515681 0.778267540515681 0.778077513914679 0.776367501979625 0.774662834715741 0.774521952656721 0.774865001127447 0.777082824479146
0.778267540515681 0.778267540515681 0.778209390317404 0.777687261049526 0.777180842889898 0.777142373932389 0.777163062281814 0.778058786296177
0.778267540515681 0.778267540515681 0.778257709389511 0.778169415295598 0.778083660050241 0.77808306955324 0.778091443387649 0.77846970420539
0.778267540515681 0.778267540515681 0.778221319897833 0.7778054689146 0.777391672701249 0.777352756472511 0.777371295652504 0.778103360561226
0.778267540515681 0.778267540515681 0.778111457783386 0.77670721556281 0.775310839275026 0.775168564358116 0.77518751262052 0.776694926743651
0.778267540515681 0.778267540515681 0.773552233423388 0.731164441281095 0.689644298316876 0.686093254038691 0.686535487994788 0.71929050466007
0.778267540515681 0.778267540515681 0.778153130738374 0.777148942111862 0.776531707249665 0.776917845234785 0.776996793213249 0.777627900232084
0.778267540515681 0.778267540515681 0.777988234243601 0.77547671073691 0.773088350320866 0.773739880492507 0.774776762263486 0.775955208713546
0.778267540515681 0.778267540515681 0.774816718151713 0.743790623449328 0.713338529920627 0.711944382728568 0.722393192820415 0.745368024458861
0.778267540515681 0.778267540515681 0.778176442053349 0.777370156671359 0.776760702675517 0.776923664044072 0.777009416664555 0.777645490949925
0.778267540515681 0.778267540515681 0.776168197447472 0.757283051514276 0.738927868632201 0.740801994977925 0.745214825859736 0.756042693010178
0.778267540515681 0.778267540515681 0.770553935049348 0.702179318224545 0.652102364416279 0.667322670417955 0.680410769458415 0.718415905611849
0.778267540515681 0.778267540515681 0.778280190988099 0.778401655485208 0.778571606581577 0.778668348741353 0.77869928206001 0.778736394764695
0.778267540515681 0.778267540515681 0.771396486695919 0.709563953240683 0.650300505192199 0.671068483035446 0.71374866052766 0.742903851542488
0.778267540515681 0.778267540515681 0.764631002514731 0.646504211063294 0.614075539718064 0.714944631175192 0.739936911339982 0.76266702885443
0.778267540515681 0.778267540515681 0.77828042173661 0.778405530814051 0.778598797980385 0.77874682553335 0.778786505567537 0.778796757003507
0.778267540515681 0.778267540515681 0.778206415016584 0.777656371302089 0.777145874263778 0.777573426323223 0.778457673579229 0.778754695356247
0.778267540515681 0.778267540515681 0.776398451155609 0.759579966942941 0.742819839277627 0.741897949532389 0.752405958495836 0.774038283113543
0.778267540515681 0.778267540515681 0.776611839696004 0.761806295460221 0.748646872937974 0.748954543079623 0.749937237828559 0.772361901685232
0.778267540515681 0.778267540515681 0.773015393941799 0.726436308449169 0.692282559073218 0.705050187569363 0.710893649789104 0.756999385865812
0.778267540515681 0.778267540515681 0.778262286399674 0.778221366082798 0.778248808261472 0.778388212523461 0.778481278817441 0.778684168394858
0.778267540515681 0.778267540515681 0.773170191860891 0.727303772238326 0.682658886709799 0.689777853497278 0.712833538242807 0.7504288566496
0.778267540515681 0.778267540515681 0.778275043039445 0.778350513733887 0.778482195181702 0.778564369018612 0.778603841758152 0.778724084378737
0.778267540515681 0.778267540515681 0.778218380733396 0.777776024826084 0.777360125368167 0.777566216123855 0.777866877303733 0.778479635207129
0.778267540515681 0.778267540515681 0.777985194680197 0.775444433273247 0.772909615082652 0.772745030719824 0.773781732859594 0.77675543991998
0.778267540515681 0.778267540515681 0.778259251974189 0.778185118330711 0.778115340409663 0.778112602944057 0.778126320319248 0.778532141729066
0.778267540515681 0.778267540515681 0.778241537941421 0.778007658451764 0.777776124008563 0.777759148659108 0.777767584420568 0.778337758312426
0.778267540515681 0.778267540515681 0.773610724146705 0.731707951118733 0.689966225424708 0.685694896798616 0.686506958416021 0.725678266080301
0.778267540515681 0.778267540515681 0.778273835592067 0.778334529001237 0.778424767006889 0.778468716627524 0.778474664324031 0.778619750503659
0.778267540515681 0.778267540515681 0.773830317557695 0.733900188607055 0.69478050041151 0.697814236172236 0.706186259613708 0.738691050351419
0.778267540515681 0.778267540515681 0.768529607632682 0.681997825112917 0.615438171405001 0.632007265184305 0.648277371243244 0.713658915074781
0.778267540515681 0.778267540515681 0.767037782220859 0.669477303909845 0.641747819703863 0.733925277764883 0.750495766342925 0.76664001838028
0.778267540515681 0.778267540515681 0.778246536341859 0.77807606715832 0.778160729135482 0.7786096295066 0.778756653267784 0.778788395459263
0.778267540515681 0.778267540515681 0.772589750892248 0.721507799799997 0.673435267653265 0.700977727594063 0.756091796370436 0.775059487016793
0.778267540515681 0.778267540515681 0.76814141500223 0.679474211187219 0.636007062363862 0.686634987118223 0.721479449963713 0.76719646976884
0.778267540515681 0.778267540515681 0.769734630248748 0.695813338537072 0.680738974911057 0.759436307559155 0.771857399084126 0.777282832352743
0.778267540515681 0.778267540515681 0.778271303780121 0.778319261524137 0.778496685142 0.778719499529804 0.778789186964214 0.778799058512186
0.778267540515681 0.778267540515681 0.778257324127689 0.778165442241211 0.778094847525193 0.778316077282865 0.778670209785517 0.778791973948484
0.778267540515681 0.778267540515681 0.778268607331479 0.778278242580868 0.778288195870519 0.778304577233403 0.778464921751573 0.778748226955673
0.778267540515681 0.778267540515681 0.778265670579755 0.778248897062599 0.778232624726299 0.778231668662855 0.778248775285536 0.778724371469348
0.778267540515681 0.778267540515681 0.778279418861626 0.778386369203595 0.778493595858937 0.77850603875167 0.778506542775138 0.778756621313111
0.778267540515681 0.778267540515681 0.778250738501284 0.778099593667353 0.777949286109133 0.777934261041465 0.777936050215102 0.778646680282052
0.778267540515681 0.778267540515681 0.778239934429719 0.777991566952487 0.777744276603556 0.777718895510929 0.777721204711177 0.778549351375017
0.778267540515681 0.778267540515681 0.778272007678936 0.778312289838787 0.778353178156073 0.778358750212817 0.77835971584957 0.778682229918091

# True Numbers-at-age
54.3161622143442 207.225905084508 49.2940436131695 52.3904158839573 50.3672829433937 23.0101408652682 9.41754967387565 158.993209283086
15.4690343088476 42.2725059768084 161.277195481256 38.3163209503437 40.2677021041334 38.2793161451478 17.4732336407746 129.932138162416
17.535878027324 12.0390472856995 32.8993192580051 125.327415443356 29.3735652614854 30.5036436532766 29.0171663566983 113.475560837205
67.3595369535629 13.6476046631084 9.36959972119332 25.2997002932611 85.9578649842898 17.8585447896961 18.7491760810166 99.2501079197368
49.4711128513428 52.4237411551245 10.6214877150877 7.28236280954257 19.433500354362 65.5861664466206 13.7141102298749 91.3287865196458
27.7853228353676 38.5017613253883 40.7996960934294 8.26571714551563 5.66327708920533 15.1048185497412 51.0005371066275 81.7661421709137
73.8526441652032 21.6244148655157 29.9646710922317 31.7531477543404 6.43308036126144 4.40775669583392 11.7567778793495 103.372440056555
35.979306670797 57.4771157350324 16.8295801724756 23.3148367887147 24.6521120020272 4.98346826860895 3.41390432289303 89.4388633971865
177.970984700992 28.0015265121406 44.7325734990388 13.0969373253201 18.1316515640322 19.1591491847517 3.87286436068349 72.2418538404412
63.7608874868513 138.509040546395 21.7926791692883 34.8134701864599 10.1916360606075 14.1079418116979 14.9074096077 59.2515372108661
27.306927076734 49.6230290854888 107.79709032523 16.9595275472335 27.0781075029238 7.92289300471801 10.9668474554771 57.6924125437538
132.880689628105 21.2520949750508 38.6199927993014 83.8781510977717 13.1725874184725 20.9939502540713 6.14157759603022 53.3107673346354
85.7012845985235 103.416727498893 16.5398156870385 29.8745816846948 61.3287214830935 9.08439980723019 14.4038076449422 42.5623397118939
220.104812008104 66.6985279835273 80.4858821587436 12.8705093587046 23.216999552295 47.6236967967058 7.05783232348457 44.2893752093053
58.6388831367481 171.300430697213 51.9092993297561 62.6170693422195 9.98078026299689 17.948791883284 36.8483534680945 39.834815860517
158.018847647577 45.6367393574234 133.317564887997 40.2201929482365 46.5739890446193 7.11967512026701 12.7785415580682 56.3105977146281
598.379539755612 122.980939913801 35.5175928968571 103.744588307758 31.2659776935229 36.1768444567003 5.53144408124127 53.718729527334
146.10448744902 465.699372700505 95.712073637021 27.5676260564267 78.5640184117912 23.1033022577768 26.7998785455297 44.735767074686
101.119357976275 113.708380105253 362.438705411318 73.7513149727395 19.3574168693709 51.2317821643731 15.4173573581328 50.3738125987572
91.0522578221562 78.6979140307203 88.4955413205375 282.078864869 57.4081456689914 15.0711351512554 39.8925672210091 51.2334063197492
213.055130786456 70.8630167536491 61.2480319964032 68.2651496629162 200.152994482092 37.3325461306925 10.1137638035752 66.5347613015878
167.831883485243 165.813892631422 55.150385762384 46.8321441074641 44.1337067259413 122.909058112777 26.6907034242388 58.2274158682602
22.082156742652 130.618107180174 129.047570401588 42.9224654900849 36.4543999931307 34.3624510072367 95.7150388346193 66.133682297798
179.921143577456 17.1858258173855 101.655833021928 100.42564712882 33.3789287603586 28.330386553423 26.719328766561 126.012022068352
63.9220802774004 140.026785898795 13.3751703906275 78.925431309158 76.2813097263326 24.7945304970289 21.0182556934445 117.641911384422
40.3630367272013 49.7484802021383 108.978302267771 10.3873156833128 60.1258904432298 57.107763990232 18.5699762592761 106.624503013474
100.198775561863 31.4132413214231 38.7176273313112 84.2419052586297 7.54572325968188 41.6241053025951 40.26383971298 93.9159614989011
12.5816210354844 77.9814546192141 24.4479060628495 30.1324691708368 65.5588505917884 5.87245013431829 32.3997129243753 104.475517808636
4.68293046043293 9.79186725898678 60.6904348923309 18.9023922212104 21.9154584948047 44.7543319589643 4.05068604841987 101.497045378944
18.2872889258607 3.6445727718471 7.62069244870766 47.2338508279114 14.7126866961785 17.060794237449 34.8441282224805 82.1920734489208
16.7747471915661 14.2324033750293 2.83645268737586 5.9305629375005 36.7373567341612 11.4370559746439 13.2658972192809 91.0889485682252
10.6429390171087 13.0552412395525 11.0766175703111 2.20671819618928 4.5988220160614 28.3946562525546 8.83792817047054 81.0187452552327
207.98116103405 8.28305397270359 10.1604704903454 8.62048010467447 1.71723526062409 3.57841395851107 22.094239886377 69.952721790292
629.872924455774 161.864986671566 6.44643204329466 7.90730018061483 6.7067995409678 1.33562458501904 2.78314419392143 71.6310282521447
192.874286620194 490.209651753614 125.974265072483 4.98702896117571 5.78583441403847 4.62746516396172 0.915830961986322 53.8917282349676
227.866032331456 150.107796676615 381.514260007334 98.0424744638533 3.88157683761222 4.50383680568833 3.60233686742785 42.6741151932314
421.572192455793 177.340736549669 116.824025731737 295.227300974264 71.9533905005243 2.69684389762195 3.14284144040581 34.066907773183
1030.51404246815 328.095953372373 138.01853886775 89.782722657682 201.344377178404 44.2828630760326 1.70442493636503 26.349585428583
75.763204000104 802.015629298559 255.346430684264 105.865433958482 60.1074951025503 129.212315063873 32.5003125833015 21.4798103560729
17.9164339549795 58.9640424387487 624.182731269326 198.722475247285 82.3713605024249 46.773292215508 100.605952759572 42.038061699504
25.1215161158498 13.9437789889535 45.8898002876672 482.237180862611 143.379815886478 55.4717792069141 32.7870360893199 108.649334083542
42.1583047813244 19.5512605615074 10.8519905792271 35.2498561271384 327.667728071771 91.1905755042305 38.0888644011643 107.010558315292
24.5152067684418 32.8104401744718 15.2161114711856 8.35315295596424 24.5273200747756 223.056193319012 69.2534339451271 112.576641669709
38.7039387049309 19.0793896769086 25.5353005778231 11.8422629131433 6.50141984008424 19.0944373736297 173.698207228405 141.608408059439
53.1486649998376 30.1220191841562 14.8488696783879 19.8730346984928 9.21523975694284 5.05872127916761 14.8615075945668 245.537111102222
91.4148014442097 41.3638807911154 23.4429897858194 11.5564091250456 15.4667505198916 7.17211232494532 3.93722592652417 202.780752269389
48.8484555192383 71.1451726867144 32.1921657694852 18.2448741660551 8.99376265557087 12.0367298530821 5.58156494247963 160.974455112401
20.0773632213195 38.0171673349473 55.3699785664526 25.0545000669721 14.2015613586921 7.00158663003719 9.3706668774469 129.705207607697
23.553349556936 15.6255600942963 29.5875273191425 43.091726710142 19.4948963216496 11.0480945206296 5.44677412115578 108.28430889755
37.4580496583596 18.3308074305827 12.160866223768 23.0261953207869 33.5249999859117 15.1620440371427 8.59231186808437 88.5407501875748

