# Simulated data from SIR age-structured hybrid model
# random seed = 7868104
# Flag=0 if no issues, =1 if negative pop #'s, =2 if NaN, or=3 if NA. Flag:
0

# Number of years (nyr)
50

# Starting age
0

# Ending age
8

# Sample size for comp data
200

# Sample size for fishery age comp data
200

# Sample size for antibody prevalence data
200

# Survey data
5626.56572366626
5976.8798680618
8563.38834216297
6532.02106392878
9448.11140196526
12413.186593398
30463.6542824915
82830.662509045
49301.3031796332
21973.843172444
36559.9248519261
33849.8470224056
26300.8388900377
21718.4042951771
22925.7254947469
18657.6887282557
8008.52201887361
20632.006391726
7959.16361506925
14376.6715421326
10218.2205530389
11590.6123672914
12146.7000225646
15432.8426163512
9242.27259852114
8397.72699300621
13858.6875718546
9673.80643324785
9087.74111965805
16235.370243946
14662.6513820692
21717.1849359138
13233.4063388567
11943.7505017831
12416.1039504776
14959.738984003
7098.07256656598
11907.9244074983
19760.4986826352
35731.5614156694
49521.3706227012
46542.2441353485
55533.6501499792
46844.7112849998
25527.867404001
28306.8615824513
21311.6102938902
22804.0220576585
22205.8039801813
16147.1190869474

# Catches
0
0
0
0
0
0
0
0
0
0
0
0
0
0
0
0
0
0
0
0
0
0
0
0
0
0
0
0
0
0
0
0
0
0
0
0
0
0
0
0
0
0
0
0
0
0
0
0
0
0

# Catch compositions
-999 -999 -999 -999 -999 -999 -999 -999
-999 -999 -999 -999 -999 -999 -999 -999
-999 -999 -999 -999 -999 -999 -999 -999
-999 -999 -999 -999 -999 -999 -999 -999
-999 -999 -999 -999 -999 -999 -999 -999
-999 -999 -999 -999 -999 -999 -999 -999
-999 -999 -999 -999 -999 -999 -999 -999
-999 -999 -999 -999 -999 -999 -999 -999
-999 -999 -999 -999 -999 -999 -999 -999
-999 -999 -999 -999 -999 -999 -999 -999
-999 -999 -999 -999 -999 -999 -999 -999
-999 -999 -999 -999 -999 -999 -999 -999
-999 -999 -999 -999 -999 -999 -999 -999
-999 -999 -999 -999 -999 -999 -999 -999
-999 -999 -999 -999 -999 -999 -999 -999
-999 -999 -999 -999 -999 -999 -999 -999
-999 -999 -999 -999 -999 -999 -999 -999
-999 -999 -999 -999 -999 -999 -999 -999
-999 -999 -999 -999 -999 -999 -999 -999
-999 -999 -999 -999 -999 -999 -999 -999
-999 -999 -999 -999 -999 -999 -999 -999
-999 -999 -999 -999 -999 -999 -999 -999
-999 -999 -999 -999 -999 -999 -999 -999
-999 -999 -999 -999 -999 -999 -999 -999
-999 -999 -999 -999 -999 -999 -999 -999
-999 -999 -999 -999 -999 -999 -999 -999
-999 -999 -999 -999 -999 -999 -999 -999
-999 -999 -999 -999 -999 -999 -999 -999
-999 -999 -999 -999 -999 -999 -999 -999
-999 -999 -999 -999 -999 -999 -999 -999
-999 -999 -999 -999 -999 -999 -999 -999
-999 -999 -999 -999 -999 -999 -999 -999
-999 -999 -999 -999 -999 -999 -999 -999
-999 -999 -999 -999 -999 -999 -999 -999
-999 -999 -999 -999 -999 -999 -999 -999
-999 -999 -999 -999 -999 -999 -999 -999
-999 -999 -999 -999 -999 -999 -999 -999
-999 -999 -999 -999 -999 -999 -999 -999
-999 -999 -999 -999 -999 -999 -999 -999
-999 -999 -999 -999 -999 -999 -999 -999
-999 -999 -999 -999 -999 -999 -999 -999
-999 -999 -999 -999 -999 -999 -999 -999
-999 -999 -999 -999 -999 -999 -999 -999
-999 -999 -999 -999 -999 -999 -999 -999
-999 -999 -999 -999 -999 -999 -999 -999
-999 -999 -999 -999 -999 -999 -999 -999
-999 -999 -999 -999 -999 -999 -999 -999
-999 -999 -999 -999 -999 -999 -999 -999
-999 -999 -999 -999 -999 -999 -999 -999
-999 -999 -999 -999 -999 -999 -999 -999

# Age composition from fishery-independent survey
0 0 3 6 12 10 11 158
0 0 2 26 5 7 16 144
0 0 5 10 27 12 8 138
0 0 18 54 23 15 3 87
0 0 7 73 60 10 14 36
0 0 28 36 89 26 4 17
0 0 3 119 21 38 7 12
0 0 1 21 135 20 17 6
0 0 1 2 42 113 10 32
0 0 3 8 11 42 100 36
0 0 2 14 20 4 34 126
0 0 5 9 26 5 4 151
0 0 1 47 9 24 8 111
0 0 1 5 65 4 15 110
0 0 1 1 11 65 6 116
0 0 3 5 8 7 53 124
0 0 0 23 14 4 7 152
0 0 2 8 45 13 2 130
0 0 5 20 7 33 11 124
0 0 1 54 15 9 29 92
0 0 2 10 66 10 8 104
0 0 17 9 6 60 13 95
0 0 5 62 16 8 39 70
0 0 0 28 80 17 7 68
0 0 0 6 52 74 9 59
0 0 2 12 20 45 64 57
0 0 3 46 7 10 32 102
0 0 19 12 53 10 7 99
0 0 13 62 10 25 8 82
0 0 4 61 77 5 8 45
0 0 7 25 83 42 3 40
0 0 1 20 40 77 30 32
0 0 4 10 35 30 68 53
0 0 1 27 17 31 27 97
0 0 2 21 44 10 20 103
0 0 4 39 24 27 9 97
0 0 5 36 47 21 19 72
0 0 11 14 39 29 16 91
0 0 52 50 14 23 12 49
0 0 11 134 20 7 12 16
0 0 2 51 126 6 1 14
0 0 4 20 42 107 14 13
0 0 2 23 34 46 74 21
0 0 1 3 39 31 32 94
0 0 2 14 10 35 19 120
0 0 1 17 18 12 20 132
0 0 2 12 32 26 10 118
0 0 5 9 22 27 20 117
0 0 1 13 16 20 27 123
0 0 1 9 16 10 23 141

# Antibody prevalence values
0 0 0 0 0 1 0 10 0 10 1 14 4 4 84 72
0 0 0 0 0 1 0 13 0 9 0 7 2 9 88 71
0 0 0 0 0 6 0 16 0 32 0 8 0 8 60 70
0 0 0 0 0 20 0 50 0 11 0 18 0 8 46 47
0 0 0 0 0 2 0 90 0 54 0 4 0 5 20 25
0 0 0 0 0 32 1 35 27 53 10 16 0 1 21 4
0 0 0 0 0 9 0 122 3 22 7 15 7 4 10 1
0 0 0 0 0 1 1 15 62 82 9 0 15 0 15 0
0 0 0 0 0 0 0 4 16 30 93 19 15 0 23 0
0 0 0 0 0 0 0 5 0 9 19 20 79 26 42 0
0 0 0 0 0 0 0 12 0 14 0 7 10 19 130 8
0 0 0 0 0 3 0 5 0 27 0 13 1 6 108 37
0 0 0 0 0 2 0 40 0 10 0 23 0 7 85 33
0 0 0 0 0 0 0 9 1 60 1 8 0 13 65 43
0 0 0 0 0 1 1 3 2 7 24 31 1 8 97 25
0 0 0 0 0 4 0 5 1 6 2 10 34 25 91 22
0 0 0 0 0 0 0 23 0 10 0 8 0 7 105 47
0 0 0 0 0 2 0 9 0 47 0 9 0 1 86 46
0 0 0 0 0 10 0 14 0 8 1 41 1 4 72 49
0 0 0 0 0 1 0 56 0 14 0 8 0 24 60 37
0 0 0 0 0 1 0 7 0 70 0 11 0 10 48 53
0 0 0 0 0 8 0 19 1 14 31 37 5 4 74 7
0 0 0 0 0 2 0 65 0 20 1 5 25 23 41 18
0 0 0 0 0 2 0 31 2 76 1 11 1 1 46 29
0 0 0 0 0 0 0 9 6 29 35 48 3 7 51 12
0 0 0 0 0 1 0 7 0 18 15 27 29 30 59 14
0 0 0 0 0 0 0 25 0 11 0 4 7 26 78 49
0 0 0 0 0 11 0 10 0 43 0 7 0 19 56 54
0 0 0 0 0 15 0 63 0 6 0 27 0 5 37 47
0 0 0 0 0 10 0 60 0 63 0 4 0 13 23 27
0 0 0 0 0 2 1 39 17 62 26 15 3 0 26 9
0 0 0 0 0 0 0 28 5 37 18 48 25 8 24 7
0 0 0 0 0 5 0 8 0 29 5 33 16 32 50 22
0 0 0 0 0 1 0 25 0 10 1 27 1 33 56 46
0 0 0 0 0 3 0 18 1 47 0 7 0 25 32 67
0 0 0 0 0 2 0 24 1 23 1 38 2 10 35 64
0 0 0 0 0 2 0 30 1 41 0 15 2 21 35 53
0 0 0 0 0 11 0 12 0 49 1 31 1 12 24 59
0 0 0 0 0 48 1 46 2 20 1 23 3 13 16 27
0 0 0 0 0 7 0 132 2 24 2 3 3 9 4 14
0 0 0 0 0 4 1 47 51 71 12 0 2 0 12 0
0 0 0 0 0 1 3 27 26 29 85 12 9 0 8 0
0 0 0 0 0 0 0 17 8 27 26 22 77 4 19 0
0 0 0 0 0 0 0 5 5 37 12 17 17 16 87 4
0 0 0 0 0 2 0 12 0 8 14 17 15 12 113 7
0 0 0 0 0 0 0 33 0 20 2 12 5 17 100 11
0 0 0 0 0 0 0 7 0 32 1 24 1 4 97 34
0 0 0 0 0 0 0 15 1 17 2 25 1 16 87 36
0 0 0 0 0 1 1 24 6 19 4 14 3 14 91 23
0 0 0 0 0 2 0 10 0 24 1 16 7 12 90 38

# Average weight-at-age
70
94
115
134
150
160
165
168

# Maturity logistic function parameter age-at-50%
3

# Maturity logistic function parameter age-at-95%
4

# Infection prevalence index (avg of 3 different samples)
0
0
0
0
0
0.00555555555555556
0
0
0
0
0
0
0
0.0388888888888889
0
0
0
0
0
0
0.111111111111111
0
0
0.0166666666666667
0
0
0
0
0
0.166666666666667
0
0
0
0
0.00555555555555556
0
0
0
0.0111111111111111
0
0.0222222222222222
0
0
0
0
0
0
0.00555555555555556
0
0

