# Simulated data from SIR age-structured hybrid model
# random seed = 981177
# Flag=0 if no issues, =1 if negative pop #'s, =2 if NaN, or=3 if NA. Flag:
0

# Number of years (nyr)
50

# Starting age
0

# Ending age
8

# Sample size for comp data
20

# Sample size for fishery age comp data
20

# Sample size for antibody prevalence data
20

# Survey data
14917.1288508311
21560.1550486378
22703.6129364095
16834.9352552793
16069.4710460298
20614.0609149741
19621.5851003866
19108.2536731258
26337.9630055106
19464.0648702897
16904.7618004803
22918.2676149315
24984.207211559
24344.988078264
31538.8593353253
25457.7580985866
57128.6615334115
47228.8244881684
46510.9747989382
37140.5397014
20146.6836484767
31053.7502278001
45372.4820947529
44837.0124615538
52968.9014124345
47768.3956449557
48434.5009248482
36242.8757286481
31372.138100296
28851.748665866
44369.2417626054
23980.1460837434
39791.5890048244
91332.0647588605
113800.180563837
129247.53480172
76238.0765565385
78558.6647251102
66562.5930324117
64922.6159172451
59173.4627562039
33568.9941444228
22172.7005051816
26105.2141429637
15626.2347559586
19710.7185801768
17680.6780138444
11227.9121845511
18438.4211950292
12565.113101659

# Catches
0
0
0
0
0
0
0
0
0
0
0
0
0
0
0
0
0
0
0
0
0
0
0
0
0
0
0
0
0
0
0
0
0
0
0
0
0
0
0
0
0
0
0
0
0
0
0
0
0
0

# Catch compositions
-999 -999 -999 -999 -999 -999 -999 -999
-999 -999 -999 -999 -999 -999 -999 -999
-999 -999 -999 -999 -999 -999 -999 -999
-999 -999 -999 -999 -999 -999 -999 -999
-999 -999 -999 -999 -999 -999 -999 -999
-999 -999 -999 -999 -999 -999 -999 -999
-999 -999 -999 -999 -999 -999 -999 -999
-999 -999 -999 -999 -999 -999 -999 -999
-999 -999 -999 -999 -999 -999 -999 -999
-999 -999 -999 -999 -999 -999 -999 -999
-999 -999 -999 -999 -999 -999 -999 -999
-999 -999 -999 -999 -999 -999 -999 -999
-999 -999 -999 -999 -999 -999 -999 -999
-999 -999 -999 -999 -999 -999 -999 -999
-999 -999 -999 -999 -999 -999 -999 -999
-999 -999 -999 -999 -999 -999 -999 -999
-999 -999 -999 -999 -999 -999 -999 -999
-999 -999 -999 -999 -999 -999 -999 -999
-999 -999 -999 -999 -999 -999 -999 -999
-999 -999 -999 -999 -999 -999 -999 -999
-999 -999 -999 -999 -999 -999 -999 -999
-999 -999 -999 -999 -999 -999 -999 -999
-999 -999 -999 -999 -999 -999 -999 -999
-999 -999 -999 -999 -999 -999 -999 -999
-999 -999 -999 -999 -999 -999 -999 -999
-999 -999 -999 -999 -999 -999 -999 -999
-999 -999 -999 -999 -999 -999 -999 -999
-999 -999 -999 -999 -999 -999 -999 -999
-999 -999 -999 -999 -999 -999 -999 -999
-999 -999 -999 -999 -999 -999 -999 -999
-999 -999 -999 -999 -999 -999 -999 -999
-999 -999 -999 -999 -999 -999 -999 -999
-999 -999 -999 -999 -999 -999 -999 -999
-999 -999 -999 -999 -999 -999 -999 -999
-999 -999 -999 -999 -999 -999 -999 -999
-999 -999 -999 -999 -999 -999 -999 -999
-999 -999 -999 -999 -999 -999 -999 -999
-999 -999 -999 -999 -999 -999 -999 -999
-999 -999 -999 -999 -999 -999 -999 -999
-999 -999 -999 -999 -999 -999 -999 -999
-999 -999 -999 -999 -999 -999 -999 -999
-999 -999 -999 -999 -999 -999 -999 -999
-999 -999 -999 -999 -999 -999 -999 -999
-999 -999 -999 -999 -999 -999 -999 -999
-999 -999 -999 -999 -999 -999 -999 -999
-999 -999 -999 -999 -999 -999 -999 -999
-999 -999 -999 -999 -999 -999 -999 -999
-999 -999 -999 -999 -999 -999 -999 -999
-999 -999 -999 -999 -999 -999 -999 -999
-999 -999 -999 -999 -999 -999 -999 -999

# Age composition from fishery-independent survey
0 0 0 0 5 2 1 12
0 0 0 4 1 1 2 12
0 0 0 4 6 1 1 8
0 0 0 4 5 4 0 7
0 0 0 7 3 3 3 4
0 0 1 7 4 1 2 5
0 0 0 4 6 5 1 4
0 0 0 1 4 9 4 2
0 0 0 1 0 6 7 6
0 0 0 2 0 1 3 14
0 0 1 0 2 1 1 15
0 0 1 8 1 3 0 7
0 0 2 3 8 0 2 5
0 0 0 2 8 4 1 5
0 0 1 3 2 6 7 1
0 0 1 6 6 1 2 4
0 0 0 6 6 2 1 5
0 0 1 2 8 3 3 3
0 0 0 0 1 9 5 5
0 0 1 0 3 4 6 6
0 0 1 1 2 2 2 12
0 0 0 6 3 0 2 9
0 0 0 7 4 5 0 4
0 0 0 3 12 0 2 3
0 0 0 0 4 8 2 6
0 0 0 4 0 0 12 4
0 0 3 5 6 2 1 3
0 0 0 2 3 3 0 12
0 0 0 2 3 2 1 12
0 0 1 1 1 3 3 11
0 0 0 0 1 0 4 15
0 0 1 0 4 0 2 13
0 0 3 7 2 1 1 6
0 0 1 8 2 3 2 4
0 0 0 5 11 2 0 2
0 0 0 7 7 6 0 0
0 0 1 1 4 5 6 3
0 0 0 4 3 2 1 10
0 0 0 3 4 2 3 8
0 0 0 0 3 5 1 11
0 0 0 0 2 1 2 15
0 0 0 0 1 1 3 15
0 0 0 1 1 0 0 18
0 0 0 0 0 0 1 19
0 0 0 0 1 1 2 16
0 0 0 0 1 2 0 17
0 0 1 2 2 1 1 13
0 0 1 1 4 2 2 10
0 0 0 4 2 0 1 13
0 0 0 1 8 1 4 6

# Antibody prevalence values
0 0 0 0 0 0 0 1 0 2 1 1 1 0 13 1
0 0 0 0 0 0 0 3 0 1 1 2 0 1 9 3
0 0 0 0 0 0 0 4 1 7 0 0 2 1 5 0
0 0 0 0 0 1 0 2 1 2 1 2 2 0 9 0
0 0 0 0 0 2 0 1 0 0 0 1 3 3 9 1
0 0 0 0 0 0 0 5 0 5 0 0 0 2 7 1
0 0 0 0 0 0 0 7 2 1 2 2 0 0 5 1
0 0 0 0 0 0 0 1 0 1 3 7 0 0 7 1
0 0 0 0 0 0 0 0 0 1 0 8 2 3 3 3
0 0 0 0 0 0 0 0 0 1 0 0 3 2 10 4
0 0 0 0 0 0 0 1 0 2 0 1 0 1 9 6
0 0 0 0 0 0 0 5 0 1 0 3 0 0 8 3
0 0 0 0 0 0 0 5 2 9 1 0 0 0 2 1
0 0 0 0 0 0 0 2 1 3 5 1 1 0 7 0
0 0 0 0 0 1 0 5 2 0 3 2 6 0 1 0
0 0 0 0 0 1 1 6 1 1 0 0 3 0 7 0
0 0 0 0 0 0 1 6 1 6 1 0 0 1 4 0
0 0 0 0 0 0 0 3 1 3 4 0 4 0 5 0
0 0 0 0 0 0 0 2 0 1 4 1 4 0 8 0
0 0 0 0 0 1 0 2 0 1 2 2 8 0 4 0
0 0 0 0 0 1 0 4 0 0 0 5 0 1 9 0
0 0 0 0 0 0 0 5 0 4 0 1 1 1 8 0
0 0 0 0 0 0 0 10 2 1 1 1 1 0 3 1
0 0 0 0 0 0 0 1 5 7 1 1 2 0 3 0
0 0 0 0 0 0 0 0 1 1 10 0 3 0 5 0
0 0 0 0 0 0 0 2 0 1 1 0 5 3 8 0
0 0 0 0 0 0 0 0 0 7 0 1 1 0 10 1
0 0 0 0 0 0 0 1 2 4 2 1 0 0 10 0
0 0 0 0 0 0 0 1 0 4 2 4 3 0 6 0
0 0 0 0 0 0 0 0 2 0 0 3 2 2 10 1
0 0 0 0 0 0 0 2 0 2 0 3 0 0 12 1
0 0 0 0 0 0 0 3 0 1 0 0 2 1 10 3
0 0 0 0 0 0 0 7 0 4 0 0 0 0 7 2
0 0 0 0 0 1 0 9 1 1 2 1 2 1 1 1
0 0 0 0 0 0 0 3 6 7 1 0 0 0 3 0
0 0 0 0 0 0 0 0 1 4 11 0 3 0 1 0
0 0 0 0 0 0 0 3 1 4 3 0 7 0 2 0
0 0 0 0 0 0 0 7 1 0 4 1 3 0 3 1
0 0 0 0 0 0 0 0 1 2 2 1 1 1 12 0
0 0 0 0 0 0 0 0 1 5 2 1 1 0 9 1
0 0 0 0 0 0 0 0 0 0 1 1 0 0 17 1
0 0 0 0 0 0 0 1 0 0 0 1 0 1 16 1
0 0 0 0 0 0 0 0 0 0 0 1 0 2 15 2
0 0 0 0 0 0 0 0 0 1 0 1 0 0 12 6
0 0 0 0 0 0 0 0 1 2 0 1 0 0 13 3
0 0 0 0 0 0 0 1 0 2 0 1 0 1 10 5
0 0 0 0 0 0 0 5 0 2 0 0 0 2 9 2
0 0 0 0 0 0 0 4 0 5 0 1 0 0 9 1
0 0 0 0 0 0 0 2 0 1 0 4 0 1 5 7
0 0 0 0 0 0 0 0 1 4 0 2 1 3 3 6

# Average weight-at-age
70
94
115
134
150
160
165
168

# Maturity logistic function parameter age-at-50%
3

# Maturity logistic function parameter age-at-95%
4

# Infection prevalence index (avg of 3 different samples)
0
0
0.0444444444444444
0
0
0.0888888888888889
0.0722222222222222
0.00555555555555556
0
0
0
0.0722222222222222
0.0777777777777778
0.0222222222222222
0.0166666666666667
0.05
0.205555555555556
0.0333333333333333
0
0
0
0.0833333333333333
0.183333333333333
0.0388888888888889
0
0
0
0.00555555555555556
0.00555555555555556
0
0
0.0222222222222222
0
0.0333333333333333
0
0
0.0111111111111111
0.00555555555555556
0.0388888888888889
0
0
0
0
0
0
0
0
0
0
0

