# Simulated data from SIR age-structured hybrid model
# random seed = 2072015
# Flag=0 if no issues, =1 if negative pop #'s, =2 if NaN, or=3 if NA. Flag:
0

# Number of years (nyr)
50

# Starting age
0

# Ending age
8

# Sample size for comp data
200

# Sample size for fishery age comp data
200

# Sample size for antibody prevalence data
200

# Survey data
17900.2821171061
11354.1373138073
10561.0721054384
8357.86853698394
9460.7229522479
6616.90991407162
10728.3096131019
18289.3149923743
22076.4005422637
19351.9114547643
25004.4288977368
52239.5359343241
110630.829898972
75378.3606712155
120791.783714327
70766.4156147241
36876.6781522667
84750.2974965825
54000.3959906642
96469.9323578721
21204.9666827887
44464.8592340396
43739.1079917269
76343.9153258852
64550.0859629146
48896.3229692731
68664.3074486014
42442.9133145979
38226.269788096
29168.6419871023
28318.7908265102
35998.2119591266
49786.0955816471
23827.7428158713
28866.280622371
24954.1362627706
8595.81507244938
16222.0108401151
19225.1681642148
31647.8898809691
21875.85285817
20249.1809024476
28126.4266356951
21050.8725616765
21048.5345831182
36166.0550486249
14998.3197529028
20084.0458898101
26841.2971200865
16839.2444753454

# Catches
0
0
0
0
0
0
0
0
0
0
0
0
0
0
0
0
0
0
0
0
0
0
0
0
0
0
0
0
0
0
0
0
0
0
0
0
0
0
0
0
0
0
0
0
0
0
0
0
0
0

# Catch compositions
-999 -999 -999 -999 -999 -999 -999 -999
-999 -999 -999 -999 -999 -999 -999 -999
-999 -999 -999 -999 -999 -999 -999 -999
-999 -999 -999 -999 -999 -999 -999 -999
-999 -999 -999 -999 -999 -999 -999 -999
-999 -999 -999 -999 -999 -999 -999 -999
-999 -999 -999 -999 -999 -999 -999 -999
-999 -999 -999 -999 -999 -999 -999 -999
-999 -999 -999 -999 -999 -999 -999 -999
-999 -999 -999 -999 -999 -999 -999 -999
-999 -999 -999 -999 -999 -999 -999 -999
-999 -999 -999 -999 -999 -999 -999 -999
-999 -999 -999 -999 -999 -999 -999 -999
-999 -999 -999 -999 -999 -999 -999 -999
-999 -999 -999 -999 -999 -999 -999 -999
-999 -999 -999 -999 -999 -999 -999 -999
-999 -999 -999 -999 -999 -999 -999 -999
-999 -999 -999 -999 -999 -999 -999 -999
-999 -999 -999 -999 -999 -999 -999 -999
-999 -999 -999 -999 -999 -999 -999 -999
-999 -999 -999 -999 -999 -999 -999 -999
-999 -999 -999 -999 -999 -999 -999 -999
-999 -999 -999 -999 -999 -999 -999 -999
-999 -999 -999 -999 -999 -999 -999 -999
-999 -999 -999 -999 -999 -999 -999 -999
-999 -999 -999 -999 -999 -999 -999 -999
-999 -999 -999 -999 -999 -999 -999 -999
-999 -999 -999 -999 -999 -999 -999 -999
-999 -999 -999 -999 -999 -999 -999 -999
-999 -999 -999 -999 -999 -999 -999 -999
-999 -999 -999 -999 -999 -999 -999 -999
-999 -999 -999 -999 -999 -999 -999 -999
-999 -999 -999 -999 -999 -999 -999 -999
-999 -999 -999 -999 -999 -999 -999 -999
-999 -999 -999 -999 -999 -999 -999 -999
-999 -999 -999 -999 -999 -999 -999 -999
-999 -999 -999 -999 -999 -999 -999 -999
-999 -999 -999 -999 -999 -999 -999 -999
-999 -999 -999 -999 -999 -999 -999 -999
-999 -999 -999 -999 -999 -999 -999 -999
-999 -999 -999 -999 -999 -999 -999 -999
-999 -999 -999 -999 -999 -999 -999 -999
-999 -999 -999 -999 -999 -999 -999 -999
-999 -999 -999 -999 -999 -999 -999 -999
-999 -999 -999 -999 -999 -999 -999 -999
-999 -999 -999 -999 -999 -999 -999 -999
-999 -999 -999 -999 -999 -999 -999 -999
-999 -999 -999 -999 -999 -999 -999 -999
-999 -999 -999 -999 -999 -999 -999 -999
-999 -999 -999 -999 -999 -999 -999 -999

# Age composition from fishery-independent survey
0 0 0 9 18 53 10 110
0 0 2 11 12 9 52 114
0 0 0 7 32 15 15 131
0 0 6 5 13 27 12 137
0 0 11 41 6 13 16 113
0 0 24 63 36 4 5 68
0 0 3 102 46 16 3 30
0 0 3 44 101 32 7 13
0 0 1 22 66 69 19 23
0 0 9 13 30 52 68 28
0 0 14 78 12 11 37 48
0 0 5 67 82 4 6 36
0 0 14 31 78 39 9 29
0 0 1 49 30 62 33 25
0 0 1 15 81 24 40 39
0 0 6 16 27 68 17 66
0 0 1 34 28 15 46 76
0 0 0 5 69 23 18 85
0 0 0 1 17 77 13 92
0 0 2 2 4 10 67 115
0 0 2 10 7 5 13 163
0 0 16 26 15 4 2 137
0 0 5 84 17 8 6 80
0 0 0 32 103 16 4 45
0 0 2 23 45 82 9 39
0 0 1 15 23 50 69 42
0 0 0 8 34 22 30 106
0 0 0 4 14 30 25 127
0 0 2 2 2 11 25 158
0 0 10 10 5 1 12 162
0 0 3 58 17 2 0 120
0 0 1 12 93 18 4 72
0 0 0 2 20 81 10 87
0 0 3 0 8 29 82 78
0 0 2 14 2 3 22 157
0 0 0 21 21 1 12 145
0 0 1 28 26 12 1 132
0 0 16 20 24 24 3 113
0 0 1 105 16 16 12 50
0 0 0 11 119 13 8 49
0 0 1 7 20 103 14 55
0 0 7 11 19 18 89 56
0 0 7 41 8 18 5 121
0 0 8 45 66 5 14 62
0 0 0 30 59 39 6 66
0 0 4 15 32 56 36 57
0 0 13 14 21 34 40 78
0 0 0 52 17 25 18 88
0 0 0 12 92 11 14 71
0 0 1 3 19 76 17 84

# Antibody prevalence values
0 0 0 0 0 1 0 4 3 16 8 55 2 7 47 57
0 0 0 0 0 0 0 6 1 20 1 11 9 44 60 48
0 0 0 0 0 0 0 10 0 22 1 11 0 7 61 88
0 0 0 0 0 5 0 2 7 8 10 14 2 5 99 48
0 0 0 0 5 4 29 12 7 3 10 0 11 2 108 9
0 0 0 0 9 14 40 13 33 1 5 1 9 0 73 2
0 0 0 0 4 5 80 24 32 6 14 0 0 0 35 0
0 0 0 0 0 3 26 36 70 27 17 1 5 0 15 0
0 0 0 0 1 3 10 4 46 9 91 3 21 0 12 0
0 0 0 0 7 4 14 1 21 0 57 1 67 0 28 0
0 0 0 0 9 9 65 18 17 1 17 0 25 0 39 0
0 0 0 0 4 2 58 8 72 5 6 0 8 0 37 0
0 0 0 0 3 3 25 5 75 1 48 0 2 0 38 0
0 0 0 0 1 0 46 11 28 4 58 0 31 0 21 0
0 0 0 0 1 0 15 1 73 6 21 0 34 0 49 0
0 0 0 0 0 1 10 4 20 0 64 0 22 1 78 0
0 0 0 0 0 1 20 8 27 5 19 0 49 1 70 0
0 0 0 0 0 0 4 7 37 17 16 5 19 0 95 0
0 0 0 0 0 1 0 0 6 9 45 20 17 1 99 2
0 0 0 0 0 1 1 5 2 2 5 11 41 12 117 3
0 0 0 0 0 1 6 2 8 2 1 0 9 1 169 1
0 0 0 0 12 7 16 3 13 1 2 0 3 0 143 0
0 0 0 0 3 4 75 13 17 1 8 0 2 0 77 0
0 0 0 0 0 1 21 14 82 12 6 0 6 0 58 0
0 0 0 0 1 0 7 6 39 17 66 4 12 0 48 0
0 0 0 0 0 1 6 13 8 17 43 9 60 4 39 0
0 0 0 0 0 0 0 9 12 21 9 15 34 9 89 2
0 0 0 0 0 0 0 2 2 10 8 17 11 13 125 12
0 0 0 0 0 3 2 6 2 0 10 2 26 3 136 10
0 0 0 0 3 6 14 4 9 1 0 0 15 0 143 5
0 0 0 0 1 2 39 18 18 2 6 0 0 0 114 0
0 0 0 0 0 0 2 12 70 31 10 2 2 0 71 0
0 0 0 0 0 0 0 3 5 17 62 26 17 3 67 0
0 0 0 0 0 1 0 0 1 4 9 12 62 25 84 2
0 0 0 0 0 4 0 8 0 3 2 6 13 20 131 13
0 0 0 0 1 3 5 21 3 10 0 1 2 4 129 21
0 0 0 0 2 3 13 9 25 5 5 5 3 0 129 1
0 0 0 0 12 12 13 4 28 5 29 1 9 0 85 2
0 0 0 0 1 0 73 18 10 1 16 0 11 0 69 1
0 0 0 0 0 1 6 8 79 29 8 0 15 1 53 0
0 0 0 0 1 0 5 3 7 6 111 16 5 0 45 1
0 0 0 0 3 7 6 3 14 4 12 1 88 6 56 0
0 0 0 0 5 4 29 22 10 0 13 1 10 0 105 1
0 0 0 0 0 3 28 21 37 17 5 0 5 0 84 0
0 0 0 0 0 3 9 20 29 21 36 6 6 1 69 0
0 0 0 0 1 2 5 2 29 9 41 6 36 1 68 0
0 0 0 0 2 3 9 6 23 4 31 6 29 1 86 0
0 0 0 0 0 0 36 27 15 1 14 0 23 0 84 0
0 0 0 0 0 1 5 9 61 34 18 2 10 0 58 2
0 0 0 0 0 0 1 7 8 17 44 38 9 5 70 1

# Average weight-at-age
70
94
115
134
150
160
165
168

# Maturity logistic function parameter age-at-50%
3

# Maturity logistic function parameter age-at-95%
4

# Infection prevalence index (avg of 3 different samples)
0
0
0.0111111111111111
0.188888888888889
0.144444444444444
0.0222222222222222
0.0111111111111111
0.0222222222222222
0.05
0
0
0.0611111111111111
0.0444444444444444
0.0777777777777778
0.0111111111111111
0
0
0
0
0.0333333333333333
0
0.0166666666666667
0
0
0
0
0
0.0166666666666667
0.0444444444444444
0.0611111111111111
0
0
0
0
0
0.0333333333333333
0.0777777777777778
0.0333333333333333
0
0.0444444444444444
0.0722222222222222
0.0555555555555556
0
0
0.0277777777777778
0.0666666666666667
0
0
0
0

