# Simulated data from SIR age-structured hybrid model
# random seed = 366968
# Flag=0 if no issues, =1 if negative pop #'s, =2 if NaN, or=3 if NA. Flag:
0

# True SSB
27432.4555657494
25709.6984043262
22036.7280092145
20971.1520409547
26374.1759599099
47524.6006271443
46706.7827225788
48381.3490014425
41317.099605002
47114.6463330747
52934.6647261252
69026.3510526084
69552.3583196756
46184.5651389318
45601.5111139897
56908.112783487
57015.8947050482
46391.722906596
46668.1905512081
44737.653834487
36593.6720083187
63616.8217237512
68020.4045692061
53159.0259433394
46272.542902999
46030.2318108131
42978.0039149542
47077.1804852351
46291.5410438664
52574.6166926362
40366.5866615056
28079.4039713818
27779.4845148603
29272.1312429668
28907.8215286947
28408.4806722198
40652.9771995803
30522.4900984594
23024.4089647786
30343.3260742238
24810.8874746292
21740.7421248402
18510.1731660948
15525.8287645081
13875.3969388721
11676.8770856982
12791.0131643209
20923.1192979688
53311.6969925939
51290.9794149457

# True R (numbers)
107.943081267744
136.046766120423
729.734845583555
479.934314308354
485.899810309884
199.262239280099
614.970920026484
263.394505416454
1319.8267669017
143.331911119593
70.502499338082
166.49206946531
523.147562119342
280.34145225522
124.283405907624
202.904541830548
59.1983013873074
93.2425495831704
1064.18156632969
440.452621354934
157.640288111329
158.408561258329
144.283810208158
149.814190115603
315.84122441735
276.100661444531
495.76084799774
45.1539666637937
78.0366510945234
100.209199495816
146.150423408139
39.1512249248564
105.575140232495
513.338812532085
131.127288880275
202.49756140476
228.330961519022
149.405336371285
18.7153127384976
10.9752708379808
12.9139283336376
42.6513873066213
18.6726221835948
83.8380349650413
160.503397619741
1111.49309259824
67.6724188379744
34.4098890305179
20.0130192961706
19.5713969702634

# True infection rate given (selected) susceptible
-999 -999 0.727986169779281 0.727986169779281 0.727986169779281 0.727986169779282 0.727986169779281 0.727986169779282
-999 -999 0.709128059455455 0.709128059455455 0.709128059455456 0.709128059455455 0.709128059455454 0.709128059455455
-999 -999 0.373490934379017 0.373490934379018 0.373490934379018 0.373490934379018 0.373490934379017 0.373490934379018
-999 -999 0.00264108857172657 0.00264108857172712 0.0026410885717264 0.00264108857172631 0.0026410885717265 0.00264108857172653
-999 -999 0.0217852242291389 0.0217852242291391 0.0217852242291402 0.021785224229139 0.0217852242291389 0.0217852242291392
-999 -999 0.908988798289049 0.908988798289049 0.908988798289049 0.908988798289049 0.908988798289049 0.908988798289049
-999 -999 0.823008386249448 0.823008386249448 0.823008386249448 0.823008386249448 0.823008386249448 0.823008386249448
-999 -999 0.804861010489629 0.804861010489629 0.804861010489629 0.804861010489629 0.804861010489629 0.804861010489629
-999 -999 0.685536800569215 0.685536800569216 0.685536800569215 0.685536800569216 0.685536800569215 0.685536800569216
-999 -999 0.741633781056261 0.741633781056261 0.741633781056261 0.741633781056261 0.741633781056261 0.741633781056261
-999 -999 0.841514342912562 0.841514342912562 0.841514342912562 0.841514342912562 0.841514342912562 0.841514342912562
-999 -999 0.925507914804782 0.925507914804782 0.925507914804782 0.925507914804782 0.925507914804782 0.925507914804782
-999 -999 0.849938514608036 0.849938514608036 0.849938514608036 0.849938514608036 0.849938514608036 0.849938514608036
-999 -999 0.00358483223281132 0.00358483223281118 0.0035848322328119 0.00358483223281103 0.00358483223281179 0.00358483223281158
-999 -999 0.00344738854039747 0.00344738854039722 0.00344738854039754 0.00344738854039698 0.00344738854039769 0.00344738854039772
-999 -999 0.719354640253978 0.719354640253978 0.719354640253978 0.719354640253978 0.719354640253978 0.719354640253978
-999 -999 0.677589759916512 0.677589759916512 0.677589759916512 0.677589759916512 0.677589759916512 0.677589759916511
-999 -999 0.0308323046724965 0.0308323046724962 0.030832304672496 0.0308323046724973 0.0308323046724955 0.0308323046724964
-999 -999 0.0158405199802547 0.0158405199802546 0.0158405199802545 0.0158405199802544 0.0158405199802552 0.0158405199802535
-999 -999 0.419881431872447 0.419881431872447 0.419881431872446 0.419881431872446 0.419881431872447 0.419881431872446
-999 -999 0.00915195659423322 0.00915195659423396 0.00915195659423379 0.00915195659423305 0.00915195659423337 0.00915195659423341
-999 -999 0.912635515710419 0.912635515710419 0.912635515710419 0.912635515710419 0.912635515710419 0.912635515710419
-999 -999 0.884481941477332 0.884481941477332 0.884481941477332 0.884481941477332 0.884481941477332 0.884481941477332
-999 -999 0.461578421420746 0.461578421420746 0.461578421420746 0.461578421420746 0.461578421420746 0.461578421420746
-999 -999 0.0067544443153087 0.00675444431530926 0.00675444431530861 0.00675444431530918 0.00675444431530814 0.00675444431530853
-999 -999 0.210256843564165 0.210256843564165 0.210256843564165 0.210256843564165 0.210256843564164 0.210256843564165
-999 -999 0.0972017130231074 0.097201713023106 0.0972017130231057 0.0972017130231069 0.0972017130231067 0.0972017130231062
-999 -999 0.595702902465084 0.595702902465084 0.595702902465084 0.595702902465085 0.595702902465084 0.595702902465084
-999 -999 0.521262167990234 0.521262167990234 0.521262167990234 0.521262167990234 0.521262167990234 0.521262167990234
-999 -999 0.783370841742741 0.783370841742741 0.783370841742741 0.783370841742741 0.783370841742741 0.783370841742741
-999 -999 0.721677059293095 0.721677059293095 0.721677059293095 0.721677059293095 0.721677059293095 0.721677059293094
-999 -999 0.000768439354616622 0.000768439354616663 0.0007684393546167 0.000768439354616129 0.000768439354617235 0.000768439354617077
-999 -999 0.00079540296091174 0.000795402960911113 0.000795402960911915 0.000795402960911875 0.000795402960911544 0.000795402960911667
-999 -999 0.00341923801980389 0.00341923801980358 0.00341923801980346 0.00341923801980407 0.00341923801980419 0.00341923801980459
-999 -999 0.0944959275617373 0.0944959275617371 0.0944959275617379 0.0944959275617374 0.0944959275617378 0.0944959275617371
-999 -999 0.00485919174446652 0.00485919174446691 0.00485919174446602 0.00485919174446636 0.00485919174446655 0.00485919174446666
-999 -999 0.86249852824224 0.862498528242239 0.862498528242239 0.862498528242239 0.86249852824224 0.862498528242239
-999 -999 0.796840638973779 0.796840638973779 0.796840638973779 0.79684063897378 0.79684063897378 0.796840638973779
-999 -999 0.0827491201919548 0.0827491201919553 0.0827491201919565 0.0827491201919561 0.0827491201919562 0.082749120191956
-999 -999 0.648025311881395 0.648025311881394 0.648025311881394 0.648025311881395 0.648025311881394 0.648025311881394
-999 -999 0.379239146771108 0.379239146771108 0.379239146771108 0.379239146771108 0.379239146771109 0.379239146771108
-999 -999 0.0196296332920441 0.0196296332920428 0.0196296332920438 0.0196296332920426 0.0196296332920432 0.0196296332920431
-999 -999 0.00258856041120097 0.00258856041120141 0.0025885604112003 0.00258856041120143 0.00258856041120202 0.00258856041120186
-999 -999 0.00221358946672184 0.00221358946672166 0.00221358946672352 0.00221358946672245 0.00221358946672281 0.00221358946672343
-999 -999 0.179446321034761 0.179446321034761 0.179446321034761 0.17944632103476 0.179446321034761 0.179446321034761
-999 -999 0.00211363001252982 0.00211363001252893 0.00211363001252954 0.00211363001252872 0.00211363001252944 0.00211363001252928
-999 -999 0.00135478426640824 0.00135478426640819 0.00135478426640865 0.00135478426640873 0.00135478426640787 0.00135478426640981
-999 -999 0.0225390321449532 0.0225390321449525 0.0225390321449519 0.0225390321449518 0.0225390321449519 0.0225390321449531
-999 -999 0.921883936162006 0.921883936162006 0.921883936162006 0.921883936162006 0.921883936162006 0.921883936162005
-999 -999 0.874534410244356 0.874534410244356 0.874534410244356 0.874534410244356 0.874534410244355 0.874534410244356

# Duration of outbreak (days) based on incidence
0
0
0
0
0
3
0
0
0
0
0
3
0
0
0
0
0
0
0
0
0
3
0
0
0
0
0
0
0
0
0
0
0
0
0
0
0
0
0
0
0
0
0
0
0
0
0
0
3
0

# Duration of outbreak (days) based on prevalence
21
29
0
0
0
30
16
21
15
14
27
16
12
0
0
16
8
0
0
0
0
19
19
0
0
0
0
5
0
22
15
0
0
0
0
0
32
25
0
19
0
0
0
0
0
0
0
0
17
15

# Peak (point) prevalence
0.204535179675329
0.176616872022915
0.0466467108837798
0.000137449475479707
0.00298539867273874
0.516614322385063
0.302164000231054
0.239766216361324
0.135033272396019
0.17804191262776
0.273730569292761
0.456283574623288
0.240423921957481
7.61066114356792e-05
9.67970788358818e-05
0.158088870639637
0.111360187402482
0.00183716197954394
0.000725222838035209
0.0409939965200863
0.000444874481818343
0.461119788105836
0.323018120968174
0.0363174983762507
0.000279152137888058
0.0245222960396895
0.010726709094287
0.101551190886007
0.0652227202459459
0.20425780439301
0.126682947529615
1.36135540471288e-05
1.98276147611261e-05
0.000111342923038821
0.0108638255980615
0.0002025348606149
0.386674080626261
0.24103697811494
0.0121778694628456
0.136358532653496
0.0440686096127261
0.0019174411536474
0.000105738262288684
6.93203693107669e-05
0.0275716956611584
7.66679218126887e-05
5.85053812799673e-05
0.0028350420684011
0.570546640527438
0.305156843457188

# Day of peak prevalence
40
60
102
119
119
27
24
32
48
33
33
16
18
66
75
38
41
119
119
80
118
18
20
79
119
119
119
59
61
38
47
40
48
77
119
93
34
38
119
63
94
119
87
51
119
55
61
119
18
17

# Total immunity
0.0492358468837226
0.0824743431231663
0.0435950767553556
0.031711177233192
0.0214261658429559
0.0190932926408833
0.037182000384085
0.0748937996200969
0.0437389070979923
0.0559278243259596
0.0847644092147998
0.100723018701101
0.155493411592969
0.189940359710034
0.165889956543982
0.131126413315802
0.225407435709262
0.27805441975846
0.0844585497983161
0.0620651700023972
0.0679193673054923
0.0593823203799625
0.160593089417448
0.269106566365735
0.197619947018818
0.139576455907475
0.0901290069215323
0.0908370550470651
0.142636525251785
0.186584960282261
0.230189303278399
0.290083943967015
0.217421376848434
0.0847455115339641
0.0707611486630719
0.0588060124477306
0.0433604051307089
0.081196821568948
0.11764440653663
0.121618964338905
0.20654130551029
0.262061813994472
0.238832207393475
0.148501219687856
0.076951785307332
0.0155972015027621
0.0147031188402045
0.0141826076561689
0.015033358560646
0.265598378031151

# Observed immunity (based on survey selectivity)
0.148846253022299
0.243129314513182
0.318442750247515
0.298065520060146
0.181078546226099
0.0784479840415778
0.166175689052363
0.289203757243682
0.347282162419078
0.307391261696257
0.318391951138292
0.223663093136957
0.398034355869057
0.710530238540248
0.556505907280714
0.337053053727039
0.437254158005833
0.546291496349509
0.432078924066297
0.359050858033669
0.393367752069893
0.165939224355436
0.316666303927456
0.57297777882515
0.569287325137212
0.449188697526851
0.396444030357995
0.288618303678191
0.356554668901194
0.344809002780231
0.481566274519635
0.666593028491988
0.5209996228868
0.382086370879844
0.305236127268242
0.259743848130201
0.136210630750639
0.269197016302943
0.355817723475099
0.222659902247844
0.292403983069353
0.385445254029524
0.369401544923431
0.346526142774784
0.299036345216755
0.291532009998486
0.199972978563234
0.0884053915440017
0.0286418659902743
0.320288726157395

# True total proportion of susceptible
1 1 1 0.991594120239213 0.881396295074377 0.616378149123628 0.554260888481748 0.27023813734029
1 1 1 0.991511096772177 0.87338795689628 0.500169424504442 0.243963003858583 0.124873882463071
1 1 1 0.993288384521229 0.895661321227643 0.528540080262452 0.18964169378782 0.0455173290875861
1 1 1 0.997078029298939 0.957617669844364 0.784600181569367 0.388500202091192 0.0882843917920723
1 1 1 0.99995676812779 0.996642949170744 0.956755017403714 0.783597621162786 0.19941216937827
1 1 1 0.999529848796951 0.995227146210793 0.987589152750185 0.947070684903124 0.456772129345785
1 1 1 0.992250726031151 0.877849034214637 0.457938937498131 0.324192939847414 0.0915062835726876
1 1 1 0.986595920044869 0.808514230569104 0.348883346312092 0.102728371487306 0.0234541917593449
1 1 1 0.994144622838855 0.893818300038536 0.390747566291808 0.0832367433103484 0.00732757138831283
1 1 1 0.990908686286031 0.872666888126292 0.534248984147883 0.14471768831148 0.0168995871269252
1 1 1 0.9886124593077 0.838201267388158 0.440954478155025 0.18201116146687 0.0160158069629644
1 1 1 0.994735711615949 0.901802966883214 0.389878395032379 0.0939368287393084 0.0105977760744161
1 1 1 0.982086944697371 0.748453281490914 0.204499303509216 0.0334616923790248 0.00162173547060147
1 1 1 0.985016989089313 0.776999537957758 0.231471275838994 0.0327566949267566 0.00183130536374443
1 1 1 0.99995878296544 0.984583988444895 0.775903420735218 0.230761620407181 0.00775854543197071
1 1 1 0.999925423757772 0.999212514561134 0.983156122144135 0.774377578873799 0.152796741199185
1 1 1 0.982324107382936 0.784659745766018 0.476468809267712 0.420158007062889 0.0687308488666474
1 1 1 0.989309401156706 0.84216134181545 0.418278890145142 0.189187278741535 0.0303510552203042
1 1 1 0.999211554232961 0.981358509176271 0.827219389481581 0.407497920266436 0.0541243063909261
1 1 1 0.999714780206077 0.996343626498856 0.975796992429002 0.820871481540061 0.194874560019025
1 1 1 0.994588753768726 0.935774047543533 0.847189958313735 0.809805228833463 0.238900317782977
1 1 1 0.999910843885637 0.993676153296331 0.933726894527731 0.84464992510533 0.317350856687549
1 1 1 0.983266992651971 0.768446834723083 0.282826765281725 0.164749401806025 0.0469011583995335
1 1 1 0.982460958990383 0.746674633629592 0.193853916853334 0.0354235953308818 0.00589598944170171
1 1 1 0.994237746108822 0.910569319014018 0.546966999471876 0.107601220493979 0.00475794208586824
1 1 1 0.999963292779577 0.993851577035825 0.909432916122789 0.544980219290178 0.0700621640434752
1 1 1 0.997286656992583 0.970561863331119 0.932171395696427 0.834961132431779 0.176040770459642
1 1 1 0.998487723538436 0.981590636252182 0.938644650478982 0.897063135649429 0.258458331216375
1 1 1 0.987566150103492 0.848337983805632 0.622282358569839 0.55243592931141 0.170895118689332
1 1 1 0.987867492575269 0.846624481668454 0.544540003744396 0.351238602196251 0.114641864064295
1 1 1 0.991293409915581 0.861186955892115 0.411410594969694 0.164932263615082 0.034357668624502
1 1 1 0.990087954925405 0.856664378054971 0.460853333991105 0.136732913811411 0.0195060758281232
1 1 1 0.999982032849188 0.989904558650054 0.856316361601864 0.460578239185359 0.0445468534378241
1 1 1 0.999984194566394 0.999823982826872 0.989602121803534 0.85598261962747 0.196987923908213
1 1 1 0.999955535728018 0.999539131058937 0.99897732897267 0.988692716164094 0.245718152302941
1 1 1 0.997838545253937 0.977770713085313 0.956241430987141 0.953256299025303 0.353546661091658
1 1 1 0.999929650711851 0.997130902565613 0.976383230113925 0.954737601556914 0.492168610434641
1 1 1 0.992524105840924 0.886023484982778 0.540976855700004 0.417703754449309 0.142965583368343
1 1 1 0.994645221430353 0.909196946152144 0.498912988456352 0.162742933223687 0.0328796815537519
1 1 1 0.998564865738375 0.979815877291945 0.878204613525478 0.468806197666982 0.044923286488521
1 1 1 0.99460300589351 0.924858498024534 0.749546346606627 0.572397152259999 0.0998226015214859
1 1 1 0.990976578346104 0.894102323746835 0.711457422668312 0.538505390356704 0.118643957827887
1 1 1 0.999548410543116 0.986422937600475 0.885286118666197 0.702540536488375 0.252073065963767
1 1 1 0.999955925359726 0.999107068998817 0.985572309999875 0.884319195480347 0.442987526917314
1 1 1 0.999959695200259 0.999552698567663 0.998340093950851 0.984755858051455 0.596397747238227
1 1 1 0.998554257417071 0.984354043107579 0.967292329989017 0.963869277782018 0.557668636982671
1 1 1 0.999956019744267 0.998113512867306 0.983511100675112 0.966399050143117 0.573706334324257
1 1 1 0.999978610443496 0.999742067826249 0.997705939071824 0.983074247552891 0.596635705827526
1 1 1 0.999578396052031 0.995733984694322 0.99162078789422 0.989136301706161 0.670743418150176
1 1 1 0.981228724086411 0.745118481617343 0.247610827994567 0.155843464660773 0.0813042464656097

# True vulnerable proportion of susceptible
0 0 0.05 0.495797060119607 0.837326480320658 0.616378149123628 0.554260888481748 0.27023813734029
0 0 0.05 0.495755548386088 0.829718559051466 0.500169424504442 0.243963003858583 0.124873882463071
0 0 0.05 0.496644192260615 0.850878255166261 0.528540080262452 0.18964169378782 0.0455173290875861
0 0 0.05 0.498539014649469 0.909736786352145 0.784600181569367 0.388500202091192 0.0882843917920723
0 0 0.05 0.499978384063895 0.946810801712207 0.956755017403714 0.783597621162786 0.19941216937827
0 0 0.05 0.499764924398476 0.945465788900254 0.987589152750185 0.947070684903124 0.456772129345785
0 0 0.05 0.496125363015575 0.833956582503905 0.457938937498131 0.324192939847414 0.0915062835726876
0 0 0.05 0.493297960022434 0.768088519040649 0.348883346312092 0.102728371487306 0.0234541917593449
0 0 0.05 0.497072311419428 0.849127385036609 0.390747566291808 0.0832367433103484 0.00732757138831283
0 0 0.05 0.495454343143015 0.829033543719977 0.534248984147883 0.14471768831148 0.0168995871269252
0 0 0.05 0.49430622965385 0.79629120401875 0.440954478155025 0.18201116146687 0.0160158069629644
0 0 0.05 0.497367855807974 0.856712818539053 0.389878395032379 0.0939368287393084 0.0105977760744161
0 0 0.05 0.491043472348686 0.711030617416368 0.204499303509216 0.0334616923790248 0.00162173547060147
0 0 0.05 0.492508494544656 0.73814956105987 0.231471275838994 0.0327566949267566 0.00183130536374443
0 0 0.05 0.49997939148272 0.93535478902265 0.775903420735218 0.230761620407181 0.00775854543197071
0 0 0.05 0.499962711878886 0.949251888833078 0.983156122144135 0.774377578873799 0.152796741199185
0 0 0.05 0.491162053691468 0.745426758477717 0.476468809267712 0.420158007062889 0.0687308488666474
0 0 0.05 0.494654700578353 0.800053274724677 0.418278890145142 0.189187278741535 0.0303510552203042
0 0 0.05 0.499605777116481 0.932290583717458 0.827219389481581 0.407497920266436 0.0541243063909261
0 0 0.05 0.499857390103039 0.946526445173913 0.975796992429002 0.820871481540061 0.194874560019025
0 0 0.05 0.497294376884363 0.888985345166357 0.847189958313735 0.809805228833463 0.238900317782977
0 0 0.05 0.499955421942819 0.943992345631515 0.933726894527731 0.84464992510533 0.317350856687549
0 0 0.05 0.491633496325986 0.730024492986929 0.282826765281725 0.164749401806025 0.0469011583995335
0 0 0.05 0.491230479495191 0.709340901948113 0.193853916853334 0.0354235953308818 0.00589598944170171
0 0 0.05 0.497118873054411 0.865040853063317 0.546966999471876 0.107601220493979 0.00475794208586824
0 0 0.05 0.499981646389789 0.944158998184033 0.909432916122789 0.544980219290178 0.0700621640434752
0 0 0.05 0.498643328496291 0.922033770164564 0.932171395696427 0.834961132431779 0.176040770459642
0 0 0.05 0.499243861769218 0.932511104439572 0.938644650478982 0.897063135649429 0.258458331216375
0 0 0.05 0.493783075051746 0.80592108461535 0.622282358569839 0.55243592931141 0.170895118689332
0 0 0.05 0.493933746287635 0.804293257585031 0.544540003744396 0.351238602196251 0.114641864064295
0 0 0.05 0.495646704957791 0.818127608097509 0.411410594969694 0.164932263615082 0.034357668624502
0 0 0.05 0.495043977462703 0.813831159152223 0.460853333991105 0.136732913811411 0.0195060758281232
0 0 0.05 0.499991016424594 0.940409330717552 0.856316361601864 0.460578239185359 0.0445468534378241
0 0 0.05 0.499992097283197 0.949832783685529 0.989602121803534 0.85598261962747 0.196987923908213
0 0 0.05 0.499977767864009 0.94956217450599 0.99897732897267 0.988692716164094 0.245718152302941
0 0 0.05 0.498919272626969 0.928882177431047 0.956241430987141 0.953256299025303 0.353546661091658
0 0 0.05 0.499964825355926 0.947274357437332 0.976383230113925 0.954737601556914 0.492168610434641
0 0 0.05 0.496262052920462 0.841722310733639 0.540976855700004 0.417703754449309 0.142965583368343
0 0 0.05 0.497322610715176 0.863737098844537 0.498912988456352 0.162742933223687 0.0328796815537519
0 0 0.05 0.499282432869187 0.930825083427348 0.878204613525478 0.468806197666982 0.044923286488521
0 0 0.05 0.497301502946755 0.878615573123308 0.749546346606627 0.572397152259999 0.0998226015214859
0 0 0.05 0.495488289173052 0.849397207559493 0.711457422668312 0.538505390356704 0.118643957827887
0 0 0.05 0.499774205271558 0.937101790720451 0.885286118666197 0.702540536488375 0.252073065963767
0 0 0.05 0.499977962679863 0.949151715548876 0.985572309999875 0.884319195480347 0.442987526917314
0 0 0.05 0.499979847600129 0.94957506363928 0.998340093950851 0.984755858051455 0.596397747238227
0 0 0.05 0.499277128708536 0.9351363409522 0.967292329989017 0.963869277782018 0.557668636982671
0 0 0.05 0.499978009872133 0.94820783722394 0.983511100675112 0.966399050143117 0.573706334324257
0 0 0.05 0.499989305221748 0.949754964434937 0.997705939071824 0.983074247552891 0.596635705827526
0 0 0.05 0.499789198026016 0.945947285459606 0.99162078789422 0.989136301706161 0.670743418150176
0 0 0.05 0.490614362043206 0.707862557536476 0.247610827994567 0.155843464660773 0.0813042464656097

# True survival by age
0.778267540515681 0.778267540515681 0.75565930595781 0.554090098322748 0.399721315686292 0.499767668577204 0.527888024117704 0.656464536686963
0.778267540515681 0.778267540515681 0.754711550138414 0.544711808614947 0.387438207588011 0.542894348436591 0.663734888189684 0.719903635529733
0.778267540515681 0.778267540515681 0.765077741690469 0.647258379762125 0.553864918131606 0.63909219641374 0.728672942251259 0.766769223019984
0.778267540515681 0.778267540515681 0.778219741350265 0.777792503658259 0.777420447395023 0.777632336188086 0.778222218522266 0.778669307671753
0.778267540515681 0.778267540515681 0.777755927004824 0.773151649640287 0.768581306670423 0.768500824711048 0.770364952871995 0.776654008814896
0.778267540515681 0.778267540515681 0.748167925723727 0.47741315700183 0.209106964707069 0.183753097097737 0.20816650875222 0.503583909913595
0.778267540515681 0.778267540515681 0.755923889921831 0.556566637518998 0.405659986810692 0.573916038286463 0.633754834140738 0.737860299481086
0.778267540515681 0.778267540515681 0.750747507936031 0.50676316951569 0.355613227515684 0.586589122484046 0.722204241328343 0.765879073871314
0.778267540515681 0.778267540515681 0.757681305891871 0.573613718294366 0.428717449639422 0.617711998273192 0.744485775155494 0.775779933622056
0.778267540515681 0.778267540515681 0.757452610598218 0.572015439794552 0.433209937714542 0.556108795507425 0.718477842641013 0.77175649705875
0.778267540515681 0.778267540515681 0.748823194380828 0.487183138386146 0.30942834178004 0.518893321688316 0.671519734201749 0.769360743484633
0.778267540515681 0.778267540515681 0.755465013476758 0.55144546805123 0.387615559166022 0.600788630427265 0.735910750411194 0.773962010376415
0.778267540515681 0.778267540515681 0.756197897726373 0.561534011943931 0.464557841157932 0.688427203757941 0.764013187914422 0.778084095842335
0.778267540515681 0.778267540515681 0.778180700913151 0.777420145256532 0.777104441562182 0.778275335264876 0.778726424240328 0.77879662594485
0.778267540515681 0.778267540515681 0.778212026179138 0.777712442010293 0.777237248978187 0.777525563075868 0.778421519590044 0.778788031674762
0.778267540515681 0.778267540515681 0.763099900486211 0.626602491444183 0.490309741494152 0.480033359319135 0.543478244727156 0.732367985982914
0.778267540515681 0.778267540515681 0.759349558040307 0.592441063567757 0.496342962032072 0.598270137950048 0.619605900651832 0.752759152970358
0.778267540515681 0.778267540515681 0.777635064457057 0.772016096089898 0.768231415967422 0.773286711290124 0.776306771875371 0.778400672281529
0.778267540515681 0.778267540515681 0.77786459317813 0.774241664594232 0.770764200781232 0.771693157478768 0.775299483798368 0.778335736784793
0.778267540515681 0.778267540515681 0.765238352134351 0.648012970617964 0.531620063008001 0.52400358986344 0.564457276067729 0.727915720598638
0.778267540515681 0.778267540515681 0.777989169027047 0.775501774502805 0.773352425048569 0.77363235473583 0.773860426720474 0.77734333051346
0.778267540515681 0.778267540515681 0.75502512861694 0.545864191101446 0.339457734131347 0.344261578484917 0.385716350395886 0.631111571538519
0.778267540515681 0.778267540515681 0.756740324181556 0.566606450617051 0.46408311072253 0.656880508578247 0.707781011407409 0.758582745714074
0.778267540515681 0.778267540515681 0.763811245771849 0.636249441104009 0.573313801333126 0.72264922472778 0.768540015003105 0.777092955855407
0.778267540515681 0.778267540515681 0.778046116135385 0.776069128426683 0.774484406064165 0.7760868804127 0.778266894850247 0.778777175446646
0.778267540515681 0.778267540515681 0.771659701776319 0.712191598249853 0.653493811030119 0.658128113658826 0.706487348322226 0.769504233309388
0.778267540515681 0.778267540515681 0.77543889850655 0.75005931805449 0.726121169060414 0.725568126222444 0.731119423559452 0.768747784268211
0.778267540515681 0.778267540515681 0.763712760755729 0.632940657834668 0.506827482195304 0.505064934587493 0.517191303429318 0.703426880330735
0.778267540515681 0.778267540515681 0.766484784583601 0.661911661639047 0.588428984346009 0.631824932598791 0.648321846260823 0.738437345051547
0.778267540515681 0.778267540515681 0.753644629647411 0.535032277891532 0.382268502999737 0.510347211640007 0.605643151794023 0.722283323138267
0.778267540515681 0.778267540515681 0.756868451334235 0.566144422402396 0.428197848588454 0.602505161195324 0.708124829809692 0.764078005801129
0.778267540515681 0.778267540515681 0.778277034526193 0.778366825094452 0.77849850360066 0.778642543389724 0.778753834137412 0.778794085419452
0.778267540515681 0.778267540515681 0.778274235711134 0.778334500848132 0.778398848320141 0.778458822854459 0.77861685638069 0.778782993791237
0.778267540515681 0.778267540515681 0.778189602934646 0.777488185451837 0.776787080984572 0.776730541195623 0.77701007241603 0.778388685481761
0.778267540515681 0.778267540515681 0.776052197983605 0.756115123941093 0.736195676829941 0.73400654653834 0.734467709535173 0.767782758221884
0.778267540515681 0.778267540515681 0.778150671631233 0.777102530318905 0.776108245640251 0.776055777060811 0.776064346241053 0.777785884868632
0.778267540515681 0.778267540515681 0.749654357579638 0.492155877838997 0.236178380840989 0.219531494403726 0.231930043367365 0.496888128108837
0.778267540515681 0.778267540515681 0.750576942973587 0.503435671323917 0.312172442669318 0.478912863374762 0.547248714528299 0.699548499109876
0.778267540515681 0.778267540515681 0.775966971014014 0.755387891297479 0.738574216026986 0.755579061329793 0.771225973038041 0.777270410373837
0.778267540515681 0.778267540515681 0.756126795350984 0.557178603563011 0.366095084247406 0.389450395988264 0.570956424572916 0.758884127301242
0.778267540515681 0.778267540515681 0.76958422828501 0.691905933965247 0.625721742119058 0.648230193883037 0.679089492690642 0.76141173707847
0.778267540515681 0.778267540515681 0.777834361399813 0.773979648607568 0.770965187035386 0.772257633750471 0.773848243303082 0.777709635369009
0.778267540515681 0.778267540515681 0.778223049854911 0.777823075629829 0.777440934825576 0.777540971551139 0.777801028706504 0.778442069040136
0.778267540515681 0.778267540515681 0.778235724744975 0.777949420333785 0.777664056797555 0.777648099121396 0.777766520508451 0.778282683478758
0.778267540515681 0.778267540515681 0.771971187586123 0.715306570444777 0.658690584360235 0.652550394143376 0.654268260706064 0.703380144352336
0.778267540515681 0.778267540515681 0.778242619931345 0.778019465891298 0.777809800724727 0.777802871835503 0.777806403241833 0.77822546185619
0.778267540515681 0.778267540515681 0.778255815725957 0.778150321227179 0.778046195720781 0.778045703881568 0.778058841459012 0.778360326716789
0.778267540515681 0.778267540515681 0.77768729383806 0.772465209257492 0.76724583480276 0.766690452678826 0.766868054727243 0.771558713801671
0.778267540515681 0.778267540515681 0.756231010023097 0.557995367289558 0.361361891328428 0.341234374077932 0.342330688024529 0.482825958401544
0.778267540515681 0.778267540515681 0.753561362373744 0.535853433606185 0.428631885257892 0.656318401914533 0.7017117527007 0.73858308424972

# True Numbers-at-age
107.943081267744 94.6584261939438 146.228604594922 108.521104023866 101.837981949204 8.74616408128652 8.06913953441596 12.369169141569
136.046766120423 84.0085963739314 73.6695805430457 110.499005859378 60.130469198677 40.7068121315726 4.37105003189825 12.3795230148757
729.734845583555 105.880782063654 65.3811636821141 55.5992833296888 60.1901133318153 23.2968412077615 22.0994982491009 11.8132820287265
479.934314308354 567.928943500904 82.4035758445565 50.0216730590068 35.9871020439097 33.3371921928579 14.8888294169704 25.1613674939314
485.899810309884 373.517298405842 442.000662046117 64.1280894800877 38.9064823257398 27.9771089714266 25.9240786468833 31.1792024666485
199.262239280099 378.160050306909 290.696389170376 343.768634646424 49.5807381698098 29.9027950238668 21.5004313175722 44.18645421243
614.970920026484 155.07933288217 294.309692273644 217.489714500978 164.119669144758 10.3676776666248 5.49473119751432 26.7272571015594
263.394505416454 478.611905417677 120.693210987019 222.47572742519 121.047519094776 66.5767828206376 5.95017649266036 23.2032943879932
1319.8267669017 204.991393915807 372.488110490939 90.6101273733021 112.742504770298 43.0460989480598 39.0532166125687 22.0681603162912
143.331911119593 1027.17833178335 159.538147969737 282.22727798597 51.9752120777259 48.3346791110826 26.5900917990715 46.194600187457
70.502499338082 111.550573944458 799.419553948029 120.842586669682 161.438360539164 22.5161783868918 26.879340181702 54.7553746151247
166.49206946531 54.8698067600575 86.8161908268658 598.623904037859 58.8724706244354 49.9536042013218 11.6834945949009 60.1766430980069
523.147562119342 129.575373418133 42.7033895557206 65.586594773019 330.108438948812 22.8198856205757 30.0115574530178 55.1724449445961
280.34145225522 407.148766497394 100.844307181531 32.2922134078263 36.8291036926342 153.354463746075 15.709830047849 65.858027624084
124.283405907624 218.180652551264 316.87066912592 78.475093645625 25.1046172381672 28.6200600583002 119.351996686342 63.5236694836041
202.904541830548 96.7257406426384 169.802919849179 246.592565457222 61.0310567161254 19.5122436388435 22.252828312095 142.377636148582
59.1983013873074 157.914018729922 75.2785042745038 129.576591239177 154.515515887108 29.9241216415984 9.36652786180746 116.366750706418
93.2425495831704 46.0721164234057 122.899354969883 57.1626989507798 76.7664935272222 76.6926888353208 17.9027083825531 93.3996926274714
1064.18156632969 72.5676497355054 35.8564327351961 95.5708478237358 44.1305236859431 58.9744320212719 59.305437129462 86.6003772843978
440.452621354934 828.217970289532 56.4770462806552 27.8914494623823 73.9949323057313 34.0142278188532 45.5101656570123 113.383643252401
157.640288111329 342.789978335589 644.575162748123 43.218401829224 18.0740210209591 39.3371905746457 17.823577483512 108.222280522319
158.408561258329 122.686319314588 266.782313352662 501.472495241886 33.5159473097385 13.9775879869376 30.4325233729552 97.9188292540572
144.283810208158 123.284241367147 95.4827799878855 201.427350451819 273.735877974836 11.3772475310295 4.81194650379493 73.5360280624938
149.814190115603 112.291406106934 95.9481233131511 72.2556698817887 114.130036096702 127.036197766925 7.47349214440323 59.1889664398481
315.84122441735 116.595521275619 87.3927564518911 73.286255597289 45.9726295788838 65.4323248408871 91.8026098286332 51.7390066495533
276.100661444531 245.808972920753 90.7425095783195 67.9955947357594 56.8752005070431 35.6050847146097 50.7811688639145 111.740089549433
495.76084799774 214.880182717188 191.30514479172 70.0223378796408 48.4258912888098 37.1675915324498 23.4327072398888 121.860725274029
45.1539666637937 385.834575855169 167.234271308866 148.345450755927 52.5209069985845 35.1630647954231 26.9676197444008 110.812269953392
78.0366510945234 35.1418665799578 300.282526396713 127.718947034267 93.8938671882369 26.6190390567063 17.7596310207962 91.8957477616746
100.209199495816 60.733392517415 27.3497740723139 230.161987559404 84.5386604542408 55.2498729058933 16.818572557848 79.3732087709712
146.150423408139 77.989567228654 47.2668280217021 20.6120103516694 123.144092487951 32.3164671774457 28.1966185809874 67.515998291856
39.1512249248564 113.744130571177 60.6967486729269 35.7747709242672 11.6693746950981 52.7300354697179 19.4708382660103 71.5542150683843
105.575140232495 30.4701275304442 88.5233647477246 47.2388855625472 27.8458948628032 9.08459073808927 41.0578489311715 70.8889894356141
513.338812532085 82.1657047283423 23.713911212318 68.8954540416133 36.7676544149472 21.6752124916498 7.07197981208749 87.1754726840449
131.127288880275 399.514935080586 63.9469009336646 18.4539191503412 53.5654015486944 28.5606389476364 16.8357995291692 73.3514011346997
202.49756140476 102.052112611341 310.929505924449 49.6261330238102 13.9532873655591 39.4346170478086 20.963695960883 68.6832922010218
228.330961519022 157.597279074906 79.4238466864573 241.950003865078 38.5645935427455 10.8292613781984 30.6034623761326 69.6900722009415
149.405336371285 177.70257584499 122.65284677759 59.5404327642398 119.077116545366 9.1081232607165 2.37736393364444 41.7260318797835
18.7153127384976 116.277323677598 138.300146646182 92.0603987813316 29.9747777395816 37.1725943379859 4.36199739076002 30.4903923319663
10.9752708379808 14.5655204149723 90.49486671631 107.316345883832 69.5413105074351 22.1385979695946 28.0868339370886 27.063365442405
12.9139283336376 8.5416970415688 11.3358717496914 68.4255935659179 59.7943717390383 25.4587319288945 8.6218857458836 36.5743167478874
42.6513873066213 10.0504912426159 6.64772554837181 8.72390811242414 47.3440742233528 37.4146384534656 16.5031187342835 33.7031460646759
18.6726221835948 33.1941902987059 7.82197110036508 5.17082935667901 6.75212733533874 36.5006330386244 28.8937401597027 38.982170878295
83.8380349650413 14.5322957418048 25.8339608431833 6.08723820560309 4.02199039376908 5.24938018764708 28.3807376750836 52.8189425735714
160.503397619741 65.2484212739103 11.310014065021 20.1049112398281 4.73556343348259 3.12775736601926 4.08217052448926 63.1816559556824
1111.49309259824 124.914584509926 50.7807283473772 8.73100498938998 14.3811751080581 3.11927104527561 2.04101930198072 47.1115568954907
67.6724188379744 865.038995476603 97.2169664610786 39.5197270710848 6.79289183853945 11.185818944986 2.4261779770487 38.2509310059782
34.4098890305179 52.6672469697773 673.231771459731 75.6596695355697 30.7522883151751 5.28518365291836 8.70307837454344 31.6607163810305
20.0130192961706 26.7800997051986 40.9892087649005 523.563794472322 58.4444624601465 23.5945651204717 4.05209984734671 31.1022143922122
19.5713969702634 15.5754833059235 20.8420823323297 30.9973107443283 292.146171796098 21.1196014922719 8.05127666052516 16.4041146010164

