# Simulated data from SIR age-structured hybrid model
# random seed = 113690
# Flag=0 if no issues, =1 if negative pop #'s, =2 if NaN, or=3 if NA. Flag:
0

# True SSB
23015.7219979693
17725.8226291935
13378.1072592275
25180.4628256036
36595.1688931395
45891.4687879611
51418.1315095633
44091.7091798264
29776.1638824343
23141.0033481349
27045.1636010034
44852.9958120808
37744.3603999099
23331.7289225344
21924.4443615156
21263.3621096409
20009.3731273437
19074.0111798194
16783.287164616
14485.9359261335
15711.9921448085
17484.4231007243
16415.0433862207
23739.8391004506
17057.238577819
10368.1724484866
13508.7461502915
16996.5120411842
18687.407069952
15942.9648291848
15105.5386263827
14349.7330849142
12354.9205194203
17581.7109117303
32933.6691450678
30851.9596538497
22042.7355557579
33550.9624067021
44471.8829493654
36507.9973937423
22477.0449834179
35576.3907701597
38892.1694856977
48683.6431781498
45866.2229323676
31944.8676955157
53917.6903708851
108397.664266578
94051.9635693021
50447.9454835602

# True R (numbers)
391.917186071226
536.887740331764
653.811977509632
683.43804819029
348.20678061126
109.218432159917
79.700441308707
138.47399936986
668.157663350117
249.781592788672
89.0281288633653
78.2526238307657
49.5417833161969
51.709062077347
64.5557476382949
22.1962912869967
67.9775959045136
73.5354484887559
126.490724927649
104.297326630975
335.982287865451
55.0951049290212
53.6090573001696
120.848114745434
69.0847694356575
256.875878808528
67.9652142414097
205.370032976689
47.1012881895029
118.212110221632
73.2646143106756
701.33677487477
164.328179380202
208.096647729037
464.624434767793
701.640864072145
184.528235336899
49.9555924684219
514.452407172789
341.213858221161
828.934252791642
313.551348307948
131.18393372604
793.83668230041
2361.20419716644
291.323689035422
376.234926901377
125.445141635228
205.651034138424
89.2965845542543

# True infection rate given (selected) susceptible
-999 -999 0.775576545028845 0.775576545028845 0.775576545028845 0.775576545028845 0.775576545028845 0.775576545028845
-999 -999 0.64404588704425 0.64404588704425 0.64404588704425 0.64404588704425 0.64404588704425 0.644045887044249
-999 -999 0.000531616295277476 0.000531616295277791 0.000531616295277506 0.000531616295277188 0.000531616295277901 0.000531616295277047
-999 -999 0.861538911919974 0.861538911919974 0.861538911919974 0.861538911919974 0.861538911919974 0.861538911919974
-999 -999 0.915048164565198 0.915048164565198 0.915048164565199 0.915048164565198 0.915048164565198 0.915048164565198
-999 -999 0.928908015322235 0.928908015322235 0.928908015322235 0.928908015322235 0.928908015322235 0.928908015322235
-999 -999 0.932182978322173 0.932182978322173 0.932182978322173 0.932182978322173 0.932182978322173 0.932182978322173
-999 -999 0.891448451578066 0.891448451578066 0.891448451578066 0.891448451578066 0.891448451578066 0.891448451578066
-999 -999 0.62011013458258 0.620110134582581 0.620110134582581 0.620110134582581 0.620110134582581 0.620110134582581
-999 -999 0.00148321614157576 0.00148321614157494 0.00148321614157604 0.00148321614157495 0.00148321614157549 0.00148321614157541
-999 -999 0.061945104980133 0.0619451049801327 0.0619451049801325 0.0619451049801324 0.0619451049801325 0.0619451049801318
-999 -999 0.923407043293345 0.923407043293345 0.923407043293345 0.923407043293345 0.923407043293345 0.923407043293345
-999 -999 0.898801908001366 0.898801908001366 0.898801908001366 0.898801908001366 0.898801908001365 0.898801908001366
-999 -999 0.219804216854113 0.219804216854113 0.219804216854113 0.219804216854113 0.219804216854113 0.219804216854113
-999 -999 0.0169911622345485 0.0169911622345475 0.0169911622345482 0.016991162234548 0.0169911622345479 0.0169911622345488
-999 -999 0.0169897517735794 0.0169897517735806 0.0169897517735802 0.0169897517735796 0.0169897517735801 0.0169897517735796
-999 -999 0.0244986462313641 0.0244986462313639 0.0244986462313651 0.0244986462313639 0.0244986462313646 0.0244986462313647
-999 -999 0.102826923782164 0.102826923782163 0.102826923782163 0.102826923782163 0.102826923782164 0.102826923782163
-999 -999 0.191225821656741 0.191225821656742 0.191225821656742 0.191225821656741 0.191225821656742 0.191225821656742
-999 -999 0.0220781223627747 0.0220781223627759 0.0220781223627755 0.0220781223627751 0.0220781223627758 0.0220781223627756
-999 -999 0.124516415465245 0.124516415465246 0.124516415465245 0.124516415465245 0.124516415465246 0.124516415465245
-999 -999 0.476396723028881 0.476396723028881 0.47639672302888 0.47639672302888 0.476396723028881 0.47639672302888
-999 -999 0.23508104994773 0.235081049947731 0.235081049947731 0.235081049947731 0.235081049947731 0.235081049947732
-999 -999 0.85322525490464 0.85322525490464 0.853225254904639 0.853225254904639 0.85322525490464 0.85322525490464
-999 -999 0.802597759225299 0.802597759225299 0.802597759225299 0.802597759225299 0.802597759225299 0.802597759225299
-999 -999 0.000596072997326356 0.00059607299732495 0.000596072997325197 0.000596072997325345 0.000596072997325513 0.000596072997326212
-999 -999 0.0140513341173758 0.0140513341173757 0.0140513341173756 0.0140513341173762 0.0140513341173764 0.0140513341173763
-999 -999 0.47305853563989 0.47305853563989 0.47305853563989 0.473058535639889 0.47305853563989 0.47305853563989
-999 -999 0.767392582315432 0.767392582315431 0.767392582315432 0.767392582315432 0.767392582315431 0.767392582315432
-999 -999 0.711247443369286 0.711247443369286 0.711247443369286 0.711247443369286 0.711247443369286 0.711247443369286
-999 -999 0.627942071638244 0.627942071638245 0.627942071638244 0.627942071638244 0.627942071638244 0.627942071638244
-999 -999 0.615268556008703 0.615268556008703 0.615268556008703 0.615268556008703 0.615268556008703 0.615268556008703
-999 -999 0.00621230086002361 0.00621230086002385 0.00621230086002449 0.00621230086002495 0.00621230086002456 0.00621230086002416
-999 -999 0.433179032774426 0.433179032774425 0.433179032774426 0.433179032774426 0.433179032774426 0.433179032774426
-999 -999 0.942908629379178 0.942908629379178 0.942908629379177 0.942908629379177 0.942908629379178 0.942908629379177
-999 -999 0.914203475588486 0.914203475588486 0.914203475588486 0.914203475588486 0.914203475588486 0.914203475588486
-999 -999 0.562184244728067 0.562184244728068 0.562184244728067 0.562184244728067 0.562184244728067 0.562184244728067
-999 -999 0.880471875235585 0.880471875235585 0.880471875235585 0.880471875235585 0.880471875235585 0.880471875235585
-999 -999 0.933600897596058 0.933600897596058 0.933600897596058 0.933600897596058 0.933600897596058 0.933600897596057
-999 -999 0.892132636806803 0.892132636806803 0.892132636806802 0.892132636806802 0.892132636806803 0.892132636806803
-999 -999 0.00595938131972096 0.00595938131972005 0.00595938131972013 0.00595938131972014 0.00595938131971983 0.00595938131972019
-999 -999 0.88654042267398 0.88654042267398 0.88654042267398 0.88654042267398 0.88654042267398 0.88654042267398
-999 -999 0.877985294010071 0.877985294010071 0.877985294010071 0.877985294010071 0.877985294010071 0.877985294010071
-999 -999 0.937709656722897 0.937709656722897 0.937709656722897 0.937709656722896 0.937709656722897 0.937709656722897
-999 -999 0.912556486670449 0.912556486670449 0.912556486670449 0.912556486670449 0.912556486670449 0.912556486670449
-999 -999 0.55783948736286 0.557839487362861 0.55783948736286 0.557839487362861 0.557839487362861 0.557839487362861
-999 -999 0.929788666605365 0.929788666605365 0.929788666605365 0.929788666605365 0.929788666605365 0.929788666605365
-999 -999 0.981869613212224 0.981869613212224 0.981869613212224 0.981869613212224 0.981869613212224 0.981869613212224
-999 -999 0.972079528729356 0.972079528729356 0.972079528729356 0.972079528729356 0.972079528729357 0.972079528729356
-999 -999 0.704784362219171 0.704784362219172 0.704784362219172 0.704784362219172 0.704784362219171 0.704784362219172

# Duration of outbreak (days) based on incidence
0
0
0
0
0
1
1
0
0
0
0
0
0
0
0
0
0
0
0
0
0
0
0
0
0
0
0
0
0
0
0
0
0
0
3
0
0
0
2
0
0
0
0
2
0
0
1
3
3
0

# Duration of outbreak (days) based on prevalence
38
22
0
41
41
39
37
35
0
0
0
40
36
0
0
0
0
0
0
0
0
26
0
47
39
0
0
23
45
38
33
29
0
17
42
39
15
40
39
35
0
37
38
37
35
0
37
38
33
15

# Peak (point) prevalence
0.23385006519779
0.12367208225724
3.1932599313808e-05
0.380834820275532
0.496214356820538
0.518742356913225
0.503953585104931
0.363369978819853
0.0965273438578019
9.8557836448998e-05
0.0149391851676803
0.513451746100954
0.394599007979003
0.0378706445836206
0.00290355974836728
0.00325395517255283
0.00461278469499779
0.0253756060634873
0.0490005415130716
0.00460759057510725
0.0374407909337055
0.130907433654209
0.0766002984816847
0.403064705936567
0.269058782319938
3.58802966834537e-05
0.00340968286879488
0.131224001777929
0.265496468285803
0.191705754181233
0.146608576254745
0.134966247396302
0.00112190927044369
0.126946172445691
0.617693826511836
0.465457410680087
0.107857881533324
0.400900721606884
0.524140601276655
0.364288131666729
0.000610673930204994
0.389424824938192
0.370301894220122
0.513584577993087
0.410018751114963
0.0880059728848683
0.49781375979427
0.747355359389093
0.594224803716287
0.114665859699309

# Day of peak prevalence
58
79
98
46
30
26
24
31
79
119
119
29
30
119
119
119
119
119
119
119
119
109
119
49
51
91
119
112
67
72
89
89
119
116
26
28
93
39
25
30
119
37
36
24
27
90
27
12
13
60

# Total immunity
0.0617679181929667
0.042957303929219
0.0278839013635849
0.0171343361738392
0.0234125720735843
0.042777911259553
0.0802293616852364
0.133661962348145
0.0854531944108032
0.0759571386432203
0.0683357675168688
0.0629695623384247
0.136214109376904
0.227725095005854
0.194875626260556
0.179040828795551
0.133866159918948
0.0998519007182989
0.0675305228865499
0.0551780696117814
0.0252039514255984
0.0254308918301041
0.0380954071679894
0.0351502893774062
0.0827857228678758
0.0630160957003641
0.0530170840179108
0.0330311566702171
0.0444715678919004
0.0625138418268547
0.0769546840946615
0.0282012202355353
0.0297139288433397
0.0227488229704332
0.0186622246362661
0.0275782564706523
0.0408761079548557
0.0478859449829347
0.0482974630532688
0.0663418085238949
0.0470039991448542
0.0373795057351219
0.0529011077982134
0.0438786704119791
0.0245338165800473
0.0316418761363823
0.0308699541428884
0.0495260406732177
0.121849725931209
0.231392017018248

# Observed immunity (based on survey selectivity)
0.261057668336734
0.369460244933669
0.442021658424041
0.172172394188213
0.143843390038605
0.16031916281032
0.193180421504838
0.286301531342562
0.458697615564024
0.522025043631091
0.337271160242139
0.155001517493961
0.252950190713387
0.462902841288707
0.407736475362387
0.333233347176491
0.278527680627072
0.229421212481687
0.215200380264279
0.211996658838295
0.15177358968085
0.115537591680738
0.14562324211141
0.0933911991246965
0.232759071754782
0.426044621087508
0.252472815588243
0.157942403870172
0.149596732835776
0.229931932038052
0.253711493982765
0.275940689621113
0.31013565738563
0.166674360695148
0.0866837930494344
0.184063836347252
0.321163738826001
0.189187865002251
0.171254840196302
0.285242648015344
0.492759784833592
0.233462541479272
0.233732179356531
0.202469192078938
0.269197076980084
0.417712687331006
0.200097667281414
0.115397582863837
0.234117083411605
0.514588476946551

# True total proportion of susceptible
1 1 1 0.993534741167581 0.893214566343133 0.448336283055413 0.0978668099122525 0.00910915053425691
1 1 1 0.993877871664986 0.90114460337969 0.505166629324544 0.127179664011075 0.00511822419845902
1 1 1 0.994877127408229 0.922118119301469 0.636594878425905 0.230867159978608 0.0191816932182122
1 1 1 0.999995912464745 0.994833511518791 0.92201172155086 0.636433212762509 0.0797769781109498
1 1 1 0.993233008464266 0.895421395523372 0.552852320090067 0.348916052196261 0.0487985679132775
1 1 1 0.992871039777688 0.876614016235053 0.319944986505989 0.0685721109195727 0.00489953252308859
1 1 1 0.992778438737977 0.873664060534783 0.278407102165937 0.0249854121237201 0.000580259883854436
1 1 1 0.992759253778045 0.873021751813549 0.270994067847661 0.0199603106749513 0.000629209165200314
1 1 1 0.99305633452886 0.880664114554466 0.336733648545834 0.0318420579341015 0.000845194613648785
1 1 1 0.995072670584878 0.924739332653466 0.62749123143232 0.144533524731151 0.00475484914802525
1 1 1 0.999988533912265 0.994953600507494 0.924447414448531 0.627036405334842 0.0578317823791803
1 1 1 0.999510846683704 0.994970151662624 0.984933016417724 0.91077105743674 0.226744137046431
1 1 1 0.992809396806748 0.88422834756098 0.444145642754329 0.287672693375684 0.0328934566204026
1 1 1 0.993001569635965 0.879350405033431 0.337329810739846 0.0584190466596229 0.00472738949771031
1 1 1 0.998254984989602 0.973182939718841 0.820467786962496 0.276832488006286 0.0088021761869404
1 1 1 0.999866698748229 0.996901252085576 0.970296651955511 0.815952009646559 0.138593810793756
1 1 1 0.999866725474788 0.998524131477881 0.994296902287935 0.967223073579478 0.386635828039598
1 1 1 0.999808124931693 0.997927885537523 0.994780110990345 0.990273140524297 0.5124777377337
1 1 1 0.999188633567689 0.991330601721428 0.98093313224987 0.976538802296508 0.5874845763984
1 1 1 0.998484680419032 0.982676512939116 0.955808091294303 0.941489072105147 0.581014871923331
1 1 1 0.9998270544576 0.996726853050855 0.979060615127194 0.951580650319736 0.633770871178593
1 1 1 0.999014787182722 0.989435643449638 0.975558276594665 0.954874137534961 0.662787435263161
1 1 1 0.996186636760833 0.95121122019145 0.864092594951552 0.831885468450123 0.485806362656757
1 1 1 0.998128665107965 0.975085274005524 0.897991213056102 0.793905407425402 0.490669220247107
1 1 1 0.993287572833187 0.894043929298447 0.527992392436478 0.33438646082467 0.122014552514705
1 1 1 0.993687239789009 0.896526130084594 0.477201336648928 0.145090205017728 0.0377585977084884
1 1 1 0.999995420298958 0.993637920406436 0.896398151719809 0.477025176806231 0.0636102678072698
1 1 1 0.999889525692254 0.998884588666766 0.991451392938809 0.89319488987994 0.306487638465044
1 1 1 0.996207346882321 0.952596702544374 0.879173588743121 0.856869244251282 0.273983600366994
1 1 1 0.993912116108242 0.905574561439358 0.598660948835441 0.44064641130173 0.11722476334963
1 1 1 0.994353079496959 0.911786647129395 0.5855672929877 0.247835144205996 0.0637502694001109
1 1 1 0.994981090672271 0.924701138225847 0.661671008306693 0.29516638605003 0.0337376575862343
1 1 1 0.995086399527482 0.927470384443428 0.689999959462281 0.366280136073153 0.0603563440943628
1 1 1 0.999951379418836 0.994586012229125 0.926245908499811 0.688117118252266 0.108783852447974
1 1 1 0.996526921339228 0.957537335058334 0.88883974457273 0.784416139191461 0.258011480668122
1 1 1 0.99266768833237 0.876120116544414 0.340681735980654 0.142549515381309 0.0219615987216133
1 1 1 0.99288919916592 0.876261462544722 0.303764579396157 0.0335375685256987 0.00378514001907521
1 1 1 0.995510154002025 0.932431957793333 0.659791548668683 0.145541148409098 0.00336749554568648
1 1 1 0.993111269535706 0.886000652992298 0.42201131671911 0.133413042728396 0.0107079962991074
1 1 1 0.99274504775013 0.87313398002507 0.279337888296063 0.0344547330621719 0.00180115614895064
1 1 1 0.993052949143289 0.880558305253557 0.336152237505186 0.0329455389986689 0.000816972593994296
1 1 1 0.999953593645546 0.99257016792205 0.879235689994466 0.334637716399331 0.0129814835395468
1 1 1 0.993070094708924 0.891416349833568 0.510672155091145 0.259085594928333 0.0190435583846899
1 1 1 0.993143793899981 0.8832983652752 0.375658806709536 0.0869898203252008 0.00602620386384387
1 1 1 0.992716904735748 0.872434639310565 0.26964895749745 0.0271694728867087 0.000487936638722538
1 1 1 0.992906047496677 0.876768803581561 0.303820202585419 0.0253556580992906 0.000751660037169009
1 1 1 0.99555295113477 0.933201648610015 0.663910191368384 0.147308105367378 0.0026978885792725
1 1 1 0.992766998108942 0.877299828524927 0.337736721862497 0.080657648244623 0.00407401679869677
1 1 1 0.992415254913237 0.863638132733454 0.182393742427915 0.00596616730956223 0.00022821528343373
1 1 1 0.992489799744576 0.865190565544011 0.193810077372546 0.00471981909710112 1.55565837082425e-05

# True vulnerable proportion of susceptible
0 0 0.05 0.496767370583791 0.848553838025976 0.448336283055413 0.0978668099122525 0.00910915053425691
0 0 0.05 0.496938935832493 0.856087373210706 0.505166629324544 0.127179664011075 0.00511822419845902
0 0 0.05 0.497438563704115 0.876012213336396 0.636594878425905 0.230867159978608 0.0191816932182122
0 0 0.05 0.499997956232373 0.945091835942852 0.92201172155086 0.636433212762509 0.0797769781109498
0 0 0.05 0.496616504232133 0.850650325747203 0.552852320090067 0.348916052196261 0.0487985679132775
0 0 0.05 0.496435519888844 0.832783315423301 0.319944986505989 0.0685721109195727 0.00489953252308859
0 0 0.05 0.496389219368988 0.829980857508044 0.278407102165937 0.0249854121237201 0.000580259883854436
0 0 0.05 0.496379626889023 0.829370664222871 0.270994067847661 0.0199603106749513 0.000629209165200314
0 0 0.05 0.49652816726443 0.836630908826742 0.336733648545834 0.0318420579341015 0.000845194613648785
0 0 0.05 0.497536335292439 0.878502366020793 0.62749123143232 0.144533524731151 0.00475484914802525
0 0 0.05 0.499994266956133 0.945205920482119 0.924447414448531 0.627036405334842 0.0578317823791803
0 0 0.05 0.499755423341852 0.945221644079493 0.984933016417724 0.91077105743674 0.226744137046431
0 0 0.05 0.496404698403374 0.840016930182931 0.444145642754329 0.287672693375684 0.0328934566204026
0 0 0.05 0.496500784817982 0.835382884781759 0.337329810739846 0.0584190466596229 0.00472738949771031
0 0 0.05 0.499127492494801 0.924523792732899 0.820467786962496 0.276832488006286 0.0088021761869404
0 0 0.05 0.499933349374115 0.947056189481297 0.970296651955511 0.815952009646559 0.138593810793756
0 0 0.05 0.499933362737394 0.948597924903987 0.994296902287935 0.967223073579478 0.386635828039598
0 0 0.05 0.499904062465846 0.948031491260647 0.994780110990345 0.990273140524297 0.5124777377337
0 0 0.05 0.499594316783844 0.941764071635357 0.98093313224987 0.976538802296508 0.5874845763984
0 0 0.05 0.499242340209516 0.93354268729216 0.955808091294303 0.941489072105147 0.581014871923331
0 0 0.05 0.4999135272288 0.946890510398313 0.979060615127194 0.951580650319736 0.633770871178593
0 0 0.05 0.499507393591361 0.939963861277156 0.975558276594665 0.954874137534961 0.662787435263161
0 0 0.05 0.498093318380416 0.903650659181877 0.864092594951552 0.831885468450123 0.485806362656757
0 0 0.05 0.499064332553983 0.926331010305248 0.897991213056102 0.793905407425402 0.490669220247107
0 0 0.05 0.496643786416593 0.849341732833525 0.527992392436478 0.33438646082467 0.122014552514705
0 0 0.05 0.496843619894505 0.851699823580364 0.477201336648928 0.145090205017728 0.0377585977084884
0 0 0.05 0.499997710149479 0.943956024386114 0.896398151719809 0.477025176806231 0.0636102678072698
0 0 0.05 0.499944762846127 0.948940359233428 0.991451392938809 0.89319488987994 0.306487638465044
0 0 0.05 0.49810367344116 0.904966867417155 0.879173588743121 0.856869244251282 0.273983600366994
0 0 0.05 0.496956058054121 0.86029583336739 0.598660948835441 0.44064641130173 0.11722476334963
0 0 0.05 0.497176539748479 0.866197314772925 0.5855672929877 0.247835144205996 0.0637502694001109
0 0 0.05 0.497490545336135 0.878466081314554 0.661671008306693 0.29516638605003 0.0337376575862343
0 0 0.05 0.497543199763741 0.881096865221257 0.689999959462281 0.366280136073153 0.0603563440943628
0 0 0.05 0.499975689709418 0.944856711617669 0.926245908499811 0.688117118252266 0.108783852447974
0 0 0.05 0.498263460669614 0.909660468305417 0.88883974457273 0.784416139191461 0.258011480668122
0 0 0.05 0.496333844166185 0.832314110717193 0.340681735980654 0.142549515381309 0.0219615987216133
0 0 0.05 0.49644459958296 0.832448389417486 0.303764579396157 0.0335375685256987 0.00378514001907521
0 0 0.05 0.497755077001013 0.885810359903666 0.659791548668683 0.145541148409098 0.00336749554568648
0 0 0.05 0.496555634767853 0.841700620342683 0.42201131671911 0.133413042728396 0.0107079962991074
0 0 0.05 0.496372523875065 0.829477281023816 0.279337888296063 0.0344547330621719 0.00180115614895064
0 0 0.05 0.496526474571644 0.836530389990879 0.336152237505186 0.0329455389986689 0.000816972593994296
0 0 0.05 0.499976796822773 0.942941659525948 0.879235689994466 0.334637716399331 0.0129814835395468
0 0 0.05 0.496535047354462 0.84684553234189 0.510672155091145 0.259085594928333 0.0190435583846899
0 0 0.05 0.496571896949991 0.83913344701144 0.375658806709536 0.0869898203252008 0.00602620386384387
0 0 0.05 0.496358452367874 0.828812907345037 0.26964895749745 0.0271694728867087 0.000487936638722538
0 0 0.05 0.496453023748338 0.832930363402483 0.303820202585419 0.0253556580992906 0.000751660037169009
0 0 0.05 0.497776475567385 0.886541566179514 0.663910191368384 0.147308105367378 0.0026978885792725
0 0 0.05 0.496383499054471 0.833434837098681 0.337736721862497 0.080657648244623 0.00407401679869677
0 0 0.05 0.496207627456619 0.820456226096781 0.182393742427915 0.00596616730956223 0.00022821528343373
0 0 0.05 0.496244899872288 0.82193103726681 0.193810077372546 0.00471981909710112 1.55565837082425e-05

# True survival by age
0.778267540515681 0.778267540515681 0.751607760412698 0.513396810824809 0.325879308506947 0.539510776717084 0.726566443690742 0.773938966681323
0.778267540515681 0.778267540515681 0.755837851742953 0.555347091699572 0.394284787552456 0.551916801244565 0.721680959822558 0.776502050299638
0.778267540515681 0.778267540515681 0.778275752828904 0.778351974675243 0.778452952182455 0.77856588192223 0.778715593945596 0.778793705097742
0.778267540515681 0.778267540515681 0.748902945283461 0.484622790661316 0.223225511112461 0.236819107130539 0.404689336096239 0.731905869170151
0.778267540515681 0.778267540515681 0.747393216654423 0.471617173233371 0.253058233281935 0.437127147129131 0.563163782266018 0.748642305803929
0.778267540515681 0.778267540515681 0.747007965945881 0.467904078919394 0.257684292193804 0.578603291510754 0.735893517209743 0.775735024386903
0.778267540515681 0.778267540515681 0.746928199877925 0.467141174665173 0.258113851889692 0.604150424341734 0.763126932955985 0.778436774408966
0.778267540515681 0.778267540515681 0.748165297943882 0.479428602863459 0.279016912393856 0.615505694184703 0.766773137109407 0.778421635411912
0.778267540515681 0.778267540515681 0.756671209940382 0.563807514369805 0.416968021957524 0.633176998563607 0.765030371344194 0.778435270332128
0.778267540515681 0.778267540515681 0.778242450639575 0.7780205054772 0.777866842395842 0.77815130449838 0.778651185080713 0.778795861611968
0.778267540515681 0.778267540515681 0.776092516082324 0.756517551686531 0.737153312038606 0.738093914093916 0.751190030531944 0.776254233909977
0.778267540515681 0.778267540515681 0.747136717467994 0.467111848329503 0.189759667791213 0.165040065914018 0.211254068664698 0.637505241298408
0.778267540515681 0.778267540515681 0.747936939021944 0.477146313113477 0.268764899740093 0.509139855802522 0.604141667281017 0.758829676390427
0.778267540515681 0.778267540515681 0.770496497133673 0.701104689616147 0.648495943249533 0.726192812594926 0.769690092631109 0.778063527248736
0.778267540515681 0.778267540515681 0.777692974367999 0.772532835820649 0.767657839032829 0.768935014418755 0.775471992684251 0.778694940727215
0.778267540515681 0.778267540515681 0.777693094819622 0.772523920380294 0.767388545860467 0.76713572489258 0.768991280333789 0.777134586591308
0.778267540515681 0.778267540515681 0.777429082699217 0.769884150869366 0.762361140615242 0.761597061457901 0.762065503641559 0.772111055751429
0.778267540515681 0.778267540515681 0.774649022405549 0.742089404764411 0.709659263053257 0.706277727038289 0.706606301431803 0.741439308632207
0.778267540515681 0.778267540515681 0.771513963380782 0.710786998079655 0.65106663739446 0.645781556324421 0.646377448494081 0.699135063249037
0.778267540515681 0.778267540515681 0.777514345997653 0.770747816672301 0.764213993447924 0.763892917229028 0.764116252874552 0.769738616887677
0.778267540515681 0.778267540515681 0.773872429865646 0.734324127385208 0.695035514563554 0.692217111555283 0.694647314761704 0.722752967360335
0.778267540515681 0.778267540515681 0.761453942007808 0.6102977305219 0.46218967437169 0.450227670208838 0.45719419606463 0.555570519953974
0.778267540515681 0.778267540515681 0.769938089454475 0.695292695575976 0.627755277927682 0.634391672487706 0.639774200378468 0.697611723985556
0.778267540515681 0.778267540515681 0.749131055992822 0.487448934363686 0.238480243211793 0.255035794324498 0.31574518660167 0.492611614530926
0.778267540515681 0.778267540515681 0.750806141800534 0.505500459103775 0.311841801386517 0.488531042913411 0.594968075467372 0.711721914206453
0.778267540515681 0.778267540515681 0.778273531410427 0.778330437504715 0.778424766066499 0.778603496270669 0.778740799202607 0.778785172735952
0.778267540515681 0.778267540515681 0.777795864749509 0.773550806897391 0.769366109426561 0.769866599729882 0.774046388631909 0.778166794933537
0.778267540515681 0.778267540515681 0.761543431936283 0.61104498947449 0.46086450323663 0.446649284062694 0.479566727127268 0.67612269994112
0.778267540515681 0.778267540515681 0.751751941774218 0.514119220187438 0.298378051356137 0.312095688235938 0.323935842836337 0.633357899174668
0.778267540515681 0.778267540515681 0.753613510034684 0.533231390774804 0.354122698207587 0.48329344596961 0.561291610541379 0.720937016064011
0.778267540515681 0.778267540515681 0.756280689613023 0.559643622659021 0.397415555385519 0.520992918383674 0.66968633954379 0.750733435348728
0.778267540515681 0.778267540515681 0.756729788451352 0.563973656415767 0.399903999947663 0.493429829430601 0.651498978983949 0.764250126630174
0.778267540515681 0.778267540515681 0.778074801700312 0.776352242918206 0.774909785072681 0.77577305023374 0.777193538925132 0.778535938295007
0.778267540515681 0.778267540515681 0.762927007630048 0.624869696242159 0.488378318348723 0.494124752945444 0.567312184106314 0.74536672957382
0.778267540515681 0.778267540515681 0.746547729152074 0.462172932872656 0.201205014224087 0.214450235287902 0.280751859690146 0.614981690441287
0.778267540515681 0.778267540515681 0.747468812275663 0.472542426760344 0.265649276415125 0.568767833015708 0.690917893903999 0.765261285997505
0.778267540515681 0.778267540515681 0.758542330737352 0.582421854895451 0.449929140951808 0.658802401834451 0.765552187920157 0.777305511055331
0.778267540515681 0.778267540515681 0.748394506345504 0.480880846220029 0.249066707677211 0.384249444568275 0.691768060345625 0.776787041189385
0.778267540515681 0.778267540515681 0.746869145889187 0.466450218390917 0.249767365121148 0.513566191494474 0.694950534281381 0.772070795242919
0.778267540515681 0.778267540515681 0.748151177502852 0.479292706792648 0.278718412752253 0.61039900327871 0.758029385373277 0.777714937169801
0.778267540515681 0.778267540515681 0.778084790735905 0.776456442901218 0.775273717019315 0.777392897445658 0.778662799308054 0.778797361395615
0.778267540515681 0.778267540515681 0.748222697132603 0.477833074147263 0.211660812821598 0.250001965131068 0.577539584414495 0.770993327995427
0.778267540515681 0.778267540515681 0.74853027576985 0.482959352660823 0.274668046057308 0.474808609460897 0.624572689042313 0.767464561487893
0.778267540515681 0.778267540515681 0.746752183877094 0.465278387954977 0.249417973795001 0.541820040451696 0.723924092167783 0.774999210364134
0.778267540515681 0.778267540515681 0.747538963780066 0.473223648332869 0.268970743338236 0.612938421129378 0.762088710502932 0.778500650913919
0.778267540515681 0.778267540515681 0.758725871523275 0.584240910105667 0.452796263527097 0.659895696567498 0.768877424802255 0.778506608421457
0.778267540515681 0.778267540515681 0.746960396738884 0.46659071808548 0.223201474709525 0.362744121583177 0.686486311436335 0.777110080729499
0.778267540515681 0.778267540515681 0.74550082780939 0.452974287346873 0.232154572136176 0.557290244766019 0.72590005322898 0.776128767872201
0.778267540515681 0.778267540515681 0.745809677292659 0.456154798980394 0.245735135123765 0.660301300076835 0.774924620807107 0.778652513768197
0.778267540515681 0.778267540515681 0.753999696204255 0.537415665865261 0.379409537700648 0.68463037961717 0.776507469562472 0.778793224280939

# True Numbers-at-age
391.917186071226 38.8135608932055 21.2292819021761 120.469349532307 50.682350383696 23.8791449796271 4.1906838847711 18.3800371485891
536.887740331764 305.016424489479 30.2073345750107 15.9560930256644 61.8485798520256 16.5163292965457 12.8830560552985 17.2698372451337
653.811977509632 417.842301201023 237.384382504314 22.8318468720567 8.86116985669056 24.385954167377 9.11563963365138 22.707520288623
683.43804819029 508.840639696115 325.193100079133 184.750509003369 17.7712130983481 6.89800383473095 18.986071912839 24.7829645906717
348.20678061126 531.897648859894 396.014153170721 243.538070435122 89.5343072493114 3.96698812696721 1.63357910912401 25.8222580768309
109.218432159917 270.998034737208 413.958674984263 295.978291778943 114.856736353322 22.6573936106327 1.73407820263631 20.2516074174278
79.700441308707 85.0011605760775 210.90897397951 309.230427785646 138.489449994962 29.596776810896 13.1096425201668 16.9859780814872
138.47399936986 62.0282664353417 66.1536441825223 157.533860272616 144.454265278001 35.7460453842844 17.8809052694504 23.2268312764985
668.157663350117 107.769818914951 48.2745863610848 49.4938609098903 75.5262385341874 40.3051830799908 22.0018944786119 31.7908658155011
249.781592788672 520.005421332199 83.8737519087591 36.5279896712135 27.9050106961701 31.4920262874923 25.5203148491452 41.5792487284303
89.0281288633653 194.396905885729 404.703340315031 65.2741142298084 28.4195249880635 21.7063825572521 24.5055613369094 52.253170239556
78.2526238307657 69.2877028872044 151.292801827545 314.087233652014 49.3810130856416 20.9495469715149 16.0213488625021 58.9700780025496
49.5417833161969 60.9014770876688 53.9243701140058 113.036407333967 146.713868247893 9.37052463832489 3.45751461304763 40.9783089391014
51.709062077347 38.5567618542573 47.397642786792 40.3320283217559 53.9349050069957 39.431538090126 4.77090756315072 33.1843855542604
64.5557476382949 40.2434845653095 30.0074762185617 36.5197177396164 28.2769741981143 34.9765670965856 28.6348995506126 29.4916803581458
22.1962912869967 50.2416429406068 31.3201977544242 23.3366034336902 28.2126811087555 21.7070409073115 26.8947071247316 45.1705849032592
67.9775959045136 17.2746530285005 39.101439882853 24.3575015220007 18.0280843729546 21.6500883308729 16.6522465617033 55.7854190909315
73.5354484887559 52.9047563747746 13.4443017257529 30.398596540345 18.7524543765648 13.7439109656735 16.4886436530968 55.7626414926429
126.490724927649 57.2302526360616 41.1740546253771 10.4146151887797 22.5584764122981 13.3078529533128 9.70701819745249 52.9955938631525
104.297326630975 98.4436253874869 44.5404479621587 31.7663580724815 7.4025730661875 14.6870713824972 8.59396599152688 43.3254755223903
335.982287865451 81.1712238794492 76.6154782097664 34.6308372677403 24.4838511279956 5.65714992470119 11.2193498039268 39.9160806953825
55.0951049290212 261.484108833876 63.1729287693066 59.2906062875104 25.4302593572525 17.0171460672439 3.91597598051184 36.6429569826523
53.6090573001696 42.8787318075627 203.504594266075 48.103275639567 36.1849224585351 11.7536032915162 7.66159002745871 22.1481081537217
120.848114745434 41.7221891743672 33.3711251443033 156.68593850443 33.4458561854687 22.7152760547493 7.45638804986196 20.3524675455814
69.0847694356575 94.052165038886 32.4710255536647 24.9993462190206 76.3763937537586 7.97617591753724 5.79320847192324 12.3801805334953
256.875878808528 53.766433595782 73.1977471649887 24.3794454162535 12.6371809910091 23.817352211578 3.8966095394553 12.2580198828422
67.9652142414097 199.918158418117 41.8446700368889 56.9678691773833 18.9752644169549 9.83709465666628 18.5442737038446 12.5808129587959
205.370032976689 52.8951201282832 155.589813456492 32.5466113164999 44.0675411693899 14.5989253598129 7.57325061454865 24.1440989880671
47.1012881895029 159.832830460392 41.1665550475205 118.488400513983 19.887443769321 20.3091654698906 6.52059956004513 19.9562524063913
118.212110221632 36.6574037143647 124.392703856069 30.9470376931288 60.9171640735059 5.93397671834476 6.33840297482306 14.7517060137929
73.2646143106756 92.0006482813585 28.529267430469 93.7440221756772 16.5019319494673 21.5721505088642 2.86785205651228 14.1927433294361
701.33677487477 57.0194711863994 71.601118263781 21.5761340464695 52.4632441730235 6.5581244506316 11.238937649425 12.5755283028091
164.328179380202 545.827646854986 44.3764036017438 54.1826990766312 12.1683712095041 20.9802611950231 3.23597422905981 16.9330055013278
208.096647729037 127.891288003649 424.799940263292 34.5281614325998 42.0648599555049 9.42938991864142 16.2759212219636 15.6979315890843
464.624434767793 161.954866217636 99.5336381679829 324.091347266496 21.5756017461889 20.543565566644 4.65929496397495 20.9342443464038
701.640864072145 361.602116110218 126.044215405745 74.3066115485518 149.786248484807 4.34111925623517 4.40557246941926 14.1822827022433
184.528235336899 546.064309606725 281.423189550365 94.2141199835504 35.1130265454909 39.7906085269252 2.46908899223164 13.8970407511115
49.9555924684219 143.612335871347 424.984127201019 213.471402125074 54.872362518162 15.7983738698307 26.2141484679927 12.692462843372
514.452407172789 38.8788160854024 111.768819426305 318.055786081282 102.654308497681 13.666878674869 6.0705163845644 27.9934512968246
341.213858221161 400.381609642738 30.2581205729476 83.4766827019672 148.357190878109 25.6396961517994 7.01884683066952 25.8316348091502
828.934252791642 265.555670227649 311.604010604363 22.637648535674 40.0097652062969 41.3498807619295 15.6504449754273 25.4101403916731
313.551348307948 645.132622169354 206.673358338066 242.454341383564 17.5771480576574 31.0185193885559 32.1451036145489 31.9757695847101
131.18393372604 244.026836673002 502.085779162175 154.63769760116 115.852703283658 3.72039344496934 7.75469080259512 43.218174789838
793.83668230041 102.096197456137 189.918165997319 375.826406736383 74.6837223304165 31.8210356413795 1.76647483825333 38.0117856506587
2361.20419716644 617.817322305068 79.4581564901913 141.821805216431 174.863904677216 18.6274626991209 17.2412748184271 30.7378975574109
291.323689035422 1837.64858318403 480.827167918349 59.3980679665519 67.1134320776727 47.0332744240573 11.4174875764456 37.0688541499715
376.234926901377 226.727770959553 1430.18224316676 364.816012030918 34.7027812872966 30.3887112772498 31.0370553879135 37.6369963678532
125.445141635228 292.811431215632 176.454864671294 1068.28949576475 170.219765022587 7.74571195984671 11.0233263783108 50.5546029569323
205.651034138424 97.6298818500903 227.885632407066 131.547247683443 483.907673024188 39.517296717939 4.31660971399006 47.2387149080084
89.2965845542543 160.051524543418 75.9821680283063 169.959309965147 60.0059083234651 118.913117418026 26.0933223983772 40.127591256086

