# Simulated data from SIR age-structured hybrid model
# random seed = 5272183
# Flag=0 if no issues, =1 if negative pop #'s, =2 if NaN, or=3 if NA. Flag:
0

# True SSB
21704.2836641055
18025.6452287237
17065.2975834674
18419.8406608389
36861.9462397447
50724.1958785949
44506.4620712786
46864.8789153586
43399.5842589555
36587.4973946263
43174.6690090984
37237.3084598834
37349.6445959663
44123.4545859885
40889.2825655177
37635.7228667811
36639.523418604
38917.7496232718
33807.5218627096
33241.3292093013
34796.6282895015
28746.6199106889
23538.4355085055
19808.5989900094
16203.4422014983
11865.4903978371
9697.1617769634
10757.806364921
14377.5541236404
15795.4308315554
9887.01090789118
9800.94327445618
10779.8625352127
21555.0275929576
37913.9868642176
40776.7648705168
28747.503110737
24219.1509735985
20539.5097026901
18467.1302570292
17139.6710872411
15951.8093403821
15157.4359539443
14706.4210512472
14128.5826766376
13013.1560905594
12123.8075185865
12272.5667554318
12366.937499542
12343.1502146609

# True R (numbers)
74.0371849833943
627.822191789028
572.987584743449
333.099362056476
397.672256895213
320.802490243425
121.845890207097
331.716838961672
304.679650286287
187.149710743687
360.877942836409
337.189515284979
112.282276640261
198.727972865441
137.558614852673
99.8816844294233
94.5309486754341
189.122254547179
66.0542281655885
21.3313079979142
17.4248037684685
6.92532056653154
3.2163021777701
21.3835187362939
74.457246612482
130.552012444353
18.9482718385095
41.3746109422765
23.2631231204492
37.381643390631
334.88662945028
657.22990088626
219.932811733877
20.739920721818
13.0467289703016
26.0316679990252
50.7140367339285
38.5300318345001
38.906037939548
43.3587541292864
45.8604199272469
36.2155023451849
25.9366045089879
28.1674385556702
61.7006665635559
24.8500978293007
57.7943124103767
3.11475687320182
13.7388938168486
12.6208031167163

# True infection rate given (selected) susceptible
-999 -999 0.00279569340210619 0.002795693402105 0.0027956934021053 0.00279569340210571 0.00279569340210667 0.00279569340210512
-999 -999 0.033536211976331 0.0335362119763316 0.0335362119763311 0.0335362119763304 0.0335362119763312 0.0335362119763312
-999 -999 0.200975248681308 0.200975248681306 0.200975248681307 0.200975248681307 0.200975248681307 0.200975248681307
-999 -999 0.00582834038000983 0.0058283403800106 0.0058283403800101 0.00582834038001007 0.00582834038001132 0.00582834038001037
-999 -999 0.843151932843185 0.843151932843185 0.843151932843185 0.843151932843185 0.843151932843185 0.843151932843185
-999 -999 0.887889842617928 0.887889842617928 0.887889842617928 0.887889842617928 0.887889842617928 0.887889842617928
-999 -999 0.665550490179039 0.665550490179039 0.665550490179039 0.665550490179039 0.665550490179039 0.665550490179038
-999 -999 0.707979021542686 0.707979021542687 0.707979021542687 0.707979021542687 0.707979021542687 0.707979021542687
-999 -999 0.702487136325561 0.702487136325562 0.702487136325561 0.702487136325562 0.702487136325562 0.702487136325561
-999 -999 0.0491082533597273 0.0491082533597276 0.0491082533597272 0.0491082533597279 0.0491082533597281 0.0491082533597276
-999 -999 0.737776018090979 0.737776018090979 0.737776018090979 0.737776018090979 0.737776018090979 0.73777601809098
-999 -999 0.595180679212086 0.595180679212086 0.595180679212086 0.595180679212086 0.595180679212086 0.595180679212086
-999 -999 0.237095060978652 0.237095060978653 0.237095060978654 0.237095060978653 0.237095060978653 0.237095060978653
-999 -999 0.736070558817268 0.736070558817268 0.736070558817268 0.736070558817267 0.736070558817268 0.736070558817268
-999 -999 0.666232034184127 0.666232034184127 0.666232034184127 0.666232034184127 0.666232034184127 0.666232034184127
-999 -999 0.387917073342456 0.387917073342456 0.387917073342456 0.387917073342456 0.387917073342456 0.387917073342456
-999 -999 0.0169565552719577 0.0169565552719586 0.0169565552719583 0.0169565552719582 0.0169565552719575 0.0169565552719578
-999 -999 0.42691404780507 0.42691404780507 0.42691404780507 0.426914047805069 0.42691404780507 0.42691404780507
-999 -999 0.00275050395180486 0.002750503951805 0.00275050395180609 0.00275050395180537 0.00275050395180534 0.00275050395180514
-999 -999 0.00803031681859092 0.00803031681858997 0.00803031681859082 0.00803031681858987 0.0080303168185907 0.00803031681858903
-999 -999 0.354112009039279 0.35411200903928 0.354112009039279 0.354112009039279 0.35411200903928 0.35411200903928
-999 -999 0.201744862546491 0.201744862546491 0.201744862546492 0.201744862546491 0.201744862546492 0.201744862546491
-999 -999 0.0156393641337695 0.0156393641337691 0.0156393641337709 0.0156393641337698 0.0156393641337686 0.0156393641337698
-999 -999 0.0187521037842015 0.0187521037842008 0.0187521037842013 0.0187521037842008 0.0187521037842015 0.0187521037842017
-999 -999 0.14998903001645 0.14998903001645 0.14998903001645 0.14998903001645 0.149989030016451 0.14998903001645
-999 -999 0.1156268833586 0.115626883358601 0.115626883358601 0.1156268833586 0.115626883358601 0.115626883358601
-999 -999 0.00472761582527482 0.00472761582527373 0.00472761582527242 0.00472761582527292 0.00472761582527401 0.00472761582527281
-999 -999 0.00267797880004375 0.0026779788000431 0.00267797880004358 0.00267797880004331 0.00267797880004356 0.00267797880004419
-999 -999 0.017855450570499 0.0178554505704987 0.0178554505704991 0.0178554505704991 0.0178554505704987 0.017855450570499
-999 -999 0.519336679228339 0.519336679228339 0.51933667922834 0.519336679228339 0.519336679228339 0.519336679228339
-999 -999 0.000708754963766155 0.000708754963765438 0.000708754963765607 0.000708754963765491 0.000708754963765965 0.000708754963765701
-999 -999 0.00048974696963456 0.000489746969633866 0.000489746969633872 0.000489746969633826 0.000489746969633915 0.000489746969633075
-999 -999 0.000626306586970445 0.000626306586970083 0.000626306586970934 0.000626306586971356 0.000626306586970674 0.000626306586971358
-999 -999 0.664312072322003 0.664312072322004 0.664312072322004 0.664312072322004 0.664312072322003 0.664312072322003
-999 -999 0.872913178949625 0.872913178949624 0.872913178949624 0.872913178949624 0.872913178949624 0.872913178949625
-999 -999 0.738500430096511 0.73850043009651 0.73850043009651 0.73850043009651 0.73850043009651 0.73850043009651
-999 -999 0.0414150591080506 0.0414150591080509 0.0414150591080515 0.041415059108051 0.0414150591080508 0.0414150591080509
-999 -999 0.00401147882860501 0.00401147882860559 0.00401147882860565 0.00401147882860536 0.00401147882860544 0.00401147882860501
-999 -999 0.00256260022637076 0.00256260022637156 0.00256260022637074 0.00256260022637142 0.00256260022637138 0.00256260022637061
-999 -999 0.00688595659226273 0.00688595659226221 0.00688595659226268 0.00688595659226349 0.00688595659226306 0.00688595659226298
-999 -999 0.00521548054802834 0.00521548054802887 0.00521548054802904 0.00521548054802852 0.00521548054802827 0.0052154805480281
-999 -999 0.00323966024147322 0.00323966024147304 0.00323966024147267 0.00323966024147295 0.00323966024147179 0.00323966024147218
-999 -999 0.00199250381724972 0.00199250381724905 0.00199250381724837 0.0019925038172491 0.00199250381724871 0.0019925038172492
-999 -999 0.00170830234004365 0.00170830234004384 0.00170830234004362 0.00170830234004447 0.00170830234004417 0.00170830234004382
-999 -999 0.0162594986313289 0.0162594986313293 0.0162594986313288 0.0162594986313292 0.0162594986313288 0.0162594986313296
-999 -999 0.00164618875946452 0.00164618875946428 0.00164618875946455 0.00164618875946475 0.00164618875946468 0.00164618875946478
-999 -999 0.00173483475231359 0.00173483475231431 0.0017348347523136 0.00173483475231275 0.00173483475231266 0.00173483475231282
-999 -999 0.00115997052969857 0.00115997052969899 0.00115997052969921 0.0011599705296982 0.00115997052969857 0.00115997052969804
-999 -999 0.00158363133191872 0.00158363133191967 0.00158363133191889 0.00158363133191877 0.00158363133191911 0.00158363133191964
-999 -999 0.000864118003927221 0.00086411800392655 0.000864118003927493 0.000864118003927411 0.000864118003927805 0.000864118003928324

# Duration of outbreak (days) based on incidence
0
0
0
0
0
0
0
0
0
0
0
0
0
0
0
0
0
0
0
0
0
0
0
0
0
0
0
0
0
0
0
0
0
0
2
0
0
0
0
0
0
0
0
0
0
0
0
0
0
0

# Duration of outbreak (days) based on prevalence
0
0
0
0
20
25
10
17
17
0
27
0
0
24
13
0
0
0
0
0
0
0
0
0
0
0
0
0
0
12
0
0
0
21
20
14
0
0
0
0
0
0
0
0
0
0
0
0
0
0

# Peak (point) prevalence
8.7382584495777e-05
0.0038468481185534
0.0230255845156115
0.000319767599230602
0.368676773738633
0.382920842869545
0.128011688112013
0.14865358296202
0.145651066601776
0.00314406859314522
0.186237743543884
0.0961669706169172
0.0149344995831794
0.187182872117443
0.127937445391146
0.0314992824871848
0.00108075859586348
0.0463441751484689
7.20583674452245e-05
0.000408184748887939
0.0396101475913879
0.019104069405309
0.00121701484484609
0.00194892644152739
0.0179655874472994
0.0150837003510595
0.000242134782163348
0.000152917674823304
0.00244710861731898
0.106180426035792
4.32221042658998e-05
2.12405793924716e-05
2.83728490859936e-05
0.174064086841933
0.41572038095878
0.168863930074508
0.00319575787660953
0.00014314926716449
8.92096475205438e-05
0.000264206731537577
0.000233402695202712
0.000164688310037153
9.18892572349769e-05
6.69318582210432e-05
0.0026746739388604
7.65086950919741e-05
8.91358425034636e-05
4.97177388575368e-05
8.22143395163035e-05
4.37781822114168e-05

# Day of peak prevalence
64
119
116
114
27
24
38
45
47
119
55
56
95
49
47
82
119
82
56
119
95
109
119
119
119
119
100
97
119
94
81
49
52
56
23
30
119
95
69
84
89
87
70
57
119
72
83
66
95
83

# Total immunity
0.189250468064878
0.0492997444505144
0.0267145524953375
0.0213953703144998
0.0154096030278862
0.0615638514392254
0.0955101695520141
0.105272255446024
0.100104064454995
0.117826224739421
0.0791561837713617
0.0751013917068389
0.104316222946068
0.0946621482128432
0.128184702756396
0.186307427838402
0.198708289039897
0.137945585581145
0.183194030142379
0.174165026269644
0.166298894555982
0.228035507595889
0.28678225820534
0.251350131643935
0.157152093379093
0.089588422380866
0.0882712864504947
0.0718675866723935
0.0635266890851594
0.0539823386982139
0.0357563982266038
0.0124442796629067
0.00973341113965256
0.00950271921163969
0.0435551126001085
0.241125651591298
0.376990873650926
0.323338410552419
0.269071737758944
0.216929346494075
0.172031819821945
0.142630195127638
0.123331440613869
0.103579789567518
0.071289777299243
0.0624933206466995
0.0442433359118075
0.0435773604628953
0.0393296691765712
0.035442238880218

# Observed immunity (based on survey selectivity)
0.406117867139129
0.381237181912823
0.30724068003783
0.223828619904063
0.0830096314962635
0.218456526673353
0.307722245328223
0.337500581575737
0.345688742447202
0.435741886154385
0.291512605906375
0.315994117649051
0.367332753941288
0.276464425162421
0.331039535682133
0.45043917857199
0.448061072634105
0.335319258439963
0.43192388814948
0.344521493975746
0.254865898707933
0.291157927128725
0.335009013382484
0.318566958112248
0.309359505583971
0.342264114980897
0.337246151182079
0.22567563274541
0.129320388053893
0.099787887816532
0.255102718261034
0.20270951436731
0.13836308784342
0.0499990563606427
0.0872406521408362
0.323959216519884
0.55189908148427
0.532496430400939
0.49328358648695
0.423003044117505
0.352897702054894
0.295688434195465
0.242151428695862
0.194172566380186
0.158190973784006
0.136336204899237
0.114195312199693
0.0869651353037447
0.0677159341543558
0.053207972730314

# True total proportion of susceptible
1 1 1 0.999973443758904 0.99968862017815 0.986123863796152 0.83835067047765 0.281385270658448
1 1 1 0.999967763115764 0.999650813372876 0.999074748753286 0.985455954570693 0.420582464770994
1 1 1 0.999685006070787 0.996776305615422 0.993499767798546 0.99257694467648 0.560723655031308
1 1 1 0.998439550303491 0.982647466082825 0.960714521376077 0.954546618496385 0.508042586933975
1 1 1 0.999904660460293 0.997482302247329 0.980792731877556 0.958716985743768 0.512786453961671
1 1 1 0.982201941487411 0.767101026180191 0.359037197486544 0.280912153752367 0.10686567035898
1 1 1 0.992448999582247 0.858335269575341 0.247357132530675 0.0493277399751062 0.017013526044382
1 1 1 0.989118453489178 0.852743368987736 0.490219555032073 0.0891782332262559 0.00762245879299501
1 1 1 0.994827036434042 0.912360776813282 0.535408988518335 0.192798309916282 0.0169918824103907
1 1 1 0.990684779368395 0.869499096582151 0.538566863161732 0.20882032972896 0.0258713817750447
1 1 1 0.999234615988488 0.982800998640683 0.852382913664763 0.520821697571605 0.0662645074083346
1 1 1 0.995340027810316 0.931071478610169 0.72767426983509 0.473953151035877 0.0605392476505366
1 1 1 0.988290024810128 0.852681340120012 0.58640702901938 0.388330477354711 0.0675888625084926
1 1 1 0.995705134655332 0.941396739469465 0.750109840178805 0.486494780014544 0.0766392863898077
1 1 1 0.991382654705186 0.875915116260594 0.558232108426317 0.325486699576845 0.0625117429543555
1 1 1 0.985497419431232 0.813310599141136 0.458252184566877 0.225883056692841 0.0488340254146619
1 1 1 0.990284261307492 0.877774272795345 0.597612349432535 0.300909356297564 0.0496450456567732
1 1 1 0.999730600641408 0.98753814085699 0.871942211605256 0.591329589638007 0.14250471618961
1 1 1 0.98903223791324 0.877077093178065 0.72394702721318 0.602249304193998 0.194770339611248
1 1 1 0.999951121160084 0.98853456369654 0.87606410585825 0.722860330991358 0.26330094948464
1 1 1 0.999898254511976 0.998930911799226 0.986543967464614 0.873573205337795 0.398872849966309
1 1 1 0.996470352290478 0.958871607570922 0.90564918930299 0.882638407898814 0.377589570891263
1 1 1 0.996198949925061 0.955807225540294 0.874223824652689 0.813905477345374 0.388328476305189
1 1 1 0.999684921781185 0.99302590384623 0.949622728488031 0.867537572977153 0.452947437506523
1 1 1 0.999768455854791 0.997352432874246 0.98849790454482 0.944428309170699 0.585325331387235
1 1 1 0.999170330749456 0.990883530556794 0.978892188112991 0.967650039279902 0.593545322009727
1 1 1 0.998516844634413 0.983661268474335 0.959547675319938 0.944973904886121 0.574139612308823
1 1 1 0.999927862485652 0.997792511351416 0.982255363218138 0.958023052603118 0.594981630572123
1 1 1 0.999944664679144 0.999374210556054 0.996738871789575 0.981137631428388 0.605727611725393
1 1 1 0.999581202293296 0.995737768712855 0.991343822502874 0.988275945865573 0.606002131182857
1 1 1 0.99408508996523 0.925599002344079 0.807021323660274 0.783408468299638 0.422621570004113
1 1 1 0.999990397159506 0.993986009076107 0.925391913422733 0.806780963048297 0.55443741148881
1 1 1 0.999988540806864 0.999875822506334 0.993767870742779 0.925160495194445 0.670706220302364
1 1 1 0.999987550223399 0.999864053967569 0.999639314020085 0.993517991174166 0.696666184636019
1 1 1 0.991216594082554 0.884618744675865 0.680542240246354 0.645477197895015 0.403849936963924
1 1 1 0.980564427243759 0.73768856164041 0.245541395466915 0.119698768085531 0.0646660101419464
1 1 1 0.989319848959174 0.83453413059491 0.340531156977559 0.0702646672543147 0.0195627535093622
1 1 1 0.999639649544095 0.985495189329394 0.823694377743929 0.329697186348384 0.0540178037484462
1 1 1 0.999973391170221 0.999372514106579 0.984945177680133 0.822720927945627 0.243115137597498
1 1 1 0.999956700171776 0.999540151990978 0.998548400801903 0.984064466273465 0.424837960575965
1 1 1 0.999943968243161 0.999394894616032 0.998468155297039 0.997414760953079 0.450679582994095
1 1 1 0.999878871918828 0.998731366988612 0.997088205921376 0.996039238387617 0.470806447501934
1 1 1 0.999926586453769 0.999144258707855 0.99733437026309 0.995616909090888 0.518844959225542
1 1 1 0.999966149227503 0.999587917296859 0.998500058125048 0.99665496412155 0.60894869261091
1 1 1 0.999968878499087 0.999654846952705 0.998996131407675 0.997876543352068 0.669241732562312
1 1 1 0.999870328530533 0.998663738555388 0.997155617045494 0.99635547062154 0.720145656655679
1 1 1 0.999965680188501 0.999527009519348 0.998010972045219 0.996468013083625 0.773290722473979
1 1 1 0.999972536598811 0.999690950238959 0.999004593572024 0.997459979261376 0.819444557951332
1 1 1 0.999978744733553 0.999759959832945 0.999286946560739 0.998579088124222 0.850375409352224
1 1 1 0.999967487050546 0.999653556503321 0.999141942548401 0.99863623035802 0.870501981752057

# True vulnerable proportion of susceptible
0 0 0.05 0.499986721879452 0.949704189169243 0.986123863796152 0.83835067047765 0.281385270658448
0 0 0.05 0.499983881557882 0.949668272704232 0.999074748753286 0.985455954570693 0.420582464770994
0 0 0.05 0.499842503035394 0.946937490334651 0.993499767798546 0.99257694467648 0.560723655031308
0 0 0.05 0.499219775151745 0.933515092778684 0.960714521376077 0.954546618496385 0.508042586933975
0 0 0.05 0.499952330230146 0.947608187134962 0.980792731877556 0.958716985743768 0.512786453961671
0 0 0.05 0.491100970743706 0.728745974871181 0.359037197486544 0.280912153752367 0.10686567035898
0 0 0.05 0.496224499791123 0.815418506096574 0.247357132530675 0.0493277399751062 0.017013526044382
0 0 0.05 0.494559226744589 0.810106200538349 0.490219555032073 0.0891782332262559 0.00762245879299501
0 0 0.05 0.497413518217021 0.866742737972618 0.535408988518335 0.192798309916282 0.0169918824103907
0 0 0.05 0.495342389684197 0.826024141753044 0.538566863161732 0.20882032972896 0.0258713817750447
0 0 0.05 0.499617307994244 0.933660948708649 0.852382913664763 0.520821697571605 0.0662645074083346
0 0 0.05 0.497670013905158 0.88451790467966 0.72767426983509 0.473953151035877 0.0605392476505366
0 0 0.05 0.494145012405064 0.810047273114012 0.58640702901938 0.388330477354711 0.0675888625084926
0 0 0.05 0.497852567327666 0.894326902495992 0.750109840178805 0.486494780014544 0.0766392863898077
0 0 0.05 0.495691327352593 0.832119360447564 0.558232108426317 0.325486699576845 0.0625117429543555
0 0 0.05 0.492748709715616 0.77264506918408 0.458252184566877 0.225883056692841 0.0488340254146619
0 0 0.05 0.495142130653746 0.833885559155577 0.597612349432535 0.300909356297564 0.0496450456567732
0 0 0.05 0.499865300320704 0.938161233814141 0.871942211605256 0.591329589638007 0.14250471618961
0 0 0.05 0.49451611895662 0.833223238519162 0.72394702721318 0.602249304193998 0.194770339611248
0 0 0.05 0.499975560580042 0.939107835511713 0.87606410585825 0.722860330991358 0.26330094948464
0 0 0.05 0.499949127255988 0.948984366209265 0.986543967464614 0.873573205337795 0.398872849966309
0 0 0.05 0.498235176145239 0.910928027192376 0.90564918930299 0.882638407898814 0.377589570891263
0 0 0.05 0.49809947496253 0.908016864263279 0.874223824652689 0.813905477345374 0.388328476305189
0 0 0.05 0.499842460890592 0.943374608653918 0.949622728488031 0.867537572977153 0.452947437506523
0 0 0.05 0.499884227927396 0.947484811230534 0.98849790454482 0.944428309170699 0.585325331387235
0 0 0.05 0.499585165374728 0.941339354028955 0.978892188112991 0.967650039279902 0.593545322009727
0 0 0.05 0.499258422317206 0.934478205050618 0.959547675319938 0.944973904886121 0.574139612308823
0 0 0.05 0.499963931242826 0.947902885783845 0.982255363218138 0.958023052603118 0.594981630572123
0 0 0.05 0.499972332339572 0.949405500028251 0.996738871789575 0.981137631428388 0.605727611725393
0 0 0.05 0.499790601146648 0.945950880277212 0.991343822502874 0.988275945865573 0.606002131182857
0 0 0.05 0.497042544982615 0.879319052226875 0.807021323660274 0.783408468299638 0.422621570004113
0 0 0.05 0.499995198579753 0.944286708622302 0.925391913422733 0.806780963048297 0.55443741148881
0 0 0.05 0.499994270403432 0.949882031381017 0.993767870742779 0.925160495194445 0.670706220302364
0 0 0.05 0.4999937751117 0.94987085126919 0.999639314020085 0.993517991174166 0.696666184636019
0 0 0.05 0.495608297041277 0.840387807442072 0.680542240246354 0.645477197895015 0.403849936963924
0 0 0.05 0.49028221362188 0.700804133558389 0.245541395466915 0.119698768085531 0.0646660101419464
0 0 0.05 0.494659924479587 0.792807424065164 0.340531156977559 0.0702646672543147 0.0195627535093622
0 0 0.05 0.499819824772048 0.936220429862924 0.823694377743929 0.329697186348384 0.0540178037484462
0 0 0.05 0.499986695585111 0.94940388840125 0.984945177680133 0.822720927945627 0.243115137597498
0 0 0.05 0.499978350085888 0.949563144391429 0.998548400801903 0.984064466273465 0.424837960575965
0 0 0.05 0.49997198412158 0.94942514988523 0.998468155297039 0.997414760953079 0.450679582994095
0 0 0.05 0.499939435959414 0.948794798639182 0.997088205921376 0.996039238387617 0.470806447501934
0 0 0.05 0.499963293226885 0.949187045772462 0.99733437026309 0.995616909090888 0.518844959225542
0 0 0.05 0.499983074613751 0.949608521432016 0.998500058125048 0.99665496412155 0.60894869261091
0 0 0.05 0.499984439249544 0.949672104605069 0.998996131407675 0.997876543352068 0.669241732562312
0 0 0.05 0.499935164265266 0.948730551627619 0.997155617045494 0.99635547062154 0.720145656655679
0 0 0.05 0.499982840094251 0.949550659043381 0.998010972045219 0.996468013083625 0.773290722473979
0 0 0.05 0.499986268299406 0.949706402727011 0.999004593572024 0.997459979261376 0.819444557951332
0 0 0.05 0.499989372366777 0.949771961841298 0.999286946560739 0.998579088124222 0.850375409352224
0 0 0.05 0.499983743525273 0.949670878678155 0.999141942548401 0.99863623035802 0.870501981752057

# True survival by age
0.778267540515681 0.778267540515681 0.778205681226834 0.777648978215639 0.777092746041529 0.777054921443441 0.777316543291696 0.778302610615838
0.778267540515681 0.778267540515681 0.777154493232844 0.767137443689153 0.757127212906251 0.756027685210001 0.756338114567827 0.76921394721055
0.778267540515681 0.778267540515681 0.771179788138889 0.707412510705633 0.644036090570855 0.637437399904983 0.63756870682908 0.699016372983107
0.778267540515681 0.778267540515681 0.7781300115844 0.776895229370845 0.775709086964324 0.775645968376885 0.775666222667005 0.777132462063404
0.778267540515681 0.778267540515681 0.758423721550482 0.579848320708457 0.402185576750343 0.389024314373209 0.397797428296509 0.575014512307722
0.778267540515681 0.778267540515681 0.748909636957996 0.489923132474309 0.350502651193326 0.567797740809989 0.613711150395732 0.715996756867695
0.778267540515681 0.778267540515681 0.760035025409326 0.59732315325874 0.481000477570444 0.688470028611271 0.760787104136099 0.77258772332296
0.778267540515681 0.778267540515681 0.753857129525094 0.536825463338912 0.382845557994679 0.539210160863906 0.735215682953055 0.775075371414076
0.778267540515681 0.778267540515681 0.757187405374463 0.568559415258329 0.412893192496403 0.552785403538228 0.697413686247212 0.771627898726304
0.778267540515681 0.778267540515681 0.776857502179555 0.764303472608481 0.755042615022202 0.763325597828363 0.772800537779484 0.778057394547436
0.778267540515681 0.778267540515681 0.752092435702359 0.516717240585024 0.289503247904029 0.332122014102865 0.505871808318531 0.74407583947979
0.778267540515681 0.778267540515681 0.763217350583034 0.628469460750051 0.512061046851481 0.559380036781663 0.635886352236525 0.760545957457859
0.778267540515681 0.778267540515681 0.771829389798901 0.714646183456601 0.67404196845389 0.702980549204436 0.728591105912619 0.77006179614151
0.778267540515681 0.778267540515681 0.755262980851553 0.549212248940087 0.366826858514032 0.433281861122304 0.554709399488939 0.743498855015048
0.778267540515681 0.778267540515681 0.762633537476757 0.623279341286937 0.518146575656521 0.603955060363981 0.676854018705591 0.759221273563489
0.778267540515681 0.778267540515681 0.769868418337311 0.695502141586104 0.64857628451709 0.701578101771703 0.740735944789222 0.770571483772495
0.778267540515681 0.778267540515681 0.777805201263152 0.773694248509377 0.770621955952547 0.772956117796093 0.77585788125982 0.778315253154361
0.778267540515681 0.778267540515681 0.769224357739078 0.687860218681255 0.608594915483216 0.620633170574418 0.671535429763553 0.752950869591728
0.778267540515681 0.778267540515681 0.778220545688964 0.777808595006782 0.777549944606452 0.777734308406478 0.777913586079429 0.778513859270535
0.778267540515681 0.778267540515681 0.77804461056219 0.776038376010622 0.774086549052361 0.774427609801134 0.775192378781703 0.777486426431719
0.778267540515681 0.778267540515681 0.766397989467365 0.65958416102019 0.552987743023521 0.54407803618028 0.570956521558826 0.683899254004233
0.778267540515681 0.778267540515681 0.772883405312621 0.724618111648316 0.680198278751559 0.680795098748127 0.683285232240175 0.737939570224724
0.778267540515681 0.778267540515681 0.777896175465609 0.774570032668129 0.771546991418406 0.771841486236542 0.77232165306758 0.775709477321286
0.778267540515681 0.778267540515681 0.777701651794637 0.77261060431046 0.76759435838541 0.767546787994728 0.768519580566213 0.773432895300005
0.778267540515681 0.778267540515681 0.772725213324035 0.722857225002532 0.673243535652049 0.668702097617579 0.673610559736582 0.713607372693629
0.778267540515681 0.778267540515681 0.774653611293409 0.742158674367412 0.710233725813159 0.707525854417743 0.708344415813698 0.735583663767887
0.778267540515681 0.778267540515681 0.778157523485785 0.777169792821768 0.776220082690208 0.776177779711048 0.77621761832439 0.777231324699366
0.778267540515681 0.778267540515681 0.778228076357428 0.777872965868409 0.777520553852714 0.777501725089176 0.777533772943238 0.778013904561581
0.778267540515681 0.778267540515681 0.777880496880188 0.774397347839741 0.770918647087492 0.770553650756539 0.770682737217573 0.773788922992446
0.778267540515681 0.778267540515681 0.76137646501555 0.609427748271967 0.458707258555238 0.443374889308212 0.444412919948704 0.573757081925204
0.778267540515681 0.778267540515681 0.77827285824162 0.77832355731811 0.778400733848473 0.778456275322775 0.778466355368247 0.778620370979014
0.778267540515681 0.778267540515681 0.778283252975065 0.778424668721325 0.7785674887627 0.778598128379529 0.778624103391038 0.778679364955296
0.778267540515681 0.778267540515681 0.77827847481169 0.778376888333317 0.778475332558497 0.77848818679347 0.778509767698696 0.778589807979305
0.778267540515681 0.778267540515681 0.758163465774148 0.577229302651496 0.396342121233505 0.376331263176106 0.378795797966173 0.4983127100982
0.778267540515681 0.778267540515681 0.758588008936646 0.583205441552394 0.447560298807316 0.510582838832037 0.524402809170304 0.619633881345434
0.778267540515681 0.778267540515681 0.757093547428423 0.570653260349468 0.481630978547728 0.674688013745107 0.728046936834463 0.751381547368363
0.778267540515681 0.778267540515681 0.776863608956883 0.764383862049728 0.75609482670488 0.769057548606257 0.776790379284122 0.778241056038146
0.778267540515681 0.778267540515681 0.77815141078726 0.777106853859677 0.776100814612753 0.776448446088498 0.777859221606903 0.778646517022091
0.778267540515681 0.778267540515681 0.778223782887692 0.777829990068149 0.777437001874674 0.77741359109413 0.777642066935071 0.778458380899107
0.778267540515681 0.778267540515681 0.778057384922571 0.776166098670906 0.774276665610116 0.774071303941762 0.774139904989055 0.77678859991993
0.778267540515681 0.778267540515681 0.778175976881204 0.777351985354146 0.776529206835885 0.776439889896305 0.776442380663291 0.777735144326689
0.778267540515681 0.778267540515681 0.77821941062319 0.777786364480241 0.777354909171714 0.777309298245112 0.777310867333134 0.778096531764046
0.778267540515681 0.778267540515681 0.778239553804084 0.777987733092978 0.777736704351327 0.777710719755172 0.777712596900368 0.778233697574575
0.778267540515681 0.778267540515681 0.77824904794379 0.778082639107325 0.777916546178704 0.777899043666365 0.777900709959678 0.778250845164733
0.778267540515681 0.778267540515681 0.777722853678252 0.772820858251419 0.767922246660938 0.767385274952732 0.767398068462273 0.771153371643838
0.778267540515681 0.778267540515681 0.778253949700425 0.778131719132877 0.778010372634052 0.777998014106263 0.777998658271232 0.778221023429415
0.778267540515681 0.778267540515681 0.778244915948307 0.778041320907442 0.777838129277138 0.777817009820508 0.777818530767467 0.778038524189242
0.778267540515681 0.778267540515681 0.778263582513585 0.778227976226384 0.778192526515525 0.778188990063257 0.778189935989073 0.778298953095501
0.778267540515681 0.778267540515681 0.778254874965972 0.778140899044901 0.778027080835418 0.778014790376219 0.778015347144784 0.778131917274429
0.778267540515681 0.778267540515681 0.778268879250956 0.778280944770465 0.778293152412211 0.778294749799711 0.778295005926675 0.778359901804105

# True Numbers-at-age
74.0371849833943 66.8392546418574 9.62510115983063 2.22873295243726 5.25116124328692 33.6074905284572 23.110467642318 68.8148696542806
627.822191789028 57.6207378637308 52.0188223200196 7.49030840496319 1.73317190317836 4.08063931045268 26.1148659125015 71.5229415226965
572.987584743449 488.613633084811 44.8443499399045 40.4266614986842 5.74609604222684 1.31223161254085 3.08507629205848 74.7681126112357
333.099362056476 445.937638324304 380.272130483347 34.5830562858817 28.5983261102309 3.70069323108044 0.836465507171164 54.2310829942952
397.672256895213 259.240421255036 347.058789002028 295.901157298231 26.8674114455649 22.1839814356752 2.87042778488717 42.7935530880601
320.802490243425 309.495409305157 201.758405052406 263.217618351721 171.577789155068 10.8056853680233 8.63010816808156 25.7487628497845
121.845890207097 249.670165073056 240.870231000819 151.098813881022 128.956400105303 60.138469984741 6.13544373986718 23.732424305674
331.716838961672 94.8287012934207 194.310185311551 183.069812139057 90.2548199610672 62.0280900364158 41.4035341510327 23.0031461386987
304.679650286287 258.164448406336 73.8021001259267 146.482118536455 98.2765367249171 34.5536569097041 33.4461764066166 48.2696996746658
187.149710743687 237.122282073486 200.921010309787 55.8820207055368 83.2837876608883 40.5777129958411 19.1007571785523 60.5720681107251
360.877942836409 145.652545088711 184.544575270798 156.086994204654 42.7108224816208 62.8828088244309 30.9740070310581 61.8896209161611
337.189515284979 280.859588997651 113.35664803604 138.794579111071 80.6528409366392 12.3649218290816 20.8847651192154 61.7194485859508
112.282276640261 262.423654748515 218.583901559446 86.5157605850401 87.2281542889654 41.2991781615615 6.91669042755408 60.2208142275476
198.727972865441 87.3856512843169 204.235812354263 168.709479360491 61.8281581109439 58.7954368215339 29.0325189457063 51.4131874970364
137.558614852673 154.663530673653 68.0094159014062 154.251748435319 92.6573125770861 22.6802290075465 25.4749962915331 54.3302571867445
99.8816844294233 107.057404858133 120.369605624856 51.8662614306174 96.141928157124 48.0100692213531 13.6978390793216 58.4915406707863
94.5309486754341 77.7346728834506 83.319303172931 92.6687578982937 36.0730959010592 62.3553745504565 33.682813230245 55.218395054819
189.122254547179 73.5703689282441 60.4983726777941 64.8061873735272 71.6972850024178 27.798719720538 48.1979682362421 69.1103952335571
66.0542281655885 147.187711903214 57.2574300806158 46.5368218673356 44.5775982186528 43.6346031064225 17.2528075580671 84.4033755021897
21.3313079979142 51.4078616950942 114.551418537045 44.5589084820845 36.1967400327132 34.6613090256022 33.9361278695646 79.1303909951041
17.4248037684685 16.6014646115192 40.0090700846112 89.1261138250013 34.5794229752428 28.0194095788684 26.8426747012755 87.829832606776
6.92532056653154 13.5611591728544 12.9203810321651 30.6628708733049 58.7861730122534 19.1219970661352 15.2447453386016 75.3927571758661
3.2163021777701 5.38975220459716 10.554209995999 9.98594809007638 22.2188715899304 39.9862536973261 13.0181618809009 66.0518081875444
21.3835187362939 2.50314358544836 4.1946691922608 8.21007959094853 7.7348161383527 17.1429035279227 30.8630494827756 61.2912219090446
74.457246612482 16.6420985344664 1.9481154018045 3.2622011595533 6.34319455419972 5.93720123094796 13.1579805397606 71.1235050610845
130.552012444353 57.9476581946658 12.9520050954388 1.50535788943922 2.35810567759474 4.27051472899824 3.97021891711257 59.6176122197937
18.9482718385095 101.604393634439 45.0987814218059 10.0333175206723 1.11721441567474 1.67480618125927 3.02149958243804 46.6660240212236
41.3746109422765 14.7468249207793 79.0754015394623 35.0939560634192 7.79759129885592 0.867204266117736 1.29994734321616 38.6156368781162
23.2631231204492 32.2005166978387 11.4769751615103 61.5386976272469 27.2986396871075 6.06278750540355 0.674252812911233 31.0542553870738
37.381643390631 18.1049336156655 25.0606169337611 8.92771514131718 47.6554042320518 21.0450303749139 4.67170304604984 24.5490738337273
334.88662945028 29.0929196620606 14.0904821562637 19.0805639321358 5.44079733578647 21.8598798306262 9.33083801296538 16.161370158634
657.22990088626 260.631393453855 22.6420750318122 10.9662398217579 14.8508523952956 4.23512063889701 17.0169606319527 19.8473154889294
219.932811733877 511.500698516114 202.840953564507 17.6219478098643 8.53639160037046 11.5623908553908 3.29745700290673 28.7045107354818
20.739920721818 171.166568466823 398.084390606189 157.866747969533 13.7165169026143 6.64537028994795 9.00118469201059 24.916141987008
13.0467289703016 16.1412070906595 133.213384259183 301.813041252578 91.125312842313 5.43643340511738 2.50086059548908 15.8256411767886
26.0316679990252 10.1538456674913 12.5621775434019 101.054075928886 176.01900798998 40.7840722446158 2.77574960110615 11.1175617887714
50.7140367339285 20.2596022291221 7.90240849441428 9.51074355975978 57.6668379004215 84.7762070612146 27.5165246951568 10.3744067743153
38.5300318345001 39.4690886385364 15.7673907986849 6.1390935824222 7.26985889317376 43.6015978089376 65.1977819826341 29.4483609383441
38.906037939548 29.9866731118272 30.7175105411091 12.2694173944307 4.77073169938625 5.64214340911193 33.8543928657253 73.6445596201594
43.3587541292864 30.2793064584218 23.3376543309895 23.9050972541945 9.543520810052 3.70894334911931 4.38627896914578 83.6558246868716
45.8604199272469 33.7447109360238 23.5654013659165 18.1580342989966 18.5543260741367 7.38932547098782 2.87098661449891 68.3784845180921
36.2155023451849 35.6916762237947 26.2624131855919 18.3380292285197 14.1151840124537 14.4079761097238 5.73736705510174 55.4095062073326
25.9366045089879 28.1853499387269 27.7776730715747 20.437919710834 14.2630690853828 10.972507585943 11.1994537989817 47.5736623684936
28.1674385556702 20.1856174005379 21.9357429753868 21.617683896938 15.900450824968 11.0929123444009 8.53343677218279 45.733383470069
61.7006665635559 21.921803127348 15.7098108081072 17.0714710865345 16.8203445379175 12.3692237884435 8.62916590418426 42.230210861301
24.8500978293007 48.0196260145968 17.0610278035901 12.2178788924265 13.1931889367099 12.9167167671686 9.49196019784655 39.187974738234
57.7943124103767 19.3400245191839 37.372116234863 13.2778122740927 9.50711910672116 10.2644378408811 10.0491799936302 37.8816381052031
3.11475687320182 44.9794373754187 15.0517133160582 29.0846594580113 10.3306866004962 7.39499974078692 7.9838543488826 37.2898122233065
13.7388938168486 2.42411417101109 35.0060360999462 11.7142003283229 22.6344956692417 8.03926310628019 5.75470737980102 35.2355769192303
12.6208031167163 10.6925351002449 1.88660937380201 27.2436182480179 9.11529837507327 17.610250591722 6.25466560041185 31.8951776842438

