# Simulated data from SIR age-structured hybrid model
# random seed = 5056480
# Flag=0 if no issues, =1 if negative pop #'s, =2 if NaN, or=3 if NA. Flag:
0

# Number of years (nyr)
50

# Starting age
0

# Ending age
8

# Sample size for comp data
20

# Sample size for fishery age comp data
20

# Sample size for antibody prevalence data
20

# Survey data
20366.5452425076
12331.5108053643
12382.5261107716
25867.7624241597
7590.55905452734
7631.40150119318
8802.87803083697
12644.1693373006
10065.9245908473
6470.48214125501
5785.918154445
6572.64351784584
7216.55634391588
10411.473310171
13137.6528249356
33749.2780420191
82351.0614431174
94355.857510777
85876.6226044709
126660.866631315
61062.4591870874
96161.961412813
51734.0157842844
98333.990180148
63596.5798114145
99192.2500053261
37201.6531633307
47585.4983515316
41972.6682590118
56507.350116758
37348.4028122584
56237.9594684345
68527.3276653388
63976.0422902001
39337.0130472555
53796.375204666
33723.7756955096
24188.9675800881
44422.6335291843
23742.274045276
24853.9130127917
40491.2525977819
47398.9993827027
56602.677416186
42458.5273512904
28018.7309659359
26548.6768731179
36982.0549412528
25871.1221041451
18248.239898847

# Catches
0
0
0
0
0
0
0
0
0
0
0
0
0
0
0
0
0
0
0
0
0
0
0
0
0
0
0
0
0
0
0
0
0
0
0
0
0
0
0
0
0
0
0
0
0
0
0
0
0
0

# Catch compositions
-999 -999 -999 -999 -999 -999 -999 -999
-999 -999 -999 -999 -999 -999 -999 -999
-999 -999 -999 -999 -999 -999 -999 -999
-999 -999 -999 -999 -999 -999 -999 -999
-999 -999 -999 -999 -999 -999 -999 -999
-999 -999 -999 -999 -999 -999 -999 -999
-999 -999 -999 -999 -999 -999 -999 -999
-999 -999 -999 -999 -999 -999 -999 -999
-999 -999 -999 -999 -999 -999 -999 -999
-999 -999 -999 -999 -999 -999 -999 -999
-999 -999 -999 -999 -999 -999 -999 -999
-999 -999 -999 -999 -999 -999 -999 -999
-999 -999 -999 -999 -999 -999 -999 -999
-999 -999 -999 -999 -999 -999 -999 -999
-999 -999 -999 -999 -999 -999 -999 -999
-999 -999 -999 -999 -999 -999 -999 -999
-999 -999 -999 -999 -999 -999 -999 -999
-999 -999 -999 -999 -999 -999 -999 -999
-999 -999 -999 -999 -999 -999 -999 -999
-999 -999 -999 -999 -999 -999 -999 -999
-999 -999 -999 -999 -999 -999 -999 -999
-999 -999 -999 -999 -999 -999 -999 -999
-999 -999 -999 -999 -999 -999 -999 -999
-999 -999 -999 -999 -999 -999 -999 -999
-999 -999 -999 -999 -999 -999 -999 -999
-999 -999 -999 -999 -999 -999 -999 -999
-999 -999 -999 -999 -999 -999 -999 -999
-999 -999 -999 -999 -999 -999 -999 -999
-999 -999 -999 -999 -999 -999 -999 -999
-999 -999 -999 -999 -999 -999 -999 -999
-999 -999 -999 -999 -999 -999 -999 -999
-999 -999 -999 -999 -999 -999 -999 -999
-999 -999 -999 -999 -999 -999 -999 -999
-999 -999 -999 -999 -999 -999 -999 -999
-999 -999 -999 -999 -999 -999 -999 -999
-999 -999 -999 -999 -999 -999 -999 -999
-999 -999 -999 -999 -999 -999 -999 -999
-999 -999 -999 -999 -999 -999 -999 -999
-999 -999 -999 -999 -999 -999 -999 -999
-999 -999 -999 -999 -999 -999 -999 -999
-999 -999 -999 -999 -999 -999 -999 -999
-999 -999 -999 -999 -999 -999 -999 -999
-999 -999 -999 -999 -999 -999 -999 -999
-999 -999 -999 -999 -999 -999 -999 -999
-999 -999 -999 -999 -999 -999 -999 -999
-999 -999 -999 -999 -999 -999 -999 -999
-999 -999 -999 -999 -999 -999 -999 -999
-999 -999 -999 -999 -999 -999 -999 -999
-999 -999 -999 -999 -999 -999 -999 -999
-999 -999 -999 -999 -999 -999 -999 -999

# Age composition from fishery-independent survey
0 0 0 5 2 2 3 8
0 0 1 1 12 1 0 5
0 0 0 1 7 7 0 5
0 0 0 0 1 9 2 8
0 0 0 0 3 2 11 4
0 0 0 2 3 2 4 9
0 0 0 1 5 2 1 11
0 0 1 1 1 1 1 15
0 0 0 4 4 0 2 10
0 0 0 2 5 0 2 11
0 0 0 1 8 1 1 9
0 0 0 0 4 5 2 9
0 0 2 5 0 3 4 6
0 0 1 3 6 0 3 7
0 0 7 5 6 0 1 1
0 0 2 14 0 2 0 2
0 0 0 5 14 1 0 0
0 0 0 4 12 2 0 2
0 0 2 3 2 7 5 1
0 0 0 10 2 2 3 3
0 0 0 2 8 3 1 6
0 0 0 2 0 3 4 11
0 0 0 0 1 3 9 7
0 0 1 0 1 3 2 13
0 0 0 4 1 1 0 14
0 0 0 3 3 0 1 13
0 0 0 1 3 4 0 12
0 0 0 0 5 4 3 8
0 0 0 5 0 1 4 10
0 0 1 3 1 0 3 12
0 0 0 3 8 1 1 7
0 0 2 2 7 4 0 5
0 0 0 3 6 3 2 6
0 0 0 2 10 2 3 3
0 0 0 2 7 2 2 7
0 0 0 2 3 7 4 4
0 0 0 1 3 1 9 6
0 0 0 0 2 2 2 14
0 0 0 0 0 2 3 15
0 0 1 4 0 1 2 12
0 0 0 13 2 1 0 4
0 0 0 1 10 7 0 2
0 0 1 3 3 6 1 6
0 0 0 2 5 4 4 5
0 0 0 0 1 5 5 9
0 0 0 0 1 2 4 13
0 0 0 4 1 0 0 15
0 0 1 1 2 1 1 14
0 0 0 1 2 6 1 10
0 0 0 4 1 2 1 12

# Antibody prevalence values
0 0 0 0 0 0 0 4 0 2 0 3 2 2 3 4
0 0 0 0 0 0 0 3 1 6 1 0 0 0 6 3
0 0 0 0 0 0 0 2 1 1 5 3 1 0 7 0
0 0 0 0 0 0 0 1 1 1 1 4 4 1 7 0
0 0 0 0 0 0 0 1 0 2 1 3 2 5 5 1
0 0 0 0 0 0 0 1 0 2 0 3 0 4 6 4
0 0 0 0 0 0 0 0 1 2 0 2 0 4 5 6
0 0 0 0 0 1 0 1 0 0 0 3 1 1 6 7
0 0 0 0 0 1 0 2 0 2 0 1 0 1 4 9
0 0 0 0 0 0 0 1 0 2 0 2 0 1 7 7
0 0 0 0 0 1 0 2 0 1 0 3 0 0 4 9
0 0 0 0 0 0 0 0 0 4 0 4 1 3 2 6
0 0 0 0 0 1 0 1 0 0 0 5 0 4 2 7
0 0 0 0 0 2 0 7 0 4 0 0 0 2 0 5
0 0 0 0 0 8 0 1 0 6 0 0 0 0 2 3
0 0 0 0 0 3 0 12 0 1 1 1 1 0 1 0
0 0 0 0 0 0 0 5 7 5 2 0 1 0 0 0
0 0 0 0 0 0 0 2 4 5 7 0 1 0 1 0
0 0 0 0 0 4 0 5 1 2 3 1 3 1 0 0
0 0 0 0 0 0 0 6 1 3 1 0 4 0 5 0
0 0 0 0 0 1 0 2 7 3 2 0 1 0 4 0
0 0 0 0 0 0 0 1 1 0 7 1 4 0 6 0
0 0 0 0 0 0 0 0 0 5 1 0 6 2 6 0
0 0 0 0 0 0 0 0 0 0 0 3 0 2 14 1
0 0 0 0 0 0 0 2 0 0 0 0 0 2 15 1
0 0 0 0 0 0 0 3 0 5 0 0 0 1 10 1
0 0 0 0 0 0 0 3 0 5 1 1 1 0 9 0
0 0 0 0 0 0 0 1 0 0 1 3 0 0 15 0
0 0 0 0 0 3 0 2 0 1 0 2 2 1 7 2
0 0 0 0 0 0 0 6 0 1 0 0 0 0 12 1
0 0 0 0 0 0 0 7 2 3 0 0 0 0 7 1
0 0 0 0 0 1 0 2 4 2 5 0 0 0 6 0
0 0 0 0 0 0 0 1 1 7 2 0 3 0 6 0
0 0 0 0 0 0 0 6 2 2 2 1 1 0 6 0
0 0 0 0 0 1 0 2 2 5 3 0 2 0 5 0
0 0 0 0 0 0 1 0 1 1 7 2 3 0 5 0
0 0 0 0 0 0 0 0 0 5 0 1 6 0 7 1
0 0 0 0 0 0 0 0 0 0 2 3 0 1 14 0
0 0 0 0 0 0 0 1 1 2 0 1 1 3 9 2
0 0 0 0 0 1 0 3 0 2 0 1 2 0 8 3
0 0 0 0 0 1 0 8 0 3 0 0 0 1 6 1
0 0 0 0 0 0 1 6 1 5 2 0 1 0 4 0
0 0 0 0 0 0 0 1 3 4 7 0 2 0 3 0
0 0 0 0 0 0 0 0 0 3 2 2 6 0 7 0
0 0 0 0 0 0 0 1 1 1 1 2 1 3 10 0
0 0 0 0 0 0 0 0 0 2 0 0 2 3 12 1
0 0 0 0 0 0 0 2 0 0 0 2 0 1 8 7
0 0 0 0 0 0 0 3 0 4 0 0 1 1 7 4
0 0 0 0 0 0 0 1 0 1 0 4 0 0 13 1
0 0 0 0 0 1 0 4 0 1 0 2 5 1 6 0

# Average weight-at-age
70
94
115
134
150
160
165
168

# Maturity logistic function parameter age-at-50%
3

# Maturity logistic function parameter age-at-95%
4

# Infection prevalence index (avg of 3 different samples)
0.05
0
0
0
0
0
0.00555555555555556
0
0
0
0.0111111111111111
0
0
0
0.15
0.194444444444444
0.0444444444444444
0.0777777777777778
0.0888888888888889
0.0222222222222222
0
0
0
0
0
0.0444444444444444
0
0
0
0.0555555555555556
0
0.0333333333333333
0.0111111111111111
0.0222222222222222
0.0222222222222222
0
0
0
0
0.0666666666666667
0
0.105555555555556
0.0333333333333333
0
0.00555555555555556
0
0.0111111111111111
0
0
0.00555555555555556

