# Simulated data from SIR age-structured hybrid model
# random seed = 1646032
# Flag=0 if no issues, =1 if negative pop #'s, =2 if NaN, or=3 if NA. Flag:
0

# Number of years (nyr)
50

# Starting age
0

# Ending age
8

# Sample size for comp data
200

# Sample size for fishery age comp data
200

# Sample size for antibody prevalence data
200

# Survey data
22747.910982055
16504.3884140944
27456.5157666115
17855.6423858032
14296.2419342954
23961.8303901015
34673.4728172379
15763.871209927
10817.1163845334
22354.0774116493
13840.9808040119
18486.2056506293
18642.002971099
12113.8510005739
7431.54185141192
5641.09325986556
6162.62329781315
6331.22584894585
5506.65096538521
16473.4103835304
14399.2874830024
9517.36441326808
7116.46850981332
14365.0922418328
10675.3481558147
5293.72402083886
9626.53689716254
3103.78768116148
10709.3604268471
23774.2299360405
15377.5952024439
11795.1732078614
17005.5580535341
17900.9488997803
12084.2428195729
27404.9967291331
20968.4631151818
29953.4576549579
15473.47396789
6870.62996311086
11399.8767200311
12292.2581760141
23468.8019327658
33459.9547114796
20861.36182943
36807.9608545583
34255.7581998177
19135.8002758577
20038.0416765468
18758.9640728642

# Catches
0
0
0
0
0
0
0
0
0
0
0
0
0
0
0
0
0
0
0
0
0
0
0
0
0
0
0
0
0
0
0
0
0
0
0
0
0
0
0
0
0
0
0
0
0
0
0
0
0
0

# Catch compositions
-999 -999 -999 -999 -999 -999 -999 -999
-999 -999 -999 -999 -999 -999 -999 -999
-999 -999 -999 -999 -999 -999 -999 -999
-999 -999 -999 -999 -999 -999 -999 -999
-999 -999 -999 -999 -999 -999 -999 -999
-999 -999 -999 -999 -999 -999 -999 -999
-999 -999 -999 -999 -999 -999 -999 -999
-999 -999 -999 -999 -999 -999 -999 -999
-999 -999 -999 -999 -999 -999 -999 -999
-999 -999 -999 -999 -999 -999 -999 -999
-999 -999 -999 -999 -999 -999 -999 -999
-999 -999 -999 -999 -999 -999 -999 -999
-999 -999 -999 -999 -999 -999 -999 -999
-999 -999 -999 -999 -999 -999 -999 -999
-999 -999 -999 -999 -999 -999 -999 -999
-999 -999 -999 -999 -999 -999 -999 -999
-999 -999 -999 -999 -999 -999 -999 -999
-999 -999 -999 -999 -999 -999 -999 -999
-999 -999 -999 -999 -999 -999 -999 -999
-999 -999 -999 -999 -999 -999 -999 -999
-999 -999 -999 -999 -999 -999 -999 -999
-999 -999 -999 -999 -999 -999 -999 -999
-999 -999 -999 -999 -999 -999 -999 -999
-999 -999 -999 -999 -999 -999 -999 -999
-999 -999 -999 -999 -999 -999 -999 -999
-999 -999 -999 -999 -999 -999 -999 -999
-999 -999 -999 -999 -999 -999 -999 -999
-999 -999 -999 -999 -999 -999 -999 -999
-999 -999 -999 -999 -999 -999 -999 -999
-999 -999 -999 -999 -999 -999 -999 -999
-999 -999 -999 -999 -999 -999 -999 -999
-999 -999 -999 -999 -999 -999 -999 -999
-999 -999 -999 -999 -999 -999 -999 -999
-999 -999 -999 -999 -999 -999 -999 -999
-999 -999 -999 -999 -999 -999 -999 -999
-999 -999 -999 -999 -999 -999 -999 -999
-999 -999 -999 -999 -999 -999 -999 -999
-999 -999 -999 -999 -999 -999 -999 -999
-999 -999 -999 -999 -999 -999 -999 -999
-999 -999 -999 -999 -999 -999 -999 -999
-999 -999 -999 -999 -999 -999 -999 -999
-999 -999 -999 -999 -999 -999 -999 -999
-999 -999 -999 -999 -999 -999 -999 -999
-999 -999 -999 -999 -999 -999 -999 -999
-999 -999 -999 -999 -999 -999 -999 -999
-999 -999 -999 -999 -999 -999 -999 -999
-999 -999 -999 -999 -999 -999 -999 -999
-999 -999 -999 -999 -999 -999 -999 -999
-999 -999 -999 -999 -999 -999 -999 -999
-999 -999 -999 -999 -999 -999 -999 -999

# Age composition from fishery-independent survey
0 0 5 34 80 33 26 22
0 0 5 37 51 43 28 36
0 0 6 39 47 24 37 47
0 0 4 44 49 38 17 48
0 0 3 49 42 38 16 52
0 0 9 45 67 29 15 35
0 0 7 65 52 22 8 46
0 0 4 52 75 18 16 35
0 0 6 44 61 28 11 50
0 0 2 35 60 34 25 44
0 0 2 24 59 41 28 46
0 0 1 43 37 30 24 65
0 0 0 14 58 29 18 81
0 0 1 23 14 50 21 91
0 0 2 13 26 17 45 97
0 0 0 10 17 35 23 115
0 0 1 0 6 17 35 141
0 0 3 14 3 12 24 144
0 0 8 25 22 6 9 130
0 0 13 94 22 8 1 62
0 0 3 83 66 11 5 32
0 0 6 42 89 37 3 23
0 0 12 25 52 74 19 18
0 0 4 68 40 18 37 33
0 0 2 18 73 30 33 44
0 0 3 21 30 58 19 69
0 0 8 18 31 29 45 69
0 0 6 38 25 20 20 91
0 0 21 29 48 16 10 76
0 0 10 113 30 12 6 29
0 0 3 83 91 7 6 10
0 0 3 37 104 46 2 8
0 0 7 17 53 78 27 18
0 0 3 27 42 40 58 30
0 0 16 20 47 19 35 63
0 0 16 82 16 22 15 49
0 0 1 67 81 11 7 33
0 0 4 23 94 39 3 37
0 0 1 33 43 57 30 36
0 0 1 26 52 29 42 50
0 0 3 21 26 33 24 93
0 0 22 31 38 21 26 62
0 0 5 97 36 20 6 36
0 0 4 37 119 9 8 23
0 0 13 28 38 82 5 34
0 0 3 89 18 26 44 20
0 0 0 25 116 9 9 41
0 0 0 11 44 83 11 51
0 0 1 19 12 32 76 60
0 0 3 11 44 11 37 94

# Antibody prevalence values
0 0 0 0 0 4 3 37 11 68 19 18 15 1 22 2
0 0 0 0 0 5 0 51 7 37 18 25 27 3 26 1
0 0 0 0 0 3 0 48 3 47 8 24 20 8 36 3
0 0 0 0 0 9 0 50 2 55 2 28 6 8 38 2
0 0 0 0 0 2 1 41 3 46 12 38 4 17 33 3
0 0 0 0 0 11 0 33 2 43 8 22 6 20 41 14
0 0 0 0 0 11 0 57 3 33 7 20 9 11 34 15
0 0 0 0 0 5 0 47 6 59 7 23 6 6 36 5
0 0 0 0 0 5 0 45 6 60 14 19 7 3 37 4
0 0 0 0 0 1 0 44 7 53 20 24 9 3 36 3
0 0 0 0 0 6 0 27 1 50 5 50 9 14 30 8
0 0 0 0 0 5 0 35 2 29 5 26 8 13 70 7
0 0 0 0 0 1 0 13 0 67 1 30 2 17 51 18
0 0 0 0 0 0 0 24 0 17 0 43 1 19 59 37
0 0 0 0 0 0 0 14 0 30 0 16 2 42 55 41
0 0 0 0 0 0 0 3 0 17 0 29 0 16 42 93
0 0 0 0 0 2 0 1 0 16 1 11 2 28 48 91
0 0 0 0 0 0 0 19 0 5 0 9 0 10 45 112
0 0 0 0 0 19 0 22 0 26 0 4 2 12 30 85
0 0 0 0 0 13 0 85 0 28 0 4 0 1 19 50
0 0 0 0 0 2 0 75 1 68 0 14 0 1 9 30
0 0 0 0 0 4 1 30 12 89 19 20 2 2 15 6
0 0 0 0 0 14 0 31 8 41 20 51 9 9 11 6
0 0 0 0 0 2 0 57 0 31 6 27 17 26 24 10
0 0 0 0 0 2 0 17 3 80 1 23 2 15 27 30
0 0 0 0 0 5 0 20 0 31 7 59 3 19 30 26
0 0 0 0 0 4 0 19 0 28 3 27 10 34 33 42
0 0 0 0 0 8 0 43 0 17 0 20 2 20 23 67
0 0 0 0 0 19 0 39 0 49 0 17 0 15 15 46
0 0 0 0 0 9 0 94 0 36 2 20 0 8 3 28
0 0 0 0 0 6 1 84 13 69 1 4 1 4 10 7
0 0 0 0 0 3 0 39 23 81 25 12 4 0 12 1
0 0 0 0 0 4 0 21 7 47 31 45 33 1 11 0
0 0 0 0 0 2 0 26 2 34 8 31 23 37 32 5
0 0 0 0 0 16 0 17 0 47 0 18 3 28 52 19
0 0 0 0 0 8 0 83 0 19 0 26 0 13 26 25
0 0 0 0 0 1 1 85 12 65 1 3 3 0 19 10
0 0 0 0 0 2 0 28 11 86 25 7 4 0 36 1
0 0 0 0 0 3 0 25 4 31 28 28 34 1 46 0
0 0 0 0 0 3 0 14 0 55 2 32 15 29 49 1
0 0 0 0 0 10 0 19 0 36 0 32 2 19 61 21
0 0 0 0 0 15 0 39 0 25 0 22 0 26 45 28
0 0 0 0 0 2 0 104 0 28 1 9 0 10 23 23
0 0 0 0 0 0 0 22 24 92 6 8 3 4 31 10
0 0 0 0 0 12 1 18 10 38 50 34 13 0 22 2
0 0 0 0 0 2 1 98 0 23 4 14 16 20 21 1
0 0 0 0 0 0 0 20 27 88 8 4 7 4 37 5
0 0 0 0 0 1 0 10 7 31 52 39 8 3 47 2
0 0 0 0 0 2 0 24 1 14 4 27 51 27 49 1
0 0 0 0 0 2 0 12 0 39 2 17 5 25 72 26

# Average weight-at-age
70
94
115
134
150
160
165
168

# Maturity logistic function parameter age-at-50%
3

# Maturity logistic function parameter age-at-95%
4

# Infection prevalence index (avg of 3 different samples)
0.0277777777777778
0
0.00555555555555556
0
0
0.0666666666666667
0.00555555555555556
0.0666666666666667
0.0444444444444444
0
0.0888888888888889
0
0
0
0
0
0
0
0
0
0.0888888888888889
0.0166666666666667
0
0
0
0
0
0
0
0.211111111111111
0.00555555555555556
0.0166666666666667
0
0
0
0
0.194444444444444
0.116666666666667
0
0
0
0
0.05
0.0444444444444444
0
0.0944444444444444
0.0833333333333333
0
0
0

