# Simulated data from SIR age-structured hybrid model
# random seed = 3114403
# Flag=0 if no issues, =1 if negative pop #'s, =2 if NaN, or=3 if NA. Flag:
0

# Number of years (nyr)
50

# Starting age
0

# Ending age
8

# Sample size for comp data
200

# Sample size for fishery age comp data
200

# Sample size for antibody prevalence data
200

# Survey data
10533.9827565204
9948.81852176517
3465.79113836766
10281.6472323263
12271.3554194675
20441.8907553588
17741.7906164068
15476.6309445063
16165.2214477592
10393.7817294313
9873.4715324969
5632.7712314703
7597.94587555754
8784.40906930203
8782.12979945388
5818.02884113199
5158.14513592325
7014.52795359692
13821.2768380125
4333.83124608668
14774.7648925671
8839.26042972367
4360.7948001945
8132.8794907341
6284.70346847382
8787.31837887361
4671.47349738867
5562.9537524188
11097.1119908747
8227.45382739044
10299.3370028775
7686.63538037366
12064.9765095509
18269.7827206686
11100.6513550733
19351.2173425367
10238.9139083049
15706.3993491023
9858.68799493205
24797.3970969525
18796.2687108551
15085.7306686712
15109.9520969114
15147.6463551578
15119.4774182965
10198.5294753479
10906.3842903059
12084.8461926135
7055.82612031206
4448.11600976891

# Catches
0
0
0
0
0
0
0
0
0
0
0
0
0
0
0
0
0
0
0
0
0
0
0
0
0
0
0
0
0
0
0
0
0
0
0
0
0
0
0
0
0
0
0
0
0
0
0
0
0
0

# Catch compositions
-999 -999 -999 -999 -999 -999 -999 -999
-999 -999 -999 -999 -999 -999 -999 -999
-999 -999 -999 -999 -999 -999 -999 -999
-999 -999 -999 -999 -999 -999 -999 -999
-999 -999 -999 -999 -999 -999 -999 -999
-999 -999 -999 -999 -999 -999 -999 -999
-999 -999 -999 -999 -999 -999 -999 -999
-999 -999 -999 -999 -999 -999 -999 -999
-999 -999 -999 -999 -999 -999 -999 -999
-999 -999 -999 -999 -999 -999 -999 -999
-999 -999 -999 -999 -999 -999 -999 -999
-999 -999 -999 -999 -999 -999 -999 -999
-999 -999 -999 -999 -999 -999 -999 -999
-999 -999 -999 -999 -999 -999 -999 -999
-999 -999 -999 -999 -999 -999 -999 -999
-999 -999 -999 -999 -999 -999 -999 -999
-999 -999 -999 -999 -999 -999 -999 -999
-999 -999 -999 -999 -999 -999 -999 -999
-999 -999 -999 -999 -999 -999 -999 -999
-999 -999 -999 -999 -999 -999 -999 -999
-999 -999 -999 -999 -999 -999 -999 -999
-999 -999 -999 -999 -999 -999 -999 -999
-999 -999 -999 -999 -999 -999 -999 -999
-999 -999 -999 -999 -999 -999 -999 -999
-999 -999 -999 -999 -999 -999 -999 -999
-999 -999 -999 -999 -999 -999 -999 -999
-999 -999 -999 -999 -999 -999 -999 -999
-999 -999 -999 -999 -999 -999 -999 -999
-999 -999 -999 -999 -999 -999 -999 -999
-999 -999 -999 -999 -999 -999 -999 -999
-999 -999 -999 -999 -999 -999 -999 -999
-999 -999 -999 -999 -999 -999 -999 -999
-999 -999 -999 -999 -999 -999 -999 -999
-999 -999 -999 -999 -999 -999 -999 -999
-999 -999 -999 -999 -999 -999 -999 -999
-999 -999 -999 -999 -999 -999 -999 -999
-999 -999 -999 -999 -999 -999 -999 -999
-999 -999 -999 -999 -999 -999 -999 -999
-999 -999 -999 -999 -999 -999 -999 -999
-999 -999 -999 -999 -999 -999 -999 -999
-999 -999 -999 -999 -999 -999 -999 -999
-999 -999 -999 -999 -999 -999 -999 -999
-999 -999 -999 -999 -999 -999 -999 -999
-999 -999 -999 -999 -999 -999 -999 -999
-999 -999 -999 -999 -999 -999 -999 -999
-999 -999 -999 -999 -999 -999 -999 -999
-999 -999 -999 -999 -999 -999 -999 -999
-999 -999 -999 -999 -999 -999 -999 -999
-999 -999 -999 -999 -999 -999 -999 -999
-999 -999 -999 -999 -999 -999 -999 -999

# Age composition from fishery-independent survey
0 0 8 62 38 35 36 21
0 0 2 43 90 13 19 33
0 0 16 11 58 49 8 58
0 0 28 70 13 25 25 39
0 0 9 121 37 3 11 19
0 0 5 83 89 12 1 10
0 0 3 49 83 49 7 9
0 0 12 35 66 44 21 22
0 0 4 69 41 38 15 33
0 0 2 58 75 17 15 33
0 0 0 12 90 32 10 56
0 0 2 3 11 71 35 78
0 0 2 24 8 16 62 88
0 0 4 13 35 3 20 125
0 0 2 30 24 33 3 108
0 0 4 25 35 16 18 102
0 0 3 32 26 44 10 85
0 0 3 35 41 32 24 65
0 0 3 21 48 32 26 70
0 0 9 41 35 37 20 58
0 0 1 80 47 12 9 51
0 0 1 26 117 15 9 32
0 0 6 13 59 77 10 35
0 0 16 28 10 45 60 41
0 0 5 93 30 7 18 47
0 0 3 29 106 18 2 42
0 0 11 32 58 56 13 30
0 0 4 60 39 31 44 22
0 0 20 26 68 18 16 52
0 0 7 68 25 44 15 41
0 0 5 51 94 13 9 28
0 0 10 39 65 57 2 27
0 0 16 52 47 29 26 30
0 0 15 59 50 28 25 23
0 0 0 115 59 8 2 16
0 0 9 16 139 17 4 15
0 0 7 79 30 55 7 22
0 0 15 24 97 6 40 18
0 0 28 87 27 21 5 32
0 0 1 110 55 10 10 14
0 0 5 22 137 13 3 20
0 0 9 71 26 58 10 26
0 0 5 63 55 15 39 23
0 0 3 25 88 23 3 58
0 0 10 37 33 47 21 52
0 0 2 41 39 27 26 65
0 0 0 29 56 24 22 69
0 0 2 4 43 41 27 83
0 0 1 0 6 45 46 102
0 0 3 24 2 8 31 132

# Antibody prevalence values
0 0 0 0 0 2 0 74 0 43 1 36 16 7 19 2
0 0 0 0 0 1 0 49 6 81 3 11 4 15 26 4
0 0 0 0 0 15 0 15 3 65 17 29 3 6 39 8
0 0 0 0 0 34 0 68 0 12 2 30 8 17 23 6
0 0 0 0 0 11 0 114 0 40 0 2 3 8 11 11
0 0 0 0 0 3 3 72 12 80 6 5 1 1 16 1
0 0 0 0 0 3 0 38 12 94 23 15 7 0 8 0
0 0 0 0 0 16 0 32 5 60 20 21 29 1 16 0
0 0 0 0 0 9 0 68 0 50 2 21 10 14 26 0
0 0 0 0 0 1 0 64 3 71 5 5 10 4 35 2
0 0 0 0 0 0 1 8 17 75 15 21 9 2 52 0
0 0 0 0 0 2 0 5 1 16 9 55 17 22 67 6
0 0 0 0 0 4 0 21 0 7 1 24 12 51 58 22
0 0 0 0 0 4 0 22 0 32 0 7 0 11 63 61
0 0 0 0 0 4 0 26 0 23 0 31 0 1 62 53
0 0 0 0 0 2 0 28 0 36 0 26 0 19 46 43
0 0 0 0 0 0 0 24 0 44 0 26 0 18 26 62
0 0 0 0 0 2 0 37 0 45 0 31 0 24 19 42
0 0 0 0 0 3 0 34 0 46 0 35 0 17 17 48
0 0 0 0 0 19 0 43 0 30 0 33 0 24 7 44
0 0 0 0 0 1 0 55 1 60 0 23 0 18 5 37
0 0 0 0 0 1 0 28 15 101 3 7 1 8 19 17
0 0 0 0 0 6 0 7 4 49 44 42 12 3 27 6
0 0 0 0 0 19 0 28 0 20 3 36 21 46 25 2
0 0 0 0 0 4 0 101 0 23 0 4 5 18 24 21
0 0 0 0 0 2 0 38 1 92 2 16 0 3 21 25
0 0 0 0 0 7 0 21 5 48 24 48 2 7 24 14
0 0 0 0 0 5 0 55 0 37 3 30 12 27 21 10
0 0 0 0 0 13 0 29 0 71 1 22 1 27 18 18
0 0 0 0 0 4 0 66 0 32 0 28 0 14 20 36
0 0 0 0 0 2 1 53 2 84 3 15 3 13 16 8
0 0 0 0 0 7 1 41 5 56 15 31 5 4 26 9
0 0 0 0 0 16 0 57 0 40 4 40 7 15 16 5
0 0 0 0 0 27 0 59 0 31 0 29 2 23 17 12
0 0 0 0 0 2 0 114 9 51 5 4 1 4 7 3
0 0 0 0 0 6 0 21 22 117 12 6 5 0 11 0
0 0 0 0 0 4 0 84 2 28 42 20 8 0 12 0
0 0 0 0 0 14 0 43 5 79 2 4 21 5 26 1
0 0 0 0 0 38 1 61 3 29 7 16 2 4 37 2
0 0 0 0 0 2 0 128 3 43 2 1 4 0 17 0
0 0 0 0 0 6 0 17 24 113 15 4 3 0 18 0
0 0 0 0 0 18 0 53 2 27 40 14 19 0 27 0
0 0 0 0 0 2 0 72 0 56 2 10 26 5 27 0
0 0 0 0 0 5 0 29 12 70 15 18 2 1 47 1
0 0 0 0 0 1 0 24 4 41 14 34 8 4 70 0
0 0 0 0 0 2 0 24 1 47 3 27 14 23 53 6
0 0 0 0 0 2 0 22 0 60 2 27 6 24 30 27
0 0 0 0 0 0 0 8 0 46 3 43 1 20 53 26
0 0 0 0 0 0 0 1 0 9 1 39 2 44 43 61
0 0 0 0 0 3 0 22 0 2 0 10 2 33 51 77

# Average weight-at-age
70
94
115
134
150
160
165
168

# Maturity logistic function parameter age-at-50%
3

# Maturity logistic function parameter age-at-95%
4

# Infection prevalence index (avg of 3 different samples)
0.0166666666666667
0
0
0
0.35
0.0222222222222222
0.0611111111111111
0
0.0722222222222222
0.111111111111111
0.0222222222222222
0
0
0
0
0
0
0
0
0
0.277777777777778
0.116666666666667
0
0
0
0.00555555555555556
0
0
0
0.0333333333333333
0.116666666666667
0
0
0.177777777777778
0.0444444444444444
0.0111111111111111
0
0.0111111111111111
0.172222222222222
0.0222222222222222
0.05
0
0.1
0
0
0
0
0
0
0

