# Simulated data from SIR age-structured hybrid model
# random seed = 7751537
# Flag=0 if no issues, =1 if negative pop #'s, =2 if NaN, or=3 if NA. Flag:
0

# Number of years (nyr)
50

# Starting age
0

# Ending age
8

# Sample size for comp data
200

# Sample size for fishery age comp data
200

# Sample size for antibody prevalence data
200

# Survey data
15399.5731038103
9698.36397727441
14478.7978306731
11597.5779930164
15338.3327417112
12173.4798038016
8329.90215502651
5705.58225119127
12294.7194911913
18591.9527530777
18749.8370399363
24994.3618311945
20768.3809093275
16648.6810084245
34202.9307165077
54015.3348164841
73815.9244075785
52572.7443752792
41273.2484691202
59033.1351628636
69225.0922633925
83873.6884616865
46208.6111868005
31184.4285296444
41362.5865660099
32769.2503376918
27490.4164299888
23554.380594964
20807.7248475011
41819.0001788522
15825.363235616
18528.0069065141
11864.4940357815
8708.69637384531
9819.97451818128
12817.3716566465
5431.92037662581
6146.14243367798
10020.8707391129
8763.80516385421
6863.79577499193
5755.13040476151
9104.30394056225
11168.3289716786
9708.12397731362
5557.19767207146
7620.05025126729
6540.17105170396
8045.52147421713
6109.05405356212

# Catches
0
0
0
0
0
0
0
0
0
0
0
0
0
0
0
0
0
0
0
0
0
0
0
0
0
0
0
0
0
0
0
0
0
0
0
0
0
0
0
0
0
0
0
0
0
0
0
0
0
0

# Catch compositions
-999 -999 -999 -999 -999 -999 -999 -999
-999 -999 -999 -999 -999 -999 -999 -999
-999 -999 -999 -999 -999 -999 -999 -999
-999 -999 -999 -999 -999 -999 -999 -999
-999 -999 -999 -999 -999 -999 -999 -999
-999 -999 -999 -999 -999 -999 -999 -999
-999 -999 -999 -999 -999 -999 -999 -999
-999 -999 -999 -999 -999 -999 -999 -999
-999 -999 -999 -999 -999 -999 -999 -999
-999 -999 -999 -999 -999 -999 -999 -999
-999 -999 -999 -999 -999 -999 -999 -999
-999 -999 -999 -999 -999 -999 -999 -999
-999 -999 -999 -999 -999 -999 -999 -999
-999 -999 -999 -999 -999 -999 -999 -999
-999 -999 -999 -999 -999 -999 -999 -999
-999 -999 -999 -999 -999 -999 -999 -999
-999 -999 -999 -999 -999 -999 -999 -999
-999 -999 -999 -999 -999 -999 -999 -999
-999 -999 -999 -999 -999 -999 -999 -999
-999 -999 -999 -999 -999 -999 -999 -999
-999 -999 -999 -999 -999 -999 -999 -999
-999 -999 -999 -999 -999 -999 -999 -999
-999 -999 -999 -999 -999 -999 -999 -999
-999 -999 -999 -999 -999 -999 -999 -999
-999 -999 -999 -999 -999 -999 -999 -999
-999 -999 -999 -999 -999 -999 -999 -999
-999 -999 -999 -999 -999 -999 -999 -999
-999 -999 -999 -999 -999 -999 -999 -999
-999 -999 -999 -999 -999 -999 -999 -999
-999 -999 -999 -999 -999 -999 -999 -999
-999 -999 -999 -999 -999 -999 -999 -999
-999 -999 -999 -999 -999 -999 -999 -999
-999 -999 -999 -999 -999 -999 -999 -999
-999 -999 -999 -999 -999 -999 -999 -999
-999 -999 -999 -999 -999 -999 -999 -999
-999 -999 -999 -999 -999 -999 -999 -999
-999 -999 -999 -999 -999 -999 -999 -999
-999 -999 -999 -999 -999 -999 -999 -999
-999 -999 -999 -999 -999 -999 -999 -999
-999 -999 -999 -999 -999 -999 -999 -999
-999 -999 -999 -999 -999 -999 -999 -999
-999 -999 -999 -999 -999 -999 -999 -999
-999 -999 -999 -999 -999 -999 -999 -999
-999 -999 -999 -999 -999 -999 -999 -999
-999 -999 -999 -999 -999 -999 -999 -999
-999 -999 -999 -999 -999 -999 -999 -999
-999 -999 -999 -999 -999 -999 -999 -999
-999 -999 -999 -999 -999 -999 -999 -999
-999 -999 -999 -999 -999 -999 -999 -999
-999 -999 -999 -999 -999 -999 -999 -999

# Age composition from fishery-independent survey
0 0 4 32 38 14 30 82
0 0 2 32 50 34 10 72
0 0 2 15 46 31 28 78
0 0 2 14 22 50 32 80
0 0 2 8 34 18 41 97
0 0 1 7 16 23 21 132
0 0 5 5 20 19 21 130
0 0 5 38 18 8 14 117
0 0 13 41 43 7 8 88
0 0 2 105 28 12 3 50
0 0 4 21 117 18 9 31
0 0 3 31 39 83 17 27
0 0 9 30 22 30 79 30
0 0 14 51 33 15 14 73
0 0 7 82 56 10 8 37
0 0 2 62 70 29 7 30
0 0 2 20 72 49 29 28
0 0 3 25 25 68 46 33
0 0 6 13 54 19 45 63
0 0 10 32 21 45 19 73
0 0 5 54 39 20 15 67
0 0 3 16 63 39 9 70
0 0 5 11 29 62 17 76
0 0 2 20 25 27 42 84
0 0 0 18 36 15 18 113
0 0 2 1 30 29 22 116
0 0 3 17 2 31 19 128
0 0 4 6 33 1 23 133
0 0 4 71 22 15 0 88
0 0 0 6 100 16 10 68
0 0 0 0 16 69 13 102
0 0 2 2 6 13 87 90
0 0 1 11 4 6 18 160
0 0 4 12 21 2 5 156
0 0 2 37 23 16 5 117
0 0 1 12 49 23 14 101
0 0 2 13 28 40 17 100
0 0 2 3 28 23 36 108
0 0 0 12 18 30 19 121
0 0 0 6 26 14 19 135
0 0 17 2 8 20 18 135
0 0 7 113 4 2 7 67
0 0 1 17 128 0 2 52
0 0 0 11 38 106 1 44
0 0 0 11 25 23 106 35
0 0 2 9 16 16 38 119
0 0 3 21 10 14 16 136
0 0 4 28 27 17 10 114
0 0 5 30 37 26 16 86
0 0 17 15 60 29 15 64

# Antibody prevalence values
0 0 0 0 0 6 0 28 3 47 3 6 12 24 53 18
0 0 0 0 0 2 0 32 0 37 0 36 8 11 48 26
0 0 0 0 0 1 0 9 0 55 1 28 2 27 55 22
0 0 0 0 0 2 1 18 1 26 4 33 6 22 58 29
0 0 0 0 0 0 0 3 1 33 2 18 11 29 52 51
0 0 0 0 0 2 0 9 0 9 0 28 1 19 52 80
0 0 0 0 0 6 0 10 0 11 0 14 1 22 47 89
0 0 0 0 0 8 0 39 0 13 1 14 0 10 39 76
0 0 0 0 0 19 0 26 0 47 0 14 0 9 21 64
0 0 0 0 0 5 0 104 0 42 0 20 0 1 9 19
0 0 0 0 0 0 1 27 41 74 15 5 8 3 21 5
0 0 0 0 0 1 0 24 11 32 54 34 11 2 29 2
0 0 0 0 0 13 0 26 1 28 11 24 39 20 36 2
0 0 0 0 0 11 0 63 0 28 0 19 5 11 55 8
0 0 0 0 0 9 1 79 9 48 3 8 7 1 28 7
0 0 0 0 0 0 0 67 16 48 25 7 9 0 27 1
0 0 0 0 0 5 0 18 24 44 46 9 30 1 23 0
0 0 0 0 0 3 0 40 3 14 32 27 36 5 39 1
0 0 0 0 0 3 0 11 16 41 6 10 35 14 64 0
0 0 0 0 0 7 0 25 6 19 10 33 9 3 82 6
0 0 0 0 0 2 1 49 6 41 2 11 11 5 69 3
0 0 0 0 0 1 0 18 20 40 26 5 10 0 77 3
0 0 0 0 0 2 0 19 10 14 47 18 15 2 72 1
0 0 0 0 0 3 0 24 0 26 3 18 32 16 75 3
0 0 0 0 0 0 1 11 1 34 1 29 7 16 84 16
0 0 0 0 0 1 0 0 0 35 2 28 5 12 94 23
0 0 0 0 0 2 1 14 2 2 6 19 7 18 113 16
0 0 0 0 0 13 0 7 0 22 0 1 8 12 107 30
0 0 0 0 0 1 1 69 1 12 0 19 0 1 71 25
0 0 0 0 0 0 0 11 18 69 6 7 5 12 63 9
0 0 0 0 0 1 0 1 3 14 40 21 12 2 99 7
0 0 0 0 0 0 0 3 0 4 5 11 46 22 104 5
0 0 0 0 0 3 0 7 0 7 0 3 5 7 136 32
0 0 0 0 0 2 0 13 0 12 0 3 0 1 128 41
0 0 0 0 0 4 0 33 0 20 0 8 0 1 115 19
0 0 0 0 0 2 0 16 0 47 0 16 0 9 85 25
0 0 0 0 0 1 0 13 0 26 0 42 0 13 68 37
0 0 0 0 0 1 0 6 0 24 0 26 0 40 59 44
0 0 0 0 0 1 0 8 0 13 0 21 0 16 61 80
0 0 0 0 0 0 0 2 0 16 0 9 0 26 63 84
0 0 0 0 0 23 0 6 0 8 0 13 0 11 37 102
0 0 0 0 0 1 0 115 0 3 0 2 0 5 22 52
0 0 0 0 0 0 0 24 30 94 1 0 1 0 36 14
0 0 0 0 0 2 0 12 3 26 64 41 1 0 39 12
0 0 0 0 0 1 0 9 0 21 6 21 52 50 36 4
0 0 0 0 0 2 0 7 0 11 0 14 6 16 87 57
0 0 0 0 0 3 0 18 0 15 0 22 0 14 71 57
0 0 0 0 0 11 0 31 1 34 0 13 0 13 52 45
0 0 0 0 0 3 0 36 0 48 0 27 0 9 43 34
0 0 0 0 0 17 0 23 0 37 0 26 0 21 27 49

# Average weight-at-age
70
94
115
134
150
160
165
168

# Maturity logistic function parameter age-at-50%
3

# Maturity logistic function parameter age-at-95%
4

# Infection prevalence index (avg of 3 different samples)
0
0
0.0111111111111111
0
0
0
0
0
0
0.0277777777777778
0
0
0
0.0777777777777778
0.00555555555555556
0.0611111111111111
0
0
0.0166666666666667
0.0166666666666667
0.0166666666666667
0.0166666666666667
0
0
0
0.0111111111111111
0
0
0.0166666666666667
0.0555555555555556
0
0
0
0
0
0
0
0
0
0
0
0.0111111111111111
0.00555555555555556
0
0
0
0
0
0
0

