# Simulated data from SIR age-structured hybrid model
# random seed = 2612724
# Flag=0 if no issues, =1 if negative pop #'s, =2 if NaN, or=3 if NA. Flag:
0

# True SSB
52960.3058504874
56326.0186400755
51022.7989183153
51996.5375896444
52846.2301372374
46909.8858513394
41229.4308711021
36965.2074140787
33261.2124874345
28845.1671959662
23911.9566449378
20000.5942073321
16892.5593789323
15538.2961177024
14843.7585070305
13870.4229768338
14915.2386108635
17098.7896649851
15637.3696806899
15216.227827564
15201.0451415878
14894.2976636962
15904.336997636
17753.0644901038
19871.676438716
23473.1693044443
23655.1918676882
35574.8503375156
49347.1111807341
57656.9553604493
58088.499303347
57660.3336542201
49709.8051409844
41521.395089657
37908.3834051298
35359.1600253072
28824.4314367294
24722.8905571729
25705.285116329
34153.2114921835
36191.1097120891
32955.0842117631
32322.5815907315
34079.6911019405
36431.0365561918
40317.925555045
39170.1244299752
37310.6771037784
30125.0380240772
31146.5760601176

# True R (numbers)
250.403326685687
179.926053526352
51.9263741472725
63.6935117803076
81.16732632335
58.4617261945733
27.1367236418864
26.8988965130466
11.7949749150754
27.1884709651843
48.492443065437
40.480536233896
25.3535933522788
98.6060901854233
86.322005949952
18.7987337926535
64.719518236264
39.523602739343
55.174449254359
73.8258148378172
108.496431024888
95.4332274829621
151.99498821307
102.857806598298
411.909979117827
474.804265080049
221.148008697398
446.912135117446
117.200388806932
18.764606366557
25.5244609506336
148.899774699862
53.4287063530918
9.49138808350281
39.0446308609428
139.561850952034
339.536378680951
75.2440353941223
134.225984386785
55.1613743918739
197.846970249991
228.148385677798
172.465495245348
117.795845057294
83.2763002099287
19.3070422711105
118.900371079324
908.744224906501
201.590686340099
147.947581071026

# True infection rate given (selected) susceptible
-999 -999 0.655260980171126 0.655260980171126 0.655260980171126 0.655260980171126 0.655260980171126 0.655260980171126
-999 -999 0.509299518099387 0.509299518099387 0.509299518099387 0.509299518099387 0.509299518099387 0.509299518099387
-999 -999 0.0183351340221368 0.0183351340221364 0.0183351340221366 0.0183351340221366 0.0183351340221356 0.018335134022137
-999 -999 0.216109815656209 0.216109815656209 0.216109815656209 0.216109815656209 0.216109815656208 0.216109815656209
-999 -999 0.496361653003348 0.496361653003349 0.496361653003349 0.496361653003349 0.496361653003349 0.496361653003349
-999 -999 0.00326311137890272 0.00326311137890393 0.0032631113789028 0.00326311137890248 0.00326311137890276 0.00326311137890305
-999 -999 0.00642749014594712 0.00642749014594752 0.0064274901459469 0.0064274901459468 0.0064274901459476 0.00642749014594807
-999 -999 0.00518895712357378 0.0051889571235749 0.00518895712357408 0.00518895712357412 0.00518895712357414 0.0051889571235736
-999 -999 0.0140567701687755 0.0140567701687762 0.0140567701687759 0.0140567701687756 0.0140567701687761 0.0140567701687757
-999 -999 0.127441364458209 0.127441364458208 0.127441364458208 0.127441364458209 0.127441364458208 0.127441364458209
-999 -999 0.0174995332168512 0.0174995332168512 0.0174995332168515 0.0174995332168507 0.0174995332168512 0.0174995332168507
-999 -999 0.0544963725969313 0.0544963725969309 0.054496372596932 0.0544963725969315 0.0544963725969315 0.0544963725969307
-999 -999 0.00706900614445198 0.00706900614445304 0.0070690061444526 0.00706900614445273 0.00706900614445184 0.00706900614445133
-999 -999 0.00768883832752349 0.00768883832752417 0.00768883832752362 0.00768883832752278 0.00768883832752275 0.00768883832752264
-999 -999 0.0560117433744249 0.0560117433744259 0.0560117433744252 0.0560117433744255 0.0560117433744262 0.0560117433744257
-999 -999 0.00154694181970592 0.00154694181970573 0.00154694181970617 0.00154694181970623 0.00154694181970576 0.00154694181970563
-999 -999 0.00138955347680734 0.00138955347680825 0.0013895534768067 0.00138955347680768 0.00138955347680739 0.00138955347680695
-999 -999 0.307761885828357 0.307761885828358 0.307761885828357 0.307761885828358 0.307761885828358 0.307761885828358
-999 -999 0.00178271528587933 0.00178271528587944 0.00178271528587926 0.00178271528587959 0.00178271528587869 0.00178271528588021
-999 -999 0.00246377371555793 0.00246377371555845 0.00246377371555819 0.00246377371555804 0.00246377371555886 0.00246377371555837
-999 -999 0.0588423827426686 0.0588423827426688 0.0588423827426672 0.0588423827426692 0.0588423827426686 0.0588423827426692
-999 -999 0.00277365631803357 0.00277365631803431 0.00277365631803408 0.00277365631803353 0.00277365631803416 0.00277365631803422
-999 -999 0.105605897425423 0.105605897425423 0.105605897425423 0.105605897425423 0.105605897425424 0.105605897425423
-999 -999 0.168695225177661 0.168695225177661 0.16869522517766 0.168695225177661 0.168695225177662 0.168695225177661
-999 -999 0.00747118767371377 0.00747118767371321 0.00747118767371396 0.007471187673714 0.00747118767371453 0.00747118767371398
-999 -999 0.572227661874259 0.572227661874259 0.572227661874259 0.572227661874258 0.572227661874258 0.572227661874258
-999 -999 0.00344096735042546 0.00344096735042701 0.00344096735042553 0.00344096735042688 0.0034409673504261 0.00344096735042595
-999 -999 0.759774133076762 0.759774133076762 0.759774133076762 0.759774133076762 0.759774133076762 0.759774133076762
-999 -999 0.609041890281853 0.609041890281853 0.609041890281853 0.609041890281853 0.609041890281853 0.609041890281853
-999 -999 0.729246696508478 0.729246696508478 0.729246696508478 0.729246696508478 0.729246696508478 0.729246696508478
-999 -999 0.599380299628765 0.599380299628765 0.599380299628765 0.599380299628764 0.599380299628764 0.599380299628765
-999 -999 0.334496688621892 0.334496688621892 0.334496688621892 0.334496688621891 0.334496688621892 0.334496688621892
-999 -999 0.00502266600197259 0.00502266600197231 0.00502266600197259 0.00502266600197257 0.00502266600197273 0.00502266600197194
-999 -999 0.00616404771687813 0.00616404771687694 0.00616404771687741 0.00616404771687733 0.00616404771687779 0.00616404771687723
-999 -999 0.0246273237350571 0.0246273237350572 0.0246273237350575 0.0246273237350569 0.0246273237350575 0.0246273237350568
-999 -999 0.252154089796676 0.252154089796675 0.252154089796675 0.252154089796676 0.252154089796675 0.252154089796675
-999 -999 0.00591277729033178 0.0059127772903324 0.00591277729033174 0.00591277729033186 0.00591277729033182 0.00591277729033229
-999 -999 0.00442190023918624 0.0044219002391872 0.00442190023918679 0.00442190023918759 0.00442190023918771 0.00442190023918691
-999 -999 0.0134901654074782 0.0134901654074772 0.0134901654074767 0.0134901654074766 0.0134901654074768 0.0134901654074765
-999 -999 0.615982187922814 0.615982187922814 0.615982187922814 0.615982187922814 0.615982187922814 0.615982187922814
-999 -999 0.654562507289181 0.654562507289181 0.654562507289181 0.654562507289181 0.654562507289181 0.654562507289181
-999 -999 0.00191277607320545 0.00191277607320544 0.00191277607320572 0.00191277607320533 0.00191277607320537 0.00191277607320569
-999 -999 0.00329328897425192 0.00329328897425221 0.00329328897425183 0.00329328897425066 0.0032932889742517 0.00329328897425063
-999 -999 0.438056320926423 0.438056320926423 0.438056320926424 0.438056320926424 0.438056320926423 0.438056320926423
-999 -999 0.154085525713666 0.154085525713665 0.154085525713666 0.154085525713665 0.154085525713665 0.154085525713665
-999 -999 0.356741927406067 0.356741927406067 0.356741927406067 0.356741927406067 0.356741927406067 0.356741927406067
-999 -999 0.0153306143528001 0.0153306143527991 0.0153306143527994 0.0153306143528008 0.0153306143528003 0.0153306143528001
-999 -999 0.451379149554558 0.451379149554558 0.451379149554558 0.451379149554559 0.451379149554558 0.451379149554559
-999 -999 0.00293361113293899 0.00293361113293951 0.00293361113293889 0.0029336111329394 0.00293361113293833 0.00293361113293925
-999 -999 0.00463154089356578 0.00463154089356661 0.00463154089356639 0.00463154089356553 0.00463154089356608 0.00463154089356498

# Duration of outbreak (days) based on incidence
0
0
0
0
0
0
0
0
0
0
0
0
0
0
0
0
0
0
0
0
0
0
0
0
0
0
0
0
0
0
0
0
0
0
0
0
0
0
0
0
0
0
0
0
0
0
0
0
0
0

# Duration of outbreak (days) based on prevalence
10
0
0
0
0
0
0
0
0
0
0
0
0
0
0
0
0
0
0
0
0
0
0
0
0
25
0
25
0
17
0
0
0
0
0
0
0
0
0
12
10
0
0
0
0
0
0
0
0
0

# Peak (point) prevalence
0.130343474885467
0.0487784256911918
0.0012032317967968
0.0172202081796208
0.0556481537039515
6.2091884293713e-05
0.000255414681891787
0.000141483653059789
0.000446667233653081
0.0117848916024641
0.000991483173504183
0.00466890379106641
0.000231080206801215
0.000377414743978333
0.0100810502082696
6.06341472688135e-05
5.82794899850856e-05
0.056593587903236
7.13026115367724e-05
0.000180649236858101
0.0145665500623926
0.000139848774810341
0.0322001244712031
0.0391326517523157
0.000625893415721593
0.132633241004393
0.000153230358928746
0.237751813354061
0.0961006089937795
0.13690487989972
0.0717051404271316
0.016960640079148
9.99322957128183e-05
0.000220066367294963
0.00122477525237492
0.016803433210366
0.000192944666683457
0.000186894617738706
0.000618558376316337
0.125094815799452
0.107259909177166
4.84298123716296e-05
0.000117651777516245
0.0644361102818172
0.0112249082379692
0.0306511761173995
0.0007377988911137
0.0636679937608151
0.000106326798350223
0.000166040150777041

# Day of peak prevalence
40
63
119
106
68
48
105
58
82
118
119
119
72
103
119
54
62
109
66
119
119
90
119
119
119
83
98
42
35
43
55
71
71
111
119
92
80
88
109
45
56
62
97
97
109
74
119
91
76
77

# Total immunity
0.114269179535975
0.219902769811701
0.278585890501395
0.251488269141969
0.265403252746461
0.374744719937343
0.349412763015192
0.322653563332092
0.310117227877195
0.279309648381048
0.260868881111008
0.217497392001738
0.202453878091247
0.123868335122544
0.0869025880696889
0.0894977428545808
0.0664895126608499
0.055564608633691
0.115171507473852
0.0817319357176237
0.0529977322497393
0.0445925148409048
0.028401585283552
0.0331480461760392
0.028273139911801
0.0159914042712547
0.051847486684249
0.0332724656923061
0.115220251319233
0.216779675976944
0.334385554587754
0.366861790209538
0.402376822314541
0.393775227274433
0.350691198060203
0.236178049892788
0.141830735234346
0.124051301011107
0.0960390461730972
0.0877199618894711
0.179918306416849
0.1991367460584
0.149077211779718
0.122443365052864
0.160297087578077
0.186231428129063
0.226495336685598
0.0654401820240418
0.0868206745143869
0.0748613046171007

# Observed immunity (based on survey selectivity)
0.292464251227686
0.509109938027663
0.591274143204529
0.45544648593329
0.427287190927718
0.594109531487703
0.535178786563357
0.466762554642727
0.406255667402448
0.372967538343826
0.409457491008274
0.391373780136554
0.381528674110669
0.320983853171395
0.263063118505121
0.242965809290954
0.172252476328601
0.117458094312282
0.263271134501047
0.213467924077628
0.16804779973309
0.155750209466985
0.11381171121017
0.119062144626645
0.158150252346168
0.108918568946176
0.329621497452649
0.16941435078889
0.344533079626694
0.451716110686652
0.515240697744677
0.574592080169696
0.650807339931298
0.61605699578186
0.518959830853098
0.441599692221752
0.522490327790556
0.474422244177701
0.341948256408962
0.198264811052081
0.434323723940183
0.617717032795341
0.499233657389647
0.36378118901795
0.378894850668503
0.324783482491262
0.416315351639434
0.354833946251466
0.543724474411542
0.392252238162898

# True total proportion of susceptible
1 1 1 0.99949471230445 0.975700438393142 0.759817087134908 0.395769255160142 0.152509457138066
1 1 1 0.971581901848087 0.701072161865187 0.391673406143106 0.271303393694749 0.080516875113266
1 1 1 0.983343773619388 0.791057217431239 0.401646000873452 0.199736465497346 0.0587197809111575
1 1 1 0.999404663539199 0.977404774109754 0.780879427497031 0.39504918060539 0.107811386894525
1 1 1 0.990543790957275 0.903136675062026 0.794439159544496 0.62147794848461 0.173396553051911
1 1 1 0.978988058756227 0.772166683927937 0.501602880263673 0.415800570566882 0.130374779970856
1 1 1 0.999873356247206 0.977732155310523 0.770157349496651 0.500115338248009 0.172063302760073
1 1 1 0.999731279641158 0.997185541549812 0.972708262914749 0.765775168098061 0.266452004371623
1 1 1 0.999802330732474 0.997754138522166 0.993433789952967 0.968821228621248 0.37572394948809
1 1 1 0.999453323931717 0.994328557556904 0.987353472887332 0.982515368070556 0.417362093256611
1 1 1 0.995124586456527 0.949881963087353 0.898823659820589 0.887090979420177 0.423259714247761
1 1 1 0.99924719117289 0.987614339185088 0.936110119806533 0.884953253210826 0.48557243833582
1 1 1 0.997940302804361 0.97851074951342 0.948214355896633 0.895990190574179 0.508608111789289
1 1 1 0.999709003088613 0.995032854695998 0.973064336717801 0.942614368203942 0.532007194859214
1 1 1 0.999719869616211 0.996905810630672 0.989716606749651 0.967539016012039 0.562139648723335
1 1 1 0.99797790205656 0.979331273252365 0.957897880698181 0.9487795838628 0.551886857006143
1 1 1 0.99994085936934 0.997386633817911 0.978222110333858 0.956747786887104 0.597606080962531
1 1 1 0.999939697345801 0.999337960458671 0.996243635730238 0.977037607719475 0.672954835225887
1 1 1 0.989263734955162 0.886743375087414 0.77198027676834 0.75582549369297 0.535209202870882
1 1 1 0.99992105458974 0.988477760623117 0.885383374480444 0.770712111295749 0.562448033924996
1 1 1 0.999897789195145 0.99889904381082 0.986552115275887 0.883518646324939 0.642507096548899
1 1 1 0.998239269463909 0.982073963685909 0.96461971030049 0.950531271963795 0.687550115994486
1 1 1 0.999882461033172 0.997064928989536 0.97987114428522 0.962333474465085 0.708131998153743
1 1 1 0.996574221274041 0.964933064964576 0.929365086134873 0.908946701055476 0.714896338499101
1 1 1 0.993701965192555 0.932149531333732 0.841925628738852 0.802665702360213 0.640573782601253
1 1 1 0.999661482168695 0.990331783801148 0.926082233977827 0.836074042606348 0.675003805426613
1 1 1 0.981265158766504 0.790222170957076 0.541906470524093 0.468992930743372 0.345428293973197
1 1 1 0.999851815997504 0.979798907066015 0.787890583091213 0.540141114685211 0.388257113550933
1 1 1 0.971469277696024 0.683652640285798 0.317866418280356 0.209150816683181 0.105149201736095
1 1 1 0.975991713803276 0.720108264487167 0.30855898848149 0.125793849971415 0.0558943696737908
1 1 1 0.980250903539198 0.741157895379727 0.276163339603587 0.0872891692118699 0.0191092794261497
1 1 1 0.979452272063477 0.755300480509921 0.358072173108296 0.111287360818548 0.0221407307116287
1 1 1 0.985908026367828 0.836366449447701 0.53044650653284 0.238596545650452 0.039737096955072
1 1 1 0.999808650808729 0.984006253947722 0.83313466062063 0.528062075476287 0.0817813610017521
1 1 1 0.999810402205261 0.997911016778982 0.98041471451612 0.829598623206415 0.261367812972192
1 1 1 0.998954284400772 0.989334168418374 0.977996046593745 0.959729754490111 0.329896401885545
1 1 1 0.991128740830387 0.906565176081848 0.807143193553874 0.786617080407915 0.263206915147742
1 1 1 0.999780522569447 0.988941469466115 0.902634172312673 0.803318207747761 0.284785249279097
1 1 1 0.999854291034815 0.998322816614021 0.986182955594783 0.899851031404872 0.413034427289627
1 1 1 0.999405761638545 0.993908242419359 0.987031165657675 0.974413433541363 0.459305992108975
1 1 1 0.975515389115039 0.737153837909972 0.459777506224669 0.423383684755711 0.185942060008232
1 1 1 0.975440553318546 0.711265203368427 0.303011487938912 0.162341919766748 0.0710377604296471
1 1 1 0.999928272320828 0.974726014311332 0.710179649464261 0.302458563032273 0.100351003646088
1 1 1 0.99986570441186 0.9985853123333 0.97221999804657 0.708114932914882 0.202364541811587
1 1 1 0.986444457189785 0.85110964343706 0.685641753219801 0.643483759567082 0.154502093929217
1 1 1 0.9938019534463 0.923934978073473 0.742791268638356 0.589578941829539 0.2262132544215
1 1 1 0.985920596369855 0.847445272851487 0.649106908210533 0.499789752593563 0.170544696805844
1 1 1 0.999315703645337 0.97914661658819 0.83610294174404 0.639648817865602 0.279703355610913
1 1 1 0.98414262507077 0.828213778069589 0.630826999394598 0.5060450198822 0.229028926359634
1 1 1 0.999893498435911 0.9830817577175 0.826406619876385 0.629265958117175 0.299138654662733

# True vulnerable proportion of susceptible
0 0 0.05 0.499747356152225 0.926915416473485 0.759817087134908 0.395769255160142 0.152509457138066
0 0 0.05 0.485790950924044 0.666018553771927 0.391673406143106 0.271303393694749 0.080516875113266
0 0 0.05 0.491671886809694 0.751504356559677 0.401646000873452 0.199736465497346 0.0587197809111575
0 0 0.05 0.4997023317696 0.928534535404266 0.780879427497031 0.39504918060539 0.107811386894525
0 0 0.05 0.495271895478637 0.857979841308925 0.794439159544496 0.62147794848461 0.173396553051911
0 0 0.05 0.489494029378113 0.73355834973154 0.501602880263673 0.415800570566882 0.130374779970856
0 0 0.05 0.499936678123603 0.928845547544996 0.770157349496651 0.500115338248009 0.172063302760073
0 0 0.05 0.499865639820579 0.947326264472322 0.972708262914749 0.765775168098061 0.266452004371623
0 0 0.05 0.499901165366237 0.947866431596058 0.993433789952967 0.968821228621248 0.37572394948809
0 0 0.05 0.499726661965858 0.944612129679059 0.987353472887332 0.982515368070556 0.417362093256611
0 0 0.05 0.497562293228263 0.902387864932985 0.898823659820589 0.887090979420177 0.423259714247761
0 0 0.05 0.499623595586445 0.938233622225833 0.936110119806533 0.884953253210826 0.48557243833582
0 0 0.05 0.49897015140218 0.929585212037749 0.948214355896633 0.895990190574179 0.508608111789289
0 0 0.05 0.499854501544307 0.945281211961198 0.973064336717801 0.942614368203942 0.532007194859214
0 0 0.05 0.499859934808105 0.947060520099139 0.989716606749651 0.967539016012039 0.562139648723335
0 0 0.05 0.49898895102828 0.930364709589746 0.957897880698181 0.9487795838628 0.551886857006143
0 0 0.05 0.49997042968467 0.947517302127016 0.978222110333858 0.956747786887104 0.597606080962531
0 0 0.05 0.4999698486729 0.949371062435738 0.996243635730238 0.977037607719475 0.672954835225887
0 0 0.05 0.494631867477581 0.842406206333043 0.77198027676834 0.75582549369297 0.535209202870882
0 0 0.05 0.49996052729487 0.939053872591961 0.885383374480444 0.770712111295749 0.562448033924996
0 0 0.05 0.499948894597573 0.948954091620279 0.986552115275887 0.883518646324939 0.642507096548899
0 0 0.05 0.499119634731955 0.932970265501614 0.96461971030049 0.950531271963795 0.687550115994486
0 0 0.05 0.499941230516586 0.947211682540059 0.97987114428522 0.962333474465085 0.708131998153743
0 0 0.05 0.49828711063702 0.916686411716348 0.929365086134873 0.908946701055476 0.714896338499101
0 0 0.05 0.496850982596278 0.885542054767046 0.841925628738852 0.802665702360213 0.640573782601253
0 0 0.05 0.499830741084347 0.94081519461109 0.926082233977827 0.836074042606348 0.675003805426613
0 0 0.05 0.490632579383252 0.750711062409222 0.541906470524093 0.468992930743372 0.345428293973197
0 0 0.05 0.499925907998752 0.930808961712714 0.787890583091213 0.540141114685211 0.388257113550933
0 0 0.05 0.485734638848012 0.649470008271508 0.317866418280356 0.209150816683181 0.105149201736095
0 0 0.05 0.487995856901638 0.684102851262808 0.30855898848149 0.125793849971415 0.0558943696737908
0 0 0.05 0.490125451769599 0.70410000061074 0.276163339603587 0.0872891692118699 0.0191092794261497
0 0 0.05 0.489726136031738 0.717535456484425 0.358072173108296 0.111287360818548 0.0221407307116287
0 0 0.05 0.492954013183914 0.794548126975316 0.53044650653284 0.238596545650452 0.039737096955072
0 0 0.05 0.499904325404365 0.934805941250336 0.83313466062063 0.528062075476287 0.0817813610017521
0 0 0.05 0.49990520110263 0.948015465940033 0.98041471451612 0.829598623206415 0.261367812972192
0 0 0.05 0.499477142200386 0.939867459997456 0.977996046593745 0.959729754490111 0.329896401885545
0 0 0.05 0.495564370415194 0.861236917277756 0.807143193553874 0.786617080407915 0.263206915147742
0 0 0.05 0.499890261284723 0.939494395992809 0.902634172312673 0.803318207747761 0.284785249279097
0 0 0.05 0.499927145517408 0.94840667578332 0.986182955594783 0.899851031404872 0.413034427289627
0 0 0.05 0.499702880819273 0.944212830298391 0.987031165657675 0.974413433541363 0.459305992108975
0 0 0.05 0.487757694557519 0.700296146014473 0.459777506224669 0.423383684755711 0.185942060008232
0 0 0.05 0.487720276659273 0.675701943200005 0.303011487938912 0.162341919766748 0.0710377604296471
0 0 0.05 0.499964136160414 0.925989713595766 0.710179649464261 0.302458563032273 0.100351003646088
0 0 0.05 0.49993285220593 0.948656046716635 0.97221999804657 0.708114932914882 0.202364541811587
0 0 0.05 0.493222228594892 0.808554161265207 0.685641753219801 0.643483759567082 0.154502093929217
0 0 0.05 0.49690097672315 0.877738229169799 0.742791268638356 0.589578941829539 0.2262132544215
0 0 0.05 0.492960298184928 0.805073009208913 0.649106908210533 0.499789752593563 0.170544696805844
0 0 0.05 0.499657851822668 0.93018928575878 0.83610294174404 0.639648817865602 0.279703355610913
0 0 0.05 0.492071312535385 0.786803089166109 0.630826999394598 0.5060450198822 0.229028926359634
0 0 0.05 0.499946749217956 0.933927669831625 0.826406619876385 0.629265958117175 0.299138654662733

# True survival by age
0.778267540515681 0.778267540515681 0.774126848381973 0.736881811027365 0.701519070603925 0.715472243550847 0.745814569230202 0.766089564348951
0.778267540515681 0.778267540515681 0.770485620454118 0.702674967320539 0.674768878660648 0.717632503406389 0.736430886113107 0.766226330332372
0.778267540515681 0.778267540515681 0.778002615392603 0.775671297621868 0.774397110015959 0.7764584860071 0.77763597093397 0.778458344281656
0.778267540515681 0.778267540515681 0.776697887171205 0.76258066924833 0.749130042472517 0.753870184829718 0.766188320685309 0.775358763371686
0.778267540515681 0.778267540515681 0.774377591955254 0.739740939032022 0.711569243191133 0.716570605003271 0.730119039560936 0.765218247211754
0.778267540515681 0.778267540515681 0.778260359084728 0.778208439625455 0.778283670962653 0.778461262540566 0.778519339650729 0.778712536140921
0.778267540515681 0.778267540515681 0.778241096009622 0.778003196477248 0.777788157443903 0.777982773784152 0.778269594228432 0.778618029015045
0.778267540515681 0.778267540515681 0.778237289319589 0.777965253139015 0.777695886252907 0.777693581863282 0.777929126868208 0.778497489686947
0.778267540515681 0.778267540515681 0.778146656638005 0.777059046094862 0.77597710270919 0.77586923932343 0.775941869025603 0.777692051713333
0.778267540515681 0.778267540515681 0.776815712378107 0.763757487447872 0.750842275390921 0.749604933108747 0.749747994926235 0.766459467231202
0.778267540515681 0.778267540515681 0.77816291365 0.777228972629232 0.776405985307047 0.776440669999363 0.776471477435372 0.777689396234229
0.778267540515681 0.778267540515681 0.777648329154823 0.77208048981459 0.766654846716689 0.766708608894718 0.767369426172643 0.772528415776657
0.778267540515681 0.778267540515681 0.778233043954682 0.777924383748585 0.777637649639111 0.777640952137522 0.777704831367004 0.77817866696695
0.778267540515681 0.778267540515681 0.778198240322787 0.777574895420099 0.77696002580238 0.776933232832956 0.77699167382582 0.77777973017066
0.778267540515681 0.778267540515681 0.777544885608636 0.771043165198641 0.764581231826771 0.763968552809555 0.764300913740179 0.770376366776559
0.778267540515681 0.778267540515681 0.778277433918346 0.77836735275672 0.778462651414311 0.778479528546303 0.778482586590566 0.778615694291347
0.778267540515681 0.778267540515681 0.778284673783437 0.778438894596824 0.77859361542657 0.778614356240059 0.778618448756506 0.778686892977436
0.778267540515681 0.778267540515681 0.773833843924549 0.733933280397034 0.69408342867854 0.689928703335499 0.69164201882537 0.718768383736655
0.778267540515681 0.778267540515681 0.778283183284736 0.778428013790494 0.778591485082521 0.778630648519337 0.778634208826336 0.778682829827346
0.778267540515681 0.778267540515681 0.778273043204975 0.778322605161559 0.778377031097891 0.77842609877033 0.778474626361131 0.778562761379833
0.778267540515681 0.778267540515681 0.777216678520891 0.767760049165443 0.758323731798706 0.757540109023654 0.759760529988199 0.764954445162257
0.778267540515681 0.778267540515681 0.778272590521117 0.778318890549509 0.778371329539358 0.778383833487408 0.778389923108468 0.778503594726836
0.778267540515681 0.778267540515681 0.776556498008533 0.761159189262665 0.745854716578583 0.744746250490151 0.745355756292798 0.754190297964664
0.778267540515681 0.778267540515681 0.776164076165161 0.757306783815718 0.739721895944723 0.739207479511631 0.740077354365668 0.74834439067379
0.778267540515681 0.778267540515681 0.778250334996189 0.778099927310546 0.777998997051316 0.778062117141088 0.778096561953137 0.77823877377639
0.778267540515681 0.778267540515681 0.769239371478306 0.688016592616074 0.608395923822397 0.61109041759691 0.627390597123916 0.656559873191814
0.778267540515681 0.778267540515681 0.77826913624707 0.778293189086449 0.778403361645501 0.778529110223395 0.778565663817211 0.778627610220531
0.778267540515681 0.778267540515681 0.769901581598626 0.694620427375921 0.622536121931808 0.646551441297739 0.688136789345585 0.713630886631468
0.778267540515681 0.778267540515681 0.772596437946086 0.723189735140714 0.704772009734602 0.742578221940186 0.754966940276885 0.766818474879207
0.778267540515681 0.778267540515681 0.764235852781586 0.641332233164059 0.586434438961584 0.692044178809386 0.74343170400398 0.763085130987732
0.778267540515681 0.778267540515681 0.769936415609355 0.696612144405117 0.661086665108439 0.732638495490685 0.764209897338255 0.775606557315018
0.778267540515681 0.778267540515681 0.775584261969021 0.751997064747589 0.73989107477579 0.759393696145534 0.772769140158723 0.777600781737051
0.778267540515681 0.778267540515681 0.778238844652206 0.77799214013448 0.77789879199686 0.778213494009939 0.77853661856162 0.77875678775408
0.778267540515681 0.778267540515681 0.778190163663412 0.777494022088507 0.776829422237381 0.777067213464619 0.777702002276639 0.778630614083679
0.778267540515681 0.778267540515681 0.778098169072303 0.77657424830804 0.775057319494223 0.774956899117245 0.775548199456611 0.777776045756118
0.778267540515681 0.778267540515681 0.774795505279597 0.743584053388975 0.713008169223776 0.710366539269546 0.711644703830159 0.755716629638858
0.778267540515681 0.778267540515681 0.778224389458941 0.777844588523271 0.7775740982783 0.777673798337191 0.777702458203684 0.778433276812686
0.778267540515681 0.778267540515681 0.778227589892917 0.777868239005344 0.777522769670696 0.777598244172232 0.777730558363696 0.778421376495988
0.778267540515681 0.778267540515681 0.778204794057782 0.777640245062126 0.777078251670174 0.777037318605674 0.7771916949105 0.778062206591737
0.778267540515681 0.778267540515681 0.772533602138271 0.720962546876223 0.669989625218243 0.665082938440763 0.666536652720836 0.72588321646775
0.778267540515681 0.778267540515681 0.770821181025166 0.705640213993362 0.674114564213994 0.710082238198889 0.715521674491092 0.751009802387542
0.778267540515681 0.778267540515681 0.778272364845204 0.778327695124388 0.778486702373226 0.7786684409965 0.77872987926953 0.778769756905774
0.778267540515681 0.778267540515681 0.778264418608296 0.778236361929359 0.778223200597908 0.778377742758263 0.778620614341822 0.778741005914961
0.778267540515681 0.778267540515681 0.770664830913679 0.702250726211365 0.634021166179964 0.630452227706794 0.67075134205898 0.747922496783227
0.778267540515681 0.778267540515681 0.776731090800065 0.763118545850772 0.753500878967217 0.757366088175627 0.758684041359079 0.773970702014378
0.778267540515681 0.778267540515681 0.774630216253741 0.742123046009532 0.714455730490547 0.724369241097441 0.735596598700755 0.762223937363882
0.778267540515681 0.778267540515681 0.778197422423386 0.77758373953914 0.777219885516997 0.777544368882748 0.777833387826397 0.77847067600559
0.778267540515681 0.778267540515681 0.77195622858191 0.715197974151407 0.660864365629649 0.672816807920105 0.697719230748651 0.743345730815555
0.778267540515681 0.778267540515681 0.778257855445683 0.7781806814407 0.778206739379843 0.778342207197116 0.7784329167029 0.77863429187771
0.778267540515681 0.778267540515681 0.77826276734148 0.778219870648347 0.778187406053259 0.778281216238212 0.778405159762935 0.778612712792498

# True Numbers-at-age
250.403326685687 91.5995955336962 110.010778117118 186.715840448657 99.6312262116247 35.1885449349759 42.6626644498375 77.0882500433221
179.926053526352 194.880781196614 71.2889919282409 85.1622969518533 137.587506657303 69.8932052151084 25.176427191917 90.8749406009799
51.9263741472725 140.030607152647 151.669386275663 54.9271431773793 59.8414142275855 92.8397675848627 50.1576358296147 88.1714708419666
63.6935117803076 40.4126114954948 108.981276225608 117.999179197457 42.6054084230599 46.3410182371101 72.0862253801935 107.642199042631
81.16732632335 49.5705927600665 31.4518237544145 84.6455269856513 89.9838930431504 31.9169914215258 34.9351119836075 138.692946304896
58.4617261945733 63.1698954279072 38.5791833092814 24.3555875415445 62.615761617226 64.0297706721064 22.870777852807 131.637163680492
27.1367236418864 45.4988638597517 49.1630791493101 30.0246490554769 18.9537237768665 48.7328248115771 49.8446961175909 120.312852451299
26.8988965130466 21.1196311664246 35.4102888723867 38.2607286003669 23.3592729382686 14.7419818931097 37.9132982212479 132.470367462686
11.7949749150754 20.9345380317946 16.4367234044916 27.5576072260699 29.7655174108676 18.1664104699503 11.4647447022161 132.621707509557
27.1884709651843 9.17964611759987 16.2926714258368 12.7901813632888 21.4138879837467 23.097359961125 14.0947590725576 112.034823246972
48.492443065437 21.159904428456 7.14422060674877 12.6564031602038 9.76859678202804 16.0784523786827 17.3138949686478 96.4376682908347
40.480536233896 37.7400943981343 16.4680667770813 5.55936752310599 9.83692322538657 7.58439700961773 12.4839643374572 88.4422976338028
25.3535933522788 31.5046873735102 29.3718904460656 12.8063646136073 4.292279200299 7.54152486752257 5.81502248054927 77.9040006286836
98.6060901854233 19.7318787415127 24.5190755568972 22.8581757085451 9.96238330010015 3.33783790891536 5.86459857854906 65.1456024382523
86.322005949952 76.7419192884768 15.3566807379108 19.0807014527188 17.7739435860662 7.74037358589902 2.593277197246 55.2256733520923
18.7987337926535 67.1816152630491 59.7257447790957 11.9405085676872 14.7120444423146 13.589623681454 5.91340200662458 44.5265977212106
64.719518236264 14.6304443136174 52.2852704786439 46.4831993855367 9.2941020443996 11.4527771242894 10.57924383666 39.2725882887988
39.523602739343 50.3691002810969 11.3863999126107 40.6928246781502 36.184330347001 7.23632851289256 8.91729668778949 38.8182441789038
55.174449254359 30.7599370962673 39.200635793757 8.81118161283766 29.8658183046561 25.1149440716834 4.99255074780966 34.068903711573
73.8258148378172 42.9404829204972 23.939460590329 30.5091956123507 6.85887060202854 23.2532718270269 19.5552651900617 30.4162411527892
108.496431024888 57.456235340394 33.419184031091 18.6314368463209 23.7459966103885 5.33878733589157 18.1009536719586 38.9042304649366
95.4332274829621 84.4392505284686 44.7163229656586 25.9739472115229 14.3044728691542 18.0071527648692 4.0443455404854 43.5123541848692
151.99498821307 74.2725832366384 65.7163278317786 34.801488513062 20.2160137768641 11.1341915655232 14.0164765993123 37.0226019622305
102.857806598298 118.292765647296 57.8039406833247 51.0324414030267 26.4894727817363 15.0782092258917 8.29214742066249 38.3693487215625
411.909979117827 80.0508921640946 92.063419781119 44.8653422191785 38.6472140691902 19.5948430286821 11.1459250374204 34.8503174146818
474.804265080049 320.576166361897 62.3010109606359 71.6483872855507 34.9097195195056 30.0674937846575 15.2460050519437 35.7944742419242
221.148008697398 369.524747610205 249.494024542419 47.9243905138226 49.2952792866414 21.2389310574504 18.3739573329589 33.0664156825386
446.912135117446 172.112316818864 287.589116482272 194.173498979434 37.2992267280273 38.3716111099755 16.5351260982529 40.0517565093379
117.200388806932 347.817208224466 133.949429503073 221.415315630252 134.876878846172 23.2201159583214 24.809220468071 39.9605990935826
18.764606366557 91.2132583442522 270.694843193886 103.488852098985 160.12528346674 95.0574489711472 17.2427524215752 49.3726669196347
25.5244609506336 14.6038840456452 70.9883182340025 206.874704331857 66.3707366242269 93.9029807733823 65.7839542129527 50.4943568180735
148.899774699862 19.8648594470381 11.3657289181805 54.6564912912241 144.11143140779 43.8768089357007 68.7969385559015 89.4365031510871
53.4287063530918 115.883861439001 15.4601753045361 8.81508047474695 41.1015210204027 106.626761871787 33.3197721127531 122.71004581951
9.49138808350281 41.5818278863553 90.1886478275909 12.0317089671227 6.85806332400605 31.9728235510048 82.9783849112091 121.501943819464
39.0446308609428 7.38683925982757 32.3617869192601 70.1839186135348 9.35458179744659 5.32754536965499 24.8450329033752 159.137589219639
139.561850952034 30.3871688304886 5.74893722293067 25.1806471497843 54.5030238406184 7.2503370929184 4.12861803957427 143.041925408065
339.536378680951 108.616458490255 23.6493471489391 4.45425072046125 18.7239276745941 38.8611012457591 5.15039686923406 111.037270928437
75.2440353941223 264.250142351624 84.5326640087345 18.4044987460857 3.46471481883667 14.5592411778006 30.2212602133556 90.4405829630888
134.225984386785 58.5599903646584 205.657308368917 65.7856513787452 14.3162750293937 2.69389466206099 11.3212403763378 93.9048806614148
55.1613743918739 104.463726741999 45.5753396737247 160.043503305711 51.157570059739 11.1248659702706 2.09325668481401 81.8626126537293
197.846970249991 42.9303071794284 81.300727684598 35.2084813268177 115.385371754279 34.2750411914006 7.39895854926725 60.817928885524
228.148385677798 153.97787493494 33.4112645821164 62.6683229320472 24.8445202978369 77.7829595968052 24.3380979635488 50.9689759645988
172.465495245348 177.560482994082 119.835982019447 26.0030638987925 48.7764913450111 19.3411286787078 60.567135885338 58.6459011104912
117.795845057294 134.224296808416 138.189560392581 93.2640808747188 20.236529847613 37.9589972084507 15.0547040833296 92.8287885755398
83.2763002099287 91.676682615706 104.462413354532 106.497834193984 65.4947685237068 12.8303882534192 23.9313343515837 79.5267022929742
19.3070422711105 64.8112413476267 71.3489863019622 81.1392042724732 81.2704723663697 49.3503656503675 9.71730096126663 79.7076590635565
118.900371079324 15.0260443029694 50.4404854013856 55.2690806885742 60.2152734254775 58.0641547018265 35.7478869140379 67.9030992651413
908.744224906501 92.5362993663069 11.6942825433517 39.2526557251427 42.9763384427119 46.8005079181243 45.1474565223419 80.6664715737902
201.590686340099 707.246132875811 72.0179981162384 9.02747424813704 28.0734198546847 28.4015306420279 31.488168346512 91.4633258993579
147.947581071026 156.891487648777 550.426708372484 56.048572767435 7.02500606210365 21.8469245283555 22.1061100476925 95.727908722034

