# Simulated data from SIR age-structured hybrid model
# random seed = 7490840
# Flag=0 if no issues, =1 if negative pop #'s, =2 if NaN, or=3 if NA. Flag:
0

# Number of years (nyr)
50

# Starting age
0

# Ending age
8

# Sample size for comp data
200

# Sample size for fishery age comp data
200

# Sample size for antibody prevalence data
200

# Survey data
14731.262828542
10449.4779971917
6173.77132642134
8050.78005963014
9384.96189813371
11145.5632773317
7100.9890638002
7031.87837658192
5170.04026810444
5717.78680802545
4391.39630244063
4505.77451532789
5622.70415984284
9507.74202990112
17810.4214006582
11125.5068346945
9566.55381976285
13410.3338530766
12159.8933490183
16315.516591619
19997.7847627255
5764.15092617234
15291.1696497515
10222.9038557566
7795.39258849477
20558.7450983457
18919.6025991485
17365.6744194056
20745.6256826356
19928.1912455245
15239.2418297895
10678.3623701302
17924.731714231
18317.3727542866
7258.79764581928
11923.7613915145
11021.7420740346
10887.3115591254
9238.20191746875
14522.6488577856
7477.69970312333
7800.96695499651
3393.65341860854
5888.0938191996
10190.477799639
28354.8482817776
31720.3570276687
42142.6291120816
24263.7439951124
55876.774150835

# Catches
0
0
0
0
0
0
0
0
0
0
0
0
0
0
0
0
0
0
0
0
0
0
0
0
0
0
0
0
0
0
0
0
0
0
0
0
0
0
0
0
0
0
0
0
0
0
0
0
0
0

# Catch compositions
-999 -999 -999 -999 -999 -999 -999 -999
-999 -999 -999 -999 -999 -999 -999 -999
-999 -999 -999 -999 -999 -999 -999 -999
-999 -999 -999 -999 -999 -999 -999 -999
-999 -999 -999 -999 -999 -999 -999 -999
-999 -999 -999 -999 -999 -999 -999 -999
-999 -999 -999 -999 -999 -999 -999 -999
-999 -999 -999 -999 -999 -999 -999 -999
-999 -999 -999 -999 -999 -999 -999 -999
-999 -999 -999 -999 -999 -999 -999 -999
-999 -999 -999 -999 -999 -999 -999 -999
-999 -999 -999 -999 -999 -999 -999 -999
-999 -999 -999 -999 -999 -999 -999 -999
-999 -999 -999 -999 -999 -999 -999 -999
-999 -999 -999 -999 -999 -999 -999 -999
-999 -999 -999 -999 -999 -999 -999 -999
-999 -999 -999 -999 -999 -999 -999 -999
-999 -999 -999 -999 -999 -999 -999 -999
-999 -999 -999 -999 -999 -999 -999 -999
-999 -999 -999 -999 -999 -999 -999 -999
-999 -999 -999 -999 -999 -999 -999 -999
-999 -999 -999 -999 -999 -999 -999 -999
-999 -999 -999 -999 -999 -999 -999 -999
-999 -999 -999 -999 -999 -999 -999 -999
-999 -999 -999 -999 -999 -999 -999 -999
-999 -999 -999 -999 -999 -999 -999 -999
-999 -999 -999 -999 -999 -999 -999 -999
-999 -999 -999 -999 -999 -999 -999 -999
-999 -999 -999 -999 -999 -999 -999 -999
-999 -999 -999 -999 -999 -999 -999 -999
-999 -999 -999 -999 -999 -999 -999 -999
-999 -999 -999 -999 -999 -999 -999 -999
-999 -999 -999 -999 -999 -999 -999 -999
-999 -999 -999 -999 -999 -999 -999 -999
-999 -999 -999 -999 -999 -999 -999 -999
-999 -999 -999 -999 -999 -999 -999 -999
-999 -999 -999 -999 -999 -999 -999 -999
-999 -999 -999 -999 -999 -999 -999 -999
-999 -999 -999 -999 -999 -999 -999 -999
-999 -999 -999 -999 -999 -999 -999 -999
-999 -999 -999 -999 -999 -999 -999 -999
-999 -999 -999 -999 -999 -999 -999 -999
-999 -999 -999 -999 -999 -999 -999 -999
-999 -999 -999 -999 -999 -999 -999 -999
-999 -999 -999 -999 -999 -999 -999 -999
-999 -999 -999 -999 -999 -999 -999 -999
-999 -999 -999 -999 -999 -999 -999 -999
-999 -999 -999 -999 -999 -999 -999 -999
-999 -999 -999 -999 -999 -999 -999 -999
-999 -999 -999 -999 -999 -999 -999 -999

# Age composition from fishery-independent survey
0 0 0 11 33 41 16 99
0 0 0 2 18 26 43 111
0 0 3 13 3 25 29 127
0 0 7 21 20 1 20 131
0 0 4 40 25 15 5 111
0 0 2 26 56 18 10 88
0 0 0 9 47 52 18 74
0 0 2 11 19 36 47 85
0 0 0 25 13 23 27 112
0 0 2 15 34 14 27 108
0 0 3 15 10 26 10 136
0 0 7 43 24 16 26 84
0 0 8 49 58 9 9 67
0 0 6 51 52 44 11 36
0 0 4 69 53 30 15 29
0 0 2 15 84 43 24 32
0 0 5 22 26 66 36 45
0 0 0 39 36 13 54 58
0 0 4 16 58 28 13 81
0 0 5 26 19 39 23 88
0 0 1 30 39 16 40 74
0 0 1 11 60 25 12 91
0 0 0 15 18 44 33 90
0 0 13 7 26 13 32 109
0 0 5 84 13 11 11 76
0 0 7 25 104 8 5 51
0 0 6 40 50 47 2 55
0 0 1 39 57 35 39 29
0 0 4 19 62 31 24 60
0 0 4 29 25 62 22 58
0 0 3 30 51 25 39 52
0 0 0 13 45 45 17 80
0 0 0 6 22 46 33 93
0 0 0 3 25 29 36 107
0 0 6 6 9 24 18 137
0 0 3 35 2 9 24 127
0 0 2 41 45 3 6 103
0 0 0 40 42 40 4 74
0 0 0 8 47 40 28 77
0 0 1 15 17 52 33 82
0 0 0 3 32 11 42 112
0 0 1 2 18 18 16 145
0 0 5 23 3 11 23 135
0 0 18 13 53 2 9 105
0 0 37 66 11 20 2 64
0 0 7 125 45 4 5 14
0 0 16 51 102 15 5 11
0 0 1 68 51 66 9 5
0 0 3 24 82 34 41 16
0 0 2 20 24 63 46 45

# Antibody prevalence values
0 0 0 0 0 0 0 15 1 33 1 40 4 13 58 35
0 0 0 0 0 1 0 2 0 27 2 42 1 37 51 37
0 0 0 0 0 0 0 8 0 5 0 23 2 22 56 84
0 0 0 0 0 10 0 18 3 20 1 1 1 17 57 72
0 0 0 0 0 1 0 41 0 32 1 16 1 1 39 68
0 0 0 0 0 0 0 23 0 56 0 22 3 5 33 58
0 0 0 0 0 2 0 12 0 39 0 54 0 23 25 45
0 0 0 0 0 3 0 11 0 19 0 32 0 39 37 59
0 0 0 0 0 2 0 24 0 11 0 24 0 38 14 87
0 0 0 0 0 3 0 8 0 44 0 17 0 14 11 103
0 0 0 0 0 4 0 21 0 21 0 34 0 15 17 88
0 0 0 0 0 10 0 34 0 16 0 7 0 34 11 88
0 0 0 0 0 8 0 49 0 59 0 7 0 7 7 63
0 0 0 0 0 4 0 42 0 62 0 28 0 11 8 45
0 0 0 0 0 2 0 60 0 55 1 29 0 16 6 31
0 0 0 0 0 5 0 12 10 69 24 17 18 13 21 11
0 0 0 0 0 4 0 25 0 22 25 50 17 10 28 19
0 0 0 0 0 3 0 29 0 24 1 28 16 41 33 25
0 0 0 0 0 4 0 12 0 62 1 24 0 13 32 52
0 0 0 0 0 5 0 21 0 18 1 48 6 20 34 47
0 0 0 0 0 3 0 22 2 43 0 10 2 33 35 50
0 0 0 0 0 1 0 14 6 35 10 33 2 5 41 53
0 0 0 0 0 1 0 19 1 21 5 31 12 19 34 57
0 0 0 0 0 21 0 12 0 18 0 15 4 28 37 65
0 0 0 0 0 7 0 91 0 3 0 16 0 6 22 55
0 0 0 0 0 3 0 34 19 78 0 5 6 6 32 17
0 0 0 0 0 11 0 38 7 31 41 26 2 1 37 6
0 0 0 0 0 2 0 50 2 43 7 22 29 22 21 2
0 0 0 0 0 5 1 21 12 67 14 14 12 7 39 8
0 0 0 0 0 4 0 25 1 24 11 46 9 10 57 13
0 0 0 0 0 1 1 28 2 46 4 16 18 27 44 13
0 0 0 0 0 2 0 11 2 46 4 37 5 20 57 16
0 0 0 0 0 0 0 12 0 25 1 45 4 28 60 25
0 0 0 0 0 1 0 10 0 28 0 20 1 40 56 44
0 0 0 0 0 2 0 4 1 2 3 23 2 10 75 78
0 0 0 0 0 4 0 31 1 6 2 4 5 12 63 72
0 0 0 0 0 3 0 33 0 48 0 8 3 5 36 64
0 0 0 0 0 1 0 42 0 48 0 25 1 4 38 41
0 0 0 0 0 2 0 11 3 61 1 35 2 30 24 31
0 0 0 0 0 2 0 11 0 22 0 63 3 25 28 46
0 0 0 0 0 1 0 12 0 24 0 12 2 56 29 64
0 0 0 0 0 3 0 2 1 13 3 27 1 7 42 101
0 0 0 0 0 4 0 23 0 7 3 7 4 17 50 85
0 0 0 0 0 23 0 17 0 33 0 4 2 5 36 80
0 0 0 0 0 49 0 71 0 14 0 17 0 2 13 34
0 0 0 0 0 9 0 120 1 43 0 4 0 5 4 14
0 0 0 0 0 13 2 46 37 70 14 5 1 1 10 1
0 0 0 0 0 3 1 68 14 34 51 10 8 1 10 0
0 0 0 0 0 5 1 17 35 59 32 4 35 0 12 0
0 0 0 0 0 2 0 21 5 16 53 17 32 1 53 0

# Average weight-at-age
70
94
115
134
150
160
165
168

# Maturity logistic function parameter age-at-50%
3

# Maturity logistic function parameter age-at-95%
4

# Infection prevalence index (avg of 3 different samples)
0
0
0
0
0
0.00555555555555556
0
0
0
0
0
0
0
0
0.183333333333333
0
0
0
0
0
0.0388888888888889
0
0
0
0
0.1
0
0.0333333333333333
0
0.0111111111111111
0.00555555555555556
0
0
0
0
0
0
0
0
0
0
0
0
0
0
0.0388888888888889
0.0444444444444444
0.0833333333333333
0.00555555555555556
0

