# Simulated data from SIR age-structured hybrid model
# random seed = 9951460
# Flag=0 if no issues, =1 if negative pop #'s, =2 if NaN, or=3 if NA. Flag:
0

# True SSB
12511.3404064777
13492.7738766783
13611.6456526224
11127.2431611537
10519.013514583
11872.6308667797
11450.6148469946
11063.5101300954
9434.19450423684
8015.48244105463
6738.13125392145
4637.97617921719
7131.58956474725
10847.2097743965
7133.42149590015
6783.95797214924
5954.46264746367
5643.08937155781
9261.96944135029
10271.6808823011
12916.3397527559
25281.21549235
27339.9084939087
17752.8601864308
11134.3412291536
10870.4073412671
11808.3907897621
13631.4076310416
14640.3948682809
13390.4822605697
11041.2059828707
8769.08108889263
7263.63320873739
9143.91476589982
14868.4722321539
14028.1687903921
14493.0867526966
12988.6993985318
10936.3696988901
10479.0232702372
10193.1487669503
13512.480627685
21249.6967156173
15417.7873377595
8096.90065745399
7136.08155930837
6264.82480609566
6459.56535844766
7087.9003168526
7034.23952461006

# True R (numbers)
9.0437017322588
44.9288300629993
75.4176435640419
62.1736341135915
14.3848225650881
3.95808480731422
14.0730931572036
6.73933751177257
7.05381628721671
103.73292880094
84.3079538345906
19.5022847087265
11.8330762466226
4.45603227009201
8.7269065162848
149.395366699263
77.5673774799568
157.068297831584
463.157769519228
320.472314944656
44.2083240707573
40.6383124997165
19.0584871503295
80.4302597497236
63.1314701551989
68.2530624599628
11.4577929962446
4.85756508616332
5.29780471517029
18.0633844432712
102.839165819489
164.579008613676
146.186245806646
158.362469442817
81.3530085986653
24.5122584785556
28.384404286546
19.6075778064996
130.404975537931
307.580930244975
67.9322161223555
8.76854572953023
9.21161793450104
5.98334978294714
43.2063050720042
26.094003698959
18.7778614999709
7.48034953662625
8.42089534801252
15.8082557952184

# True infection rate given (selected) susceptible
-999 -999 0.00222164455273625 0.00222164455273594 0.00222164455273531 0.00222164455273635 0.00222164455273628 0.00222164455273599
-999 -999 0.00458794148173912 0.00458794148173916 0.00458794148173962 0.00458794148173902 0.00458794148173877 0.00458794148173986
-999 -999 0.109487501523724 0.109487501523725 0.109487501523724 0.109487501523723 0.109487501523725 0.109487501523724
-999 -999 0.0225008682158254 0.0225008682158264 0.0225008682158258 0.0225008682158252 0.0225008682158251 0.0225008682158253
-999 -999 0.00921810225779686 0.00921810225779556 0.00921810225779561 0.00921810225779694 0.00921810225779574 0.00921810225779636
-999 -999 0.25189919884375 0.25189919884375 0.251899198843751 0.25189919884375 0.251899198843751 0.251899198843751
-999 -999 0.0478624464581933 0.047862446458193 0.0478624464581933 0.0478624464581929 0.0478624464581921 0.0478624464581932
-999 -999 0.0179185715896351 0.0179185715896353 0.0179185715896348 0.0179185715896353 0.0179185715896357 0.0179185715896357
-999 -999 0.00660920936335395 0.00660920936335402 0.0066092093633535 0.00660920936335414 0.00660920936335327 0.00660920936335309
-999 -999 0.0338090420625177 0.0338090420625167 0.0338090420625168 0.0338090420625167 0.0338090420625168 0.0338090420625165
-999 -999 0.32357716003752 0.323577160037521 0.323577160037521 0.32357716003752 0.32357716003752 0.323577160037521
-999 -999 0.00104169112685482 0.0010416911268546 0.00104169112685445 0.00104169112685531 0.0010416911268551 0.00104169112685461
-999 -999 0.0268402349637372 0.0268402349637375 0.0268402349637384 0.0268402349637381 0.0268402349637376 0.026840234963738
-999 -999 0.618831283481991 0.618831283481991 0.61883128348199 0.618831283481991 0.618831283481991 0.618831283481991
-999 -999 0.00267552807223702 0.00267552807223725 0.00267552807223814 0.00267552807223671 0.00267552807223646 0.0026755280722371
-999 -999 0.000607467383118895 0.000607467383118399 0.000607467383118303 0.000607467383118044 0.000607467383118665 0.000607467383118217
-999 -999 0.000431802716860965 0.000431802716860827 0.000431802716861821 0.000431802716860735 0.000431802716861603 0.00043180271686113
-999 -999 0.000998339303459704 0.000998339303459033 0.000998339303459177 0.000998339303459457 0.000998339303459495 0.000998339303459158
-999 -999 0.615058160443496 0.615058160443496 0.615058160443497 0.615058160443496 0.615058160443496 0.615058160443496
-999 -999 0.575705476901153 0.575705476901152 0.575705476901153 0.575705476901153 0.575705476901153 0.575705476901153
-999 -999 0.481886983255584 0.481886983255584 0.481886983255584 0.481886983255584 0.481886983255584 0.481886983255584
-999 -999 0.909998485292625 0.909998485292624 0.909998485292624 0.909998485292624 0.909998485292624 0.909998485292624
-999 -999 0.894869001939289 0.894869001939289 0.894869001939289 0.894869001939289 0.894869001939289 0.894869001939289
-999 -999 0.723923421389912 0.723923421389912 0.723923421389911 0.723923421389912 0.723923421389911 0.723923421389911
-999 -999 0.00055776620925964 0.000557766209260113 0.000557766209260376 0.000557766209260155 0.000557766209260499 0.000557766209260046
-999 -999 0.000423612790222559 0.000423612790222682 0.000423612790222552 0.000423612790221904 0.000423612790221676 0.000423612790221367
-999 -999 0.00129212513827418 0.00129212513827415 0.00129212513827372 0.00129212513827474 0.00129212513827303 0.00129212513827259
-999 -999 0.0227316274779367 0.0227316274779364 0.0227316274779354 0.0227316274779362 0.0227316274779354 0.0227316274779363
-999 -999 0.072279558919462 0.0722795589194623 0.0722795589194617 0.072279558919462 0.0722795589194622 0.072279558919462
-999 -999 0.0350920235393105 0.0350920235393109 0.0350920235393111 0.0350920235393105 0.0350920235393111 0.0350920235393104
-999 -999 0.0490829010303589 0.0490829010303594 0.0490829010303595 0.0490829010303596 0.0490829010303596 0.0490829010303594
-999 -999 0.122657568605263 0.122657568605264 0.122657568605263 0.122657568605264 0.122657568605263 0.122657568605263
-999 -999 0.135953973458599 0.135953973458598 0.135953973458598 0.135953973458599 0.135953973458598 0.135953973458599
-999 -999 0.0745535298122336 0.074553529812233 0.0745535298122328 0.074553529812233 0.0745535298122325 0.0745535298122324
-999 -999 0.727713578152507 0.727713578152507 0.727713578152507 0.727713578152507 0.727713578152507 0.727713578152507
-999 -999 0.660087274814571 0.660087274814572 0.660087274814572 0.660087274814572 0.660087274814573 0.660087274814572
-999 -999 0.635128911546532 0.635128911546534 0.635128911546533 0.635128911546533 0.635128911546533 0.635128911546533
-999 -999 0.377099143029943 0.377099143029944 0.377099143029943 0.377099143029943 0.377099143029943 0.377099143029943
-999 -999 0.00451858341052994 0.00451858341052992 0.00451858341053009 0.00451858341052955 0.00451858341052849 0.00451858341052961
-999 -999 0.00119442749227785 0.0011944274922772 0.00119442749227834 0.00119442749227905 0.0011944274922784 0.00119442749227775
-999 -999 0.00134605925250411 0.00134605925250466 0.00134605925250412 0.00134605925250445 0.0013460592525041 0.00134605925250447
-999 -999 0.251107930728212 0.251107930728212 0.251107930728211 0.251107930728212 0.251107930728213 0.251107930728212
-999 -999 0.858769258221189 0.85876925822119 0.858769258221189 0.858769258221189 0.858769258221189 0.85876925822119
-999 -999 0.791889920618747 0.791889920618748 0.791889920618747 0.791889920618748 0.791889920618747 0.791889920618748
-999 -999 0.000688571511302889 0.000688571511303761 0.000688571511303479 0.000688571511303284 0.000688571511303137 0.000688571511303507
-999 -999 0.000414523588272973 0.000414523588272325 0.000414523588272065 0.000414523588273345 0.000414523588272412 0.000414523588272673
-999 -999 0.000461616787494931 0.000461616787496111 0.000461616787495009 0.000461616787495783 0.000461616787495105 0.000461616787495234
-999 -999 0.000929615950883054 0.000929615950883615 0.000929615950882779 0.000929615950883844 0.00092961595088289 0.000929615950883187
-999 -999 0.00104733842954527 0.00104733842954538 0.00104733842954546 0.00104733842954409 0.00104733842954443 0.00104733842954528
-999 -999 0.000643413901442309 0.000643413901442122 0.000643413901442059 0.000643413901441937 0.000643413901441747 0.000643413901443032

# Duration of outbreak (days) based on incidence
0
0
0
0
0
0
0
0
0
0
0
0
0
0
0
0
0
0
0
0
0
0
0
0
0
0
0
0
0
0
0
0
0
0
0
0
0
0
0
0
0
0
0
0
0
0
0
0
0
0

# Duration of outbreak (days) based on prevalence
0
0
0
0
0
0
0
0
0
0
7
0
0
38
0
0
0
0
39
37
25
46
42
32
0
0
0
0
0
0
0
0
0
0
52
44
40
0
0
0
0
0
48
41
0
0
0
0
0
0

# Peak (point) prevalence
0.000261978173113912
0.000839206161924781
0.0346332228033339
0.00566859664986849
0.00206320311911623
0.0869261574330766
0.0156123465644216
0.0054755440008238
0.0016713900673111
0.0108068120825135
0.110823696068387
0.000121411350541835
0.00947921415976709
0.216966868933758
0.000477657335368829
7.3575919086114e-05
4.44772995314639e-05
0.000129249124524171
0.2068961401444
0.168479247034872
0.146882389607552
0.5378188225767
0.451575082080171
0.17312004957611
2.75032966679989e-05
2.56167906891964e-05
0.000117719430985482
0.00572212852022149
0.0224253175281251
0.0104085500618137
0.014230985390342
0.0376090040570084
0.041468268980544
0.0255248088540521
0.26661074645277
0.192608050811058
0.171410346855642
0.0968467335069271
0.000786570917116499
0.000145445767871872
0.000152507960931641
0.0869290779603302
0.428682523378661
0.269043490220167
3.83353747419567e-05
2.41016086897312e-05
2.8479336429429e-05
7.24011981817891e-05
0.000109436871056611
6.59120785902901e-05

# Day of peak prevalence
119
119
119
119
119
119
119
119
119
119
119
119
119
102
119
119
118
119
101
101
112
36
34
64
81
86
119
119
119
119
119
119
119
119
82
88
90
118
119
119
119
119
49
55
89
77
71
98
119
119

# Total immunity
0.123560213998291
0.0911424872479429
0.0583619201398751
0.047811834277355
0.0452000954981131
0.0445583945798925
0.0627737855435859
0.0639895962956676
0.0607416385129479
0.0230265409497289
0.0148791065598959
0.0225288039746384
0.0207717754630025
0.021411594180588
0.10245875127906
0.0277493216839588
0.0186831829579208
0.0100982369493896
0.00368895963069195
0.00770386462872916
0.0139983473411274
0.0224896580544884
0.0803812020895242
0.154321388373125
0.16865858744585
0.120258381812543
0.113311768251499
0.10995375856456
0.107936684101716
0.100916662537732
0.0485741726912791
0.0242082774362793
0.01702337709711
0.0126457227957888
0.0115367654531728
0.0397187113570828
0.0706797757579244
0.117392402824766
0.0752195127127205
0.0284342018377816
0.0241943063358146
0.0236471552658113
0.0333316886608238
0.150648850140032
0.224166983146786
0.170937315204641
0.140197687738794
0.128436163753917
0.114567771086377
0.0908615942429615

# Observed immunity (based on survey selectivity)
0.247704673816773
0.178887504572559
0.141275116135966
0.151206916693655
0.124806903249463
0.084904560983607
0.0968068459126925
0.086289635494772
0.083315907773604
0.0777407584462477
0.0767048255703465
0.134994535136582
0.0635607902059279
0.0350250355849535
0.15463915430743
0.132890838779956
0.120621358111942
0.0961960372112113
0.0423821309430648
0.091236511194518
0.102803671516592
0.0655106129714964
0.139982707932646
0.325110143087192
0.515696669035307
0.416282459174746
0.292327547073248
0.196451119131981
0.145653938476698
0.13557325964074
0.135820728897649
0.140864978397273
0.143683033438216
0.0925040177684133
0.0485487657925873
0.124208742392238
0.161810024746579
0.218582708061049
0.255309758021453
0.212557561110837
0.169541964356793
0.0938840662725343
0.0614086152417259
0.200477385239172
0.466236498041266
0.424314126189866
0.378086778802608
0.276415127811685
0.195391535709774
0.155433817756405

# True total proportion of susceptible
1 1 1 0.996026833662499 0.94845396965895 0.849787673549416 0.786589109314318 0.417364246048713
1 1 1 0.999982786352797 0.995849971132015 0.948048923109756 0.849239727984741 0.485956080151609
1 1 1 0.999964210443694 0.999624296200226 0.995154192388961 0.947163132369211 0.62349611816708
1 1 1 0.999133638963158 0.990891659109254 0.98150708168867 0.975580000320112 0.67962091999792
1 1 1 0.99982334684684 0.997343535747794 0.987326920102281 0.977595322718939 0.729305149348203
1 1 1 0.99992788307726 0.999099003165336 0.99594618096026 0.985787123664641 0.814938443369361
1 1 1 0.997994272278034 0.977525472563296 0.95073970907056 0.943560898215291 0.753159838796496
1 1 1 0.999622393736537 0.994105998053172 0.969285294747868 0.941135694766732 0.750150335769074
1 1 1 0.999859020377244 0.998199890072874 0.991312821620387 0.966018490327785 0.79784958854191
1 1 1 0.999948221893218 0.999339597345767 0.997202799075017 0.990229114094833 0.863965255681831
1 1 1 0.999733639702971 0.997247223488359 0.994120914071561 0.991645301069448 0.897555886604863
1 1 1 0.997416690893699 0.969848272331233 0.929286074059184 0.920121865072893 0.809001232075479
1 1 1 0.999991952313774 0.997334327575515 0.969673008465898 0.929075124952051 0.812131720851694
1 1 1 0.999788259078489 0.997851462645859 0.993170648166153 0.96473607633306 0.819800660952692
1 1 1 0.995022548358704 0.932509143740894 0.799710545924564 0.767832132274475 0.534430287409211
1 1 1 0.999979151252917 0.994807247044309 0.931992284561271 0.798988903170673 0.556778473097561
1 1 1 0.999995303853995 0.999932180920729 0.994715645290435 0.931870244499549 0.71898752085242
1 1 1 0.999996673256467 0.999962038540192 0.999868966926254 0.994647453217368 0.829735582207082
1 1 1 0.999992278366931 0.999919447239118 0.999815271685641 0.999714406270826 0.858042912422648
1 1 1 0.995058480723671 0.933427540869718 0.806187563191291 0.78301292893483 0.592807478396656
1 1 1 0.995383980302562 0.932944575964349 0.728086220240744 0.540848410551059 0.341282764918335
1 1 1 0.996134218180062 0.945968672292182 0.780818889171114 0.519842859213489 0.208494575268094
1 1 1 0.992888881716718 0.881308021810324 0.387604454319217 0.146922332626937 0.0469832453169613
1 1 1 0.99301692712151 0.879855121083232 0.337431541486017 0.0487879283799837 0.00734652574056805
1 1 1 0.99427805607789 0.909031646140004 0.54104896552177 0.106541084941022 0.00646703266700624
1 1 1 0.99999571894014 0.9942321329487 0.908915887881768 0.540879404134241 0.0707461130861009
1 1 1 0.999996746852268 0.999963189833729 0.994168445296906 0.908825541655055 0.301375482852911
1 1 1 0.999990026155591 0.999896984560599 0.999773571559306 0.993963334052743 0.405731486713828
1 1 1 0.999821340529972 0.998187086088899 0.996438409938024 0.996127105516638 0.534565072571378
1 1 1 0.999429103715014 0.9939338386937 0.986561482904317 0.98405833996658 0.568552745755862
1 1 1 0.999723563011657 0.99661729174393 0.988373532469506 0.980503974179805 0.722952387798231
1 1 1 0.999613293020003 0.995772769526481 0.988843025195566 0.97986113528229 0.782936945241665
1 1 1 0.99902946723814 0.989374549737337 0.974864335944264 0.96600855643427 0.805885091488476
1 1 1 0.998923685800341 0.987576755500208 0.965226919585543 0.947701453953987 0.775473313503988
1 1 1 0.999410685848363 0.992813952908405 0.974963786836346 0.950654026897562 0.759127391277433
1 1 1 0.994182701359216 0.915697684130487 0.705580198771831 0.629976274616128 0.362063774289117
1 1 1 0.994722536915214 0.919537644234168 0.64157793863954 0.369159680808787 0.159771482950718
1 1 1 0.994919186629758 0.924014636813028 0.666874362026523 0.333748839873581 0.100860341813033
1 1 1 0.996985975192013 0.958335322281464 0.816824457259261 0.516728700169401 0.144692654126085
1 1 1 0.999964717639222 0.996626487995974 0.957533956968423 0.815632780053327 0.312636246735937
1 1 1 0.99999074834046 0.999872157135172 0.996447694935041 0.957313074300141 0.582719578938574
1 1 1 0.999989598340768 0.999886699551492 0.999674307184598 0.996236026170791 0.721123403286923
1 1 1 0.998000103076184 0.977666356504732 0.951875670268362 0.948338535186211 0.675308941070145
1 1 1 0.993243030731 0.892793885938125 0.523108794033038 0.391895977803671 0.184775098807124
1 1 1 0.993760547488364 0.898124499553612 0.48700045739831 0.149673067173287 0.0430074062245983
1 1 1 0.999994710581363 0.993703959100845 0.897977793973989 0.486795738264833 0.0859303306198325
1 1 1 0.999996819460818 0.999962907096041 0.993641520236378 0.897886905858839 0.344565381051423
1 1 1 0.999996460457046 0.999961426774896 0.999895659157635 0.99356860478755 0.5180306872405
1 1 1 0.999992852464387 0.99992497804595 0.999825579548725 0.999752617325741 0.5529043959021
1 1 1 0.999991914402246 0.999911982069197 0.999771258858802 0.999663693410864 0.594436414830881

# True vulnerable proportion of susceptible
0 0 0.05 0.49801341683125 0.901031271176003 0.849787673549416 0.786589109314318 0.417364246048713
0 0 0.05 0.499991393176399 0.946057472575414 0.948048923109756 0.849239727984741 0.485956080151609
0 0 0.05 0.499982105221847 0.949643081390214 0.995154192388961 0.947163132369211 0.62349611816708
0 0 0.05 0.499566819481579 0.941347076153791 0.98150708168867 0.975580000320112 0.67962091999792
0 0 0.05 0.49991167342342 0.947476358960404 0.987326920102281 0.977595322718939 0.729305149348203
0 0 0.05 0.49996394153863 0.94914405300707 0.99594618096026 0.985787123664641 0.814938443369361
0 0 0.05 0.498997136139017 0.928649198935131 0.95073970907056 0.943560898215291 0.753159838796496
0 0 0.05 0.499811196868268 0.944400698150513 0.969285294747868 0.941135694766732 0.750150335769074
0 0 0.05 0.499929510188622 0.948289895569231 0.991312821620387 0.966018490327785 0.79784958854191
0 0 0.05 0.499974110946609 0.949372617478479 0.997202799075017 0.990229114094833 0.863965255681831
0 0 0.05 0.499866819851486 0.947384862313941 0.994120914071561 0.991645301069448 0.897555886604863
0 0 0.05 0.498708345446849 0.921355858714671 0.929286074059184 0.920121865072893 0.809001232075479
0 0 0.05 0.499995976156887 0.947467611196739 0.969673008465898 0.929075124952051 0.812131720851694
0 0 0.05 0.499894129539245 0.947958889513566 0.993170648166153 0.96473607633306 0.819800660952692
0 0 0.05 0.497511274179352 0.885883686553849 0.799710545924564 0.767832132274475 0.534430287409211
0 0 0.05 0.499989575626459 0.945066884692094 0.931992284561271 0.798988903170673 0.556778473097561
0 0 0.05 0.499997651926998 0.949935571874693 0.994715645290435 0.931870244499549 0.71898752085242
0 0 0.05 0.499998336628234 0.949963936613182 0.999868966926254 0.994647453217368 0.829735582207082
0 0 0.05 0.499996139183466 0.949923474877162 0.999815271685641 0.999714406270826 0.858042912422648
0 0 0.05 0.497529240361835 0.886756163826232 0.806187563191291 0.78301292893483 0.592807478396656
0 0 0.05 0.497691990151281 0.886297347166131 0.728086220240744 0.540848410551059 0.341282764918335
0 0 0.05 0.498067109090031 0.898670238677573 0.780818889171114 0.519842859213489 0.208494575268094
0 0 0.05 0.496444440858359 0.837242620719807 0.387604454319217 0.146922332626937 0.0469832453169613
0 0 0.05 0.496508463560755 0.83586236502907 0.337431541486017 0.0487879283799837 0.00734652574056805
0 0 0.05 0.497139028038945 0.863580063833004 0.54104896552177 0.106541084941022 0.00646703266700624
0 0 0.05 0.49999785947007 0.944520526301265 0.908915887881768 0.540879404134241 0.0707461130861009
0 0 0.05 0.499998373426134 0.949965030342043 0.994168445296906 0.908825541655055 0.301375482852911
0 0 0.05 0.499995013077795 0.949902135332569 0.999773571559306 0.993963334052743 0.405731486713828
0 0 0.05 0.499910670264986 0.948277731784454 0.996438409938024 0.996127105516638 0.534565072571378
0 0 0.05 0.499714551857507 0.944237146759015 0.986561482904317 0.98405833996658 0.568552745755862
0 0 0.05 0.499861781505829 0.946786427156733 0.988373532469506 0.980503974179805 0.722952387798231
0 0 0.05 0.499806646510002 0.945984131050157 0.988843025195566 0.97986113528229 0.782936945241665
0 0 0.05 0.49951473361907 0.93990582225047 0.974864335944264 0.96600855643427 0.805885091488476
0 0 0.05 0.499461842900171 0.938197917725197 0.965226919585543 0.947701453953987 0.775473313503988
0 0 0.05 0.499705342924181 0.943173255262985 0.974963786836346 0.950654026897562 0.759127391277433
0 0 0.05 0.497091350679608 0.869912799923962 0.705580198771831 0.629976274616128 0.362063774289117
0 0 0.05 0.497361268457607 0.873560762022459 0.64157793863954 0.369159680808787 0.159771482950718
0 0 0.05 0.497459593314879 0.877813904972376 0.666874362026523 0.333748839873581 0.100860341813033
0 0 0.05 0.498492987596006 0.91041855616739 0.816824457259261 0.516728700169401 0.144692654126085
0 0 0.05 0.499982358819611 0.946795163596175 0.957533956968423 0.815632780053327 0.312636246735937
0 0 0.05 0.49999537417023 0.949878549278413 0.996447694935041 0.957313074300141 0.582719578938574
0 0 0.05 0.499994799170384 0.949892364573917 0.999674307184598 0.996236026170791 0.721123403286923
0 0 0.05 0.499000051538092 0.928783038679496 0.951875670268362 0.948338535186211 0.675308941070145
0 0 0.05 0.4966215153655 0.848154191641219 0.523108794033038 0.391895977803671 0.184775098807124
0 0 0.05 0.496880273744182 0.853218274575932 0.48700045739831 0.149673067173287 0.0430074062245983
0 0 0.05 0.499997355290682 0.944018761145803 0.897977793973989 0.486795738264833 0.0859303306198325
0 0 0.05 0.499998409730409 0.949964761741239 0.993641520236378 0.897886905858839 0.344565381051423
0 0 0.05 0.499998230228523 0.949963355436151 0.999895659157635 0.99356860478755 0.5180306872405
0 0 0.05 0.499996426232194 0.949928729143653 0.999825579548725 0.999752617325741 0.5529043959021
0 0 0.05 0.499995957201123 0.949916382965737 0.999771258858802 0.999663693410864 0.594436414830881

# True survival by age
0.778267540515681 0.778267540515681 0.778216511711233 0.777761398591855 0.777375456081873 0.777480367140222 0.777578566247648 0.778152274724268
0.778267540515681 0.778267540515681 0.778132689835051 0.776919066101157 0.775718223605854 0.775738342189668 0.776057521201707 0.777231020445964
0.778267540515681 0.778267540515681 0.774403186456948 0.739625402048041 0.704872598938584 0.701357561658057 0.705092241484955 0.730280113311008
0.778267540515681 0.778267540515681 0.777497644522754 0.770575712645895 0.763777610632976 0.76316423434228 0.763258659638205 0.767973631814791
0.778267540515681 0.778267540515681 0.777968818510467 0.77528094236436 0.772608316298636 0.772375572793697 0.772438902941244 0.774054696597137
0.778267540515681 0.778267540515681 0.769344882584835 0.689047434409357 0.608890266723955 0.600539960379685 0.602358293484334 0.632937883915482
0.778267540515681 0.778267540515681 0.776593493952401 0.761561721238256 0.747187484890728 0.746462157348244 0.746706338668506 0.75318267339934
0.778267540515681 0.778267540515681 0.777658370924689 0.772178346224021 0.766764679707846 0.766474736372487 0.766832704543264 0.769261395524723
0.778267540515681 0.778267540515681 0.778060557606282 0.77619807840175 0.774342904380128 0.774168476650012 0.774286674549521 0.775072511135743
0.778267540515681 0.778267540515681 0.777093764163522 0.766530412363559 0.755980870114819 0.754859170825041 0.755026600420986 0.75805804030629
0.778267540515681 0.778267540515681 0.766805823207274 0.663681038930529 0.561095858931144 0.550384017745229 0.550952833375339 0.572571531261305
0.778267540515681 0.778267540515681 0.778257878820113 0.778172550681819 0.778105581503682 0.778125678607424 0.778132336189593 0.77821306271447
0.778267540515681 0.778267540515681 0.777339622057699 0.768988434903193 0.760685508270261 0.7602881625029 0.761063241531413 0.763295879595169
0.778267540515681 0.778267540515681 0.756457425914685 0.56021268835263 0.364766845860755 0.345047869119721 0.357466257049676 0.420764703164764
0.778267540515681 0.778267540515681 0.778200107276346 0.777599218768246 0.777108769379198 0.777295801923219 0.777355794143932 0.777795034789517
0.778267540515681 0.778267540515681 0.778273005831273 0.77832220364959 0.778373611288145 0.778405677762957 0.778462062716887 0.778564744496842
0.778267540515681 0.778267540515681 0.778279186730879 0.77838400462493 0.778488839761599 0.778502051807822 0.778520925428719 0.778584857996111
0.778267540515681 0.778267540515681 0.778259350419106 0.778185641596363 0.778111954830688 0.778103829920076 0.778107469547421 0.778222420457984
0.778267540515681 0.778267540515681 0.756610674316858 0.561700554908703 0.366820271579141 0.345210327771977 0.345254070133563 0.406692827132162
0.778267540515681 0.778267540515681 0.75800173569688 0.576613566007663 0.418886493024504 0.451610093495224 0.461015503488193 0.538210259850326
0.778267540515681 0.778267540515681 0.76122753149778 0.60865648196752 0.476253001556312 0.530280621340297 0.594191143820549 0.662309568740359
0.778267540515681 0.778267540515681 0.747467490636734 0.471459765854347 0.224714588799079 0.297399202553509 0.458299860876789 0.65025673853629
0.778267540515681 0.778267540515681 0.74800096267537 0.477757846213983 0.271521453104632 0.543964888123493 0.689785713492592 0.750335288574066
0.778267540515681 0.778267540515681 0.753296141059901 0.530301040652288 0.360878546734098 0.610098093985301 0.754408710307852 0.775127805013642
0.778267540515681 0.778267540515681 0.778274879342998 0.778343560049269 0.778442802012441 0.778591686036818 0.778759608563468 0.778798283783093
0.778267540515681 0.778267540515681 0.778279518913761 0.778387326266526 0.778496893045032 0.778533857566946 0.778641940531929 0.778780006735355
0.778267540515681 0.778267540515681 0.778249185466424 0.778083992354948 0.777918827045947 0.777905689933157 0.77798252786521 0.778529441602043
0.778267540515681 0.778267540515681 0.77748860707419 0.770478289108863 0.763469384660822 0.762692519880842 0.762786133912678 0.772263673311149
0.778267540515681 0.778267540515681 0.775725803899654 0.752854810677413 0.73006306257774 0.727615759863968 0.727631750941665 0.75134125785383
0.778267540515681 0.778267540515681 0.777048423000022 0.76608362968189 0.75524805436004 0.754220018823217 0.754282386113545 0.764634954333651
0.778267540515681 0.778267540515681 0.776552596767994 0.761122991185632 0.745795635046741 0.744373640045194 0.744647753424289 0.753618820545877
0.778267540515681 0.778267540515681 0.773937947228647 0.734988556693404 0.69635526378615 0.692647727413094 0.693430275544495 0.710587316927966
0.778267540515681 0.778267540515681 0.773466090574527 0.730300158278232 0.688014991359234 0.684665697752362 0.685520831671005 0.70098271234351
0.778267540515681 0.778267540515681 0.775643226203018 0.75205321719318 0.729031640646399 0.727624906601238 0.728554098531183 0.737685553385486
0.778267540515681 0.778267540515681 0.752893150867816 0.524673493153507 0.299622458732043 0.283498670495115 0.295848539912289 0.393148099668349
0.778267540515681 0.778267540515681 0.755180322181567 0.548741511644086 0.376635159228359 0.452626855657494 0.487576856965203 0.611426807101345
0.778267540515681 0.778267540515681 0.756016943086352 0.556938647455774 0.389565469551521 0.492948817767567 0.614323462523422 0.707615367161034
0.778267540515681 0.778267540515681 0.764923270354284 0.645505545670146 0.544032341157312 0.600466144270436 0.689550120280546 0.751828847050484
0.778267540515681 0.778267540515681 0.77813497826284 0.776947520652754 0.775876015198243 0.776199615705647 0.777155266926673 0.778340011106712
0.778267540515681 0.778267540515681 0.778252444889622 0.778116608395244 0.777983490100967 0.778001093725941 0.778119603214259 0.778539683322719
0.778267540515681 0.778267540515681 0.778247254630823 0.778064688477267 0.777882226149354 0.777865158291796 0.777901904145084 0.77825363254821
0.778267540515681 0.778267540515681 0.769370600624506 0.68929907257991 0.609244895518301 0.600386869753487 0.601000506781418 0.650100417921579
0.778267540515681 0.778267540515681 0.748944833755907 0.485627963258558 0.233590796031807 0.220061779435413 0.222138033082037 0.382402958580699
0.778267540515681 0.778267540515681 0.751114202699944 0.508572508153594 0.317720361668592 0.494438843225917 0.56576612997999 0.67835703956856
0.778267540515681 0.778267540515681 0.778270328081734 0.778298569388954 0.778369432913865 0.778568244621718 0.77872931549376 0.778780247411903
0.778267540515681 0.778267540515681 0.778279846640857 0.778390603937069 0.778503242093497 0.778542955640332 0.778661014253626 0.778776110750389
0.778267540515681 0.778267540515681 0.778278226238467 0.778374399099677 0.778470581497207 0.778483286684361 0.778513882974359 0.778690684749869
0.778267540515681 0.778267540515681 0.778261941547664 0.778211552921126 0.778161184795683 0.778155628478344 0.778159710832488 0.778466538318804
0.778267540515681 0.778267540515681 0.77825770771167 0.778169216989745 0.778080771260219 0.778071011744713 0.77807106499974 0.778397218907028
0.778267540515681 0.778267540515681 0.778271812355859 0.778310262883648 0.778348745270009 0.778353079750852 0.778353127919277 0.778534591025552

# True Numbers-at-age
9.0437017322588 15.9955833302548 48.9833466902268 17.0012551730882 19.7892121431864 19.2300397132947 5.81857767556151 25.2009980084117
44.9288300629993 7.03841950432245 12.448843297551 38.1196491932102 13.2229200012381 15.3836478153105 14.9509783364134 24.134615212131
75.4176435640419 34.9666500713775 5.47777343674663 9.68685192045842 29.6158822512926 10.2572600142427 11.9336854530787 30.3609907966927
62.1736341135915 58.6951039680751 27.2134087511234 4.24200520410582 7.1646417462489 20.8754238923277 7.19400687288198 30.5863768245308
14.3848225650881 48.3877213065067 45.680494205546 21.1583612034333 3.26878618320144 5.47219295399126 15.9313768913588 28.9804189372146
3.95808480731422 11.1952404784856 37.6585928523731 35.5380001060628 16.4036742126833 2.52549138934351 4.22658816727663 34.7384446760083
14.0730931572036 3.08044892814092 8.71289227267258 28.9724456963191 24.4873677971221 9.9880375666136 1.51665849889559 24.5331980994496
6.73933751177257 10.9526315989049 2.3974134109884 6.76637545246567 22.0643056129707 18.2966547559258 7.45569206964969 19.6104782462998
7.05381628721671 5.2450076299923 8.52407765665404 1.86436860762224 5.22484860681575 16.9181302263055 14.0239236305467 20.8028523766671
103.73292880094 5.4897562531016 4.08201918818009 6.63224861461549 1.44711933066893 4.04582444514818 13.0974831050654 26.9822562224019
84.3079538345906 80.7319713683955 4.27249909713196 3.17211165633059 5.08382026545885 1.09399453075907 3.05402768596823 30.3430644178851
19.5022847087265 65.6141438767564 62.8310727978635 3.27617718732861 2.10527035967713 2.85251049849919 0.602117105230485 19.0562000636998
11.8330762466226 15.1779951546972 51.0653583780052 48.8987774396574 2.54943115834909 1.63812261743904 2.21961166737949 15.2983106050242
4.45603227009201 9.20929914719347 11.8125409590051 39.6951263817995 37.6025943320017 1.93931533648882 1.24544523476717 13.3664023000988
8.7269065162848 3.46798527530302 7.16729859715942 8.93568432736077 22.2377134648453 13.7161797306658 0.669156624406662 6.06931494261448
149.395366699263 6.79186807073923 2.69902037075467 5.57759253719106 6.94838115211539 17.2811221444731 10.6615289230709 5.24085580611168
77.5673774799568 116.269564605473 5.28589045892121 2.10057469674708 4.34116411460605 5.40843652997854 13.4517235953731 12.3799413587996
157.068297831584 60.3681720955774 90.4888280823308 4.11389852751771 1.63505374446779 3.37954781479435 4.21047893566067 20.1112831869224
463.157769519228 122.241157846371 46.9825888222524 70.4237765635409 3.2013767650987 1.27225486536106 2.62963909808951 18.9272565904523
320.472314944656 360.460658154458 95.1363252668843 35.5475282099561 39.5570743745074 1.17432989440066 0.439195519080786 8.60547309422465
44.2083240707573 249.413200355344 280.534829874533 72.1134996801212 20.4971870039007 16.5699241590469 0.530339233404517 4.83402985353642
40.6383124997165 34.4059036448684 194.110198012698 213.550836044541 43.8923490176685 9.76184683406877 8.78670967862099 3.51674710328327
19.0584871503295 31.627479519862 26.7769980089112 145.091062615551 100.680627159559 9.86325116093104 2.90316546390154 6.31373632491466
80.4302597497236 14.8326019204366 24.6146406986331 20.0292202882221 69.3183935801039 27.3369501858491 5.36526231428976 6.73998122823979
63.1314701551989 62.5962604384548 11.5437326160664 18.5421138518563 10.6215163622981 25.0155211371301 16.6782212037577 9.27194747826531
68.2530624599628 49.1331740068257 48.7166376569152 8.9841971089369 14.4321349062927 8.26824295868831 19.4768767792478 20.2093017995733
11.4577929962446 53.1191430533784 38.2387544920212 37.91516131872 6.99318516627684 11.2353721845556 6.43710708592835 30.9041133224832
4.85756508616332 8.91722837492508 41.3409048184534 29.7592795366661 29.5011800896515 5.4401304018652 8.74005995088252 29.0677189310087
5.29780471517029 3.78048523250317 6.93998939556959 32.142082502486 22.9288787825229 22.5232478098143 4.14914676467895 29.1147399365355
18.0633844432712 4.12310944580796 2.94222894385609 5.38352885293329 24.1983214371869 16.7395274654424 16.3882700697425 24.894156251301
102.839165819489 14.0581457840539 3.20888224766593 2.28625436092839 4.12423332415231 18.2757351842142 12.6252867200777 31.3963254808669
164.579008613676 80.0363846510176 10.9409985435665 2.4918658421477 1.74012075780101 3.07583521106711 13.6039755235756 33.0622531708088
146.186245806646 128.086500254275 62.2897202341145 8.46765395343949 1.83149287879373 1.21174224931828 2.13047026884281 32.9270262680517
158.362469442817 113.772009981159 99.6855655261557 48.1789863924615 6.18392902244216 1.26009455717777 0.829638352625517 24.5417579333324
81.3530085986653 123.248369603251 88.5450623875624 77.3204336505798 36.2331617175571 4.50827992087189 0.9168761844752 18.7085367042069
24.5122584785556 63.3144059156343 95.9202054836898 66.6649710147592 40.5679820155937 10.8562690014502 1.278091363787 7.62648213329186
28.384404286546 19.0770951185901 49.2755469711721 72.437051680895 36.5818369683482 15.2793283660163 4.91383890229833 5.28620339024373
19.6075778064996 22.0906605130929 14.8470838981288 37.2531483900535 40.3429935888417 14.2510204956318 7.53192685431021 6.75928528161742
130.404975537931 15.2599413549343 17.1924440258917 11.3568799705811 24.0471138794524 21.947893251432 8.55725532893096 10.2754667284976
307.580930244975 101.489959582913 11.8763170267182 13.3780420583723 8.82369973549392 18.6575788938079 17.0359463073101 14.6481229369005
67.9322161223555 239.380254091282 78.9863412316298 9.24277276232769 10.4096767134296 6.86469271582254 14.5156167856606 24.6601487735903
8.76854572953023 52.8694387633253 186.30188159964 61.4709032168493 7.19147510998666 8.09750249533771 5.33980528601784 30.4835762996317
9.21161793450104 6.82427451882077 41.1465680747776 143.335190543791 42.3718365780236 4.38136950200629 4.86163417599685 23.0266113751457
5.98334978294714 7.16910323405426 5.31111134556647 30.8165095863904 69.6075766470585 9.89767103559015 0.964171968975553 9.88539816936404
43.2063050720042 4.65664691961931 5.57948034167042 3.98925116377579 15.6724295728898 22.1157444271776 4.89379301746786 7.25132528064874
26.094003698959 33.6260647831589 3.62411714518204 4.34234399603742 3.10482847369992 12.1989401190327 17.2186163171702 9.4581289827887
18.7778614999709 20.3081160809959 26.17007473601 2.82057733596078 3.38003976557807 2.41711903291959 9.49739889595117 20.7732301497635
7.48034953662625 14.6142000857264 15.8051475548636 20.36759934607 2.19546518899264 2.63126152179325 1.88168676905457 23.5697777024293
8.42089534801252 5.82171323606773 11.3737575573224 12.3005448224955 15.8503011163804 1.70842579264419 2.04753096318191 19.8125360890387
15.8082557952184 6.55370951143764 4.53085044182201 8.85171448462998 9.57190533306857 12.33281451734 1.32927658497343 17.0151475883457

