# Simulated data from SIR age-structured hybrid model
# random seed = 3293387
# Flag=0 if no issues, =1 if negative pop #'s, =2 if NaN, or=3 if NA. Flag:
0

# Number of years (nyr)
50

# Starting age
0

# Ending age
8

# Sample size for comp data
200

# Sample size for fishery age comp data
200

# Sample size for antibody prevalence data
200

# Survey data
10492.8112546999
9706.23544648352
6965.35926220233
8925.33669010973
5975.60432276197
8017.74546638048
3527.52038801474
6516.27884511963
8731.63039822003
8298.98506623127
4535.59090723431
4870.61184208037
3669.90853227384
13815.3221160881
13917.2931989684
12440.290893746
10335.4807462254
18371.321254054
9678.92994166911
12277.3856556851
12404.1831833611
6519.68640981017
11970.9285776692
9634.13025268667
13204.1128126799
14129.8611828353
19833.7012503805
15777.2472568554
31057.5489862134
13439.61344035
17113.9503255954
24940.4952096584
11299.780294369
7376.24480868759
6052.66902031865
9732.68735026291
17401.6679608437
11081.2962604526
16903.3547372047
12657.8809676676
19205.9331040202
29251.8868175728
33507.5570317902
30961.6619049491
34927.7272437007
22581.8648586246
38274.1147744005
27745.7106354877
37462.9348419062
38710.2563537649

# Catches
0
0
0
0
0
0
0
0
0
0
0
0
0
0
0
0
0
0
0
0
0
0
0
0
0
0
0
0
0
0
0
0
0
0
0
0
0
0
0
0
0
0
0
0
0
0
0
0
0
0

# Catch compositions
-999 -999 -999 -999 -999 -999 -999 -999
-999 -999 -999 -999 -999 -999 -999 -999
-999 -999 -999 -999 -999 -999 -999 -999
-999 -999 -999 -999 -999 -999 -999 -999
-999 -999 -999 -999 -999 -999 -999 -999
-999 -999 -999 -999 -999 -999 -999 -999
-999 -999 -999 -999 -999 -999 -999 -999
-999 -999 -999 -999 -999 -999 -999 -999
-999 -999 -999 -999 -999 -999 -999 -999
-999 -999 -999 -999 -999 -999 -999 -999
-999 -999 -999 -999 -999 -999 -999 -999
-999 -999 -999 -999 -999 -999 -999 -999
-999 -999 -999 -999 -999 -999 -999 -999
-999 -999 -999 -999 -999 -999 -999 -999
-999 -999 -999 -999 -999 -999 -999 -999
-999 -999 -999 -999 -999 -999 -999 -999
-999 -999 -999 -999 -999 -999 -999 -999
-999 -999 -999 -999 -999 -999 -999 -999
-999 -999 -999 -999 -999 -999 -999 -999
-999 -999 -999 -999 -999 -999 -999 -999
-999 -999 -999 -999 -999 -999 -999 -999
-999 -999 -999 -999 -999 -999 -999 -999
-999 -999 -999 -999 -999 -999 -999 -999
-999 -999 -999 -999 -999 -999 -999 -999
-999 -999 -999 -999 -999 -999 -999 -999
-999 -999 -999 -999 -999 -999 -999 -999
-999 -999 -999 -999 -999 -999 -999 -999
-999 -999 -999 -999 -999 -999 -999 -999
-999 -999 -999 -999 -999 -999 -999 -999
-999 -999 -999 -999 -999 -999 -999 -999
-999 -999 -999 -999 -999 -999 -999 -999
-999 -999 -999 -999 -999 -999 -999 -999
-999 -999 -999 -999 -999 -999 -999 -999
-999 -999 -999 -999 -999 -999 -999 -999
-999 -999 -999 -999 -999 -999 -999 -999
-999 -999 -999 -999 -999 -999 -999 -999
-999 -999 -999 -999 -999 -999 -999 -999
-999 -999 -999 -999 -999 -999 -999 -999
-999 -999 -999 -999 -999 -999 -999 -999
-999 -999 -999 -999 -999 -999 -999 -999
-999 -999 -999 -999 -999 -999 -999 -999
-999 -999 -999 -999 -999 -999 -999 -999
-999 -999 -999 -999 -999 -999 -999 -999
-999 -999 -999 -999 -999 -999 -999 -999
-999 -999 -999 -999 -999 -999 -999 -999
-999 -999 -999 -999 -999 -999 -999 -999
-999 -999 -999 -999 -999 -999 -999 -999
-999 -999 -999 -999 -999 -999 -999 -999
-999 -999 -999 -999 -999 -999 -999 -999
-999 -999 -999 -999 -999 -999 -999 -999

# Age composition from fishery-independent survey
0 0 2 21 72 14 32 59
0 0 3 26 28 62 18 63
0 0 0 18 37 24 39 82
0 0 7 10 45 23 25 90
0 0 2 52 18 22 18 88
0 0 5 11 65 16 22 81
0 0 3 28 15 55 17 82
0 0 6 31 25 17 42 79
0 0 0 18 41 48 7 86
0 0 1 4 25 40 25 105
0 0 1 3 8 32 46 110
0 0 8 26 15 7 28 116
0 0 9 56 18 5 6 106
0 0 42 37 42 10 2 67
0 0 1 143 20 12 6 18
0 0 0 11 145 23 8 13
0 0 3 10 19 123 19 26
0 0 1 30 7 16 100 46
0 0 1 13 45 6 13 122
0 0 3 14 33 40 7 103
0 0 2 12 15 22 38 111
0 0 14 9 12 19 15 131
0 0 18 54 12 11 9 96
0 0 6 85 49 9 7 44
0 0 3 36 85 42 4 30
0 0 0 29 46 78 29 18
0 0 0 7 49 33 73 38
0 0 3 13 10 41 42 91
0 0 6 34 25 4 34 97
0 0 2 24 50 15 1 108
0 0 1 19 26 43 19 92
0 0 0 39 22 23 38 78
0 0 0 3 64 22 15 96
0 0 4 4 6 56 20 110
0 0 7 16 9 10 46 112
0 0 20 25 29 6 8 112
0 0 4 79 33 15 3 66
0 0 2 13 113 23 14 35
0 0 10 16 17 84 26 47
0 0 12 70 12 10 44 52
0 0 2 85 60 5 4 44
0 0 2 32 84 34 8 40
0 0 0 36 38 76 29 21
0 0 0 5 60 33 57 45
0 0 4 9 8 45 30 104
0 0 3 40 8 1 37 111
0 0 3 42 50 9 2 94
0 0 2 47 47 20 5 79
0 0 2 31 48 35 31 53
0 0 2 32 35 38 21 72

# Antibody prevalence values
0 0 0 0 0 3 0 18 11 50 6 13 5 25 42 27
0 0 0 0 0 2 0 21 1 29 5 55 4 10 31 42
0 0 0 0 0 4 2 24 1 33 1 17 7 40 28 43
0 0 0 0 0 8 0 15 3 30 3 20 3 15 45 58
0 0 0 0 0 2 6 44 8 18 7 14 5 19 39 38
0 0 0 0 0 6 0 10 7 74 3 15 6 18 18 43
0 0 0 0 0 8 2 30 3 17 11 55 2 9 25 38
0 0 0 0 0 3 0 28 1 48 1 16 8 31 17 47
0 0 0 0 0 0 0 29 3 40 2 25 1 12 25 63
0 0 0 0 0 0 0 2 2 36 0 34 6 30 26 64
0 0 0 0 0 4 0 10 0 7 1 32 3 36 30 77
0 0 0 0 0 6 1 16 2 17 1 8 2 19 41 87
0 0 0 0 9 7 35 17 9 5 9 0 5 0 93 11
0 0 0 0 29 22 28 9 34 6 11 0 6 0 55 0
0 0 0 0 0 0 91 27 26 2 20 1 7 0 26 0
0 0 0 0 0 2 4 8 101 44 19 1 10 1 10 0
0 0 0 0 0 5 0 6 5 14 83 41 25 5 15 1
0 0 0 0 1 3 1 25 0 10 4 7 85 33 30 1
0 0 0 0 0 0 1 14 1 49 1 10 5 7 87 25
0 0 0 0 0 0 1 14 0 21 4 30 0 10 86 34
0 0 0 0 0 0 2 9 3 15 7 25 10 31 80 18
0 0 0 0 5 7 7 3 10 5 13 5 10 3 126 6
0 0 0 0 6 8 45 11 9 3 11 0 10 0 95 2
0 0 0 0 5 2 46 29 55 7 6 0 2 0 47 1
0 0 0 0 1 4 17 20 65 23 28 2 6 0 34 0
0 0 0 0 0 1 8 21 24 20 55 17 21 3 30 0
0 0 0 0 0 1 5 4 17 26 22 19 45 10 50 1
0 0 0 0 0 3 5 17 2 10 24 14 30 15 67 13
0 0 0 0 0 4 4 27 4 14 3 4 21 20 86 13
0 0 0 0 0 3 5 19 17 40 4 6 0 5 82 19
0 0 0 0 0 5 1 14 12 21 18 25 8 7 79 10
0 0 0 0 0 1 5 31 5 11 8 19 14 16 76 14
0 0 0 0 0 0 0 4 8 59 7 11 5 11 74 21
0 0 0 0 0 5 1 5 0 5 12 39 4 13 75 41
0 0 0 0 0 3 12 8 6 3 11 1 24 5 117 10
0 0 0 0 11 16 16 10 25 6 7 1 2 0 100 6
0 0 0 0 1 2 53 27 23 8 20 2 4 0 60 0
0 0 0 0 0 0 9 3 91 21 15 1 11 0 49 0
0 0 0 0 5 9 20 1 15 5 84 0 14 1 46 0
0 0 0 0 10 9 49 11 20 0 11 0 55 0 35 0
0 0 0 0 3 4 51 20 55 1 11 0 10 0 45 0
0 0 0 0 2 2 20 15 78 7 40 1 9 0 26 0
0 0 0 0 0 0 15 15 20 13 70 8 24 0 35 0
0 0 0 0 1 0 1 2 32 14 25 4 55 4 62 0
0 0 0 0 1 1 2 3 4 2 36 4 37 1 106 3
0 0 0 0 3 3 31 13 11 1 4 0 29 1 104 0
0 0 0 0 4 6 24 10 43 7 6 0 1 0 99 0
0 0 0 0 2 3 23 15 39 4 37 0 4 0 72 1
0 0 0 0 5 3 20 13 40 5 31 3 32 0 48 0
0 0 0 0 1 1 24 12 39 4 38 0 28 0 53 0

# Average weight-at-age
70
94
115
134
150
160
165
168

# Maturity logistic function parameter age-at-50%
3

# Maturity logistic function parameter age-at-95%
4

# Infection prevalence index (avg of 3 different samples)
0
0
0
0
0
0
0
0
0
0
0.0277777777777778
0.305555555555556
0.2
0.0555555555555556
0
0
0.00555555555555556
0
0
0.00555555555555556
0.0444444444444444
0.0944444444444444
0
0
0
0
0
0
0.0111111111111111
0
0
0
0
0.15
0.0111111111111111
0
0.116666666666667
0.1
0.0166666666666667
0
0.0444444444444444
0
0.0277777777777778
0.0111111111111111
0.0111111111111111
0.0555555555555556
0.0888888888888889
0.0555555555555556
0.0111111111111111
0.00555555555555556

