# Simulated data from SIR age-structured hybrid model
# random seed = 3104501
# Flag=0 if no issues, =1 if negative pop #'s, =2 if NaN, or=3 if NA. Flag:
0

# True SSB
27022.6043612148
24247.541815898
25430.4993006046
26353.1260292091
24454.9809685775
20734.5795827672
16676.7565194006
16610.4812202677
17481.8275879894
16281.1112675495
12403.2243688933
12391.848404292
18998.5770590571
24573.4097622386
27653.750588541
29346.9345331808
28413.3331383035
27091.1608736829
24800.9692416801
21497.3049744723
17834.6735070996
16447.0227264516
18442.6154018625
19562.2957434127
16942.518925202
13934.3342291991
12676.6054377921
11102.1042008758
12650.0863787332
20515.0628819625
37058.2765004227
66462.7947931595
88232.5418168373
85685.739131876
73451.7352871108
64854.9947795838
57960.1497941553
48381.8577736857
44161.5129540976
49624.8414058922
56856.2754142932
54527.5045890034
50428.4071799916
46093.6702553822
42416.1632798925
44768.7938771758
56825.5957371585
63334.5897110091
56811.9259261383
52807.4262035982

# True R (numbers)
92.5986227701855
26.3781739744577
14.2990735101899
10.7357081762058
125.499439060833
47.2564625187767
30.4188734535325
10.9679423967349
75.8314568537131
343.213074578015
88.3034131583653
206.712763057508
81.0433212251855
82.9180636666964
74.6577658085108
38.0970843502341
18.0462013244249
60.9720189125367
47.9627907429158
168.415060587877
32.0111050095195
2.49750108718978
4.46823067434322
65.526036765672
24.3864648696482
126.297827976181
318.710017634433
537.654648276594
1170.28705833688
448.870366504589
89.1686992468804
67.0546215457269
192.212287557735
88.235723903771
125.235666548676
128.259436202577
523.600687543588
278.624947981287
84.6314534690806
192.201661712601
114.307647820726
171.242712562046
288.18629597929
700.591105241511
125.894168243443
103.470413181294
227.122715026281
219.952718559391
226.419129342
55.6518889469077

# True infection rate given (selected) susceptible
0.373008874056301 0.3730088740563 0.373008874056302 0.3730088740563 0.373008874056301 0.373008874056301 0.373008874056301 0.373008874056301
0.0994047291432889 0.0994047291432887 0.099404729143289 0.0994047291432891 0.0994047291432881 0.0994047291432891 0.0994047291432885 0.0994047291432887
0.0565010901662081 0.0565010901662083 0.0565010901662085 0.0565010901662083 0.056501090166209 0.0565010901662077 0.0565010901662089 0.0565010901662076
0.0121181956026026 0.0121181956026023 0.0121181956026032 0.0121181956026023 0.0121181956026031 0.0121181956026034 0.0121181956026038 0.0121181956026036
0.0292988620935349 0.0292988620935352 0.0292988620935344 0.0292988620935343 0.0292988620935352 0.0292988620935348 0.0292988620935348 0.0292988620935351
0.299998817759418 0.299998817759418 0.299998817759418 0.299998817759417 0.299998817759418 0.299998817759418 0.299998817759419 0.299998817759417
0.156220470874865 0.156220470874864 0.156220470874865 0.156220470874865 0.156220470874865 0.156220470874864 0.156220470874864 0.156220470874864
0.0470447410082743 0.0470447410082753 0.0470447410082759 0.0470447410082749 0.0470447410082758 0.0470447410082757 0.0470447410082763 0.0470447410082761
0.0196642239876057 0.0196642239876073 0.0196642239876061 0.0196642239876064 0.0196642239876061 0.0196642239876066 0.0196642239876064 0.0196642239876058
0.778731417509967 0.778731417509967 0.778731417509967 0.778731417509967 0.778731417509966 0.778731417509967 0.778731417509967 0.778731417509967
0.764430488728957 0.764430488728957 0.764430488728957 0.764430488728957 0.764430488728957 0.764430488728957 0.764430488728957 0.764430488728957
0.628080276342467 0.628080276342467 0.628080276342466 0.628080276342467 0.628080276342466 0.628080276342467 0.628080276342467 0.628080276342467
0.413910667171286 0.413910667171286 0.413910667171286 0.413910667171286 0.413910667171286 0.413910667171287 0.413910667171286 0.413910667171286
0.179176665614828 0.179176665614828 0.179176665614827 0.179176665614827 0.179176665614827 0.179176665614827 0.179176665614827 0.179176665614827
0.0946633646236066 0.0946633646236063 0.0946633646236067 0.0946633646236072 0.094663364623606 0.0946633646236064 0.0946633646236064 0.0946633646236063
0.051171786995952 0.0511717869959517 0.0511717869959524 0.0511717869959525 0.051171786995952 0.0511717869959523 0.0511717869959522 0.0511717869959528
0.0242556612451907 0.02425566124519 0.0242556612451904 0.0242556612451904 0.0242556612451904 0.02425566124519 0.0242556612451907 0.02425566124519
0.0111516144200152 0.0111516144200152 0.0111516144200156 0.0111516144200152 0.0111516144200158 0.0111516144200154 0.0111516144200147 0.0111516144200143
0.021625151335147 0.0216251513351469 0.0216251513351464 0.0216251513351467 0.0216251513351474 0.0216251513351472 0.021625151335146 0.0216251513351466
0.434031573988823 0.434031573988823 0.434031573988824 0.434031573988824 0.434031573988824 0.434031573988824 0.434031573988824 0.434031573988824
0.398560791071781 0.398560791071779 0.39856079107178 0.398560791071779 0.39856079107178 0.39856079107178 0.39856079107178 0.398560791071779
0.137057531671828 0.137057531671827 0.137057531671828 0.137057531671828 0.137057531671827 0.137057531671827 0.137057531671828 0.137057531671827
0.0296680575899514 0.0296680575899517 0.0296680575899507 0.0296680575899511 0.0296680575899518 0.0296680575899518 0.0296680575899513 0.0296680575899522
0.0100628879978055 0.0100628879978049 0.0100628879978053 0.0100628879978056 0.0100628879978045 0.0100628879978051 0.0100628879978062 0.0100628879978052
0.00950784666176765 0.00950784666176943 0.00950784666176913 0.00950784666176863 0.00950784666176975 0.00950784666176837 0.00950784666176881 0.00950784666176956
0.173168907104875 0.173168907104874 0.173168907104875 0.173168907104874 0.173168907104875 0.173168907104874 0.173168907104874 0.173168907104874
0.779399865475509 0.779399865475508 0.779399865475508 0.779399865475508 0.779399865475508 0.779399865475508 0.779399865475508 0.779399865475508
0.87332518263617 0.87332518263617 0.87332518263617 0.87332518263617 0.87332518263617 0.87332518263617 0.87332518263617 0.873325182636169
0.940839500742615 0.940839500742614 0.940839500742615 0.940839500742615 0.940839500742614 0.940839500742614 0.940839500742614 0.940839500742614
0.926441759827466 0.926441759827466 0.926441759827466 0.926441759827466 0.926441759827466 0.926441759827466 0.926441759827466 0.926441759827466
0.82511002179073 0.82511002179073 0.825110021790729 0.825110021790729 0.825110021790729 0.825110021790729 0.825110021790729 0.825110021790729
0.220665380966554 0.220665380966554 0.220665380966553 0.220665380966553 0.220665380966554 0.220665380966554 0.220665380966553 0.220665380966553
0.0977363957558975 0.0977363957558967 0.0977363957558972 0.0977363957558976 0.0977363957558977 0.0977363957558971 0.0977363957558967 0.0977363957558971
0.190788097716237 0.190788097716238 0.190788097716237 0.190788097716237 0.190788097716237 0.190788097716237 0.190788097716238 0.190788097716238
0.183021638414619 0.18302163841462 0.18302163841462 0.18302163841462 0.18302163841462 0.18302163841462 0.18302163841462 0.18302163841462
0.169700974647507 0.169700974647507 0.169700974647507 0.169700974647506 0.169700974647507 0.169700974647507 0.169700974647507 0.169700974647507
0.773507650833967 0.773507650833967 0.773507650833967 0.773507650833967 0.773507650833967 0.773507650833967 0.773507650833967 0.773507650833967
0.791979287600138 0.791979287600138 0.791979287600138 0.791979287600138 0.791979287600138 0.791979287600138 0.791979287600137 0.791979287600138
0.65065423857047 0.65065423857047 0.65065423857047 0.65065423857047 0.65065423857047 0.65065423857047 0.65065423857047 0.65065423857047
0.231560110020712 0.231560110020711 0.231560110020712 0.231560110020712 0.23156011002071 0.231560110020712 0.231560110020711 0.231560110020712
0.305105087788783 0.305105087788784 0.305105087788783 0.305105087788784 0.305105087788783 0.305105087788783 0.305105087788783 0.305105087788783
0.313538769579104 0.313538769579104 0.313538769579105 0.313538769579104 0.313538769579104 0.313538769579104 0.313538769579105 0.313538769579104
0.578574661116026 0.578574661116026 0.578574661116026 0.578574661116026 0.578574661116026 0.578574661116026 0.578574661116026 0.578574661116025
0.854274011418049 0.854274011418049 0.854274011418049 0.854274011418049 0.854274011418049 0.854274011418049 0.854274011418049 0.854274011418048
0.844651379415674 0.844651379415675 0.844651379415674 0.844651379415674 0.844651379415674 0.844651379415674 0.844651379415675 0.844651379415674
0.647379790105848 0.647379790105848 0.647379790105848 0.647379790105848 0.647379790105848 0.647379790105848 0.647379790105848 0.647379790105848
0.147553916935486 0.147553916935486 0.147553916935486 0.147553916935486 0.147553916935486 0.147553916935486 0.147553916935486 0.147553916935486
0.533911817201362 0.533911817201361 0.533911817201362 0.533911817201362 0.533911817201362 0.533911817201362 0.533911817201362 0.533911817201362
0.533785905403902 0.533785905403901 0.533785905403902 0.533785905403902 0.533785905403902 0.533785905403901 0.533785905403901 0.533785905403902
0.369110323244467 0.369110323244466 0.369110323244466 0.369110323244467 0.369110323244465 0.369110323244466 0.369110323244466 0.369110323244466

# Duration of outbreak (days) based on incidence
0
0
0
0
0
0
0
0
0
0
0
0
0
0
0
0
0
0
0
0
0
0
0
0
0
0
0
0
3
0
0
0
0
0
0
0
0
0
0
0
0
0
0
0
0
0
0
0
0
0

# Duration of outbreak (days) based on prevalence
0
0
0
0
0
0
0
0
0
30
22
0
0
0
0
0
0
0
0
0
0
0
0
0
0
0
30
25
24
21
13
0
0
0
0
0
21
16
0
0
0
0
0
22
17
0
0
0
0
0

# Peak (point) prevalence
0.041637729553347
0.0128413232753582
0.00763809972369623
0.00127858054788038
0.00489757739281009
0.0500548966189853
0.0257528963661736
0.00705956869063836
0.00295232374247467
0.256183403968089
0.169792958000944
0.0880702202407812
0.0375449471916423
0.0191925190821216
0.0124598914215977
0.00740014055542615
0.00341538525494782
0.00146429087347404
0.00327922087062681
0.0742315892078995
0.0525710599922539
0.017940039957807
0.00333728214484684
0.0010507943523502
0.00115455168305948
0.0385493950140797
0.255760904073975
0.321969101798093
0.439392111177684
0.317648413017003
0.136938655448405
0.00908295269775509
0.00568826917307601
0.0139864569828401
0.0166087932530188
0.0176546771533639
0.169845312781733
0.149333768174885
0.0679065087766131
0.0154423320527877
0.0238146872007021
0.0280641354251861
0.0710470141703975
0.232721074911612
0.174663770055373
0.0592568481782377
0.00958550476390349
0.0502374141492946
0.0506823498764757
0.0274152524514526

# Day of peak prevalence
98
119
119
119
119
112
119
119
119
45
40
59
91
119
119
119
119
119
119
96
98
119
119
119
119
119
44
26
16
16
28
106
119
118
119
119
40
36
54
112
105
106
72
29
27
52
119
75
76
98

# Total immunity
0.310881941847649
0.400470127076703
0.412515081571963
0.414208156264089
0.245083023900166
0.212420071819802
0.292641292535608
0.335491119576167
0.235889961209658
0.0820902596075472
0.255220008816092
0.300460327572971
0.390289135753822
0.410698806775216
0.378062928669124
0.364227795824888
0.359221542538427
0.290411612257727
0.242522532355596
0.13945399040518
0.272835164497762
0.420663291581095
0.461876302632587
0.322028596791489
0.282308221235662
0.151691167127933
0.0828774353939065
0.129880036660055
0.127047542936743
0.265955106732644
0.494800706311196
0.674999327725246
0.577485967095528
0.535718244554868
0.490258342506982
0.444725701649684
0.25312877399938
0.343956217955782
0.494904229075911
0.507314511906993
0.473035102699408
0.424319174998492
0.335384833160809
0.232101757022949
0.390591401735663
0.549266444580358
0.523106292569286
0.416987649821438
0.413947753393274
0.508797966374233

# Observed immunity (based on survey selectivity)
0.730693574129748
0.734655251815967
0.624323328387259
0.536141630569667
0.481575984980229
0.465141077801079
0.577773565677288
0.52478661596097
0.452263629502321
0.40948294190801
0.812156765261466
0.847689583329731
0.803728224752672
0.80418325772367
0.713077095593076
0.631414470805956
0.557115264219103
0.478846178237587
0.422243116191383
0.393864919212429
0.583172270132366
0.667130593094477
0.581321790419214
0.514115995347468
0.49396514602691
0.477477547197789
0.474058094739664
0.792766058404389
0.856253358100702
0.871538953415654
0.872542140606388
0.880060421678596
0.838285859957272
0.803811127229436
0.796969950580916
0.753198823651649
0.716160774118695
0.882441825129916
0.917643102665219
0.874591247204868
0.814688671951072
0.806311178769648
0.782569351689202
0.839989007903356
0.919245674108695
0.910809654061433
0.873254843783517
0.830399785390931
0.870864204766644
0.86402220733777

# True total proportion of susceptible
1 0.944043883406622 0.887008285078598 0.824981047702823 0.779224418969745 0.753363211021698 0.739232405244534 0.188022381824895
1 0.922963540176872 0.802599322408848 0.683847900872266 0.58902807558545 0.533771665974378 0.50613881526783 0.12132591087727
1 0.979846075018618 0.887131749558585 0.754636977527279 0.632249482107117 0.539399410527583 0.486499639130273 0.120684488764709
1 0.988593706796373 0.9588814728111 0.858232060706512 0.723384142995514 0.602673939900339 0.512509690801939 0.125195828069899
1 0.99757715162377 0.984129257613068 0.952472734671432 0.851019541257551 0.716466112296443 0.59645679779631 0.149751450424307
1 0.994098894193447 0.98664154563398 0.968255021966483 0.933681122817337 0.832121573852458 0.699176718078018 0.253197185725905
1 0.938092704099485 0.877231985127372 0.812853382178308 0.758193582676807 0.710982568085361 0.620252433253301 0.280212548297813
1 0.968141664733183 0.880676712925203 0.796143159345542 0.719542076723114 0.662167800695687 0.616498883873009 0.2982479618488
1 0.990518901172325 0.950845782175049 0.85679177381392 0.769198175857983 0.692468016590549 0.635915763821683 0.306632158076053
1 0.996054815176234 0.983240251880464 0.940455130877947 0.845052687310674 0.757421967176531 0.681209061769484 0.316468972759645
1 0.838403985092349 0.678835147768152 0.494110397539787 0.347170353180472 0.250916598730565 0.198741113805282 0.0724584807374771
1 0.842080353196065 0.565852735661571 0.328968781006362 0.17092323338306 0.0962235854295996 0.0618237726303343 0.027583080262386
1 0.870084673041219 0.618666230505297 0.322661543369475 0.148655576377373 0.0671915968065152 0.035394639376109 0.0115830988405828
1 0.914438965459912 0.721116459535786 0.447760042039383 0.206182954924658 0.0885378484114794 0.03872929635532 0.00806965950970258
1 0.963438358524372 0.84951231581209 0.640025610207099 0.381208382928176 0.170733389938282 0.0723449206763657 0.00777942591622522
1 0.980810099274962 0.928426645426639 0.802055022271289 0.593355313422235 0.348507491524515 0.154640164497678 0.0250277909449989
1 0.989669030141053 0.961817821780893 0.901507700607037 0.772527730054983 0.567880358696731 0.331748558766365 0.103441907069582
1 0.995124221216541 0.980675405329351 0.948883252494123 0.886510085683765 0.757920972038319 0.555931110237023 0.142179645979529
1 0.997767872957218 0.990997789278975 0.974696518080816 0.941812421535166 0.87919149052278 0.751127956873218 0.294648370326785
1 0.995661977145316 0.989732454753878 0.979294713727681 0.960711802238835 0.927016907972702 0.864571833308616 0.364418284463283
1 0.909862339885995 0.823526920907261 0.730643385208065 0.662102145502814 0.619396884524872 0.582650091127483 0.265574159733424
1 0.917455130606641 0.761751001088876 0.616736438947325 0.499942985902427 0.430897553830469 0.393380622541133 0.193406096100194
1 0.97211661428073 0.867959557420252 0.697586966007215 0.550618936270647 0.439774934441733 0.37622449139108 0.183960849359019
1 0.994041939730332 0.961231792022114 0.853112963381045 0.682210830876706 0.53680111511793 0.427948361779079 0.189199279818677
1 0.997990682161083 0.990329489427371 0.95590982600112 0.847154727862402 0.676714423043793 0.532098225650446 0.235167758738709
1 0.998099922986463 0.994473466756687 0.985213488996668 0.949865919810699 0.841105917611937 0.67138919653476 0.284511679196484
1 0.964557955494881 0.931685261681358 0.896447946456706 0.8667198963749 0.824411506586272 0.721790185797582 0.385415075792762
1 0.838396321097852 0.654515609028341 0.46308060362723 0.327069688775563 0.258913170381881 0.220545509254393 0.0939023125717196
1 0.819641667354178 0.525387178253269 0.264476490566853 0.114066284945283 0.0561583861316047 0.0363440116798055 0.0110600880146272
1 0.805981127939001 0.487844889656033 0.181284454380935 0.0467309931462022 0.0116008776439322 0.00399990533490275 0.000601889535980132
1 0.80913473293604 0.484196063653901 0.172216388094686 0.0336858880484031 0.00530422798828612 0.000978390132409606 0.000112446215593208
1 0.830150083760674 0.523218613744239 0.206087750152385 0.0468894419531627 0.00689968688274663 0.000945525922923527 3.56541718364582e-05
1 0.955072881178148 0.755203719592525 0.445942706700472 0.165828272129919 0.0365973056909663 0.00532263824418914 0.000335652371514852
1 0.980276916700572 0.919269942661128 0.710258597441244 0.410276824626947 0.150233838491972 0.0329161114002761 0.00293503962631046
1 0.961103195417417 0.908081871534055 0.816685808072487 0.606692973103346 0.339327056764767 0.121473738230254 0.0158409568908304
1 0.962651007243512 0.892650252572845 0.8104703587363 0.706484309456355 0.511726118819503 0.280009598694707 0.0657718035920398
1 0.965395631128784 0.899224120763718 0.803390008113192 0.709127358792337 0.607404956637901 0.432928585234348 0.0973576784534399
1 0.840080707275727 0.658578645166621 0.449169170194686 0.292194242381838 0.208574510581357 0.157915277826531 0.0253841772215368
1 0.836523229338745 0.557113503676827 0.305207143905161 0.143029250072815 0.0724319770786815 0.045405443774182 0.00629696156141858
1 0.865675447242845 0.606424898118852 0.308859149283228 0.131623605418415 0.0530518541437971 0.0250249963501798 0.00416067000439706
1 0.952648195750444 0.784336188086825 0.514381186248256 0.246971078307134 0.101809839662384 0.0404199788690052 0.00449308020676232
1 0.937231514200702 0.837265351923486 0.634299237155803 0.384747505260366 0.174977642160327 0.0701747549887091 0.00635751946723437
1 0.935387104215784 0.81963666990795 0.675034470158114 0.474938001181715 0.272986208224958 0.119910141948379 0.0107920608874076
1 0.879819941813292 0.712973130757583 0.513324262879966 0.353640238230596 0.219813186267194 0.116679625628877 0.0241631364512508
1 0.823496680127611 0.562112708292375 0.301604998524757 0.136820786023159 0.0675404766706009 0.0345043510294474 0.00633493864835146
1 0.82586743143466 0.525979804030825 0.23472698699053 0.0791916960685954 0.0261197303579281 0.0109088864958475 0.0012572179768044
1 0.866534671415262 0.599494158734421 0.29168418244463 0.100748659338472 0.0293144895827749 0.00904515627188285 0.00105403441201542
1 0.970042451002465 0.815261003280656 0.542056658634205 0.254518447337547 0.0861319948309079 0.0248445475836346 0.00176378276422224
1 0.889388613441793 0.760842095118246 0.536012660020692 0.299200254102257 0.124288108477766 0.0394621229854057 0.00284373292269635
1 0.889284850830958 0.692236939210043 0.49626636653631 0.295341587880618 0.147063987281002 0.057249330059725 0.00621776845496359

# True vulnerable proportion of susceptible
0.27 0.472021941703311 0.647516048107376 0.725983321978484 0.740263198021258 0.738295946801264 0.731840081192089 0.188022381824895
0.27 0.461481770088436 0.585897505358459 0.601786152767595 0.559576671806178 0.52309623265489 0.501077427115151 0.12132591087727
0.27 0.489923037509309 0.647606177177767 0.664080540224005 0.600637008001761 0.528611422317032 0.48163464273897 0.120684488764709
0.27 0.494296853398187 0.699983475152103 0.75524421342173 0.687214935845738 0.590620461102332 0.50738459389392 0.125195828069899
0.27 0.498788575811885 0.718414358057539 0.83817600651086 0.808468564194674 0.702136790050515 0.590492229818347 0.149751450424307
0.27 0.497049447096723 0.720248328312805 0.852064419330505 0.88699706667647 0.815479142375409 0.692184950897238 0.253197185725905
0.27 0.469046352049742 0.640379349142981 0.715310976316911 0.720283903542967 0.696762916723654 0.614049908920768 0.280212548297813
0.27 0.484070832366592 0.642894000435398 0.700605980224077 0.683564972886959 0.648924444681773 0.610333895034279 0.2982479618488
0.27 0.495259450586163 0.694117420987786 0.75397676095625 0.730738267065084 0.678618656258738 0.629556606183466 0.306632158076053
0.27 0.498027407588117 0.717765383872739 0.827600515172593 0.80280005294514 0.742273527833 0.674396971151789 0.316468972759645
0.27 0.419201992546174 0.495549657870751 0.434817149835012 0.329811835521448 0.245898266755954 0.196753702667229 0.0724584807374771
0.27 0.421040176598033 0.413072497032947 0.289492527285599 0.162377071713907 0.0942991137210077 0.061205534904031 0.027583080262386
0.27 0.435042336520609 0.451626348268867 0.283942158165138 0.141222797558504 0.0658477648703849 0.0350406929823479 0.0115830988405828
0.27 0.457219482729956 0.526415015461124 0.394028836994657 0.195873807178425 0.0867670914432498 0.0383420033917668 0.00806965950970258
0.27 0.481719179262186 0.620143990542826 0.563222536982247 0.362147963781768 0.167318722139516 0.071621471469602 0.00777942591622522
0.27 0.490405049637481 0.677751451161446 0.705808419598734 0.563687547751123 0.341537341694024 0.153093762852701 0.0250277909449989
0.27 0.494834515070527 0.702127009900052 0.793326776534192 0.733901343552234 0.556522751522796 0.328431073178701 0.103441907069582
0.27 0.49756211060827 0.715893045890426 0.835017262194828 0.842184581399576 0.742762552597553 0.550371799134653 0.142179645979529
0.27 0.498883936478609 0.723428386173651 0.857732935911118 0.894721800458408 0.861607660712324 0.743616677304486 0.294648370326785
0.27 0.497830988572658 0.722504691970331 0.861779348080359 0.912676212126893 0.908476569813248 0.85592611497553 0.364418284463283
0.27 0.454931169942997 0.6011746522623 0.642966178983097 0.628997038227674 0.607008946834375 0.576823590216208 0.265574159733424
0.27 0.45872756530332 0.556078230794879 0.542728066273646 0.474945836607306 0.422279602753859 0.389446816315722 0.193406096100194
0.27 0.486058307140365 0.633610476916784 0.613876530086349 0.523087989457114 0.430979435752899 0.372462246477169 0.183960849359019
0.27 0.497020969865166 0.701699208176143 0.75073940777532 0.648100289332871 0.526065092815571 0.423668878161288 0.189199279818677
0.27 0.498995341080541 0.722940527281981 0.841200646880986 0.804796991469282 0.663180134582917 0.526777243393941 0.235167758738709
0.27 0.499049961493232 0.725965630732381 0.866987870317068 0.902372623820164 0.824283799259698 0.664675304569412 0.284511679196484
0.27 0.48227897774744 0.680130241027392 0.788874192881902 0.823383901556155 0.807923276454546 0.714572283939606 0.385415075792762
0.27 0.419198160548926 0.477796394590689 0.407510931191962 0.310716204336785 0.253734906974243 0.218340054161849 0.0939023125717196
0.27 0.409820833677089 0.383532640124887 0.232739311698831 0.108362970698019 0.0550352184089726 0.0359805715630074 0.0110600880146272
0.27 0.4029905639695 0.356126769448904 0.159530319855222 0.0443944434888921 0.0113688600910535 0.00395990628155372 0.000601889535980132
0.27 0.40456736646802 0.353463126467347 0.151550421523324 0.032001593645983 0.0051981434285204 0.00096860623108551 0.000112446215593208
0.27 0.415075041880337 0.381949588033294 0.181357220134099 0.0445449698555046 0.0067616931450917 0.000936070663694291 3.56541718364582e-05
0.27 0.477536440589074 0.551298715302543 0.392429581896416 0.157536858523423 0.035865359577147 0.00526941186174725 0.000335652371514852
0.27 0.490138458350286 0.671067058142623 0.625027565748294 0.389762983395599 0.147229161722133 0.0325869502862734 0.00293503962631046
0.27 0.480551597708708 0.66289976621986 0.718683511103789 0.576358324448179 0.332540515629471 0.120259000847951 0.0158409568908304
0.27 0.481325503621756 0.651634684378177 0.713213915687944 0.671160093983537 0.501491596443113 0.27720950270776 0.0657718035920398
0.27 0.482697815564392 0.656433608157515 0.706983207139609 0.67367099085272 0.595256857505143 0.428599299382004 0.0973576784534399
0.27 0.420040353637863 0.480762410971633 0.395268869771323 0.277584530262746 0.20440302036973 0.156336125048265 0.0253841772215368
0.27 0.418261614669372 0.406692857684083 0.268582286636542 0.135877787569174 0.0709833375371078 0.0449513893364402 0.00629696156141858
0.27 0.432837723621423 0.442690175626762 0.27179605136924 0.125042425147494 0.0519908170609212 0.024774746386678 0.00416067000439706
0.27 0.476324097875222 0.572565417303382 0.452655443898465 0.234622524391778 0.0997736428691366 0.0400157790803151 0.00449308020676232
0.27 0.468615757100351 0.611203706904144 0.558183328697107 0.365510129997348 0.171478089317121 0.069473007438822 0.00635751946723437
0.27 0.467693552107892 0.598334769032804 0.59403033373914 0.451191101122629 0.267526484060459 0.118711040528895 0.0107920608874076
0.27 0.439909970906646 0.520470385453035 0.45172535133437 0.335958226319066 0.21541692254185 0.115512829372588 0.0241631364512508
0.27 0.411748340063805 0.410342277053434 0.265412398701787 0.129979746722001 0.0661896671371889 0.034159307519153 0.00633493864835146
0.27 0.41293371571733 0.383965256942502 0.206559748551666 0.0752321112651656 0.0255973357507696 0.010799797630889 0.0012572179768044
0.27 0.433267335707631 0.437630735876128 0.256682080551274 0.0957112263715484 0.0287281997911194 0.00895470470916402 0.00105403441201542
0.27 0.485021225501233 0.595140532394879 0.477009859598101 0.241792524970669 0.0844093549342898 0.0245961021077982 0.00176378276422224
0.27 0.444694306720897 0.555414729436319 0.471691140818209 0.284240241397144 0.121802346308211 0.0390675017555516 0.00284373292269635
0.27 0.444642425415479 0.505332965623331 0.436714402551953 0.280574508486587 0.144122707535382 0.0566768367591277 0.00621776845496359

# True survival by age
0.753352591972043 0.734740332813094 0.718576573914762 0.711368878770463 0.710075565645386 0.710270889138 0.71087415598668 0.761350269801837
0.771696087160299 0.767076745832567 0.764112809892694 0.763789423925212 0.76486731046634 0.76578466258826 0.766335307057769 0.775783170028428
0.774596574186859 0.771617209763143 0.769522761963499 0.769369425547573 0.770297276918676 0.771326060749857 0.771992973514958 0.777095581948892
0.777598031650584 0.777047933483511 0.776553743915927 0.776470386487288 0.776710982781573 0.777014872291957 0.777269348562101 0.778423579932647
0.776433156152089 0.774880054836328 0.773395084711652 0.772598302741736 0.772854234745089 0.773648404151441 0.77447091317157 0.77770351545087
0.758145780387706 0.741228058546709 0.724598130127268 0.714784335476489 0.712199414897015 0.71758344676171 0.726842842861174 0.759796237793076
0.767849015900288 0.760201400399659 0.753622605600376 0.750765538706765 0.750602794657519 0.751535576913507 0.75477561551881 0.76783876429014
0.775237848268304 0.772852730039494 0.771117202218368 0.770514688225981 0.770746753730518 0.771166052357389 0.77162343270468 0.775295079611136
0.777087768231829 0.776108546710986 0.775260786840047 0.775049383439009 0.775197633299016 0.775466287130706 0.775710821149865 0.777297436268963
0.727640557732817 0.684885847999237 0.643690197039709 0.623118118178567 0.627819259614717 0.639215155987432 0.65198314879063 0.719291771920844
0.728721882778654 0.701429123552953 0.687504229872793 0.698747296143487 0.718094381804385 0.733544052689619 0.742590022108085 0.765465837397193
0.73706544395241 0.714100868461338 0.715464035533279 0.734448699719471 0.753930840313239 0.76435939408166 0.769427829488869 0.774576886686286
0.750678455766468 0.733883409890128 0.732322892808149 0.749615006703559 0.764291114590588 0.772036510817207 0.775201388223585 0.777611024634722
0.766313888770675 0.758070785790832 0.755110394686938 0.761117264677332 0.770018958741944 0.774912150204169 0.777082623718909 0.77843921369117
0.772014667062551 0.767131003154111 0.763986002154545 0.765415941402618 0.770210597691485 0.774834841518211 0.77710353902313 0.778616472654916
0.774954628975558 0.772260482467838 0.769989667200537 0.769712793725925 0.771567910464036 0.774424266265633 0.776839855341253 0.77848034512358
0.776776177333173 0.775539797661005 0.77440965505572 0.773938066926235 0.774335084916309 0.775423974201848 0.776809769471955 0.778174255104758
0.777662005704465 0.777154247233919 0.776672296469731 0.776422086954742 0.776439272680577 0.776730817792032 0.777270006265791 0.778406097481433
0.776956203737508 0.775845749840276 0.774758791806555 0.774115193613823 0.773953081189568 0.77414730218422 0.774788650058478 0.777212614967153
0.749250597840079 0.724767878706109 0.700625322164207 0.685663018706319 0.680203033881808 0.680672337656575 0.686353241715199 0.739442369103627
0.751622445722908 0.733420479280379 0.71903440052124 0.714959710749237 0.716374812001743 0.71856749085494 0.721565943914317 0.752450839255109
0.769151216069134 0.762823003923614 0.759619068096358 0.760147153184647 0.762498042784592 0.764313092136827 0.765441669367277 0.772167455443797
0.776414111027472 0.774945835792275 0.773988496980388 0.774214811633398 0.77491640405005 0.775607794898322 0.776043377084809 0.777439878196166
0.777736756392778 0.777293640423432 0.776908765971194 0.776870013015657 0.777162920173936 0.777480363802936 0.777739706075115 0.778327953320215
0.777773411057655 0.777355396052995 0.776949637202969 0.776751562310768 0.776876177818426 0.777226238141205 0.777552985824851 0.77824499895852
0.766678760661465 0.75684862727316 0.747111021289931 0.741063086181563 0.739563171607682 0.742972849279977 0.749913970598179 0.766437427795115
0.727638306884648 0.687851569204626 0.65076888412835 0.630396478073992 0.623941218842774 0.626862889107603 0.644422386013815 0.706323893287542
0.722171627662989 0.691259997873836 0.679183527079397 0.693888301813991 0.714071156630233 0.725946085368076 0.733320272707374 0.759241317981925
0.718241223939878 0.687252474136665 0.693253766220504 0.726917221086204 0.75464873591034 0.766535424278071 0.770782213345061 0.776336010011719
0.71914477461762 0.690126863439706 0.700558422600237 0.743771248728438 0.769054670452115 0.776305121235345 0.777931536773648 0.778668664436315
0.725224500586788 0.698889751430006 0.709102741974582 0.748936005297431 0.772495924731433 0.777776749707478 0.778609973133661 0.778778632409909
0.76359856830245 0.755807281142259 0.757770640293513 0.768837836376451 0.776355672495724 0.778429744276364 0.778749422600609 0.778798826984798
0.771838434375505 0.766920636595681 0.765270824622386 0.769218648796268 0.774961166807771 0.777927259669556 0.778672472191382 0.778792611699411
0.765553985519006 0.755198790124427 0.746711893106102 0.748991219511388 0.760229142582707 0.771788057015153 0.777248801227298 0.778661015065938
0.76605750226172 0.756556602721145 0.748338660713842 0.74586472417326 0.752412982672844 0.763581571233953 0.773297611805749 0.778075970481965
0.766951982905106 0.758115358567028 0.751015117998502 0.748478186705859 0.750296089982318 0.757510660591782 0.767033765970371 0.776009249144176
0.728133331390773 0.688657573668735 0.65643320521424 0.647098144461586 0.653333896790734 0.667948252688121 0.698986642289105 0.760671274438196
0.727088613494407 0.698733502936848 0.687320325557106 0.70363742754844 0.726028385938856 0.73994464647954 0.749082816167161 0.773975636208915
0.735739116373095 0.712473204578439 0.714444423674915 0.736332917325574 0.757322039043001 0.767581383385366 0.77169615706208 0.777805573959475
0.762815141588406 0.75356738594952 0.753141762638616 0.763080897293666 0.771574279333236 0.775797001543702 0.777369552513615 0.778560444674306
0.757871303566135 0.742310497308939 0.735130023414088 0.74433216835431 0.760945322392803 0.771209431283123 0.775756372708038 0.778458972619715
0.757284124797391 0.741881903034662 0.730853793590403 0.735082574269274 0.750189504487722 0.765380825565861 0.77336417403056 0.778303309734738
0.740010887269262 0.712033883570333 0.693584881681132 0.694271890796028 0.714617668497404 0.740749037671256 0.761916519236276 0.777265887058666
0.723288584569609 0.68875462226404 0.672439416223451 0.686544137504602 0.710202456956161 0.734819134161484 0.755217176539699 0.773867661168126
0.723977206844125 0.695569234520125 0.695991340132833 0.725272074132325 0.752592106553631 0.765455659783573 0.771913790537872 0.777523605260645
0.735997202737697 0.713712811547542 0.718407933789887 0.746337282050686 0.766980455596666 0.774779417777401 0.777104184160027 0.778603286637644
0.768471166119718 0.762618528300695 0.762602608993231 0.769332082571695 0.775274381793505 0.77774280985333 0.77847105743902 0.778761977623817
0.74292895662414 0.714802169723992 0.700471889613052 0.716078946724888 0.747018376233607 0.76770704986125 0.775568307428235 0.77856899223189
0.742897189678804 0.720070991199772 0.705635018428355 0.716722805949982 0.741405395799619 0.762778241726953 0.773661846693958 0.77842673396398
0.753605634458127 0.737712764749227 0.73227434129904 0.738646487652765 0.753015508551823 0.765558137576458 0.773593370759759 0.778229534079607

# True Numbers-at-age
92.5986227701855 109.812263880445 59.3699344403531 12.3244814434108 5.57748031411374 5.41679122642759 2.04478615125988 142.003688842421
26.3781739744577 69.7594124769607 80.6834993104777 42.6618440836929 8.7672525458265 3.96043248892032 3.84738912066965 109.568132442484
14.2990735101899 20.3559336425227 53.5108231140188 61.6512953701044 32.584665316271 6.70578487490549 3.03283845723143 87.9495032434837
10.7357081762058 11.0760133550392 15.706988719367 41.17779639764 47.432621703161 25.09987896243 5.17234663179683 70.6865003838996
125.499439060833 8.3480655461927 8.60659328876895 12.1973208956697 31.9733394835703 36.8414382189687 19.5029792465362 59.0443451787796
47.2564625187767 97.4419255653195 6.46874948821106 6.65629694564619 9.42362942199073 24.7107308188197 28.502319884749 61.0234849596626
30.4188734535325 35.8272876546603 72.2266893078347 4.68724378341945 4.7578167890279 6.71150336054809 17.7320113929695 67.0821215025435
10.9679423967349 23.3571020460904 27.2359542475942 54.4316657900592 3.51902110410884 3.57123057831281 5.04393355002645 64.8919430939891
75.8314568537131 8.50276406357546 18.051600082132 21.0021128391523 41.9403979958482 2.71227409230107 2.75401178713548 54.2024215073814
343.213074578015 58.9276975682201 6.59906786040794 13.9946976833955 16.2776746069015 32.5120972660003 2.10327712003752 44.2677200221125
88.3034131583653 249.735753007142 40.358746119653 4.2477552913444 8.72034968495534 10.2194376199542 20.782225325365 33.2127080131025
206.712763057508 64.3486294925454 175.171930351636 27.7468086696236 2.96810752450609 6.26203411613607 7.49640768794993 40.8558665152959
81.0433212251855 152.360834473611 45.9514122049236 125.329216201536 20.37860754877 2.23774780009092 4.78644460272845 37.4139545845914
82.9180636666964 60.8374752275081 111.815088737199 33.6512711145293 93.9486612430662 15.5751886772536 1.72762300367108 32.8039620608515
74.6577658085108 63.5412638177605 46.1191126512473 84.4327357883016 25.6125634236059 72.3422503055855 12.0694029477262 26.8783962490941
38.0970843502341 57.6368902142913 48.7444734541987 35.2343564973416 64.6261619486013 19.7270677829065 56.0532960505991 30.307137822665
18.0462013244249 29.5235118676862 44.5106926448344 37.5327408928638 27.120334974704 49.8634727359927 15.2771199933498 67.137945507244
60.9720189125367 14.0178592801716 22.8966584201077 34.4695101373774 29.0480169330663 21.0002268855961 38.665332196449 64.1124367945929
47.9627907429158 47.4156225193739 10.8940388767128 17.783200276628 26.7628889971702 22.5540211403231 16.3115234026673 79.9589147239068
168.415060587877 37.2649878162724 36.7872092076871 8.44025239801565 13.7662455252153 20.7132204008942 17.460134619187 74.7830604000531
32.0111050095195 126.18508483074 27.0084661696087 25.7740503026578 5.78716893786666 9.36384197141331 14.0989161506725 67.2815833476977
2.49750108718978 24.0602650375479 92.5467253945965 19.4200162812628 18.4274075492245 4.14578205988656 6.72855243016064 60.7993815968165
4.46823067434322 1.92095599834601 18.3537236511406 70.3002572996129 14.7620700910014 14.0508621898777 3.16867550551728 52.0976181847376
65.526036765672 3.46919734688588 1.48863685165843 14.2055709827397 54.4275004629992 11.4393702712536 10.8979582395113 42.9617955760403
24.3864648696482 50.9620072934076 2.69658503510824 1.15653501940119 11.0358821142558 42.2990351975928 8.89388576017074 41.9141412596773
126.297827976181 18.967143965304 39.6155913632225 2.0951107647143 0.898340383186991 8.5735139157778 32.8759200036275 39.5349382493907
318.710017634433 96.8298622270133 14.3552568734327 29.5972449223817 1.55260924919139 0.664379462973032 6.36988806234696 54.9551680868901
537.654648276594 231.905617618695 66.6045726787189 9.34195449689964 18.6579989597628 0.968736907327042 0.416474829623033 42.921046743182
1170.28705833688 388.27893246648 160.30707674203 45.2367285915483 6.48227294147727 13.3231388976035 0.703250765625643 32.8928415340923
448.870366504589 840.548409140877 266.845656992731 111.133484703211 32.8833570387992 4.89183908111162 10.2126579275902 26.0779505361905
89.1686992468804 322.802778552471 580.085037169628 186.940972540552 82.6578906932504 25.2890993108329 3.79755973092615 28.2508315914055
67.0546215457269 64.6673253792923 225.603553663452 411.339890435411 140.006825200938 63.8528837074321 19.6692734650092 24.9579618712673
192.212287557735 51.2028130103797 48.8760353736647 170.955749312046 316.253671377687 108.695092932865 49.7049839356848 34.7546667831237
88.235723903771 148.356831096296 39.26849394941 37.4034038946773 131.502350489765 245.084314178094 84.5568757847915 65.7705804342043
125.235666548676 67.5492100996865 112.038899350617 29.3222514563895 28.0148210969514 99.9719191604449 189.153146644402 116.934717261628
128.259436202577 95.9377219103604 51.1048009095157 83.8430398878936 21.8704329946589 21.0787151006033 76.3367151118062 237.255770182034
523.600687543588 98.3688289218576 72.7318604461767 38.3804780853499 62.7546864631976 16.4093003621129 15.967351400284 242.6655101481
278.624947981287 381.251112939612 67.7424390499613 47.7436082738786 24.8359361525785 40.9997638488816 10.9605635047078 195.749648208085
84.6314534690806 202.585027112665 266.392925642867 46.5607552618518 33.5941897077123 18.031594638137 30.3375557669053 159.715828286409
192.201661712601 62.2666707927121 144.33640346657 190.322940231993 34.2842167548414 25.4416202494421 13.8407163569854 147.639236690701
114.307647820726 146.614337792825 46.9221323410434 108.705773319731 145.231800007798 26.4528198351212 19.7375327039307 125.705421250185
171.242712562046 86.6304860614724 108.833361999612 34.4938682465101 80.9132039677078 110.513458878621 20.4006641408787 113.168029855755
288.18629597929 129.67938771048 64.2695898601029 79.5412754866142 25.3558414671498 60.7002363910486 84.5848823926576 103.856194965879
700.591105241511 213.260996586477 92.336118050516 44.5764158788143 55.2232717284194 18.1197323120444 44.963641693087 145.170496679315
125.894168243443 506.72954887219 146.884497147571 62.0904453182287 30.603676992567 39.2197032626811 13.3147260087743 146.300067262233
103.470413181294 91.144508282852 352.465484417758 102.230338014475 45.0324660597514 23.0320857361229 30.0209438374516 124.029576371012
227.122715026281 76.1539346675459 65.0510032636726 253.214000392813 76.2983126168465 34.5390213351495 17.8447859768325 119.899236871262
219.952718559391 174.537257668523 58.0764015804711 49.6080648065039 194.805654258513 59.1521271459132 26.8624755027833 107.264616230608
226.419129342 163.409243705972 124.759610479136 40.680886756999 35.5232907957013 145.52340352532 45.4115050242066 104.346588819831
55.6518889469077 168.206134877694 117.666256086564 88.0347500395592 29.1569193050098 26.3371594724919 111.002085871165 116.359323173483

