# Simulated data from SIR age-structured hybrid model
# random seed = 1540864
# Flag=0 if no issues, =1 if negative pop #'s, =2 if NaN, or=3 if NA. Flag:
0

# Number of years (nyr)
50

# Starting age
0

# Ending age
8

# Sample size for comp data
200

# Sample size for fishery age comp data
200

# Sample size for antibody prevalence data
200

# Survey data
3636.25764548451
4300.29050029019
9442.88504836372
18454.5140636473
11342.2636312816
7746.08402010535
11840.8409136446
6696.74282528041
7328.97080729796
15844.7514824757
21511.7741726355
19671.705917409
31382.0272173893
52459.0346096355
36615.5372589332
57281.9613834549
30604.2724962484
25542.5569893629
21339.7957394391
28079.7103055725
18540.7314514782
13568.6484818938
18754.6752097279
13801.37614072
26807.652140761
15730.8420287152
23432.2731002588
17201.4207276797
19113.9825520094
10956.3213059565
23743.1791159658
13143.0536013956
16870.6482682708
11695.1184606784
13947.8805291003
14159.8411213717
9360.01579081908
4380.92882976164
10761.3826900028
11189.5338658385
12611.5254167919
13935.8600094513
12872.2140472686
17182.7599403932
11164.8965960112
5734.89482876022
13141.5870294324
6473.94401928636
18524.24013503
17040.5324941749

# Catches
0
0
0
0
0
0
0
0
0
0
0
0
0
0
0
0
0
0
0
0
0
0
0
0
0
0
0
0
0
0
0
0
0
0
0
0
0
0
0
0
0
0
0
0
0
0
0
0
0
0

# Catch compositions
-999 -999 -999 -999 -999 -999 -999 -999
-999 -999 -999 -999 -999 -999 -999 -999
-999 -999 -999 -999 -999 -999 -999 -999
-999 -999 -999 -999 -999 -999 -999 -999
-999 -999 -999 -999 -999 -999 -999 -999
-999 -999 -999 -999 -999 -999 -999 -999
-999 -999 -999 -999 -999 -999 -999 -999
-999 -999 -999 -999 -999 -999 -999 -999
-999 -999 -999 -999 -999 -999 -999 -999
-999 -999 -999 -999 -999 -999 -999 -999
-999 -999 -999 -999 -999 -999 -999 -999
-999 -999 -999 -999 -999 -999 -999 -999
-999 -999 -999 -999 -999 -999 -999 -999
-999 -999 -999 -999 -999 -999 -999 -999
-999 -999 -999 -999 -999 -999 -999 -999
-999 -999 -999 -999 -999 -999 -999 -999
-999 -999 -999 -999 -999 -999 -999 -999
-999 -999 -999 -999 -999 -999 -999 -999
-999 -999 -999 -999 -999 -999 -999 -999
-999 -999 -999 -999 -999 -999 -999 -999
-999 -999 -999 -999 -999 -999 -999 -999
-999 -999 -999 -999 -999 -999 -999 -999
-999 -999 -999 -999 -999 -999 -999 -999
-999 -999 -999 -999 -999 -999 -999 -999
-999 -999 -999 -999 -999 -999 -999 -999
-999 -999 -999 -999 -999 -999 -999 -999
-999 -999 -999 -999 -999 -999 -999 -999
-999 -999 -999 -999 -999 -999 -999 -999
-999 -999 -999 -999 -999 -999 -999 -999
-999 -999 -999 -999 -999 -999 -999 -999
-999 -999 -999 -999 -999 -999 -999 -999
-999 -999 -999 -999 -999 -999 -999 -999
-999 -999 -999 -999 -999 -999 -999 -999
-999 -999 -999 -999 -999 -999 -999 -999
-999 -999 -999 -999 -999 -999 -999 -999
-999 -999 -999 -999 -999 -999 -999 -999
-999 -999 -999 -999 -999 -999 -999 -999
-999 -999 -999 -999 -999 -999 -999 -999
-999 -999 -999 -999 -999 -999 -999 -999
-999 -999 -999 -999 -999 -999 -999 -999
-999 -999 -999 -999 -999 -999 -999 -999
-999 -999 -999 -999 -999 -999 -999 -999
-999 -999 -999 -999 -999 -999 -999 -999
-999 -999 -999 -999 -999 -999 -999 -999
-999 -999 -999 -999 -999 -999 -999 -999
-999 -999 -999 -999 -999 -999 -999 -999
-999 -999 -999 -999 -999 -999 -999 -999
-999 -999 -999 -999 -999 -999 -999 -999
-999 -999 -999 -999 -999 -999 -999 -999
-999 -999 -999 -999 -999 -999 -999 -999

# Age composition from fishery-independent survey
0 0 5 18 42 54 9 72
0 0 29 23 31 33 34 50
0 0 2 97 33 9 14 45
0 0 2 32 107 16 12 31
0 0 1 37 38 97 6 21
0 0 2 5 49 38 79 27
0 0 3 3 21 45 30 98
0 0 24 38 1 21 41 75
0 0 15 87 32 3 7 56
0 0 15 64 74 19 0 28
0 0 10 59 63 44 6 18
0 0 5 52 63 47 20 13
0 0 7 70 48 34 24 17
0 0 0 70 62 23 15 30
0 0 3 1 109 36 20 31
0 0 1 13 5 91 46 44
0 0 3 2 20 3 79 93
0 0 4 13 4 18 1 160
0 0 1 47 11 1 22 118
0 0 1 15 49 11 1 123
0 0 2 11 13 63 12 99
0 0 8 17 12 16 49 98
0 0 2 70 12 15 13 88
0 0 2 27 93 6 5 67
0 0 2 27 44 65 5 57
0 0 0 23 32 35 54 56
0 0 1 7 33 27 27 105
0 0 2 4 17 41 35 101
0 0 0 12 6 9 32 141
0 0 2 8 14 6 9 161
0 0 7 6 18 11 4 154
0 0 6 36 17 22 11 108
0 0 3 38 41 13 9 96
0 0 4 26 54 26 11 79
0 0 2 28 35 47 22 66
0 0 8 42 42 19 30 59
0 0 1 37 42 31 20 69
0 0 3 5 45 53 22 72
0 0 4 36 8 36 37 79
0 0 3 55 38 1 34 69
0 0 4 27 87 23 4 55
0 0 3 6 39 57 28 67
0 0 6 8 34 38 33 81
0 0 2 37 23 29 26 83
0 0 1 9 63 8 14 105
0 0 3 6 12 65 15 99
0 0 19 27 7 16 34 97
0 0 2 81 29 2 11 75
0 0 16 33 85 18 2 46
0 0 5 84 21 46 14 30

# Antibody prevalence values
0 0 0 0 0 1 0 26 0 41 0 51 0 14 5 62
0 0 0 0 0 28 0 20 0 34 0 28 1 50 0 39
0 0 0 0 0 1 0 80 0 30 0 23 0 23 4 39
0 0 0 0 0 7 1 23 26 91 4 7 9 5 14 13
0 0 0 0 0 2 0 40 6 16 44 43 5 4 31 9
0 0 0 0 0 0 0 10 3 44 4 31 43 39 19 7
0 0 0 0 0 6 0 7 0 17 4 44 4 24 57 37
0 0 0 0 0 25 0 43 0 5 0 20 1 29 34 43
0 0 0 0 0 15 0 82 0 35 0 0 0 12 25 31
0 0 0 0 0 8 0 79 18 51 14 7 0 0 18 5
0 0 0 0 0 5 1 59 24 57 26 8 8 0 10 2
0 0 0 0 0 7 1 52 19 48 23 11 18 2 19 0
0 0 0 0 0 9 3 72 16 38 22 7 16 0 17 0
0 0 0 0 0 0 6 71 20 37 14 3 21 1 27 0
0 0 0 0 0 0 0 4 33 75 31 8 16 0 32 1
0 0 0 0 0 1 0 10 3 5 72 13 44 0 52 0
0 0 0 0 0 1 0 3 1 13 3 6 62 13 97 1
0 0 0 0 0 3 0 9 0 5 0 19 0 2 142 20
0 0 0 0 0 1 0 42 0 11 0 4 0 14 110 18
0 0 0 0 0 1 0 14 0 54 0 14 0 4 89 24
0 0 0 0 0 1 1 11 4 13 27 29 9 4 91 10
0 0 0 0 0 10 0 16 0 18 5 10 23 29 82 7
0 0 0 0 0 4 0 63 0 13 0 12 4 13 71 20
0 0 0 0 0 3 1 23 27 62 6 2 8 4 55 9
0 0 0 0 0 4 1 17 12 31 45 26 5 2 54 3
0 0 0 0 0 1 0 27 0 38 8 35 22 23 46 0
0 0 0 0 0 2 0 8 2 38 8 24 10 25 74 9
0 0 0 0 0 2 0 5 0 16 7 27 7 24 86 26
0 0 0 0 0 2 0 10 0 6 1 16 2 29 87 47
0 0 0 0 0 0 0 15 0 13 0 5 2 17 93 55
0 0 0 0 0 5 0 13 3 14 5 5 2 3 94 56
0 0 0 0 0 7 0 31 0 22 1 14 2 10 74 39
0 0 0 0 0 1 0 38 0 47 1 10 1 11 54 37
0 0 0 0 0 3 0 20 1 58 2 31 0 12 47 26
0 0 0 0 0 5 0 24 2 39 5 31 3 22 44 25
0 0 0 0 0 1 0 33 3 38 2 32 7 20 32 32
0 0 0 0 0 1 0 32 5 51 4 25 2 11 38 31
0 0 0 0 0 3 0 5 3 39 9 46 10 22 31 32
0 0 0 0 0 3 0 32 1 6 4 41 6 31 33 43
0 0 0 0 0 4 0 48 0 40 0 3 1 15 27 62
0 0 0 0 0 2 1 28 10 61 13 15 2 3 36 29
0 0 0 0 0 0 0 13 0 42 14 40 6 15 42 28
0 0 0 0 0 7 0 11 0 32 1 34 14 32 34 35
0 0 0 0 0 0 0 37 0 20 0 20 0 20 39 64
0 0 0 0 0 3 0 6 4 62 3 8 4 14 40 56
0 0 0 0 0 3 0 5 5 21 10 44 4 8 47 53
0 0 0 0 0 13 0 22 0 8 2 15 17 30 57 36
0 0 0 0 0 1 0 82 0 27 0 5 3 14 31 37
0 0 0 0 0 19 0 33 23 68 5 8 3 0 34 7
0 0 0 0 0 3 2 85 6 21 30 18 6 2 23 4

# Average weight-at-age
70
94
115
134
150
160
165
168

# Maturity logistic function parameter age-at-50%
3

# Maturity logistic function parameter age-at-95%
4

# Infection prevalence index (avg of 3 different samples)
0
0
0.0111111111111111
0.00555555555555556
0
0
0
0
0.127777777777778
0.0611111111111111
0.0277777777777778
0.0333333333333333
0.0888888888888889
0.0833333333333333
0.00555555555555556
0
0
0
0
0.0277777777777778
0
0
0.00555555555555556
0.0277777777777778
0
0
0
0
0
0
0.00555555555555556
0
0
0
0
0
0
0
0
0.1
0
0.00555555555555556
0
0.00555555555555556
0
0
0
0.111111111111111
0.0444444444444444
0.0388888888888889

# Simulated data from SIR age-structured hybrid model
# random seed = 1540864
# Flag=0 if no issues, =1 if negative pop #'s, =2 if NaN, or=3 if NA. Flag:
0

# Number of years (nyr)
50

# Starting age
0

# Ending age
8

# Sample size for comp data
200

# Sample size for fishery age comp data
200

# Sample size for antibody prevalence data
200

# Survey data
23001.4164321388
21617.8964670076
25360.5972484828
36395.4227177506
18879.8962498457
11845.3372095284
19942.5851690749
9940.23803932306
7911.8169703452
13261.5881580103
15795.5369763206
13145.4800794068
27689.9324160516
38310.226722374
30860.456299378
58561.6643299087
32856.7021629535
33015.9038192016
29927.3154268626
37325.0597664488
34285.3239048911
24690.2776441532
23169.651504272
15575.8563503231
23722.9747103048
12101.408621291
15908.7661034959
11741.7809429134
14142.6667295273
8246.56898230838
21025.3015808854
10721.2154826764
13503.064150573
8595.75159849996
10851.1511845608
13512.9143168346
12292.7368685778
10460.2765866007
47147.7792321183
60396.6795100816
74629.2953207782
70065.2523496205
61817.5115190291
74348.7242201697
43400.0218238847
22404.4730788922
43339.2066412316
13361.1015411012
27763.3219219596
14576.0304903802

# Catches
0
0
0
0
0
0
0
0
0
0
0
0
0
0
0
0
0
0
0
0
0
0
0
0
0
0
0
0
0
0
0
0
0
0
0
0
0
0
0
0
0
0
0
0
0
0
0
0
0
0

# Catch compositions
-999 -999 -999 -999 -999 -999 -999 -999
-999 -999 -999 -999 -999 -999 -999 -999
-999 -999 -999 -999 -999 -999 -999 -999
-999 -999 -999 -999 -999 -999 -999 -999
-999 -999 -999 -999 -999 -999 -999 -999
-999 -999 -999 -999 -999 -999 -999 -999
-999 -999 -999 -999 -999 -999 -999 -999
-999 -999 -999 -999 -999 -999 -999 -999
-999 -999 -999 -999 -999 -999 -999 -999
-999 -999 -999 -999 -999 -999 -999 -999
-999 -999 -999 -999 -999 -999 -999 -999
-999 -999 -999 -999 -999 -999 -999 -999
-999 -999 -999 -999 -999 -999 -999 -999
-999 -999 -999 -999 -999 -999 -999 -999
-999 -999 -999 -999 -999 -999 -999 -999
-999 -999 -999 -999 -999 -999 -999 -999
-999 -999 -999 -999 -999 -999 -999 -999
-999 -999 -999 -999 -999 -999 -999 -999
-999 -999 -999 -999 -999 -999 -999 -999
-999 -999 -999 -999 -999 -999 -999 -999
-999 -999 -999 -999 -999 -999 -999 -999
-999 -999 -999 -999 -999 -999 -999 -999
-999 -999 -999 -999 -999 -999 -999 -999
-999 -999 -999 -999 -999 -999 -999 -999
-999 -999 -999 -999 -999 -999 -999 -999
-999 -999 -999 -999 -999 -999 -999 -999
-999 -999 -999 -999 -999 -999 -999 -999
-999 -999 -999 -999 -999 -999 -999 -999
-999 -999 -999 -999 -999 -999 -999 -999
-999 -999 -999 -999 -999 -999 -999 -999
-999 -999 -999 -999 -999 -999 -999 -999
-999 -999 -999 -999 -999 -999 -999 -999
-999 -999 -999 -999 -999 -999 -999 -999
-999 -999 -999 -999 -999 -999 -999 -999
-999 -999 -999 -999 -999 -999 -999 -999
-999 -999 -999 -999 -999 -999 -999 -999
-999 -999 -999 -999 -999 -999 -999 -999
-999 -999 -999 -999 -999 -999 -999 -999
-999 -999 -999 -999 -999 -999 -999 -999
-999 -999 -999 -999 -999 -999 -999 -999
-999 -999 -999 -999 -999 -999 -999 -999
-999 -999 -999 -999 -999 -999 -999 -999
-999 -999 -999 -999 -999 -999 -999 -999
-999 -999 -999 -999 -999 -999 -999 -999
-999 -999 -999 -999 -999 -999 -999 -999
-999 -999 -999 -999 -999 -999 -999 -999
-999 -999 -999 -999 -999 -999 -999 -999
-999 -999 -999 -999 -999 -999 -999 -999
-999 -999 -999 -999 -999 -999 -999 -999
-999 -999 -999 -999 -999 -999 -999 -999

# Age composition from fishery-independent survey
0 0 2 0 48 8 48 94
0 0 3 10 3 34 8 142
0 0 1 7 16 4 42 130
0 0 0 26 13 11 5 145
0 0 2 12 38 6 12 130
0 0 3 13 22 29 6 127
0 0 0 17 29 17 24 113
0 0 9 16 23 23 21 108
0 0 3 64 21 8 13 91
0 0 8 34 58 22 14 64
0 0 4 45 42 39 7 63
0 0 25 19 42 41 34 39
0 0 3 103 24 24 15 31
0 0 6 24 106 12 11 41
0 0 0 54 34 78 4 30
0 0 3 4 82 16 62 33
0 0 6 17 11 69 26 71
0 0 2 38 27 5 45 83
0 0 3 24 56 10 5 102
0 0 4 32 20 59 15 70
0 0 3 35 37 21 32 72
0 0 1 13 48 33 16 89
0 0 1 35 8 38 31 87
0 0 0 15 45 8 39 93
0 0 1 3 17 50 9 120
0 0 0 8 1 36 40 115
0 0 1 3 18 2 26 150
0 0 0 16 8 18 6 152
0 0 0 16 30 6 11 137
0 0 5 13 28 19 6 129
0 0 2 31 32 21 12 102
0 0 2 15 40 18 13 112
0 0 0 23 23 43 27 84
0 0 8 6 29 20 38 99
0 0 5 61 5 27 14 88
0 0 4 61 49 3 17 66
0 0 16 30 67 45 2 40
0 0 34 76 32 34 8 16
0 0 7 108 54 14 4 13
0 0 0 62 97 27 3 11
0 0 0 7 78 81 18 16
0 0 4 7 13 73 60 43
0 0 3 26 11 9 53 98
0 0 1 15 65 15 3 101
0 0 0 6 32 39 6 117
0 0 3 3 5 35 33 121
0 0 4 13 5 9 27 142
0 0 1 25 13 8 4 149
0 0 3 17 34 17 8 121
0 0 0 7 15 24 13 141

# Antibody prevalence values
0 0 0 0 0 1 0 4 2 54 1 10 16 18 78 16
0 0 0 0 0 1 0 6 0 6 12 43 2 5 86 39
0 0 0 0 0 0 0 9 0 23 0 7 6 34 89 32
0 0 0 0 0 0 0 18 0 9 1 16 2 4 87 63
0 0 0 0 0 3 0 15 3 30 3 6 2 9 90 39
0 0 0 0 0 0 0 17 1 30 3 28 3 5 69 44
0 0 0 0 0 4 0 11 0 24 2 19 4 31 61 44
0 0 0 0 0 6 0 17 0 27 1 14 0 13 70 52
0 0 0 0 0 2 0 54 0 15 0 16 0 19 49 45
0 0 0 0 0 9 0 31 3 54 1 23 1 11 31 36
0 0 0 0 0 1 1 38 18 39 23 17 9 5 38 11
0 0 0 0 0 25 0 24 1 47 8 22 22 19 28 4
0 0 0 0 0 5 0 91 0 21 0 24 3 14 22 20
0 0 0 0 0 9 1 23 33 72 14 1 10 4 32 1
0 0 0 0 0 0 1 45 11 29 49 20 11 3 29 2
0 0 0 0 0 4 1 8 18 45 30 5 55 0 34 0
0 0 0 0 0 3 0 16 0 7 16 42 24 5 82 5
0 0 0 0 0 1 1 38 2 24 0 0 15 34 81 4
0 0 0 0 0 4 0 23 1 50 3 21 1 4 74 19
0 0 0 0 0 4 0 25 5 25 15 27 6 3 77 13
0 0 0 0 0 2 0 35 2 45 5 15 12 19 47 18
0 0 0 0 0 4 0 11 7 40 11 27 10 9 62 19
0 0 0 0 0 2 1 34 3 17 18 22 14 8 66 15
0 0 0 0 0 0 0 19 0 46 1 11 11 19 78 15
0 0 0 0 0 0 0 3 6 23 11 30 5 2 101 19
0 0 0 0 0 0 0 13 0 7 4 29 5 41 73 28
0 0 0 0 0 4 0 4 0 15 0 5 2 22 91 57
0 0 0 0 0 5 0 14 0 5 1 9 1 1 89 75
0 0 0 0 0 1 0 18 0 24 1 2 1 14 69 70
0 0 0 0 0 3 0 22 0 16 2 24 0 3 71 59
0 0 0 0 0 2 0 25 0 38 0 18 0 23 48 46
0 0 0 0 0 2 0 14 0 51 0 25 0 16 29 63
0 0 0 0 0 0 0 28 0 22 0 45 0 21 42 42
0 0 0 0 0 12 0 3 0 39 1 13 1 39 29 63
0 0 0 0 0 7 0 49 0 9 1 23 0 12 26 73
0 0 0 0 0 3 0 66 7 51 1 6 5 11 24 26
0 0 0 0 0 22 0 46 6 57 4 24 1 1 23 16
0 0 0 0 0 25 0 77 4 37 8 12 14 4 11 8
0 0 0 0 0 10 4 116 14 27 3 1 11 1 12 1
0 0 0 0 0 1 3 54 39 52 28 5 6 0 11 1
0 0 0 0 0 0 0 10 27 54 59 14 22 1 12 1
0 0 0 0 0 4 0 7 1 7 41 18 78 4 40 0
0 0 0 0 0 2 0 40 0 9 1 10 43 11 84 0
0 0 0 0 0 1 0 16 1 52 1 3 4 4 104 14
0 0 0 0 0 1 0 1 7 18 16 29 4 5 114 5
0 0 0 0 0 2 0 6 0 6 7 24 15 19 116 5
0 0 0 0 0 4 0 8 0 10 0 3 8 17 116 34
0 0 0 0 0 0 0 22 0 14 0 2 1 6 116 39
0 0 0 0 0 3 0 9 0 36 0 9 0 5 98 40
0 0 0 0 0 0 0 8 7 24 5 21 6 5 103 21

# Average weight-at-age
70
94
115
134
150
160
165
168

# Maturity logistic function parameter age-at-50%
3

# Maturity logistic function parameter age-at-95%
4

# Infection prevalence index (avg of 3 different samples)
0
0
0
0.0111111111111111
0
0
0
0
0.0111111111111111
0.144444444444444
0
0
0.144444444444444
0.0333333333333333
0.0611111111111111
0
0
0
0.0111111111111111
0
0.0333333333333333
0.00555555555555556
0
0
0.00555555555555556
0
0
0
0.0111111111111111
0
0
0
0
0.00555555555555556
0.0166666666666667
0
0
0.0944444444444444
0
0
0.00555555555555556
0
0
0
0.00555555555555556
0
0
0.00555555555555556
0.0222222222222222
0

