# Simulated data from SIR age-structured hybrid model
# random seed = 3952051
# Flag=0 if no issues, =1 if negative pop #'s, =2 if NaN, or=3 if NA. Flag:
0

# Number of years (nyr)
50

# Starting age
0

# Ending age
8

# Sample size for comp data
200

# Sample size for fishery age comp data
200

# Sample size for antibody prevalence data
200

# Survey data
7691.84363055226
8791.40954284385
14502.4551880245
7826.44502588228
11375.2803428025
5887.47505460532
11433.0489488281
5820.15729526604
13459.5892128702
12730.0218195662
22645.1899824037
20675.8444712448
17192.1025312125
13235.2398309138
13406.1545096657
11507.1864270839
9558.31125930066
9387.22383960605
8280.41286954064
9477.7752486525
11045.5667403309
4896.33681503201
10634.7863252805
10729.9684652697
7991.74336776162
12441.042624983
4946.96191790232
4533.08432951764
6949.24409718064
9321.70475317474
9777.92843700888
7317.16953905572
11340.2490252474
13589.8678411678
12329.4861329046
16320.3635147614
8684.72199660843
14809.148397737
26873.9702551586
16637.7954876948
49655.2259784809
122040.037030136
121995.968212723
80577.4466107961
74456.1709881027
72827.7640961019
78869.0214994207
77180.0416732791
55246.584666858
50917.3257112227

# Catches
0
0
0
0
0
0
0
0
0
0
0
0
0
0
0
0
0
0
0
0
0
0
0
0
0
0
0
0
0
0
0
0
0
0
0
0
0
0
0
0
0
0
0
0
0
0
0
0
0
0

# Catch compositions
-999 -999 -999 -999 -999 -999 -999 -999
-999 -999 -999 -999 -999 -999 -999 -999
-999 -999 -999 -999 -999 -999 -999 -999
-999 -999 -999 -999 -999 -999 -999 -999
-999 -999 -999 -999 -999 -999 -999 -999
-999 -999 -999 -999 -999 -999 -999 -999
-999 -999 -999 -999 -999 -999 -999 -999
-999 -999 -999 -999 -999 -999 -999 -999
-999 -999 -999 -999 -999 -999 -999 -999
-999 -999 -999 -999 -999 -999 -999 -999
-999 -999 -999 -999 -999 -999 -999 -999
-999 -999 -999 -999 -999 -999 -999 -999
-999 -999 -999 -999 -999 -999 -999 -999
-999 -999 -999 -999 -999 -999 -999 -999
-999 -999 -999 -999 -999 -999 -999 -999
-999 -999 -999 -999 -999 -999 -999 -999
-999 -999 -999 -999 -999 -999 -999 -999
-999 -999 -999 -999 -999 -999 -999 -999
-999 -999 -999 -999 -999 -999 -999 -999
-999 -999 -999 -999 -999 -999 -999 -999
-999 -999 -999 -999 -999 -999 -999 -999
-999 -999 -999 -999 -999 -999 -999 -999
-999 -999 -999 -999 -999 -999 -999 -999
-999 -999 -999 -999 -999 -999 -999 -999
-999 -999 -999 -999 -999 -999 -999 -999
-999 -999 -999 -999 -999 -999 -999 -999
-999 -999 -999 -999 -999 -999 -999 -999
-999 -999 -999 -999 -999 -999 -999 -999
-999 -999 -999 -999 -999 -999 -999 -999
-999 -999 -999 -999 -999 -999 -999 -999
-999 -999 -999 -999 -999 -999 -999 -999
-999 -999 -999 -999 -999 -999 -999 -999
-999 -999 -999 -999 -999 -999 -999 -999
-999 -999 -999 -999 -999 -999 -999 -999
-999 -999 -999 -999 -999 -999 -999 -999
-999 -999 -999 -999 -999 -999 -999 -999
-999 -999 -999 -999 -999 -999 -999 -999
-999 -999 -999 -999 -999 -999 -999 -999
-999 -999 -999 -999 -999 -999 -999 -999
-999 -999 -999 -999 -999 -999 -999 -999
-999 -999 -999 -999 -999 -999 -999 -999
-999 -999 -999 -999 -999 -999 -999 -999
-999 -999 -999 -999 -999 -999 -999 -999
-999 -999 -999 -999 -999 -999 -999 -999
-999 -999 -999 -999 -999 -999 -999 -999
-999 -999 -999 -999 -999 -999 -999 -999
-999 -999 -999 -999 -999 -999 -999 -999
-999 -999 -999 -999 -999 -999 -999 -999
-999 -999 -999 -999 -999 -999 -999 -999
-999 -999 -999 -999 -999 -999 -999 -999

# Age composition from fishery-independent survey
0 0 7 64 11 66 6 46
0 0 5 29 64 10 49 43
0 0 2 9 62 51 1 75
0 0 2 23 40 51 33 51
0 0 1 19 25 24 38 93
0 0 0 31 20 27 20 102
0 0 7 8 38 16 17 114
0 0 1 65 12 31 8 83
0 0 15 35 71 8 11 60
0 0 2 65 34 45 5 49
0 0 7 29 78 19 28 39
0 0 3 52 34 52 14 45
0 0 2 14 97 26 32 29
0 0 2 23 29 63 21 62
0 0 0 27 38 22 51 62
0 0 4 8 35 33 19 101
0 0 5 14 5 36 32 108
0 0 1 49 23 12 21 94
0 0 0 8 71 21 9 91
0 0 0 16 7 70 13 94
0 0 0 6 19 17 64 94
0 0 2 25 7 16 14 136
0 0 8 22 45 7 17 101
0 0 5 56 19 33 6 81
0 0 2 63 51 9 21 54
0 0 0 29 79 49 5 38
0 0 0 12 44 63 37 44
0 0 3 19 27 33 52 66
0 0 2 16 21 9 35 117
0 0 3 9 38 21 12 117
0 0 5 61 9 16 13 96
0 0 5 18 83 5 23 66
0 0 8 30 29 57 10 66
0 0 9 44 39 21 28 59
0 0 9 33 55 45 11 47
0 0 2 60 31 36 26 45
0 0 2 8 78 31 21 60
0 0 18 20 19 61 18 64
0 0 4 96 23 10 30 37
0 0 26 43 93 14 5 19
0 0 8 102 29 41 2 18
0 0 4 63 98 14 14 7
0 0 7 36 69 60 7 21
0 0 3 28 51 44 42 32
0 0 2 22 58 32 41 45
0 0 2 16 35 38 30 79
0 0 0 15 29 43 34 79
0 0 1 10 25 18 27 119
0 0 1 1 15 24 30 129
0 0 0 2 6 18 22 152

# Antibody prevalence values
0 0 0 0 0 2 1 54 3 8 33 30 11 4 35 19
0 0 0 0 0 4 0 38 0 67 1 9 18 21 30 12
0 0 0 0 0 3 0 21 3 50 10 38 1 0 51 23
0 0 0 0 0 0 0 15 0 30 6 45 13 42 36 13
0 0 0 0 0 4 0 8 0 27 0 31 5 33 34 58
0 0 0 0 0 2 0 26 0 14 0 21 0 24 42 71
0 0 0 0 0 10 0 10 0 51 0 19 2 17 33 58
0 0 0 0 0 5 0 66 0 10 3 25 3 9 28 51
0 0 0 0 0 11 0 30 7 66 0 6 2 10 30 38
0 0 0 0 0 6 0 63 2 35 8 27 1 6 28 24
0 0 0 0 0 9 2 39 14 63 13 12 10 7 21 10
0 0 0 0 0 0 1 63 8 28 29 28 6 2 24 11
0 0 0 0 0 1 0 19 13 63 17 16 19 10 42 0
0 0 0 0 0 3 0 25 5 20 23 40 15 7 55 7
0 0 0 0 0 0 0 13 0 44 3 20 15 40 51 14
0 0 0 0 0 1 0 6 0 36 1 31 3 10 64 48
0 0 0 0 0 9 0 21 0 12 1 27 2 25 63 40
0 0 0 0 0 1 0 48 0 31 0 6 0 17 46 51
0 0 0 0 0 1 0 8 4 72 1 14 1 7 44 48
0 0 0 0 0 1 0 9 4 9 37 33 6 10 63 28
0 0 0 0 0 4 0 5 0 24 2 13 26 39 60 27
0 0 0 0 0 2 0 25 0 10 0 14 2 11 85 51
0 0 0 0 0 6 0 11 0 44 0 10 0 20 49 60
0 0 0 0 0 11 0 49 0 14 0 28 0 3 47 48
0 0 0 0 0 1 0 66 0 57 0 8 1 22 24 21
0 0 0 0 0 1 0 22 7 77 4 35 0 5 21 28
0 0 0 0 0 4 0 12 7 39 20 48 9 25 20 16
0 0 0 0 0 3 0 24 0 12 4 36 17 41 25 38
0 0 0 0 0 1 0 25 0 27 0 15 5 31 32 64
0 0 0 0 0 10 0 9 0 35 0 30 0 8 30 78
0 0 0 0 0 1 0 46 0 17 2 25 1 20 22 66
0 0 0 0 0 7 0 26 2 62 0 7 5 16 32 43
0 0 0 0 0 5 1 42 9 17 23 33 1 3 38 28
0 0 0 0 0 4 0 30 1 59 1 13 11 27 29 25
0 0 0 0 0 10 0 26 0 42 3 45 1 15 22 36
0 0 0 0 0 1 0 46 1 54 2 32 4 25 14 21
0 0 0 0 0 2 2 15 15 65 16 13 5 10 32 25
0 0 0 0 0 23 0 20 1 12 12 48 9 12 45 18
0 0 0 0 0 9 1 98 0 31 0 4 9 18 22 8
0 0 0 0 0 21 0 32 35 61 11 1 3 1 30 5
0 0 0 0 0 15 2 85 11 24 34 7 6 0 15 1
0 0 0 0 0 6 4 66 24 50 12 0 26 0 12 0
0 0 0 0 0 6 1 22 28 42 64 5 6 0 26 0
0 0 0 0 0 2 0 33 20 30 43 6 36 0 30 0
0 0 0 0 0 0 1 19 16 34 19 8 33 1 69 0
0 0 0 0 0 1 0 11 10 18 33 8 26 0 93 0
0 0 0 0 0 1 0 11 10 31 18 7 39 6 77 0
0 0 0 0 0 2 0 7 1 20 5 19 18 14 105 9
0 0 0 0 0 0 0 2 0 12 2 22 9 17 128 8
0 0 0 0 0 0 0 1 0 5 1 15 2 28 123 25

# Average weight-at-age
70
94
115
134
150
160
165
168

# Maturity logistic function parameter age-at-50%
3

# Maturity logistic function parameter age-at-95%
4

# Infection prevalence index (avg of 3 different samples)
0
0
0.00555555555555556
0
0
0
0
0.00555555555555556
0
0.0611111111111111
0.0888888888888889
0
0
0
0
0
0
0
0.0277777777777778
0
0
0
0
0
0
0
0
0
0
0
0.00555555555555556
0.05
0
0
0.00555555555555556
0
0.0111111111111111
0
0.0277777777777778
0.0166666666666667
0.0388888888888889
0.105555555555556
0.0277777777777778
0.0166666666666667
0
0.00555555555555556
0
0
0
0

# Simulated data from SIR age-structured hybrid model
# random seed = 3952051
# Flag=0 if no issues, =1 if negative pop #'s, =2 if NaN, or=3 if NA. Flag:
0

# Number of years (nyr)
50

# Starting age
0

# Ending age
8

# Sample size for comp data
200

# Sample size for fishery age comp data
200

# Sample size for antibody prevalence data
200

# Survey data
20650.2468404169
20549.8434492332
38072.6661427907
23347.4762020861
33845.0456005126
19076.7034100793
38591.8752414727
14171.7995116393
31005.7253485885
23652.9153751933
30128.551718841
24837.0959020201
20198.2919672768
13851.380771804
16920.8671926078
16346.3198599444
17771.4033859969
20524.7162876798
21897.4018209682
49777.140901706
77812.1990162944
34974.3866104202
63351.3904790572
56502.585926693
31544.0992539453
43188.6546955394
22324.6453234923
31728.3672341711
54830.157630747
68487.8782167366
53454.4433549825
29696.9682716017
36194.6080126575
32157.1755644437
22128.7094967373
20231.2462570604
12254.6953016843
20099.5984508679
21914.0782075851
10439.6475139005
16462.1885364399
30268.92631573
23327.3380671031
11344.8704476456
8555.94737452343
7582.82261755558
7649.74258360694
8240.07245163527
8204.67761960904
13088.8246706059

# Catches
0
0
0
0
0
0
0
0
0
0
0
0
0
0
0
0
0
0
0
0
0
0
0
0
0
0
0
0
0
0
0
0
0
0
0
0
0
0
0
0
0
0
0
0
0
0
0
0
0
0

# Catch compositions
-999 -999 -999 -999 -999 -999 -999 -999
-999 -999 -999 -999 -999 -999 -999 -999
-999 -999 -999 -999 -999 -999 -999 -999
-999 -999 -999 -999 -999 -999 -999 -999
-999 -999 -999 -999 -999 -999 -999 -999
-999 -999 -999 -999 -999 -999 -999 -999
-999 -999 -999 -999 -999 -999 -999 -999
-999 -999 -999 -999 -999 -999 -999 -999
-999 -999 -999 -999 -999 -999 -999 -999
-999 -999 -999 -999 -999 -999 -999 -999
-999 -999 -999 -999 -999 -999 -999 -999
-999 -999 -999 -999 -999 -999 -999 -999
-999 -999 -999 -999 -999 -999 -999 -999
-999 -999 -999 -999 -999 -999 -999 -999
-999 -999 -999 -999 -999 -999 -999 -999
-999 -999 -999 -999 -999 -999 -999 -999
-999 -999 -999 -999 -999 -999 -999 -999
-999 -999 -999 -999 -999 -999 -999 -999
-999 -999 -999 -999 -999 -999 -999 -999
-999 -999 -999 -999 -999 -999 -999 -999
-999 -999 -999 -999 -999 -999 -999 -999
-999 -999 -999 -999 -999 -999 -999 -999
-999 -999 -999 -999 -999 -999 -999 -999
-999 -999 -999 -999 -999 -999 -999 -999
-999 -999 -999 -999 -999 -999 -999 -999
-999 -999 -999 -999 -999 -999 -999 -999
-999 -999 -999 -999 -999 -999 -999 -999
-999 -999 -999 -999 -999 -999 -999 -999
-999 -999 -999 -999 -999 -999 -999 -999
-999 -999 -999 -999 -999 -999 -999 -999
-999 -999 -999 -999 -999 -999 -999 -999
-999 -999 -999 -999 -999 -999 -999 -999
-999 -999 -999 -999 -999 -999 -999 -999
-999 -999 -999 -999 -999 -999 -999 -999
-999 -999 -999 -999 -999 -999 -999 -999
-999 -999 -999 -999 -999 -999 -999 -999
-999 -999 -999 -999 -999 -999 -999 -999
-999 -999 -999 -999 -999 -999 -999 -999
-999 -999 -999 -999 -999 -999 -999 -999
-999 -999 -999 -999 -999 -999 -999 -999
-999 -999 -999 -999 -999 -999 -999 -999
-999 -999 -999 -999 -999 -999 -999 -999
-999 -999 -999 -999 -999 -999 -999 -999
-999 -999 -999 -999 -999 -999 -999 -999
-999 -999 -999 -999 -999 -999 -999 -999
-999 -999 -999 -999 -999 -999 -999 -999
-999 -999 -999 -999 -999 -999 -999 -999
-999 -999 -999 -999 -999 -999 -999 -999
-999 -999 -999 -999 -999 -999 -999 -999
-999 -999 -999 -999 -999 -999 -999 -999

# Age composition from fishery-independent survey
0 0 5 31 15 8 7 134
0 0 1 26 27 10 10 126
0 0 6 44 40 25 8 77
0 0 5 34 57 31 6 67
0 0 3 45 38 31 23 60
0 0 0 16 65 42 22 55
0 0 1 4 29 57 30 79
0 0 7 13 11 37 41 91
0 0 3 43 21 6 20 107
0 0 6 19 55 18 4 98
0 0 0 41 22 45 14 78
0 0 0 17 50 17 34 82
0 0 0 1 27 56 21 95
0 0 13 12 1 29 46 99
0 0 8 62 7 1 16 106
0 0 11 30 75 4 1 79
0 0 5 40 41 53 3 58
0 0 4 43 59 20 36 38
0 0 25 39 52 31 9 44
0 0 0 114 27 25 10 24
0 0 0 16 124 17 17 26
0 0 1 8 19 120 21 31
0 0 1 5 6 25 107 56
0 0 2 34 6 9 19 130
0 0 4 12 45 6 6 127
0 0 6 31 14 41 7 101
0 0 12 56 42 6 22 62
0 0 3 83 40 18 2 54
0 0 0 17 92 36 15 40
0 0 2 20 31 75 24 48
0 0 0 3 26 25 72 74
0 0 0 10 17 23 21 129
0 0 0 1 10 13 30 146
0 0 0 2 3 10 8 177
0 0 0 3 7 5 14 171
0 0 7 9 10 3 3 168
0 0 2 39 21 5 3 130
0 0 4 16 75 12 0 93
0 0 3 35 24 61 6 71
0 0 5 11 52 12 54 66
0 0 5 20 21 43 13 98
0 0 0 52 32 11 26 79
0 0 0 5 79 26 9 81
0 0 1 12 7 68 30 82
0 0 1 1 15 13 65 105
0 0 0 0 4 20 10 166
0 0 0 4 7 5 21 163
0 0 4 23 9 7 5 152
0 0 11 30 25 7 5 122
0 0 19 89 20 18 5 49

# Antibody prevalence values
0 0 0 0 0 5 0 22 0 17 0 5 0 9 107 35
0 0 0 0 0 4 1 44 0 22 0 9 0 9 79 32
0 0 0 0 0 7 0 39 5 36 4 23 1 2 56 27
0 0 0 0 0 6 0 36 11 37 14 16 9 12 43 16
0 0 0 0 0 3 0 35 12 36 18 20 14 6 49 7
0 0 0 0 0 1 0 23 8 42 17 9 22 5 71 2
0 0 0 0 0 1 0 2 1 27 17 39 21 13 71 8
0 0 0 0 0 7 0 11 2 7 10 21 22 20 89 11
0 0 0 0 0 1 0 40 0 25 1 3 9 14 83 24
0 0 0 0 0 3 0 19 0 63 2 17 0 5 62 29
0 0 0 0 0 3 0 30 5 21 26 26 7 7 67 8
0 0 0 0 0 1 0 25 1 57 5 10 17 13 64 7
0 0 0 0 0 1 0 0 0 31 1 54 4 13 79 17
0 0 0 0 0 8 0 10 0 4 2 32 1 43 64 36
0 0 0 0 0 3 0 59 0 6 0 1 0 16 52 63
0 0 0 0 0 2 1 29 24 45 4 3 2 1 73 16
0 0 0 0 0 5 0 51 0 32 18 38 3 0 45 8
0 0 0 0 0 3 1 49 8 49 9 9 21 15 35 1
0 0 0 0 0 20 0 31 9 52 10 16 9 5 38 10
0 0 0 0 0 3 1 91 10 27 8 19 9 6 20 6
0 0 0 0 0 1 0 7 45 76 13 2 16 0 39 1
0 0 0 0 0 2 0 4 6 14 93 21 19 1 40 0
0 0 0 0 0 4 0 4 0 4 8 9 91 18 61 1
0 0 0 0 0 1 0 35 0 12 0 6 7 9 122 8
0 0 0 0 0 2 0 10 0 45 0 6 0 5 108 24
0 0 0 0 0 10 0 35 2 10 11 20 1 4 95 12
0 0 0 0 0 11 0 35 2 50 2 7 7 19 54 13
0 0 0 0 0 1 3 68 15 39 10 5 5 6 41 7
0 0 0 0 0 1 0 19 39 69 30 7 11 1 23 0
0 0 0 0 0 0 1 18 10 15 78 9 22 0 47 0
0 0 0 0 0 0 0 5 2 31 7 14 65 13 62 1
0 0 0 0 0 1 0 7 0 17 1 20 10 14 117 13
0 0 0 0 0 0 0 1 0 11 1 18 2 21 120 26
0 0 0 0 0 0 0 3 0 2 0 11 0 10 119 55
0 0 0 0 0 0 0 3 0 7 0 2 3 4 130 51
0 0 0 0 0 6 0 20 0 7 1 4 0 2 120 40
0 0 0 0 0 1 0 50 0 13 0 2 0 6 88 40
0 0 0 0 0 8 0 18 0 75 0 10 0 4 60 25
0 0 0 0 0 1 0 33 2 19 17 46 1 9 59 13
0 0 0 0 0 0 0 16 0 53 4 11 14 35 47 20
0 0 0 0 0 8 0 18 0 21 3 38 4 14 42 52
0 0 0 0 0 0 0 64 0 22 0 8 0 27 48 31
0 0 0 0 0 2 1 5 17 71 10 13 0 5 53 23
0 0 0 0 0 0 0 9 3 8 32 53 12 6 56 21
0 0 0 0 0 0 0 4 0 22 2 13 15 52 62 30
0 0 0 0 0 0 0 3 0 6 0 21 2 8 90 70
0 0 0 0 0 1 0 1 0 5 0 6 1 19 81 86
0 0 0 0 0 6 0 28 0 10 0 2 0 1 70 83
0 0 0 0 0 13 0 31 0 32 0 6 0 5 55 58
0 0 0 0 0 14 0 80 0 28 0 18 0 4 28 28

# Average weight-at-age
70
94
115
134
150
160
165
168

# Maturity logistic function parameter age-at-50%
3

# Maturity logistic function parameter age-at-95%
4

# Infection prevalence index (avg of 3 different samples)
0
0
0.0277777777777778
0.0222222222222222
0.00555555555555556
0.00555555555555556
0.05
0
0
0.0833333333333333
0
0
0.00555555555555556
0
0.0833333333333333
0
0
0
0.0388888888888889
0
0
0
0
0
0
0
0
0
0
0
0
0
0
0.0166666666666667
0
0
0
0.0111111111111111
0
0
0
0
0
0
0
0
0
0
0
0.00555555555555556

