# Simulated data from SIR age-structured hybrid model
# random seed = 1980661
# Flag=0 if no issues, =1 if negative pop #'s, =2 if NaN, or=3 if NA. Flag:
0

# True SSB
106637.298958837
99148.328702146
100476.255595285
100545.632017195
94137.8351625379
83825.1644385947
70910.763877651
59973.2970776931
49716.1017774218
38353.713143139
29993.6417129382
30730.7251899121
47872.212339159
69635.8385290012
76205.7006526598
70024.9135989902
68244.7260519097
67043.3801474664
58365.3326026205
49207.9854712797
45485.6526670111
42190.5044326907
36197.5842919878
30436.4715300383
26015.006651515
21245.0545672161
21193.8157661554
21663.0894375615
19803.2671482537
16645.061976002
14342.384566865
15280.5627795697
16694.9121849862
19948.717099069
28505.5300291565
39447.0777851068
44412.9624121699
39297.8979192248
32422.4692607452
33699.5304993018
46882.9386514252
60197.8584008391
70876.5936413149
72252.143551655
61278.3058828704
51162.866436216
48501.0982558868
43672.8296120768
38414.2460872846
41536.6644094524

# True R (numbers)
252.097200822338
284.051910351512
63.2100215479305
72.1975170342149
74.299553302271
17.0044895156036
6.95507648321133
60.191125720046
182.397159552694
868.90251339819
642.550045516286
296.294064614753
55.9069645815298
457.392014281798
108.300554774232
54.0473500017469
69.8056680558643
181.120240724347
68.3975411271717
20.2535550309868
36.9141801140428
39.950089855064
28.9270253323272
135.854808138067
54.7600911793724
29.7960912756569
4.24176448531403
61.5366732758583
126.28732054382
98.1978636122943
174.583940893211
376.326762274321
379.368722235325
145.934635608007
25.2737854982406
48.3275144271893
254.425749909386
683.828809325806
374.994861229086
628.883881696213
54.3642994095794
32.1780010261074
89.2041795492084
233.430864605527
92.3724851723101
52.8967311155112
433.714018079558
215.787748559132
207.813083967151
207.280687077823

# True infection rate given (selected) susceptible
0.773825615083369 0.773825615083369 0.773825615083369 0.773825615083369 0.773825615083369 0.773825615083369 0.773825615083369 0.773825615083369
0.642420901331907 0.642420901331907 0.642420901331907 0.642420901331907 0.642420901331907 0.642420901331907 0.642420901331907 0.642420901331907
0.258155981820653 0.258155981820653 0.258155981820653 0.258155981820653 0.258155981820653 0.258155981820654 0.258155981820653 0.258155981820653
0.114252443068951 0.114252443068951 0.114252443068951 0.114252443068952 0.114252443068952 0.114252443068952 0.114252443068952 0.114252443068951
0.0404392074291867 0.0404392074291859 0.0404392074291856 0.0404392074291858 0.0404392074291866 0.0404392074291859 0.0404392074291855 0.0404392074291858
0.0178695676453872 0.0178695676453877 0.0178695676453872 0.0178695676453883 0.0178695676453881 0.0178695676453883 0.0178695676453878 0.0178695676453871
0.0155888439803771 0.0155888439803767 0.0155888439803768 0.015588843980377 0.0155888439803769 0.015588843980377 0.0155888439803762 0.0155888439803772
0.0170803365533118 0.0170803365533108 0.0170803365533112 0.0170803365533106 0.0170803365533111 0.0170803365533109 0.0170803365533108 0.017080336553311
0.362266733257716 0.362266733257716 0.362266733257715 0.362266733257716 0.362266733257716 0.362266733257716 0.362266733257716 0.362266733257716
0.907997402076826 0.907997402076827 0.907997402076827 0.907997402076827 0.907997402076826 0.907997402076827 0.907997402076826 0.907997402076827
0.916872671070158 0.916872671070158 0.916872671070158 0.916872671070157 0.916872671070158 0.916872671070158 0.916872671070158 0.916872671070158
0.857177628436715 0.857177628436715 0.857177628436715 0.857177628436715 0.857177628436716 0.857177628436715 0.857177628436715 0.857177628436715
0.637649549498142 0.637649549498142 0.637649549498141 0.637649549498141 0.637649549498142 0.637649549498142 0.637649549498141 0.637649549498141
0.622073317871632 0.622073317871632 0.622073317871632 0.622073317871632 0.622073317871631 0.622073317871631 0.622073317871632 0.622073317871632
0.654615035626575 0.654615035626575 0.654615035626575 0.654615035626575 0.654615035626575 0.654615035626575 0.654615035626575 0.654615035626575
0.410878812720029 0.41087881272003 0.410878812720029 0.41087881272003 0.410878812720029 0.410878812720029 0.41087881272003 0.410878812720029
0.0148478823447388 0.0148478823447393 0.0148478823447392 0.0148478823447383 0.0148478823447392 0.0148478823447397 0.0148478823447387 0.0148478823447389
0.0670395528503027 0.0670395528503023 0.0670395528503015 0.0670395528503025 0.0670395528503017 0.0670395528503024 0.0670395528503019 0.0670395528503021
0.280922322977738 0.280922322977738 0.280922322977737 0.280922322977738 0.280922322977738 0.280922322977736 0.280922322977737 0.280922322977737
0.0866372505251525 0.0866372505251537 0.0866372505251527 0.0866372505251528 0.0866372505251538 0.086637250525153 0.0866372505251533 0.0866372505251525
0.0648334503732903 0.0648334503732902 0.0648334503732903 0.0648334503732903 0.0648334503732906 0.0648334503732892 0.0648334503732893 0.0648334503732901
0.0204224094680617 0.0204224094680621 0.020422409468062 0.0204224094680619 0.0204224094680619 0.0204224094680616 0.0204224094680612 0.0204224094680618
0.00988446615859136 0.00988446615859214 0.00988446615859165 0.00988446615859108 0.00988446615859072 0.00988446615859127 0.00988446615859187 0.00988446615859183
0.0535433326169288 0.053543332616929 0.0535433326169293 0.0535433326169289 0.0535433326169288 0.0535433326169292 0.0535433326169294 0.0535433326169294
0.457371071383536 0.457371071383536 0.457371071383536 0.457371071383536 0.457371071383536 0.457371071383535 0.457371071383536 0.457371071383535
0.036461982226905 0.0364619822269053 0.0364619822269067 0.0364619822269053 0.0364619822269056 0.0364619822269057 0.036461982226905 0.0364619822269055
0.0310125477955727 0.0310125477955723 0.0310125477955733 0.0310125477955725 0.0310125477955721 0.0310125477955719 0.0310125477955722 0.0310125477955716
0.0138523419080705 0.013852341908071 0.0138523419080713 0.0138523419080711 0.01385234190807 0.0138523419080717 0.0138523419080716 0.0138523419080711
0.112949477745667 0.112949477745667 0.112949477745667 0.112949477745667 0.112949477745667 0.112949477745666 0.112949477745667 0.112949477745666
0.4383909427623 0.438390942762301 0.4383909427623 0.4383909427623 0.438390942762301 0.4383909427623 0.4383909427623 0.4383909427623
0.521079603979339 0.521079603979339 0.521079603979339 0.521079603979339 0.521079603979338 0.521079603979338 0.521079603979338 0.521079603979339
0.775711016252733 0.775711016252733 0.775711016252733 0.775711016252733 0.775711016252733 0.775711016252733 0.775711016252733 0.775711016252733
0.818952921899921 0.818952921899921 0.818952921899921 0.818952921899921 0.818952921899921 0.818952921899921 0.818952921899921 0.818952921899921
0.744290515362031 0.744290515362032 0.744290515362032 0.744290515362032 0.744290515362032 0.744290515362032 0.744290515362032 0.744290515362031
0.427147248576895 0.427147248576895 0.427147248576895 0.427147248576895 0.427147248576896 0.427147248576895 0.427147248576895 0.427147248576896
0.0171505335566575 0.0171505335566576 0.0171505335566588 0.0171505335566587 0.0171505335566577 0.0171505335566586 0.0171505335566583 0.0171505335566571
0.430545786114068 0.430545786114068 0.430545786114069 0.430545786114068 0.430545786114068 0.430545786114068 0.430545786114068 0.430545786114068
0.868449645442844 0.868449645442844 0.868449645442844 0.868449645442844 0.868449645442844 0.868449645442844 0.868449645442844 0.868449645442844
0.870557082780588 0.870557082780589 0.870557082780588 0.870557082780588 0.870557082780588 0.870557082780588 0.870557082780589 0.870557082780588
0.849836075904239 0.849836075904238 0.849836075904238 0.849836075904238 0.849836075904239 0.849836075904238 0.849836075904238 0.849836075904238
0.791649080543198 0.791649080543198 0.791649080543198 0.791649080543198 0.791649080543199 0.791649080543198 0.791649080543198 0.791649080543198
0.52785596574962 0.52785596574962 0.52785596574962 0.52785596574962 0.52785596574962 0.52785596574962 0.52785596574962 0.52785596574962
0.011357246261071 0.0113572462610696 0.0113572462610697 0.011357246261071 0.0113572462610692 0.0113572462610715 0.0113572462610705 0.0113572462610709
0.141017163945069 0.141017163945069 0.141017163945069 0.141017163945068 0.141017163945069 0.141017163945069 0.141017163945069 0.141017163945069
0.464715822044764 0.464715822044764 0.464715822044764 0.464715822044764 0.464715822044764 0.464715822044764 0.464715822044764 0.464715822044764
0.131128038733618 0.131128038733618 0.131128038733618 0.131128038733619 0.131128038733618 0.131128038733618 0.131128038733618 0.131128038733618
0.726662870926133 0.726662870926133 0.726662870926134 0.726662870926133 0.726662870926134 0.726662870926133 0.726662870926133 0.726662870926133
0.744420216001153 0.744420216001153 0.744420216001153 0.744420216001153 0.744420216001153 0.744420216001153 0.744420216001153 0.744420216001153
0.6370270845167 0.637027084516701 0.637027084516701 0.637027084516701 0.637027084516701 0.637027084516701 0.637027084516701 0.637027084516701
0.474726778042453 0.474726778042452 0.474726778042452 0.474726778042453 0.474726778042453 0.474726778042453 0.474726778042453 0.474726778042453

# Duration of outbreak (days) based on incidence
0
0
0
0
0
0
0
0
0
0
0
0
0
0
0
0
0
0
0
0
0
0
0
0
0
0
0
0
0
0
0
0
0
0
0
0
0
0
0
0
0
0
0
0
0
0
0
0
0
0

# Duration of outbreak (days) based on prevalence
0
0
0
0
0
0
0
0
0
24
22
19
0
0
0
0
0
0
0
0
0
0
0
0
0
0
0
0
0
0
0
26
23
16
0
0
0
24
20
20
11
0
0
0
0
0
17
13
0
0

# Peak (point) prevalence
0.0998985304423704
0.0540127215362263
0.0126915676384045
0.00728160623684578
0.00277695457237788
0.00116640889561103
0.000901926520903031
0.00102510524979818
0.0341683940637886
0.354526044139082
0.322925068765172
0.194690007251679
0.0565885333465915
0.056773803797182
0.0606131114966408
0.0215505720425496
0.000609523181296389
0.00600041507745894
0.0268151923075331
0.00956642869349313
0.00675966533505217
0.00177784317659371
0.00076264446590822
0.00803523354766486
0.0641178603846186
0.00423450962837578
0.00397104340728964
0.00169960234281613
0.0238577807441033
0.075982124080349
0.0823583731837795
0.206888831744945
0.217728456059142
0.129145406998622
0.0295671562687091
0.000854647435140259
0.041622675682847
0.269437591065531
0.233672752879685
0.201722988699351
0.119794513110511
0.0297785891046086
0.000305390185020336
0.0111664004943615
0.0405868079734078
0.0121543302049288
0.130819970500181
0.120666642567328
0.0725476776198822
0.0394031343720712

# Day of peak prevalence
37
54
108
119
119
119
119
119
93
21
18
25
53
58
55
89
119
119
111
119
119
119
119
119
88
119
119
119
119
98
83
42
33
41
86
119
91
28
24
27
34
69
119
119
87
119
48
43
57
82

# Total immunity
0.493651382502039
0.540294746286298
0.640741229874886
0.642038025275653
0.607218111251758
0.601267813968962
0.598215988590398
0.524134978740032
0.350501677097646
0.146840100710646
0.215696649821278
0.358027724388213
0.564383032167442
0.456465494651749
0.525700173582976
0.630066489274948
0.6469657230792
0.485267954974689
0.446545390869658
0.511031742493294
0.49088848770585
0.456318282653731
0.420117907099613
0.270655718277986
0.243245549328031
0.384747341982212
0.390075606024794
0.296761409083239
0.178084362582721
0.153879875244699
0.188204383565793
0.160377370010605
0.210580292473649
0.349178310110334
0.539082010052852
0.590819195417825
0.354098301558879
0.191128369654999
0.277667035489506
0.294369992189199
0.482238108944775
0.666154132007316
0.686267514507533
0.486797412306212
0.450420953411346
0.529057055170554
0.285960457504531
0.357902616267361
0.411310126050867
0.427414908835908

# Observed immunity (based on survey selectivity)
0.937598573497899
0.939492468855684
0.910654819387009
0.868216454347919
0.80349306568886
0.747835927123963
0.705772022645332
0.657485530378832
0.62741721297662
0.742231684176804
0.941162353156518
0.905644344743313
0.874449140211154
0.876596375470633
0.90361739347321
0.930748954406572
0.873118315388885
0.79510929693053
0.758189965280956
0.767714852102612
0.681780528025864
0.614982862851292
0.580439311546845
0.54563747631762
0.516881289417661
0.674632222146109
0.571832245859968
0.488499812567733
0.441259314300883
0.464596871776811
0.612361527588167
0.694563072034924
0.839549401503761
0.869710309277319
0.853084883354225
0.810646113902306
0.727254732660316
0.800122360056673
0.934279143223974
0.903488433989592
0.890935145451509
0.909472551553297
0.87500952972912
0.823716378800902
0.819651582647558
0.850816131781995
0.755519442835256
0.871944999713063
0.919778912136074
0.871936910831705

# True total proportion of susceptible
1 0.842683393429925 0.613445919692603 0.326539494627744 0.124820359663643 0.035691885634067 0.00758687790735376 0.000414641854249616
1 0.840352867225269 0.565948509180356 0.289860652644634 0.106339322894347 0.031850045925572 0.00807005335251192 0.000684036511269783
1 0.867378672003588 0.6124842319824 0.317497358195499 0.126731869545118 0.0399804143357895 0.0111673531363201 0.00131420341841109
1 0.947126337245189 0.776304705083603 0.508718439970284 0.246619266329641 0.094682874802501 0.0293397630036884 0.0018844260164098
1 0.976841789784657 0.905255410991934 0.722397768097796 0.461868577657998 0.220029097616183 0.0836896845319218 0.00513333859931259
1 0.991871009925972 0.961942071105914 0.884430654125451 0.700854619576758 0.445552274700712 0.211358805684808 0.0167819050855252
1 0.996426386047432 0.98527373789194 0.952467934834717 0.873580059160311 0.690878923082985 0.438382835363913 0.078046538234142
1 0.996894554349892 0.990680450051835 0.976929928503109 0.94260232307047 0.863486686995534 0.682035732900941 0.126784205777827
1 0.996600974241906 0.990603320567472 0.981518127716464 0.965967003181762 0.931014025266315 0.852174220788948 0.224151938313282
1 0.925456799951613 0.854993370145071 0.778768843092175 0.722959619841458 0.687523408567093 0.650251202082695 0.163840522686941
1 0.812562781893406 0.57360322080561 0.340080221022226 0.183759337897384 0.113262496327553 0.0839375137672388 0.0173147765787751
1 0.811007089088705 0.491976018228876 0.210315087226962 0.0686254113979807 0.0232081767381054 0.0107973053286901 0.00170744622972599
1 0.823417686061868 0.512765212117889 0.198256357777663 0.0518681280593575 0.0121360293112365 0.00344963820064012 0.000249289900913797
1 0.868597051334727 0.601150677612109 0.287373909483998 0.0862462745813546 0.019582435151405 0.00430746370307846 9.69918223627944e-05
1 0.871467861850327 0.642492325030537 0.347520713202142 0.130556883401339 0.033901190843505 0.00722278094143454 0.000197027575915357
1 0.864689280425451 0.632417695036585 0.35902060726761 0.149626494215031 0.047720850685368 0.0114667868182281 0.000744325611084265
1 0.915170290848744 0.717668835182705 0.459886332542799 0.231533450579304 0.0896354240443971 0.0276049563499062 0.00436253869946889
1 0.997041285840943 0.909942027223502 0.711185061300188 0.454395896397706 0.228319584840795 0.0882951511513469 0.0130021997197854
1 0.986462302612552 0.971892291183018 0.875039780339071 0.675617128593198 0.427563442848333 0.213382538298704 0.0251546707017968
1 0.942202432082243 0.878037749332962 0.811714663587808 0.692963648609827 0.513477390374548 0.314189951008258 0.0236703691238064
1 0.982444148702649 0.910614698938457 0.833699548680568 0.760868413634208 0.643966083358594 0.473640010502083 0.108615341453556
1 0.986921846006342 0.958356736637083 0.876890820934174 0.795243600992557 0.721884510317798 0.608444606163344 0.134100682207659
1 0.995917314580154 0.979403882606224 0.947553621276029 0.864558197627373 0.782770732136824 0.709871396258021 0.159541111006622
1 0.998033524661191 0.992280745457386 0.974140893131199 0.941330487436407 0.858214389323388 0.77665069518254 0.209618421145751
1 0.989203419469378 0.977985468779209 0.962996934960949 0.939137020802135 0.904281560156048 0.822184854001767 0.330654659578821
1 0.905233493471401 0.80867695767039 0.706869384922091 0.631979329456168 0.584494735311423 0.547218543228146 0.21085669790857
1 0.992673212173915 0.892394092443766 0.791246123501976 0.68776550570131 0.613026086126961 0.566102751759326 0.215495547008642
1 0.993768656537868 0.981155368301349 0.876588161580964 0.773647071976317 0.67058841992199 0.596795518029089 0.236801537147236
1 0.997228700406289 0.988648424047569 0.97372823193863 0.868224663658664 0.765346874012329 0.662871212254368 0.270410500422903
1 0.977019045007365 0.954384463348075 0.925895197930087 0.898372304609143 0.792514735898585 0.693810127745952 0.271929784620636
1 0.908809825909475 0.804929860896391 0.698606722675532 0.617533900632738 0.569665763378562 0.484066709826773 0.241400498505638
1 0.891611568896074 0.712960485016959 0.534350164172998 0.40209493772124 0.327343768204629 0.290081254017393 0.132251211658817
1 0.839378975312708 0.600889722496661 0.341153768823132 0.180313168100822 0.107865434465631 0.0779508395749911 0.0313588683269524
1 0.830875728495756 0.54641546735914 0.263478319529205 0.0977204479942591 0.0388838409300708 0.020090770767769 0.00534314402649873
1 0.846401062589103 0.567895000776444 0.266255384835784 0.0913124282252535 0.0274263093762248 0.00987672355225845 0.00212200871888593
1 0.911858446025566 0.695819433909618 0.403990704033589 0.166070494359376 0.0528922143894084 0.0153858519731274 0.00281375647047116
1 0.996582884126565 0.905836051458412 0.688500514426985 0.398313631319685 0.163353092106837 0.0519687992489527 0.00617623076452586
1 0.91083959135193 0.826275611383304 0.66523801512234 0.450192445027615 0.238496239512197 0.0925361185313932 0.01322209465805
1 0.820532736303633 0.578840555690836 0.349863389492288 0.175782638371387 0.0819450213796334 0.0342903001990706 0.00693515213527793
1 0.82049627240971 0.514328119670556 0.23172573161645 0.0849501536207519 0.0296432009419672 0.0112764340759104 0.00223330202587263
1 0.824788408623818 0.521921918633593 0.210696466995004 0.0587749949928926 0.01560038612189 0.00459693309225198 0.000526451845939929
1 0.836837115887956 0.546389770991351 0.235941779708076 0.0637679142911052 0.013851986887101 0.00326101419202494 0.00013022147063896
1 0.891100873370751 0.65138594486241 0.349624955976789 0.125807495430511 0.0306789763751312 0.00638271380950135 0.000172439729880669
1 0.997748255361278 0.887175367008347 0.646779635549936 0.346320888421537 0.124432168204526 0.0303233703666127 0.00232798407713255
1 0.971340375310526 0.944188872044278 0.813818258896133 0.57619536837228 0.301434112158025 0.106722318875127 0.0151027710940878
1 0.903662230977475 0.78989857576777 0.675025757994567 0.517497932829292 0.334946370320156 0.1637681650685 0.0212438024580012
1 0.973336207805372 0.856801193861334 0.726956598848337 0.607206928794739 0.458293747424705 0.293135794867472 0.0658037853440851
1 0.849601933346318 0.684095315286978 0.452405391405304 0.289925646838926 0.201657381732904 0.13587437966468 0.0194189122416367
1 0.84619658762333 0.581716162929111 0.341587954080194 0.163001117843617 0.0847508475687475 0.0529990747546295 0.0054718200220337
1 0.868316504087981 0.618813036701289 0.329027642171864 0.152156853302577 0.062663805650325 0.0304020078899397 0.00345046997568629

# True vulnerable proportion of susceptible
0.27 0.421341696714962 0.4478155213756 0.287354755272415 0.118579341680461 0.0349780479213857 0.00751100912828023 0.000414641854249616
0.27 0.420176433612635 0.41314241170166 0.255077374327278 0.10102235674963 0.0312130450070605 0.0079893528189868 0.000684036511269783
0.27 0.433689336001794 0.447113489347152 0.279397675212039 0.120395276067862 0.0391808060490737 0.0110556796049569 0.00131420341841109
0.27 0.473563168622594 0.56670243471103 0.44767222717385 0.234288303013159 0.092789217306451 0.0290463653736515 0.0018844260164098
0.27 0.488420894892328 0.660836450024112 0.63571003592606 0.438775148775098 0.21562851566386 0.0828527876866026 0.00513333859931259
0.27 0.495935504962986 0.702217711907318 0.778298975630397 0.66581188859792 0.436641229206698 0.20924521762796 0.0167819050855252
0.27 0.498213193023716 0.719249828661116 0.838171782654551 0.829901056202295 0.677061344621326 0.433999007010274 0.078046538234142
0.27 0.498447277174946 0.723196728537839 0.859698337082736 0.895472206916946 0.846216953255623 0.675215375571931 0.126784205777827
0.27 0.498300487120953 0.723140424014255 0.863735952390488 0.917668653022674 0.912393744760989 0.843652478581059 0.224151938313282
0.27 0.462728399975806 0.624145160205902 0.685316581921114 0.686811638849385 0.673772940395751 0.643748690061868 0.163840522686941
0.27 0.406281390946703 0.418730351188096 0.299270594499559 0.174571371002514 0.110997246401001 0.0830981386295664 0.0173147765787751
0.27 0.405503544544353 0.35914249330708 0.185077276759726 0.0651941408280817 0.0227440132033432 0.0106893322754032 0.00170744622972599
0.27 0.411708843030934 0.374318604846059 0.174465594844344 0.0492747216563896 0.0118933087250118 0.00341514181863372 0.000249289900913797
0.27 0.434298525667364 0.438839994656839 0.252889040345918 0.0819339608522869 0.0191907864483769 0.00426438906604768 9.69918223627944e-05
0.27 0.435733930925163 0.469019397272292 0.305818227617885 0.124029039231272 0.0332231670266349 0.0071505531320202 0.000197027575915357
0.27 0.432344640212726 0.461664917376707 0.315938134395497 0.14214516950428 0.0467664336716607 0.0113521189500459 0.000744325611084265
0.27 0.457585145424372 0.523898249683375 0.404699972637663 0.219956778050339 0.0878427155635092 0.0273289067864071 0.00436253869946889
0.27 0.498520642920472 0.664257679873157 0.625842853944166 0.431676101577821 0.223753193143979 0.0874121996398335 0.0130021997197854
0.27 0.493231151306276 0.709481372563603 0.770035006698382 0.641836272163538 0.419012173991367 0.211248712915717 0.0251546707017968
0.27 0.471101216041122 0.640967557013062 0.714308903957271 0.658315466179336 0.503207842567057 0.311048051498175 0.0236703691238064
0.27 0.491222074351324 0.664748730225074 0.7336556028389 0.722824992952497 0.631086761691422 0.468903610397063 0.108615341453556
0.27 0.493460923003171 0.699600417745071 0.771663922422073 0.755481420942929 0.707446820111442 0.602360160101711 0.134100682207659
0.27 0.497958657290077 0.714964834302544 0.833847186722905 0.821330287746004 0.767115317494088 0.702772682295441 0.159541111006622
0.27 0.499016762330596 0.724364944183892 0.857243985955455 0.894263963064587 0.841050101536921 0.768884188230715 0.209618421145751
0.27 0.494601709734689 0.713929392208822 0.847437302765635 0.892180169762028 0.886195928952927 0.813963005461749 0.330654659578821
0.27 0.4526167467357 0.590334179099385 0.62204505873144 0.60038036298336 0.572804840605194 0.541746357795865 0.21085669790857
0.27 0.496336606086958 0.651447687483949 0.696296588681739 0.653377230416245 0.600765564404422 0.560441724241733 0.215495547008642
0.27 0.496884328268934 0.716243418859985 0.771397582191248 0.734964718377501 0.657176651523551 0.590827562848798 0.236801537147236
0.27 0.498614350203145 0.721713349554726 0.856880844105995 0.824813430475731 0.750039936532083 0.656242500131825 0.270410500422903
0.27 0.488509522503683 0.696700658244095 0.814787774178476 0.853453689378686 0.776664441180614 0.686872026468493 0.271929784620636
0.27 0.454404912954738 0.587598798454365 0.614773915954468 0.586657205601101 0.558272448110991 0.479226042728505 0.241400498505638
0.27 0.445805784448037 0.52046115406238 0.470228144472238 0.381990190835178 0.320796892840537 0.287180441477219 0.132251211658817
0.27 0.419689487656354 0.438649497422562 0.300215316564356 0.171297509695781 0.105708125776318 0.0771713311792412 0.0313588683269524
0.27 0.415437864247878 0.398883291172172 0.2318609211857 0.0928344255945461 0.0381061641114694 0.0198898630600913 0.00534314402649873
0.27 0.423200531294551 0.414563350566804 0.23430473865549 0.0867468068139908 0.0268777831887003 0.00977795631673586 0.00212200871888593
0.27 0.455929223012783 0.507948186754021 0.355511819549558 0.157766969641407 0.0518343701016202 0.0152319934533961 0.00281375647047116
0.27 0.498291442063283 0.66126031756464 0.605880452695747 0.378397949753701 0.1600860302647 0.0514491112564632 0.00617623076452586
0.27 0.455419795675965 0.603181196309812 0.585409453307659 0.427682822776234 0.233726314721953 0.0916107573460793 0.01322209465805
0.27 0.410266368151816 0.42255360565431 0.307879782753214 0.166993506452817 0.0803061209520407 0.0339473971970799 0.00693515213527793
0.27 0.410248136204855 0.375459527359506 0.203918643822476 0.0807026459397144 0.0290503369231278 0.0111636697351513 0.00223330202587263
0.27 0.412394204311909 0.381003000602523 0.185412890955604 0.055836245243248 0.0152883783994522 0.00455096376132946 0.000526451845939929
0.27 0.418418557943978 0.398864532823686 0.207628766143107 0.0605795185765499 0.013574947149359 0.00322840405010469 0.00013022147063896
0.27 0.445550436685375 0.475511739749559 0.307669961259575 0.119517120658985 0.0300653968476286 0.00631888667140634 0.000172439729880669
0.27 0.498874127680639 0.647638017916093 0.569166079283943 0.32900484400046 0.121943524840435 0.0300201366629466 0.00232798407713255
0.27 0.485670187655263 0.689257876592323 0.716160067828597 0.547385599953666 0.295405429914865 0.105655095686376 0.0151027710940878
0.27 0.451831115488737 0.576625960310472 0.594022667035219 0.491623036187828 0.328247442913753 0.162130483417815 0.0212438024580012
0.27 0.486668103902686 0.625464871518774 0.639721806986537 0.576846582355002 0.449127872476211 0.290204436918798 0.0658037853440851
0.27 0.424800966673159 0.499389580159494 0.398116744436668 0.27542936449698 0.197624234098246 0.134515635868033 0.0194189122416367
0.27 0.423098293811665 0.424652798938251 0.300597399590571 0.154851061951436 0.0830558306173726 0.0524690840070832 0.0054718200220337
0.27 0.43415825204399 0.451733516791941 0.28954432511124 0.144549010637448 0.0614105295373185 0.0300979878110403 0.00345046997568629

# True survival by age
0.728213379733589 0.700240669048841 0.695455037573054 0.725355172680061 0.756751299714517 0.772297317918713 0.777404303134336 0.778723693262868
0.736250892715866 0.712965985142685 0.714206924117387 0.738951786670216 0.763023260702581 0.773926512164765 0.777553198947585 0.778693970457815
0.761036989483239 0.750661570087844 0.74994080339387 0.760801198853546 0.771049956288533 0.77627906796819 0.778089289453727 0.77871621395233
0.770704949056176 0.765031421022882 0.762513716985607 0.765990393632246 0.772106954000462 0.776151305457939 0.777971560843768 0.778746996200078
0.775688865061515 0.773615152521992 0.772006644833224 0.772344125892593 0.77436390729048 0.776624061746534 0.777964858207479 0.778749019037385
0.777212251199999 0.77633352175892 0.77554323147977 0.775287201848337 0.775824745813641 0.776856592585998 0.77787024703383 0.778726242522726
0.777369152850036 0.776611710609556 0.775882188835006 0.775503985927336 0.775573571998408 0.776179549025458 0.777122947003444 0.778499476271829
0.777270755178757 0.776429030037687 0.775602614189951 0.775106010250004 0.774992245305257 0.77521627355374 0.775944334128779 0.778265114717958
0.754138325695264 0.733737503025086 0.713647326645899 0.701087505675946 0.69627596960697 0.696766013187444 0.702951286439916 0.758649365822745
0.720129539457902 0.678669867132343 0.643950227242848 0.630819080143778 0.630526915473368 0.633353381437711 0.639838256185356 0.743434303438721
0.719682306440649 0.690211599687486 0.687637818465914 0.713683001415821 0.740823888724343 0.754655943495478 0.760725194747363 0.775034549211151
0.723265662042849 0.695762924477282 0.705377285813547 0.740986419730036 0.76548344755954 0.774155209520239 0.776617494545129 0.778452047588312
0.736617422192984 0.714851620139546 0.720785080090225 0.751782054461134 0.771172021121542 0.776959653418021 0.778272124833677 0.778762194754714
0.737482503244595 0.712734345137186 0.712190944176875 0.740447213681025 0.766378201601862 0.775891463326008 0.77815432590031 0.778786080184234
0.735443123069016 0.709224776530353 0.704067503046521 0.730109961192544 0.759059048468381 0.773513213759499 0.777662789827971 0.778769427670284
0.750907125871863 0.734528106448669 0.731680797095526 0.746593788527985 0.764316733719249 0.774036265850912 0.777644303005436 0.778724960026979
0.777418341395474 0.776873586797277 0.776770336201237 0.777282697068422 0.7779855154995 0.778476704327417 0.778700108550225 0.778784735802244
0.773887848820526 0.770182574821825 0.76754058605931 0.768269701709904 0.771556227112383 0.775049514827359 0.777335780025204 0.778582940018779
0.759458368102007 0.743914501004203 0.72885750110943 0.724690762750153 0.733727888954197 0.74938289092236 0.763970652260598 0.777035004574066
0.772555270575942 0.768331481694192 0.764771910391729 0.763255626418699 0.764503577778018 0.767880830510502 0.772052538306397 0.778287377549169
0.774040544527921 0.770586554867205 0.767908203763805 0.766870443846702 0.767078839561123 0.768577388471322 0.771207278506916 0.777042432850862
0.777041713150804 0.776034151740553 0.775113489673823 0.774829755151947 0.77494676312101 0.775203963266155 0.775741558337692 0.778120444192382
0.777751131352819 0.777317308638952 0.776911062532485 0.776700668906154 0.77676886575102 0.776916171298523 0.77707810775773 0.778410566400229
0.774799552069791 0.771859017397839 0.768967622465378 0.767270543623019 0.766812540072489 0.767540361323954 0.76851078253272 0.775996582414045
0.747811962114987 0.722482997163942 0.697749158945107 0.682697667628165 0.67766346521762 0.678357064651538 0.686548603088561 0.741327134645453
0.775956700156529 0.77444427758469 0.77331708785763 0.773099973097256 0.773325328599991 0.773586659147205 0.77387235564199 0.776883692834603
0.776322740272419 0.774696352832756 0.773632566412647 0.773363457799448 0.773727784655201 0.774146598823412 0.7744620715057 0.777133665037227
0.777481177111706 0.77682370906742 0.776191561079216 0.776086686631845 0.776247688352685 0.776529198015546 0.776761786402334 0.777984836107802
0.770763356313185 0.764410892624143 0.758214816190685 0.754466024948715 0.755413542381024 0.757546601463233 0.760208183774673 0.771140995331496
0.748922992707329 0.725186865168688 0.702571991424158 0.689753060819946 0.685565389801082 0.693967562616808 0.703779150952644 0.749101494962831
0.743610168058441 0.719988462128014 0.702947003128313 0.699515483710381 0.703167794089165 0.706836805018654 0.717028897160984 0.747685735874576
0.727927017450769 0.695206462378665 0.68138250319851 0.690843508703558 0.707365680004692 0.718814809506099 0.725102345187418 0.754072501205175
0.725436265664842 0.696231965761459 0.692649206946317 0.719875317571809 0.745186610876065 0.758059208902356 0.763658994854873 0.772648027886115
0.729996842349189 0.704085592359485 0.707196911269514 0.737208105429438 0.76215170200947 0.771967414678215 0.775234152868018 0.777842684647909
0.749872693012329 0.733843095822488 0.734899945734906 0.754017888356794 0.769629267877004 0.775959526511388 0.777767206832062 0.778576488140961
0.777264692826503 0.776621105907161 0.776543095629593 0.777264898011039 0.778126241139028 0.778580052846354 0.778736003238015 0.778788831659767
0.749555033496708 0.72527974589789 0.707997599001583 0.714002731406049 0.738348556447221 0.761689708593249 0.773301837880992 0.778140693089815
0.722429500600932 0.684130830088298 0.653617749177202 0.657378951999225 0.690112682305035 0.730337238984256 0.759805642114649 0.776059303416472
0.722418944435045 0.693501015355892 0.691088321970411 0.714930318696108 0.744165000547426 0.762146034232649 0.771760592564646 0.777362571951815
0.723663625060317 0.695396020486399 0.702594816656873 0.737437378579473 0.762434445308759 0.772909931087392 0.776537066002839 0.77834793649451
0.727180671368052 0.700331605040891 0.70643265566164 0.743606341495035 0.7682046308005 0.775899740626923 0.777937241086714 0.778700892061294
0.743453557953684 0.724403374131679 0.727079562236746 0.751903175377954 0.770955615219374 0.777043033738297 0.778382771558735 0.778783922787296
0.777655424847737 0.777315504967413 0.777375406046174 0.777916831115063 0.778462740486405 0.778716262622767 0.778783054019978 0.778800300181938
0.768896571943756 0.760954171716407 0.755849942256232 0.758701679900459 0.76719724317228 0.774502101140941 0.777742695740653 0.778718743670395
0.74732487218398 0.722623817361226 0.699306642604897 0.696293104057102 0.715761786480888 0.744785852088981 0.76663553869534 0.777061914679833
0.769551642903846 0.76373330546777 0.759765453942055 0.759265124148113 0.762654697643592 0.768025986139592 0.773479704200859 0.778103681612217
0.730944239188723 0.69298271683176 0.668717742493375 0.666288146886177 0.677372236584944 0.699837091551411 0.727779907573459 0.767232166424977
0.729936405096587 0.70230657973385 0.689043159427592 0.707294969827313 0.729343167882592 0.743317681809722 0.754649464576882 0.77531436112826
0.736532991808675 0.712950235222101 0.712850983847404 0.732154571562164 0.754778163244871 0.765917451022838 0.770662249331159 0.777952072896605
0.746731038390758 0.727627268507224 0.725707490766168 0.74480601588566 0.761836053298655 0.771594504007057 0.775269070476796 0.778395921823897

# True Numbers-at-age
252.097200822338 500.597599239163 158.166680932845 111.757862581444 81.0543309161752 227.689307529864 115.695050151623 185.534816161699
284.051910351512 183.580554632212 350.538797815475 109.997815030957 81.0641437111176 61.3379702683062 175.843841524083 234.422187109501
63.2100215479305 209.133472573948 130.886690986396 250.357236571597 81.2830819469455 61.8538272605196 47.4710813930163 319.271085135984
72.1975170342149 48.1051645040077 156.988460880283 98.1572701919027 190.472085725332 62.6733167821896 48.0158313760616 285.558310632238
74.299553302271 55.642983687837 36.8019623590405 119.705854829674 75.1875260321622 147.064821931501 48.6439766378754 259.73262792567
17.0044895156036 57.6333361756162 43.0462553124447 28.4113594840815 92.4541138126501 58.2225064377698 114.214079348473 240.10983359685
6.95507648321133 13.216097576929 44.7426908439319 33.3842319481166 22.0269633951207 71.7281893481247 45.2305379630622 275.82356262717
60.191125720046 5.4066619137612 10.2637761468017 34.7150569063578 25.8896049428872 17.083530680632 55.6739536606401 249.878188005088
182.397159552694 46.7848017434796 4.19788926544332 7.96061161091984 26.9078492542889 20.0642430647542 13.2434309933805 237.671365554817
868.90251339819 137.55268851664 34.3277636107844 2.99581245183914 5.58108533795476 18.7352888295682 13.9800826478526 189.618717606063
642.550045516286 625.722366807252 93.3528648392848 22.1053711779034 1.88981565515244 3.51902452313425 11.8660585324192 149.914050945136
296.294064614753 462.431898760704 431.880835754273 64.1929603256292 15.7762276496569 1.40002058262217 2.6556527716896 125.215378582639
55.9069645815298 214.299322802956 321.74297025333 304.638931719236 47.5661118435602 12.0764411307435 1.08383322747252 99.5365942491327
457.392014281798 41.182044132681 153.192218100501 231.907532582513 229.022081956732 36.6816546072916 9.38290751546558 78.3588537847744
108.300554774232 337.318607656628 29.3518572563171 109.102110449545 171.715286332363 175.517531297115 28.4609826704707 68.326134659456
54.0473500017469 79.6488982332682 239.234714134801 20.665688848233 79.6565376263422 130.342041850919 135.765129704764 75.3433519684311
69.8056680558643 40.5845402508024 58.5043544000052 175.043446331072 15.4288749297428 60.8828246579503 100.889467357669 164.248728411619
181.120240724347 54.268206679993 31.5290573531593 45.4444470365284 136.058242068367 12.0034412157933 47.3958606898652 206.477041744889
68.3975411271717 140.166753472021 41.79642715176 24.1998311587415 34.9135917691252 104.976583917813 9.30326129055933 197.602000547438
20.2535550309868 51.9450849666318 104.272080466517 30.4636394491341 17.5373941008533 25.6170759845688 78.6676559354841 160.651089995522
36.9141801140428 15.6469906870887 39.9110440991429 79.7443581788987 23.2515442107422 13.4074005350055 19.6708615822813 185.768278980635
39.950089855064 28.5730720762755 12.0573606476029 30.6480181845108 61.1535913509224 17.8357675511803 10.3046248893835 159.520147072388
28.9270253323272 31.0428862615075 22.1736797513341 9.34582288781934 23.7469964257969 47.3907776706223 13.8263576935689 132.119613467376
135.854808138067 22.4980266788892 24.1301728011801 17.226977095864 7.25890688844773 18.4459274786598 36.8186615427194 113.58746302542
54.7600911793724 105.260244491901 17.3653047657578 18.5553216086022 13.2177520813249 5.56622082928029 14.157993841926 116.43902150681
29.7960912756569 40.950251230442 76.0487369227183 12.1166267951329 12.6676747842832 8.95718767781804 3.77588522295282 96.0395570692747
4.24176448531403 23.1204766638215 31.7136877310712 58.8097877723276 9.36736384934677 9.79623376515362 6.92916089103777 77.533618946298
61.5366732758583 3.29297822882921 17.9113489472173 24.5347416297979 45.481340824059 7.24778967921429 7.58372105057274 65.6203577528057
126.28732054382 47.8436051740528 2.55806356159737 13.9026379003752 19.0410863388382 35.3047856778564 5.62812030698562 56.9423879824718
98.1978636122943 97.337639042154 36.5721729374547 1.93956169316064 10.4890679529974 14.3838944820047 26.7450204056479 48.1891528619944
174.583940893211 73.5426378939855 70.587977319901 25.6945843713763 1.33781861450667 7.19094195984672 9.98195619461417 54.9211542032104
376.326762274321 129.822393627906 52.949850758128 49.6196071139138 17.9737596152805 0.940710964054079 5.08282243997264 48.2211146372419
379.368722235325 273.938417649251 90.253367011587 36.0791018535608 34.2793834790682 12.7140206925037 0.676196972426831 40.0477829968019
145.934635608007 275.207829168437 190.724683017522 62.5139230848106 25.9724549045377 25.5445375976878 9.63798046812758 31.4592244539774
25.2737854982406 106.531823183224 193.769867422027 134.879906732848 46.0857708003148 19.7949507108576 19.7195506484375 31.9420192297903
48.3275144271893 18.9521215941816 78.1776429283913 142.401465053508 101.701862456464 35.4689580405937 15.3600805809133 40.2065249838798
254.425749909386 37.5632706563177 14.7186176317603 60.7083088486379 110.683660211437 79.1368879500865 27.6154232256506 43.2738403782893
683.828809325806 190.706101495755 27.2438793967078 10.4207459439087 43.3458983369694 81.7231207394093 60.277753121678 55.0281936788771
374.994861229086 494.018105217772 130.467923519194 17.8070831301313 6.85037904765686 29.9135541682474 59.6854383619972 88.5045185705409
628.883881696213 270.903391817682 342.602057572719 90.1648583358437 12.7308236172729 5.09781232774964 22.7984966791332 114.862969463088
54.3642994095794 455.100389570285 188.385140606284 240.710429826572 66.4909367711741 9.70641844295909 3.94014977493743 107.107232981716
32.1780010261074 39.5326677431117 318.721186282492 133.081415165688 178.993802083034 51.0786455338792 7.53120755230833 86.4696871144627
89.2041795492084 23.9228493506968 28.6375979015367 231.735660597851 100.064338646873 137.996276805381 39.6903056848886 73.2033643409412
233.430864605527 69.3701141455335 18.5956017232962 22.2621642968941 180.271070748636 77.8963592880045 107.459944929743 87.9209395993168
92.3724851723101 179.484191581057 52.7874777514871 14.0554844887733 16.8903414502736 138.303468502069 60.3308939397891 152.041870880901
52.8967311155112 69.0322556747132 129.699551676297 36.9146338379731 9.78673692371444 12.08946097072 103.006466635175 164.397754673719
433.714018079558 40.7067663341847 52.7222328103449 98.5412387554228 28.0279940438708 7.46390088947282 9.28502018393336 207.591909504153
215.787748559132 317.020762970646 28.2090855276989 35.256292504144 65.656859362219 18.9853850124863 5.22351469011665 166.02864159245
207.813083967151 157.511333447139 222.64576774653 19.4372774165688 24.9365983429414 47.8863818004626 14.1121723757463 132.666312749349
207.280687077823 153.061192471313 112.297742231285 158.713254587575 14.2310915192629 18.8215998948604 36.6770154873168 114.083751512947

