# Simulated data from SIR age-structured hybrid model
# random seed = 1875123
# Flag=0 if no issues, =1 if negative pop #'s, =2 if NaN, or=3 if NA. Flag:
0

# True SSB
71484.938862128
63091.7648633866
56097.3300954103
44687.5364812289
36575.4193679286
36267.4026522403
39549.6183027141
52628.9475437569
63221.6159715797
54768.1643465554
53727.4947519567
47202.1762196997
40492.1578917084
35797.3444633218
37211.3505853234
47088.5156189202
87834.5774450354
93149.585284711
87558.0354526718
123630.765966433
139624.165764906
121367.136377497
102840.640687993
84066.3996840209
71081.0264128104
63058.8074833635
53043.863763775
45803.3324305374
36008.4407250156
26701.1220713339
23183.240994726
22353.2420749155
25699.458852386
34841.2719194182
63466.9638033204
88325.6226536992
90650.2544080298
96330.6818028171
91126.4559731616
82030.8545242037
79641.2768135854
81640.547666304
78828.6904732549
82525.5008524246
72202.1906013028
63897.6498463564
54077.3992810847
42961.7035194607
35755.1154951773
31160.818891582

# True R (numbers)
25.5463021940155
35.0815995256845
251.486856505051
151.498601758136
791.29570718458
176.666552073454
110.689111980253
185.113324294716
51.3998813316313
52.0453584307708
114.350152845779
50.2777966284647
568.850032959041
1393.4377445258
429.099450053194
155.046324203373
1434.78145143164
731.044925938254
170.676528057063
69.0685291947089
43.7971414677616
121.160043552167
34.8900824911828
11.2249984043019
19.3757094006078
16.9891209162657
28.2330154136995
72.0293196108036
136.393041169927
136.915657353395
314.996302247982
945.397946112622
505.342634232797
342.182637453204
445.243374108192
184.371461710276
52.7312642951019
353.425407861344
467.082695489983
301.477882529587
216.183906152377
60.6453855699475
27.3205415674774
16.7665562150058
75.5411507900129
47.420159202292
39.0715943689441
44.1760063179217
37.039383772127
63.945233545449

# True infection rate given (selected) susceptible
-999 -999 0.588092672281466 0.588092672281466 0.588092672281466 0.588092672281466 0.588092672281466 0.588092672281466
-999 -999 0.0099291934982987 0.009929193498299 0.00992919349829896 0.0099291934982982 0.00992919349829894 0.00992919349829796
-999 -999 0.414407225326936 0.414407225326936 0.414407225326936 0.414407225326935 0.414407225326935 0.414407225326936
-999 -999 0.00290461988283035 0.00290461988283074 0.00290461988282938 0.00290461988282967 0.00290461988283024 0.00290461988283006
-999 -999 0.00207221158571693 0.00207221158571695 0.00207221158571625 0.00207221158571675 0.00207221158571547 0.00207221158571557
-999 -999 0.358309349919337 0.358309349919337 0.358309349919337 0.358309349919337 0.358309349919337 0.358309349919337
-999 -999 0.541386402705126 0.541386402705126 0.541386402705126 0.541386402705126 0.541386402705127 0.541386402705126
-999 -999 0.879359976548273 0.879359976548273 0.879359976548272 0.879359976548273 0.879359976548272 0.879359976548273
-999 -999 0.808148887115136 0.808148887115136 0.808148887115136 0.808148887115136 0.808148887115136 0.808148887115136
-999 -999 0.00328289187078047 0.00328289187078133 0.00328289187078053 0.00328289187078057 0.00328289187078026 0.00328289187078188
-999 -999 0.0352671076704145 0.0352671076704149 0.0352671076704149 0.0352671076704147 0.0352671076704138 0.0352671076704139
-999 -999 0.359813703125715 0.359813703125715 0.359813703125715 0.359813703125715 0.359813703125715 0.359813703125714
-999 -999 0.00430414637911268 0.00430414637911231 0.00430414637911259 0.00430414637911265 0.00430414637911221 0.00430414637911194
-999 -999 0.0105582479263148 0.0105582479263142 0.0105582479263144 0.0105582479263149 0.0105582479263143 0.0105582479263141
-999 -999 0.272315555709495 0.272315555709495 0.272315555709494 0.272315555709494 0.272315555709494 0.272315555709495
-999 -999 0.828842474472059 0.828842474472059 0.82884247447206 0.828842474472059 0.828842474472059 0.828842474472059
-999 -999 0.939828006164891 0.939828006164891 0.939828006164891 0.939828006164891 0.939828006164891 0.939828006164891
-999 -999 0.878515028594915 0.878515028594915 0.878515028594915 0.878515028594915 0.878515028594915 0.878515028594915
-999 -999 0.0505044266525586 0.0505044266525584 0.0505044266525588 0.0505044266525583 0.0505044266525598 0.0505044266525592
-999 -999 0.924831160671751 0.924831160671751 0.924831160671751 0.924831160671751 0.924831160671752 0.924831160671751
-999 -999 0.895979539534561 0.895979539534561 0.895979539534561 0.895979539534561 0.895979539534561 0.895979539534561
-999 -999 0.592816683602538 0.592816683602538 0.592816683602538 0.592816683602538 0.592816683602538 0.592816683602539
-999 -999 0.00303555906195264 0.00303555906195195 0.00303555906195199 0.00303555906195186 0.00303555906195223 0.00303555906195281
-999 -999 0.00238427872725187 0.00238427872725158 0.00238427872725195 0.00238427872725209 0.00238427872725104 0.00238427872725221
-999 -999 0.0067788485824036 0.00677884858240367 0.00677884858240268 0.00677884858240322 0.0067788485824035 0.0067788485824041
-999 -999 0.0461350263313586 0.0461350263313573 0.0461350263313581 0.0461350263313584 0.0461350263313582 0.0461350263313579
-999 -999 0.0441964230390546 0.0441964230390545 0.0441964230390546 0.0441964230390549 0.0441964230390545 0.0441964230390546
-999 -999 0.0278320601531496 0.027832060153149 0.027832060153148 0.0278320601531487 0.027832060153148 0.0278320601531497
-999 -999 0.126247425350919 0.126247425350919 0.126247425350919 0.126247425350919 0.126247425350918 0.126247425350919
-999 -999 0.0133240891715157 0.0133240891715159 0.0133240891715166 0.0133240891715158 0.0133240891715161 0.0133240891715153
-999 -999 0.00654706379055889 0.00654706379055783 0.00654706379055816 0.00654706379055773 0.0065470637905581 0.00654706379055897
-999 -999 0.020892296454239 0.0208922964542393 0.0208922964542382 0.0208922964542389 0.0208922964542382 0.0208922964542395
-999 -999 0.361317660260697 0.361317660260697 0.361317660260697 0.361317660260697 0.361317660260697 0.361317660260697
-999 -999 0.685217788883837 0.685217788883837 0.685217788883837 0.685217788883836 0.685217788883836 0.685217788883836
-999 -999 0.923683294885534 0.923683294885534 0.923683294885534 0.923683294885534 0.923683294885534 0.923683294885534
-999 -999 0.881695796753464 0.881695796753464 0.881695796753464 0.881695796753464 0.881695796753464 0.881695796753464
-999 -999 0.656411263610745 0.656411263610745 0.656411263610745 0.656411263610745 0.656411263610745 0.656411263610745
-999 -999 0.67815556885466 0.67815556885466 0.67815556885466 0.67815556885466 0.67815556885466 0.67815556885466
-999 -999 0.554642704561914 0.554642704561914 0.554642704561914 0.554642704561914 0.554642704561913 0.554642704561914
-999 -999 0.0043769140488837 0.00437691404888377 0.0043769140488836 0.0043769140488834 0.00437691404888383 0.00437691404888466
-999 -999 0.477370593311118 0.477370593311119 0.477370593311119 0.477370593311118 0.477370593311119 0.477370593311119
-999 -999 0.74118798507015 0.74118798507015 0.74118798507015 0.74118798507015 0.74118798507015 0.74118798507015
-999 -999 0.636580646445915 0.636580646445915 0.636580646445914 0.636580646445915 0.636580646445915 0.636580646445915
-999 -999 0.264586216201608 0.264586216201608 0.264586216201609 0.264586216201609 0.264586216201608 0.264586216201609
-999 -999 0.104399859686555 0.104399859686555 0.104399859686555 0.104399859686555 0.104399859686556 0.104399859686555
-999 -999 0.0198035769090522 0.0198035769090532 0.0198035769090527 0.0198035769090532 0.0198035769090524 0.0198035769090523
-999 -999 0.0261086387774385 0.0261086387774399 0.0261086387774391 0.0261086387774387 0.0261086387774388 0.0261086387774394
-999 -999 0.167242581758693 0.167242581758693 0.167242581758693 0.167242581758693 0.167242581758693 0.167242581758693
-999 -999 0.0481958498846087 0.0481958498846072 0.0481958498846077 0.0481958498846075 0.0481958498846088 0.0481958498846085
-999 -999 0.022141645432281 0.0221416454322809 0.0221416454322815 0.0221416454322805 0.0221416454322822 0.0221416454322812

# Duration of outbreak (days) based on incidence
0
0
0
0
0
0
0
0
0
0
0
0
0
0
0
0
3
0
0
0
0
0
0
0
0
0
0
0
0
0
0
0
0
0
1
0
0
0
0
0
0
0
0
0
0
0
0
0
0
0

# Duration of outbreak (days) based on prevalence
0
0
0
0
0
0
0
25
17
0
0
0
0
0
0
27
24
19
0
22
19
0
0
0
0
0
0
0
0
0
0
0
0
26
26
21
0
0
0
0
0
15
0
0
0
0
0
0
0
0

# Peak (point) prevalence
0.0481675563587301
0.000452187295918725
0.0331538129751369
7.71958846886395e-05
6.55126692140348e-05
0.0359903581216568
0.0747446834834234
0.298545633907702
0.160027385138362
8.57324859897104e-05
0.00339670508903422
0.0363927281133426
0.000179068656598575
0.000738311353667614
0.0323500470549667
0.272751086348293
0.450711372169847
0.220217327555342
0.00310022860950674
0.334799118596017
0.234335914462097
0.0389398970734664
5.2513662333077e-05
4.93086214216913e-05
0.000188494509431231
0.00258094882917377
0.00252631388481811
0.00143076129901563
0.00866420206229643
0.000597647126596354
0.000330441666194804
0.00251359156119271
0.0590079440047067
0.159886304794706
0.415675944211946
0.254580577045455
0.0708382274323437
0.0798600707945026
0.041420469906646
0.000124063065614927
0.042850666093238
0.127214979086422
0.0654428230460277
0.0184105560017267
0.00904586442509729
0.00118465740127683
0.00145324621919628
0.0126449456390801
0.00364180024975586
0.00158015708860213

# Day of peak prevalence
64
119
95
84
76
98
76
27
32
94
119
102
107
119
106
34
15
22
119
19
20
62
84
80
96
119
119
119
119
119
107
119
105
59
19
23
55
53
72
119
85
44
61
111
119
119
119
116
119
119

# Total immunity
0.459606440378527
0.538677677186809
0.332475762495448
0.309167036143414
0.117724468906521
0.099726644528091
0.113650322945337
0.141726469365362
0.305839820668473
0.44611103757374
0.357335254106024
0.325729651877262
0.164080729496812
0.0554114779651166
0.0448711852532306
0.0528400352469113
0.0663155122652933
0.129378987070993
0.1939092904308
0.189656701363532
0.375997114375144
0.566827693449004
0.648414532886678
0.637330850619937
0.613548534541807
0.590938794257167
0.558309688226961
0.464041161993806
0.320863953819904
0.234592060515647
0.121006686593789
0.0404544665646362
0.0284986485959586
0.0384850696477121
0.0702037708374713
0.182284234526623
0.324516838504078
0.310252111042161
0.280613773715381
0.269000814546023
0.225547149064842
0.269897314820393
0.407498843474267
0.536227925867897
0.521031189487158
0.495752878603126
0.457558882868104
0.409754015107047
0.399298167194686
0.328587551995906

# Observed immunity (based on survey selectivity)
0.675492364721602
0.721286805908143
0.625611006298041
0.7315625635411
0.671753131144807
0.496798526463141
0.426622125752384
0.342553427700766
0.530166413476401
0.738834538637107
0.604044707960182
0.524056234591099
0.615597030196381
0.524514365332274
0.417256806502655
0.27210021331957
0.275566131529916
0.509399178528885
0.710553234729898
0.420501096229866
0.524935957857142
0.737474303426664
0.82450430858638
0.785881285058264
0.723320311603019
0.668782064630794
0.659012176425084
0.65315543860221
0.635835267943501
0.63548016136242
0.545220888366801
0.403046498127882
0.276271888322425
0.255434395731248
0.253631247352409
0.44273785098768
0.622432364300644
0.616161654025687
0.679398312095134
0.75202900817758
0.595188518966288
0.524623935483217
0.612668585031901
0.673438251944352
0.666119532548317
0.660268549817956
0.640207197770961
0.595699142288184
0.58776734760731
0.54967085695292

# True total proportion of susceptible
1 1 1 0.971806867394657 0.664091685458642 0.203685192984237 0.0628265561796273 0.00986159563061611
1 1 1 0.978363311341687 0.740182224788469 0.313677488642309 0.0818208738121444 0.00824693214830978
1 1 1 0.999631442902402 0.974711836540219 0.734402199742354 0.310679810072998 0.0305368004997673
1 1 1 0.984542135767064 0.835267875972605 0.647226835123405 0.456076925974121 0.0745695525152214
1 1 1 0.999893455431028 0.983480226891244 0.83345145410621 0.645637878941789 0.0908721473611122
1 1 1 0.999924165909963 0.999135153405446 0.982052603047496 0.832096741303334 0.217549789734654
1 1 1 0.986608993866954 0.858719312228859 0.715529796197813 0.685215001215403 0.15967794933413
1 1 1 0.97978673466312 0.769291153836016 0.455165368322146 0.34837416085099 0.0790460720515679
1 1 1 0.96848697305322 0.626067911163923 0.147972548658417 0.0571155073639351 0.0106968029706866
1 1 1 0.970815835364987 0.646900561912928 0.159050811257786 0.0269245682093239 0.00466607921497059
1 1 1 0.999880498051884 0.969631839009761 0.645200518647556 0.158532898178761 0.00927235308167365
1 1 1 0.998671836194014 0.986535844032359 0.944609758601317 0.625316266100352 0.0952450973675242
1 1 1 0.986688988801494 0.858456928377126 0.707246146945466 0.657786357861442 0.118198028990409
1 1 1 0.999841725180491 0.985112904372384 0.855711967097953 0.704723931510204 0.185885222009191
1 1 1 0.999617178252159 0.9960089551193 0.977883165083528 0.848736740908486 0.30028559319212
1 1 1 0.989610127661565 0.891421290881352 0.782029933858238 0.754335022233853 0.247728143303172
1 1 1 0.970109087736944 0.654044444372594 0.224656251861051 0.151812277019974 0.0491872883084696
1 1 1 0.966249336548601 0.59050265736115 0.0763262707885576 0.0116120366606153 0.00332398625097529
1 1 1 0.968508187365356 0.616414246055207 0.107927602958963 0.00863760116956893 0.00045497457169642
1 1 1 0.998162413058404 0.95034068685788 0.591118383376385 0.102430585395453 0.00483108205641182
1 1 1 0.966820733075552 0.617926907556795 0.141276737192096 0.0454147423940235 0.0044827889614088
1 1 1 0.967820924625141 0.608179823836081 0.101042803751906 0.0134999710018207 0.00114621218506441
1 1 1 0.978326001322625 0.736405187768354 0.28346172270303 0.039692514373151 0.000871609591933765
1 1 1 0.999888954641059 0.977221628190348 0.734667637526422 0.282637792014714 0.0207566035138379
1 1 1 0.999913083553584 0.999019780866529 0.975591128467827 0.733244423763534 0.0972814858205798
1 1 1 0.999754561901486 0.997457068665262 0.994352458032051 0.970744749428153 0.154905707889087
1 1 1 0.99831064952176 0.982756204365112 0.964997656125894 0.960222885409341 0.183945779836028
1 1 1 0.998394635036547 0.982175038028422 0.952195468386673 0.933156509768434 0.204011084243698
1 1 1 0.998969147417056 0.988057127825185 0.962649148752923 0.932011295166728 0.285177653808651
1 1 1 0.995212585439891 0.950237851747819 0.894356168924099 0.865409342867747 0.273453132906984
1 1 1 0.999508421628291 0.990300766647984 0.941143504005698 0.885135822266951 0.28002824462066
1 1 1 0.999757538953063 0.997082934008551 0.985714173772954 0.936458803714395 0.30062485104864
1 1 1 0.999228429266835 0.99202190691966 0.982368049363721 0.970322994842019 0.319041463849829
1 1 1 0.986537604114717 0.857285909758348 0.708115667333402 0.683662645658636 0.237279848269793
1 1 1 0.974979318408837 0.712047814709099 0.339366882727341 0.243279193752006 0.0987523063386796
1 1 1 0.966979510540401 0.603277105890416 0.100910858401898 0.0255909400622479 0.0099676243877345
1 1 1 0.968368213903634 0.615191167752312 0.108151289670047 0.011097292748597 0.00154737824911639
1 1 1 0.976135238530551 0.711159907008821 0.249849781000152 0.03582695906731 0.00193826992238854
1 1 1 0.975249047744655 0.706911246709957 0.277257034322383 0.0789177796304225 0.00728760732315473
1 1 1 0.979729376810053 0.758923475664945 0.362935254362559 0.123748962172471 0.0126758905847426
1 1 1 0.999839766284814 0.978138560681314 0.7563654645934 0.361452543318389 0.0363996155185234
1 1 1 0.982138626630633 0.807997378888131 0.59080559762477 0.42151700697221 0.0630987533085135
1 1 1 0.973001350210615 0.6844095715239 0.269410148100116 0.161615179243157 0.0262738539480615
1 1 1 0.977091393029641 0.726227885433928 0.3004477891011 0.099726831645009 0.0112652657557377
1 1 1 0.990104369679092 0.875670165723836 0.564815267613382 0.221385915891171 0.0243553976288753
1 1 1 0.99616920687105 0.951450851889106 0.806759600656272 0.512545237315718 0.076281045268907
1 1 1 0.99927459542475 0.988911424080318 0.937996166073465 0.794025131105882 0.165685780987349
1 1 1 0.999026433284726 0.989509417565687 0.970406340579148 0.919117276605637 0.270781236562014
1 1 1 0.993757111633611 0.935104198822047 0.865751936684373 0.84138491744143 0.262026680248287
1 1 1 0.998225381582494 0.975955389189023 0.902286214970386 0.832851564181628 0.270276239082074

# True vulnerable proportion of susceptible
0 0 0.05 0.485903433697329 0.63088710118571 0.203685192984237 0.0628265561796273 0.00986159563061611
0 0 0.05 0.489181655670844 0.703173113549046 0.313677488642309 0.0818208738121444 0.00824693214830978
0 0 0.05 0.499815721451201 0.925976244713208 0.734402199742354 0.310679810072998 0.0305368004997673
0 0 0.05 0.492271067883532 0.793504482173974 0.647226835123405 0.456076925974121 0.0745695525152214
0 0 0.05 0.499946727715514 0.934306215546682 0.83345145410621 0.645637878941789 0.0908721473611122
0 0 0.05 0.499962082954982 0.949178395735174 0.982052603047496 0.832096741303334 0.217549789734654
0 0 0.05 0.493304496933477 0.815783346617416 0.715529796197813 0.685215001215403 0.15967794933413
0 0 0.05 0.48989336733156 0.730826596144216 0.455165368322146 0.34837416085099 0.0790460720515679
0 0 0.05 0.48424348652661 0.594764515605726 0.147972548658417 0.0571155073639351 0.0106968029706866
0 0 0.05 0.485407917682494 0.614555533817282 0.159050811257786 0.0269245682093239 0.00466607921497059
0 0 0.05 0.499940249025942 0.921150247059273 0.645200518647556 0.158532898178761 0.00927235308167365
0 0 0.05 0.499335918097007 0.937209051830741 0.944609758601317 0.625316266100352 0.0952450973675242
0 0 0.05 0.493344494400747 0.81553408195827 0.707246146945466 0.657786357861442 0.118198028990409
0 0 0.05 0.499920862590246 0.935857259153765 0.855711967097953 0.704723931510204 0.185885222009191
0 0 0.05 0.499808589126079 0.946208507363335 0.977883165083528 0.848736740908486 0.30028559319212
0 0 0.05 0.494805063830783 0.846850226337284 0.782029933858238 0.754335022233853 0.247728143303172
0 0 0.05 0.485054543868472 0.621342222153964 0.224656251861051 0.151812277019974 0.0491872883084696
0 0 0.05 0.4831246682743 0.560977524493092 0.0763262707885576 0.0116120366606153 0.00332398625097529
0 0 0.05 0.484254093682678 0.585593533752447 0.107927602958963 0.00863760116956893 0.00045497457169642
0 0 0.05 0.499081206529202 0.902823652514986 0.591118383376385 0.102430585395453 0.00483108205641182
0 0 0.05 0.483410366537776 0.587030562178955 0.141276737192096 0.0454147423940235 0.0044827889614088
0 0 0.05 0.483910462312571 0.577770832644277 0.101042803751906 0.0134999710018207 0.00114621218506441
0 0 0.05 0.489163000661313 0.699584928379936 0.28346172270303 0.039692514373151 0.000871609591933765
0 0 0.05 0.499944477320529 0.92836054678083 0.734667637526422 0.282637792014714 0.0207566035138379
0 0 0.05 0.499956541776792 0.949068791823202 0.975591128467827 0.733244423763534 0.0972814858205798
0 0 0.05 0.499877280950743 0.947584215231999 0.994352458032051 0.970744749428153 0.154905707889087
0 0 0.05 0.49915532476088 0.933618394146856 0.964997656125894 0.960222885409341 0.183945779836028
0 0 0.05 0.499197317518273 0.933066286127001 0.952195468386673 0.933156509768434 0.204011084243698
0 0 0.05 0.499484573708528 0.938654271433925 0.962649148752923 0.932011295166728 0.285177653808651
0 0 0.05 0.497606292719945 0.902725959160428 0.894356168924099 0.865409342867747 0.273453132906984
0 0 0.05 0.499754210814146 0.940785728315585 0.941143504005698 0.885135822266951 0.28002824462066
0 0 0.05 0.499878769476532 0.947228787308123 0.985714173772954 0.936458803714395 0.30062485104864
0 0 0.05 0.499614214633417 0.942420811573677 0.982368049363721 0.970322994842019 0.319041463849829
0 0 0.05 0.493268802057358 0.814421614270431 0.708115667333402 0.683662645658636 0.237279848269793
0 0 0.05 0.487489659204418 0.676445423973644 0.339366882727341 0.243279193752006 0.0987523063386796
0 0 0.05 0.4834897552702 0.573113250595895 0.100910858401898 0.0255909400622479 0.0099676243877345
0 0 0.05 0.484184106951817 0.584431609364697 0.108151289670047 0.011097292748597 0.00154737824911639
0 0 0.05 0.488067619265276 0.67560191165838 0.249849781000152 0.03582695906731 0.00193826992238854
0 0 0.05 0.487624523872327 0.671565684374459 0.277257034322383 0.0789177796304225 0.00728760732315473
0 0 0.05 0.489864688405026 0.720977301881697 0.362935254362559 0.123748962172471 0.0126758905847426
0 0 0.05 0.499919883142407 0.929231632647248 0.7563654645934 0.361452543318389 0.0363996155185234
0 0 0.05 0.491069313315316 0.767597509943725 0.59080559762477 0.42151700697221 0.0630987533085135
0 0 0.05 0.486500675105307 0.650189092947705 0.269410148100116 0.161615179243157 0.0262738539480615
0 0 0.05 0.48854569651482 0.689916491162232 0.3004477891011 0.099726831645009 0.0112652657557377
0 0 0.05 0.495052184839546 0.831886657437644 0.564815267613382 0.221385915891171 0.0243553976288753
0 0 0.05 0.498084603435525 0.903878309294651 0.806759600656272 0.512545237315718 0.076281045268907
0 0 0.05 0.499637297712375 0.939465852876302 0.937996166073465 0.794025131105882 0.165685780987349
0 0 0.05 0.499513216642363 0.940033946687403 0.970406340579148 0.919117276605637 0.270781236562014
0 0 0.05 0.496878555816805 0.888348988880945 0.865751936684373 0.84138491744143 0.262026680248287
0 0 0.05 0.499112690791247 0.927157619729572 0.902286214970386 0.832851564181628 0.270276239082074

# True survival by age
0.771459136678785 0.771459136678785 0.764345666750006 0.702345372178649 0.681886987415234 0.742916639500497 0.763033578376552 0.770597849181009
0.75445505706996 0.75445505706996 0.754364060913736 0.753577355615918 0.753326297837609 0.754282961742026 0.754839638476951 0.755016286021172
0.774016207104874 0.774016207104874 0.768911222164551 0.722985372215018 0.679488015619494 0.699177896890906 0.74266944956534 0.771423782011014
0.753943030163627 0.753943030163627 0.753937447477754 0.753897063282274 0.753950312250809 0.754076091104739 0.754208689582773 0.754473336829035
0.759647009053069 0.759647009053069 0.759650674156054 0.759683716991746 0.759724924824398 0.759803165796581 0.759896599421623 0.760172584654879
0.764482022298128 0.764482022298128 0.760115064937449 0.720815802888271 0.681582075972707 0.678720456672847 0.691901622006891 0.745920483823573
0.738307685524738 0.738307685524738 0.731949993208712 0.675590320266781 0.634664197407687 0.647499492841971 0.651372696516041 0.718518525520922
0.826674959185954 0.826674959185954 0.815598722842567 0.718160157231698 0.664878010269912 0.726078873967054 0.749781691131511 0.809560343299946
0.766638412581273 0.766638412581272 0.757125494578657 0.674524588428118 0.65368770854917 0.738959834225525 0.756296738002503 0.76515413199258
0.791514104053449 0.791514104053449 0.791498553147606 0.791377894613541 0.79150156222423 0.791889984610693 0.79199790711348 0.792016088148414
0.737606309185614 0.737606309185614 0.737214210785059 0.733685867072534 0.730401312533455 0.732764374832596 0.736879429443551 0.73814151319127
0.806742276732044 0.806742276732044 0.802155563656503 0.760936693919945 0.720774471706156 0.720115425172951 0.749556762129429 0.798433435961203
0.75586433026457 0.75586433026457 0.755841588382361 0.755647635812282 0.755575243041276 0.75571193527587 0.755763031955873 0.756320478169945
0.8363470049418 0.8363470049418 0.836229202637669 0.835169233003015 0.83414816310341 0.834389846018352 0.834807255469253 0.836241595481666
0.703444485601954 0.703444485601954 0.700336461169325 0.672376398414587 0.644630402010226 0.642673750321945 0.650788911430262 0.685251882063713
0.795405772890491 0.795405772890491 0.785295275249553 0.695356434450324 0.624218259131584 0.637380002355749 0.64299397057263 0.745687019582615
0.68156771613053 0.68156771613053 0.6718130714194 0.586958371464029 0.560595369043586 0.638292681769097 0.652556053842061 0.67265076175949
0.790333111237192 0.790333111237192 0.779755640839917 0.688145528053271 0.671866782105329 0.774655806850771 0.788378956885228 0.790136501586132
0.845070078346526 0.845070078346527 0.844419517902303 0.83878159011315 0.837599923494177 0.844012616799574 0.845343100287763 0.845452747275196
0.749206461111842 0.749206461111842 0.73865383544434 0.643875204652855 0.558692623137645 0.62469120777676 0.728118951457744 0.748775281442754
0.742410872355816 0.742410872355816 0.732266650759726 0.644354489075314 0.623542444079361 0.714267054073504 0.733773901647363 0.742103097990421
0.793786840830598 0.793786840830598 0.786451871846815 0.722813598719178 0.709224529877899 0.779414324428691 0.792300664855427 0.794119143155267
0.765960695859427 0.765960695859428 0.76595187978508 0.765886544162099 0.76598448049133 0.766310681323038 0.766489733067713 0.766518247541624
0.778778335502263 0.778778335502263 0.778775718416234 0.778752226645966 0.778741866061064 0.778881090425296 0.779145318698091 0.77929839800204
0.816839820202811 0.816839820202811 0.816775843407814 0.816200147114653 0.8156258953241 0.815602540496674 0.816022086697645 0.817123054152095
0.809427419568588 0.809427419568588 0.808860792824783 0.803762657644531 0.79869007777903 0.798161527122161 0.798440104079983 0.808067211991094
0.839252287229038 0.839252287229038 0.838691026178216 0.83364983740014 0.828779145335459 0.828434044008446 0.82848956102379 0.837515457876005
0.756701792075077 0.756701792075077 0.756393946232844 0.753629201367145 0.750967258543403 0.750866768196551 0.750994967483412 0.75590468578491
0.707070611859739 0.707070611859739 0.705645445272342 0.692834327979255 0.680323838975271 0.679656927280263 0.680550734229588 0.699420998821593
0.755342166513321 0.755342166513321 0.755210832536305 0.754037887525182 0.752999821199322 0.75305417740748 0.753146979921301 0.755044770865613
0.729590608396532 0.729590608396532 0.7295456683898 0.729141738318933 0.728751128340997 0.728781713847438 0.728867267758462 0.729791593105466
0.787053824520109 0.787053824520109 0.786817449287298 0.784690770202811 0.782577298613485 0.782401214877364 0.782659441566228 0.785992870917549
0.786952597502389 0.786952597502389 0.78243020280932 0.741763941648103 0.701716731201016 0.698108562461653 0.699204219280241 0.758446877664752
0.799325697412476 0.799325697412476 0.790806635502612 0.715288535649501 0.660633368023757 0.678818899716808 0.682997201318203 0.75927088160081
0.816733976581427 0.816733976581427 0.805275149999751 0.705024093540637 0.661838679357345 0.73925757615577 0.761322039235058 0.79450951835233
0.779921399323719 0.779921399323719 0.769438789766918 0.678574208616117 0.659977153835483 0.759241598322581 0.775072492429598 0.778356232793314
0.806670038745333 0.806670038745334 0.79846596682231 0.727239396429132 0.710957924748476 0.789346844740414 0.805317573901774 0.806889060938096
0.781597895120526 0.781597895120526 0.773359250204385 0.701190141313653 0.670429055286332 0.740824301212416 0.776202123382396 0.781803899900037
0.819759761564678 0.819759761564678 0.812669092707234 0.750619101756062 0.72465326568976 0.780762816447497 0.808978289261039 0.819168300222328
0.779861672510419 0.779861672510419 0.779834217056791 0.779603426224683 0.779593541096304 0.780000007829794 0.780258109186551 0.780377966015357
0.749258553003256 0.749258553003256 0.743553620299931 0.692218461923806 0.643247398613451 0.663102305220568 0.708394805623182 0.745675074437162
0.758974055947672 0.758974055947672 0.750256457745626 0.673365375474393 0.625251770331946 0.656200046437164 0.685812697475174 0.74850868088719
0.87939189080583 0.87939189080583 0.870793790990424 0.795740602357918 0.76768155019596 0.833289235124799 0.851859166897012 0.875174533127379
0.770957484027117 0.770957484027117 0.767704651635897 0.739186895518909 0.726223891602491 0.751794801173395 0.764963054302828 0.77076655537526
0.829505550003827 0.829505550003827 0.828156900107719 0.816156701800497 0.807119758647917 0.814455201852394 0.823864051880551 0.829262048842673
0.808029543617866 0.808029543617866 0.807800061766863 0.805745319350614 0.803903923789976 0.804417773868296 0.805906606417778 0.80811426318177
0.735528404350346 0.735528404350346 0.7352502035561 0.732748862464635 0.730308049200113 0.730347669409024 0.73123763621652 0.735121758919226
0.761072957953537 0.761072957953537 0.759055255901526 0.740916134047756 0.723144747632356 0.721929948425088 0.724028799121361 0.750560001752927
0.794341946465232 0.794341946465232 0.793758718479442 0.788549197433526 0.784012185284195 0.784310436192288 0.784606846778897 0.791654402051535
0.823130239566175 0.823130239566175 0.822865561202006 0.820488929992865 0.818232796537279 0.818396711899457 0.818794671667356 0.822019032174104

# True Numbers-at-age
25.5463021940155 33.935309943738 147.315992172344 22.7652007228173 169.396728691771 85.7633709532437 40.1516668521787 146.585745458348
35.0815995256845 19.7079282359305 26.1797049121231 112.600340259909 15.9890333743888 115.509425005627 63.7150353408184 143.595730206799
251.486856505051 26.4674901722558 14.8687461219697 19.7490285110325 84.8530666545146 12.0449593179303 87.1267912023631 156.511749151445
151.498601758136 194.654902808767 20.486266354715 11.4327457526981 14.2782587289338 57.6566418803048 8.42156932404701 185.44329152422
791.29570718458 114.221314875082 146.758707259848 15.4453633638232 8.619113448212 10.7650976270775 43.4774951353261 146.263639712958
176.666552073454 601.105417239299 86.7678802149648 111.485350908215 11.7335910505173 6.54815531649582 8.17935525716274 144.224009746333
110.689111980253 135.058403001552 459.53428498546 65.9535729040827 80.3604027251853 7.99740534682639 4.44436696677678 113.238952298362
185.113324294716 81.7226220789295 99.7146569307432 336.356116774277 44.5575954410078 51.0018704989382 5.17831590612175 84.2592243324094
51.3998813316313 153.028549806111 67.5580452716681 81.327146841399 241.557561708458 29.6253653992289 37.0313807020826 72.0955330340377
52.0453584307708 39.4051234309476 117.317564502971 51.149918439079 54.8571602512278 157.903208995927 21.8919551042848 83.1709074279154
114.350152845779 41.1946352484722 31.1897109675621 92.8566825629024 40.4789147639727 43.4195280380317 125.041969741764 83.2110793740273
50.2777966284647 84.3453941953862 30.3854228638732 22.9934981555654 68.1276356596421 29.5658524735355 31.8162833183147 153.562407363232
568.850032959041 40.5612241211183 68.0449953450476 24.3738360043114 17.4965964681503 49.104660601168 21.2908264245808 146.457470852568
1393.4377445258 429.973449183564 30.6587825050202 51.4312373630711 18.4180315523342 13.2199951288178 37.1089780939735 126.859603918262
429.099450053194 1165.39748420701 359.607006429169 25.6377692480148 42.9537870609121 15.3633671873602 11.0306296998976 137.064121738678
155.046324203373 301.847641914751 819.792433799811 251.845898294299 17.2382309503644 27.6893170209374 9.8736328078739 101.102058879626
1434.78145143164 123.324741336814 240.091356912374 643.779124948323 175.122665868863 10.7604185143447 17.6486169480342 81.7391793227253
731.044925938254 977.90071699871 84.0541622953204 161.296511908554 377.871546762206 98.1729555006518 6.86829639047891 66.498633068406
170.676528057063 577.769010770943 772.867316146671 65.54170718585 110.995473360462 253.879340172286 76.0502500542822 57.9578176368346
69.0685291947089 144.233626937095 488.255303198396 652.624246503018 54.9751773720777 92.9697999949233 214.277366250161 113.289150305683
43.7971414677616 51.7465883321678 108.060765210867 360.651652383534 420.208570278546 30.7142260534634 58.0774166455924 240.847526639742
121.160043552167 32.515474003772 38.417229785122 79.1292946194945 232.38751120576 262.017878934578 21.938159761355 221.349388272319
34.8900824911828 96.1752482061721 25.8103553875636 30.2133022756784 57.195730208027 164.8149233844 204.220488098033 193.159405117383
11.2249984043019 26.7244318635392 73.6664600404528 19.7694902270253 23.1399616676442 43.8110416897178 126.299436230904 304.593116115978
19.3757094006078 8.74178557331783 20.8124085639307 57.3696503411844 15.3955345339516 18.0200569296427 34.1235919239555 335.774541925148
16.9891209162657 15.8268509830944 7.14063855596046 16.9990725581525 46.8251170483909 12.5569966382474 14.6972042117113 302.214723891803
28.2330154136995 13.7514603039917 12.8106871511427 5.77578256364939 13.6632197368329 37.3987563773915 10.0225116128514 255.944646618391
72.0293196108036 23.69462276132 11.5409445128644 10.7442083528399 4.81498019504488 11.3237915760229 30.9824029866091 222.661144150001
136.393041169927 54.5047152314435 17.9297635060337 8.72950056333976 8.09714916027297 3.61589247701363 8.50265878441968 191.578230928701
136.915657353395 96.4395110734309 38.5386823479376 12.652055952843 6.04809765639603 5.5086836014723 2.4575663703029 139.780328307267
314.996302247982 103.418169254909 72.8448292316907 29.1048303808382 9.5401295435321 4.55421645386225 4.14833719810479 107.39131464803
945.397946112622 229.818343799763 75.4529250259443 53.1436296305747 21.2215466173621 6.9523801693683 3.31902967247793 81.3968658019996
505.342634232797 744.079069181396 180.879406432481 59.3676780101792 41.7013156661885 16.6075006242153 5.43955069080305 66.5750261454074
342.182637453204 397.680698638199 585.554956239459 141.525510658995 44.036802847326 29.2625109160595 11.593838386852 54.2969775044318
445.243374108192 273.515375324723 317.876401786459 463.060744845606 101.231575276321 29.0921813820271 19.8639454629906 49.1446731488047
184.371461710276 363.645391481916 223.389300145122 255.977967129972 326.468981889025 66.9989720901437 21.5066154935614 54.1687700601775
52.7312642951019 143.795248412438 283.614822582197 171.884392750542 173.700046468383 215.462069482687 50.8684066556907 58.8317858734067
353.425407861344 42.5367310120203 115.995318608256 226.456783518232 125.001102039492 123.493424565876 170.074304707399 88.435946292914
467.082695489983 276.23655486654 33.2466194243031 89.7060526260995 158.789264036584 83.804370750087 91.4869299583431 201.151604149818
301.477882529587 382.895599085856 226.447612352843 27.0185000431311 67.3350766442848 115.067158740584 65.4313365374482 238.787957745846
216.183906152377 235.111045694423 298.605602299974 176.591596483559 21.0637152050767 52.493990841109 89.7523847186079 237.398191702922
60.6453855699475 161.977640706322 176.158961892086 222.029276631987 122.239963306519 13.5491800108002 34.8088863369668 240.602037396279
27.3205415674774 46.0282742605335 122.936826939712 132.164398749303 149.506827225606 76.4307534627129 8.89097255227257 203.965089865121
16.7665562150058 24.0254627068632 40.4768911324999 107.052625583165 105.168578271043 114.773632889433 63.6889240929562 186.078908768275
75.5411507900129 12.9263019953201 18.5226102810706 31.0742976061799 79.131897961968 76.3759341862977 86.2862205180593 192.143073438719
47.420159202292 62.6618038339917 10.7224392461436 15.3396275122748 25.3614962450269 63.8689183844152 62.2047768943662 230.425074008187
39.0715943689441 38.3168895985146 50.6325887542526 8.66158708532622 12.3598330685973 20.3882063445619 51.3772931461671 236.341029550645
44.1760063179217 28.7382674616134 28.1831606660638 37.2276211881365 6.34676808391116 9.02648557676635 14.890478987181 211.308443743457
37.039383772127 33.6211637989548 21.87191822347 21.3925762314929 27.5825451705084 4.58963200432103 6.51649026689473 169.380801525928
63.945233545449 29.4219362014241 26.7067006944881 17.3610257797487 16.8690988183792 21.6250515148303 3.59969627927111 139.203940031392

# Simulated data from SIR age-structured hybrid model
# random seed = 1875123
# Flag=0 if no issues, =1 if negative pop #'s, =2 if NaN, or=3 if NA. Flag:
0

# True SSB
17704.0198795724
23810.7814889534
33614.0478055539
40382.9525153599
42118.7197473036
43725.1057616364
46648.6553236476
44100.1065909241
47792.5426678294
48475.889436772
45679.0692197117
40702.0598343814
37378.1877264837
36483.2372779702
35667.6778199873
28911.4653313261
27556.9302231399
27958.707778765
30790.5013242975
41018.1727685689
46446.5549924487
42019.4204826322
37595.335668816
36961.6330516657
36623.1780982175
31504.1267964028
31344.1047471098
29282.2547770922
25522.6195768054
21117.2172677709
18715.4834038983
21887.9082456776
28472.0509703026
39308.1317586045
38596.3645213833
35456.4124113119
33714.3556640602
30004.0655615582
26256.0529305499
23149.3924228981
20650.0944407221
18361.4531920576
16626.6173665941
17348.5754244349
20186.6140220391
16869.9257893717
14811.8557829958
12884.0590179818
11279.3190514499
11581.6456245763

# True R (numbers)
204.753679443936
229.021600826327
169.913807529654
206.675072855518
209.515304628545
193.121842190531
293.773358984117
63.0722854238472
90.2445909137016
68.4341659688609
159.548780432291
69.4977421774319
116.74475778712
28.4585609012853
164.341562665686
90.388385137514
457.424651758199
185.707156162378
29.8825320176459
79.2874398025511
160.431809680942
92.1757428071594
114.770165337788
102.278088148598
42.3251117631424
29.524836926247
11.5692370700032
39.2127092681232
188.24356692862
214.288815263269
362.371004927469
172.7191653772
110.955371504058
65.6971138678172
32.5330048068985
46.9318947888398
33.4049405967505
46.1201457149792
24.5124302744157
39.6478052302612
93.8607091466478
132.099476673536
8.64274533325977
25.2275259840802
13.4876137390757
15.3379790085413
67.3872475822875
104.177433509515
70.3154406347444
29.1401750890718

# True infection rate given (selected) susceptible
-999 -999 0.00187435999038999 0.00187435999039092 0.00187435999038944 0.00187435999038989 0.00187435999039009 0.00187435999039013
-999 -999 0.39754355419105 0.397543554191049 0.397543554191049 0.397543554191049 0.397543554191049 0.397543554191049
-999 -999 0.54676283824219 0.54676283824219 0.54676283824219 0.54676283824219 0.54676283824219 0.546762838242191
-999 -999 0.56902549806452 0.569025498064521 0.569025498064521 0.56902549806452 0.56902549806452 0.56902549806452
-999 -999 0.419103452664481 0.41910345266448 0.41910345266448 0.419103452664479 0.41910345266448 0.41910345266448
-999 -999 0.0444866831743349 0.0444866831743361 0.044486683174335 0.0444866831743348 0.0444866831743355 0.0444866831743352
-999 -999 0.661349994373675 0.661349994373675 0.661349994373675 0.661349994373675 0.661349994373675 0.661349994373675
-999 -999 0.00324784717289565 0.00324784717289461 0.00324784717289524 0.00324784717289528 0.00324784717289484 0.00324784717289558
-999 -999 0.468926517944784 0.468926517944784 0.468926517944784 0.468926517944784 0.468926517944784 0.468926517944784
-999 -999 0.549739550645922 0.549739550645922 0.549739550645922 0.549739550645922 0.549739550645922 0.549739550645922
-999 -999 0.189363931619865 0.189363931619865 0.189363931619864 0.189363931619865 0.189363931619865 0.189363931619865
-999 -999 0.00278385408450872 0.00278385408450852 0.00278385408450991 0.00278385408450921 0.00278385408450915 0.00278385408450892
-999 -999 0.00481342125156001 0.00481342125156036 0.00481342125156078 0.00481342125156074 0.00481342125156118 0.00481342125155944
-999 -999 0.0148672620247144 0.0148672620247143 0.0148672620247146 0.0148672620247153 0.0148672620247155 0.0148672620247148
-999 -999 0.642505169035148 0.642505169035147 0.642505169035148 0.642505169035149 0.642505169035148 0.642505169035148
-999 -999 0.00159296737534847 0.00159296737534805 0.00159296737534703 0.00159296737534791 0.00159296737534747 0.00159296737534801
-999 -999 0.00972752843725277 0.00972752843725432 0.00972752843725327 0.00972752843725338 0.00972752843725301 0.00972752843725354
-999 -999 0.00840444715391343 0.00840444715391542 0.00840444715391438 0.0084044471539148 0.00840444715391465 0.00840444715391367
-999 -999 0.0842726088577163 0.0842726088577166 0.0842726088577164 0.0842726088577169 0.0842726088577167 0.0842726088577171
-999 -999 0.666546591335898 0.666546591335897 0.666546591335898 0.666546591335898 0.666546591335898 0.666546591335898
-999 -999 0.558158807195986 0.558158807195986 0.558158807195986 0.558158807195986 0.558158807195986 0.558158807195986
-999 -999 0.0298035087928537 0.0298035087928544 0.0298035087928545 0.0298035087928533 0.0298035087928535 0.029803508792854
-999 -999 0.00245136898247679 0.00245136898247849 0.0024513689824768 0.00245136898247792 0.00245136898247803 0.00245136898247784
-999 -999 0.030042564952321 0.0300425649523213 0.0300425649523209 0.0300425649523216 0.0300425649523216 0.030042564952321
-999 -999 0.48910734266049 0.48910734266049 0.48910734266049 0.48910734266049 0.489107342660491 0.48910734266049
-999 -999 0.00358210952676648 0.00358210952676807 0.00358210952676655 0.00358210952676697 0.00358210952676757 0.00358210952676642
-999 -999 0.00434840352790246 0.00434840352790288 0.00434840352790278 0.00434840352790209 0.00434840352790262 0.00434840352790231
-999 -999 0.00642699412662678 0.00642699412662614 0.00642699412662622 0.00642699412662645 0.00642699412662658 0.00642699412662616
-999 -999 0.124043608681564 0.124043608681565 0.124043608681564 0.124043608681565 0.124043608681565 0.124043608681564
-999 -999 0.0212159078972257 0.0212159078972247 0.0212159078972241 0.0212159078972257 0.0212159078972251 0.0212159078972252
-999 -999 0.0264351049217809 0.0264351049217818 0.0264351049217817 0.0264351049217813 0.0264351049217821 0.0264351049217818
-999 -999 0.4379968643481 0.437996864348099 0.437996864348099 0.4379968643481 0.4379968643481 0.437996864348099
-999 -999 0.26406658855665 0.26406658855665 0.26406658855665 0.26406658855665 0.264066588556649 0.26406658855665
-999 -999 0.782302835608859 0.782302835608859 0.782302835608858 0.782302835608859 0.782302835608859 0.782302835608859
-999 -999 0.617980274070519 0.617980274070519 0.617980274070518 0.617980274070519 0.617980274070518 0.617980274070519
-999 -999 0.00281559376870168 0.00281559376870146 0.00281559376870094 0.00281559376870163 0.00281559376870155 0.00281559376870204
-999 -999 0.00284238820083502 0.00284238820083554 0.0028423882008349 0.00284238820083526 0.00284238820083512 0.00284238820083524
-999 -999 0.00265326827251458 0.00265326827251446 0.00265326827251511 0.00265326827251416 0.00265326827251585 0.00265326827251493
-999 -999 0.00427164413866915 0.00427164413866901 0.00427164413867013 0.00427164413866991 0.00427164413866904 0.00427164413866912
-999 -999 0.0119947276035931 0.0119947276035934 0.0119947276035929 0.011994727603593 0.0119947276035929 0.0119947276035927
-999 -999 0.0233911796041215 0.0233911796041219 0.0233911796041218 0.0233911796041217 0.0233911796041212 0.0233911796041214
-999 -999 0.0381914101650844 0.0381914101650843 0.0381914101650843 0.0381914101650854 0.038191410165084 0.0381914101650835
-999 -999 0.0158458120405656 0.0158458120405651 0.0158458120405648 0.0158458120405654 0.0158458120405654 0.0158458120405649
-999 -999 0.00526154997127776 0.00526154997127866 0.00526154997127824 0.00526154997127766 0.00526154997127898 0.00526154997127923
-999 -999 0.609334687471722 0.609334687471722 0.609334687471722 0.609334687471721 0.609334687471722 0.609334687471722
-999 -999 0.00542939890104609 0.00542939890104589 0.00542939890104596 0.00542939890104535 0.00542939890104556 0.00542939890104605
-999 -999 0.00125778122463233 0.00125778122463222 0.00125778122463254 0.00125778122463228 0.0012577812246326 0.00125778122463311
-999 -999 0.00108466819469788 0.00108466819469722 0.00108466819469834 0.0010846681946977 0.00108466819469731 0.00108466819469687
-999 -999 0.0133115288439574 0.0133115288439574 0.0133115288439583 0.0133115288439575 0.0133115288439578 0.0133115288439575
-999 -999 0.00114073694592295 0.0011407369459229 0.00114073694592333 0.00114073694592289 0.00114073694592292 0.00114073694592343

# Duration of outbreak (days) based on incidence
0
0
0
0
0
0
0
0
0
0
0
0
0
0
0
0
0
0
0
0
0
0
0
0
0
0
0
0
0
0
0
0
0
0
0
0
0
0
0
0
0
0
0
0
0
0
0
0
0
0

# Duration of outbreak (days) based on prevalence
0
0
0
0
0
0
21
0
0
0
0
0
0
0
24
0
0
0
0
13
0
0
0
0
0
0
0
0
0
0
0
0
0
28
0
0
0
0
0
0
0
0
0
0
30
0
0
0
0
0

# Peak (point) prevalence
6.06830517237086e-05
0.0461363905088328
0.0867886017761483
0.0791909652280701
0.0436268877473853
0.00304249358727906
0.127638891063935
7.31135055316599e-05
0.0523542932232394
0.0712924656833415
0.0133261282386651
5.95940230958062e-05
0.000166866891043297
0.000538075740791846
0.130616305199407
3.52415578395208e-05
0.000790277363439438
0.000401460895586254
0.00697857280519015
0.158434128905004
0.0700718579215174
0.00193390515852213
5.11351517926621e-05
0.00234673119980003
0.0624653568607515
0.000139570877724721
0.000155396544230305
0.000226137878536304
0.0163395066473736
0.00139497839638288
0.00155520127453263
0.0597650875510639
0.0209018991781831
0.236179884131509
0.0885825525144899
7.54947778402835e-05
9.19286612382224e-05
8.24754580432039e-05
0.000135961795736716
0.000481115937466334
0.00134216511448473
0.00386910252236233
0.00130377369422159
0.000274539664982641
0.148565357725837
0.000387409100861481
4.17764092112351e-05
3.08174580197012e-05
0.00162435806211052
3.74879925193628e-05

# Day of peak prevalence
50
78
47
62
91
119
66
66
73
71
112
52
85
94
66
42
119
118
119
37
45
119
44
119
75
87
84
83
119
119
119
77
89
42
63
74
85
64
61
94
119
119
119
104
77
119
54
39
119
41

# Total immunity
0.0618907719773145
0.0437560495868043
0.074246354881025
0.136234483545728
0.166046740959563
0.172196357613127
0.122018358871391
0.203366312066059
0.17628509707482
0.245545216274603
0.286223465459201
0.276772466051919
0.214278392806123
0.200977021055354
0.137540765936142
0.229256329133529
0.0989230662688952
0.0768361672596393
0.074258752326219
0.0796301614460376
0.21748357113276
0.303002546992521
0.241365045012076
0.19400483522698
0.180780557470971
0.27665752340121
0.266197122867256
0.227488034944253
0.119032844131648
0.0870891974192795
0.0470755719621131
0.0382351950745478
0.0773294933545164
0.110638774675245
0.266217530374504
0.360930913954911
0.323552043640528
0.273413174154925
0.247669160537696
0.207291376292218
0.1400976808722
0.0905837807452755
0.0947607569327964
0.0877137841165642
0.0833303251330221
0.321003179148084
0.205086098421007
0.119181501554312
0.0875364069342738
0.077968437968341

# Observed immunity (based on survey selectivity)
0.388434235298519
0.213274895311287
0.243311614656927
0.395364453214595
0.477315620373496
0.484969919758148
0.37261091003003
0.523172909949426
0.381247583520478
0.43421652145262
0.56328681174986
0.554572791713583
0.472685889510729
0.37450905028551
0.305037810171709
0.556117172877792
0.460502540230475
0.350026147095336
0.246614244470113
0.170735570855965
0.414977768854948
0.612041486423427
0.548541500508252
0.430784542344679
0.347208660039702
0.481451059650392
0.380582364215244
0.323621737647935
0.29593887892224
0.348459635567925
0.309402206768791
0.204413653943236
0.275671483534245
0.248108565953379
0.460251909803812
0.577079293732071
0.48599235634807
0.432906226638798
0.387749811666067
0.344216901549464
0.305359363418847
0.278193097427002
0.255142886038331
0.190938654797183
0.128491006810403
0.450179829523354
0.413487671542846
0.374269767484021
0.332288151335177
0.246415554596095

# True total proportion of susceptible
1 1 1 0.986562978457879 0.858501410109601 0.714697478544274 0.688638276644872 0.423096698214248
1 1 1 0.999929511859179 0.985859468604863 0.857284894583408 0.71357922706265 0.458578667867224
1 1 1 0.984401904735004 0.836007300377229 0.661239291654282 0.549862199482159 0.32391092685719
1 1 1 0.976031694502294 0.738405963723547 0.417127022417439 0.306155510646386 0.14851840574104
1 1 1 0.980259821586019 0.761973233713953 0.376389479443224 0.185880093952065 0.0744637306372013
1 1 1 0.984444530406741 0.816771769272984 0.488685524239517 0.220746430522901 0.0779179876420414
1 1 1 0.998032845764874 0.964950911876946 0.784949606402487 0.467419645215895 0.133765443686209
1 1 1 0.978128471610922 0.750536689718142 0.436167671510947 0.305813443269777 0.076544072192645
1 1 1 0.999865324141354 0.976796363673638 0.748485596600032 0.43482121634412 0.142350491602014
1 1 1 0.984286655368467 0.828788753871322 0.625325363824183 0.440006573095993 0.109355625222198
1 1 1 0.979125384224907 0.761627543496883 0.430702092843664 0.295554968020972 0.0862210430039489
1 1 1 0.993270621258384 0.910526046851892 0.647482379398564 0.354271410952819 0.113038705843534
1 1 1 0.999881471901229 0.992089330568601 0.908431847104722 0.645826347514885 0.171253168906461
1 1 1 0.999816504786601 0.99804605166057 0.988617934090873 0.904982369558064 0.33504333925932
1 1 1 0.999365073475876 0.993461719709871 0.985976481545074 0.976004992227192 0.384045123454218
1 1 1 0.979605043971325 0.767221226958003 0.483535741698266 0.442440501286029 0.180002874753773
1 1 1 0.999936392273815 0.978971313016118 0.766222453187372 0.482824110620123 0.209338525115868
1 1 1 0.999729965012526 0.997230933235525 0.973833550382117 0.761196243819965 0.276878472192586
1 1 1 0.999695781885799 0.996685302153537 0.991448720949194 0.967826721521198 0.343024438255399
1 1 1 0.996166158550901 0.961153449911559 0.923231792639322 0.914424853660023 0.462347230704302
1 1 1 0.973632492972975 0.712879133299631 0.395858876902774 0.344061977672708 0.171359692217635
1 1 1 0.977286399250793 0.738224164744277 0.353435949620487 0.177181758981364 0.101001508817738
1 1 1 0.998946908489328 0.966825587465065 0.721413586838105 0.343566383420138 0.112180122477023
1 1 1 0.999891059179998 0.997858241031896 0.964812396537499 0.719766766842469 0.242601664827736
1 1 1 0.99898518973755 0.989693645133143 0.978405277031924 0.944639342682422 0.349701362902339
1 1 1 0.985322653421902 0.835773855958546 0.642024629420877 0.609553522614353 0.202330625216531
1 1 1 0.999881737987401 0.984142085099851 0.833710047008884 0.640187981053298 0.254642329599801
1 1 1 0.999805731246882 0.997939216085362 0.980499182526846 0.830378695311669 0.351971944761782
1 1 1 0.999751665629863 0.997321424897765 0.993222497708541 0.975590724413496 0.433578373446573
1 1 1 0.994919866274168 0.94826479833517 0.898316502555737 0.889160542314759 0.497094811299847
1 1 1 0.999257378939141 0.987487797866996 0.934451535694071 0.884204028852067 0.570544186050154
1 1 1 0.99894013646845 0.988635098905545 0.967415929825353 0.914125274743866 0.588167315829848
1 1 1 0.982326867756658 0.813257186406666 0.619812029236262 0.583728154090485 0.356335735713976
1 1 1 0.988429322684837 0.865776911267621 0.620822597897153 0.460632884660015 0.268170128148539
1 1 1 0.977984479880338 0.724405332791376 0.29581879797302 0.159176253545959 0.0657887906246023
1 1 1 0.981202500388553 0.765459748074962 0.34697433586938 0.114889322848549 0.0397628994539769
1 1 1 0.999904540119057 0.98024986149078 0.763888860141769 0.346078017469266 0.0678573461536279
1 1 1 0.999889644070148 0.998800975768863 0.978179599220234 0.762064540033835 0.196913728457323
1 1 1 0.999899279116843 0.998882434800797 0.99688855193499 0.976192897340143 0.347486275014188
1 1 1 0.999842618900973 0.998325082184791 0.995892423510293 0.993744794754281 0.473884068528735
1 1 1 0.999479497770423 0.994634703337894 0.988435378547827 0.985501644746543 0.538300534908393
1 1 1 0.999123226041158 0.990688763456637 0.977932547002175 0.970915039152584 0.562007906265142
1 1 1 0.998527404547614 0.9843360322146 0.962613117300661 0.948609714237621 0.593574464986579
1 1 1 0.999462977220379 0.993147327284089 0.974156218566263 0.952007080276846 0.622530104820616
1 1 1 0.999796681948436 0.997429607669555 0.989298459042357 0.970155460248551 0.67113794985651
1 1 1 0.979794421315493 0.772984323864108 0.507068354041637 0.468083243299598 0.303643896923261
1 1 1 0.999821197795383 0.978013422241157 0.769992653335581 0.504718827061346 0.327878495430699
1 1 1 0.999952217429436 0.999343435253366 0.977117776614088 0.769194063527259 0.38530377036017
1 1 1 0.999958382213178 0.999536108511771 0.998553284034247 0.976298116513766 0.539356735996944
1 1 1 0.999606779334512 0.996016377291846 0.992028245099331 0.990649773524072 0.549434955028674

# True vulnerable proportion of susceptible
0 0 0.05 0.49328148922894 0.815576339604121 0.714697478544274 0.688638276644872 0.423096698214248
0 0 0.05 0.499964755929589 0.93656649517462 0.857284894583408 0.71357922706265 0.458578667867224
0 0 0.05 0.492200952367502 0.794206935358367 0.661239291654282 0.549862199482159 0.32391092685719
0 0 0.05 0.488015847251147 0.70148566553737 0.417127022417439 0.306155510646386 0.14851840574104
0 0 0.05 0.490129910793009 0.723874572028255 0.376389479443224 0.185880093952065 0.0744637306372013
0 0 0.05 0.492222265203371 0.775933180809334 0.488685524239517 0.220746430522901 0.0779179876420414
0 0 0.05 0.499016422882437 0.916703366283098 0.784949606402487 0.467419645215895 0.133765443686209
0 0 0.05 0.489064235805461 0.713009855232234 0.436167671510947 0.305813443269777 0.076544072192645
0 0 0.05 0.499932662070677 0.927956545489956 0.748485596600032 0.43482121634412 0.142350491602014
0 0 0.05 0.492143327684234 0.787349316177756 0.625325363824183 0.440006573095993 0.109355625222198
0 0 0.05 0.489562692112453 0.723546166322039 0.430702092843664 0.295554968020972 0.0862210430039489
0 0 0.05 0.496635310629192 0.864999744509298 0.647482379398564 0.354271410952819 0.113038705843534
0 0 0.05 0.499940735950614 0.942484864040171 0.908431847104722 0.645826347514885 0.171253168906461
0 0 0.05 0.499908252393301 0.948143749077541 0.988617934090873 0.904982369558064 0.33504333925932
0 0 0.05 0.499682536737938 0.943788633724377 0.985976481545074 0.976004992227192 0.384045123454218
0 0 0.05 0.489802521985663 0.728860165610103 0.483535741698266 0.442440501286029 0.180002874753773
0 0 0.05 0.499968196136907 0.930022747365312 0.766222453187372 0.482824110620123 0.209338525115868
0 0 0.05 0.499864982506263 0.947369386573749 0.973833550382117 0.761196243819965 0.276878472192586
0 0 0.05 0.499847890942899 0.94685103704586 0.991448720949194 0.967826721521198 0.343024438255399
0 0 0.05 0.49808307927545 0.913095777415981 0.923231792639322 0.914424853660023 0.462347230704302
0 0 0.05 0.486816246486487 0.67723517663465 0.395858876902774 0.344061977672708 0.171359692217635
0 0 0.05 0.488643199625397 0.701312956507063 0.353435949620487 0.177181758981364 0.101001508817738
0 0 0.05 0.499473454244664 0.918484308091812 0.721413586838105 0.343566383420138 0.112180122477023
0 0 0.05 0.499945529589999 0.947965328980302 0.964812396537499 0.719766766842469 0.242601664827736
0 0 0.05 0.499492594868775 0.940208962876486 0.978405277031924 0.944639342682422 0.349701362902339
0 0 0.05 0.492661326710951 0.793985163160619 0.642024629420877 0.609553522614353 0.202330625216531
0 0 0.05 0.499940868993701 0.934934980844858 0.833710047008884 0.640187981053298 0.254642329599801
0 0 0.05 0.499902865623441 0.948042255281094 0.980499182526846 0.830378695311669 0.351971944761782
0 0 0.05 0.499875832814932 0.947455353652876 0.993222497708541 0.975590724413496 0.433578373446573
0 0 0.05 0.497459933137084 0.900851558418411 0.898316502555737 0.889160542314759 0.497094811299847
0 0 0.05 0.499628689469571 0.938113407973646 0.934451535694071 0.884204028852067 0.570544186050154
0 0 0.05 0.499470068234225 0.939203343960268 0.967415929825353 0.914125274743866 0.588167315829848
0 0 0.05 0.491163433878329 0.772594327086333 0.619812029236262 0.583728154090485 0.356335735713976
0 0 0.05 0.494214661342418 0.82248806570424 0.620822597897153 0.460632884660015 0.268170128148539
0 0 0.05 0.488992239940169 0.688185066151807 0.29581879797302 0.159176253545959 0.0657887906246023
0 0 0.05 0.490601250194277 0.727186760671213 0.34697433586938 0.114889322848549 0.0397628994539769
0 0 0.05 0.499952270059529 0.931237368416241 0.763888860141769 0.346078017469266 0.0678573461536279
0 0 0.05 0.499944822035074 0.94886092698042 0.978179599220234 0.762064540033835 0.196913728457323
0 0 0.05 0.499949639558421 0.948938313060757 0.99688855193499 0.976192897340143 0.347486275014188
0 0 0.05 0.499921309450486 0.948408828075552 0.995892423510293 0.993744794754281 0.473884068528735
0 0 0.05 0.499739748885212 0.944902968170999 0.988435378547827 0.985501644746543 0.538300534908393
0 0 0.05 0.499561613020579 0.941154325283805 0.977932547002175 0.970915039152584 0.562007906265142
0 0 0.05 0.499263702273807 0.93511923060387 0.962613117300661 0.948609714237621 0.593574464986579
0 0 0.05 0.49973148861019 0.943489960919885 0.974156218566263 0.952007080276846 0.622530104820616
0 0 0.05 0.499898340974218 0.947558127286077 0.989298459042357 0.970155460248551 0.67113794985651
0 0 0.05 0.489897210657746 0.734335107670903 0.507068354041637 0.468083243299598 0.303643896923261
0 0 0.05 0.499910598897691 0.929112751129099 0.769992653335581 0.504718827061346 0.327878495430699
0 0 0.05 0.499976108714718 0.949376263490698 0.977117776614088 0.769194063527259 0.38530377036017
0 0 0.05 0.499979191106589 0.949559303086182 0.998553284034247 0.976298116513766 0.539356735996944
0 0 0.05 0.499803389667256 0.946215558427254 0.992028245099331 0.990649773524072 0.549434955028674

# True survival by age
0.778267540515681 0.778267540515681 0.77827301521974 0.778328717110818 0.778432294367327 0.778497931105114 0.778508973652166 0.778621496490952
0.778267540515681 0.778267540515681 0.77409664376152 0.736561550548923 0.700148637753182 0.706830706599045 0.718894966620804 0.740302563863849
0.778267540515681 0.778267540515681 0.774925958398167 0.745381260070773 0.725276834545966 0.734256474293786 0.741759379289127 0.756980560763871
0.778267540515681 0.778267540515681 0.770459263108151 0.702069059144014 0.668859140109726 0.713437483087666 0.730826584785041 0.755528128494151
0.778267540515681 0.778267540515681 0.773062298777821 0.727253173446203 0.703035623810928 0.739416111621653 0.759350647429512 0.771009041467978
0.778267540515681 0.778267540515681 0.777986051412302 0.775504731272137 0.773996910898756 0.775789002152464 0.777440317384583 0.778320572594964
0.778267540515681 0.778267540515681 0.768259232590746 0.678382389089898 0.594793238869303 0.621261867208528 0.684989940235507 0.751954138641802
0.778267540515681 0.778267540515681 0.778266964136855 0.778273565619978 0.778392345693151 0.778563171951315 0.778634185041471 0.778759084147071
0.778267540515681 0.778267540515681 0.771277507361304 0.70837669467398 0.648550973306099 0.673762875982794 0.717780623525277 0.758824182614653
0.778267540515681 0.778267540515681 0.77202015607335 0.716783748164307 0.679981360266767 0.700334373989243 0.723588348456169 0.765078737364435
0.778267540515681 0.778267540515681 0.775676502776245 0.752909163527482 0.740899942390309 0.756251806846419 0.763327299060495 0.774286766814937
0.778267540515681 0.778267540515681 0.778273456796644 0.778329893587475 0.778417603465554 0.778532131666127 0.778653789862892 0.778753881397871
0.778267540515681 0.778267540515681 0.778240962273597 0.778001852801757 0.777770767003736 0.777833478120579 0.778113102399138 0.778618431430323
0.778267540515681 0.778267540515681 0.778181041103809 0.777402802966696 0.776628304910777 0.776563312520292 0.776752599105347 0.778042502668944
0.778267540515681 0.778267540515681 0.767881992663178 0.674478341158484 0.582235786641113 0.573476899841923 0.575553404653803 0.698825613725173
0.778267540515681 0.778267540515681 0.77827911218891 0.778391772668788 0.778560350696868 0.778654847588672 0.778667250505831 0.778746456567371
0.778267540515681 0.778267540515681 0.778104420994243 0.77663648297627 0.775244656596946 0.775892483854641 0.776968159951433 0.778006210860551
0.778267540515681 0.778267540515681 0.778186891518778 0.77746141232131 0.776740929285453 0.776710719600382 0.777167086570741 0.77820654026634
0.778267540515681 0.778267540515681 0.777788644208408 0.773480196554316 0.769200438750064 0.768776077795324 0.769014923816599 0.775332405107576
0.778267540515681 0.778267540515681 0.772089136161504 0.716722411568347 0.665458756609981 0.664226490039624 0.665319442877007 0.721422876985967
0.778267540515681 0.778267540515681 0.773503487208174 0.731897229808079 0.713892955916319 0.740871838435886 0.745834722528722 0.76238207262152
0.778267540515681 0.778267540515681 0.77788562938565 0.774547286843176 0.773050346056599 0.77591269352408 0.777352948501546 0.777975452761359
0.778267540515681 0.778267540515681 0.778279555308015 0.778388123465475 0.778505938488689 0.778589447335286 0.778700136430044 0.778767920273703
0.778267540515681 0.778267540515681 0.777845816629667 0.774050819176884 0.770273090145829 0.77014861538044 0.7723461160424 0.776625199202735
0.778267540515681 0.778267540515681 0.76962712290871 0.691951589430589 0.615797074761302 0.609202452092558 0.615055492999072 0.718182991158849
0.778267540515681 0.778267540515681 0.778240396740543 0.778007913336053 0.777924077789812 0.778109888773693 0.778144831518106 0.778583051431822
0.778267540515681 0.778267540515681 0.77826823880849 0.778274585680292 0.778289053798229 0.778367856869815 0.778468348369512 0.778668553242923
0.778267540515681 0.778267540515681 0.778225505774199 0.777847378353599 0.777471625191073 0.777453638588218 0.77765989473791 0.778317195657897
0.778267540515681 0.778267540515681 0.777102922040001 0.766624380329298 0.756200488651006 0.75513664914249 0.755556736933111 0.768470512944022
0.778267540515681 0.778267540515681 0.778000713200385 0.775615531490648 0.773487691870582 0.773527854870476 0.773581598423916 0.775882941484856
0.778267540515681 0.778267540515681 0.778033151056819 0.775925782549698 0.773876534673398 0.773921981950626 0.77418432577835 0.775821953770975
0.778267540515681 0.778267540515681 0.774056480611321 0.736202138124639 0.69917276988875 0.696807987070005 0.70132460673293 0.728950991213795
0.778267540515681 0.778267540515681 0.776408763312863 0.760017696706872 0.749645505286576 0.755428423521334 0.756789102669343 0.765363794851105
0.778267540515681 0.778267540515681 0.763856843643091 0.635834157001321 0.541286590054824 0.599540008643659 0.645794336607095 0.701367414806258
0.778267540515681 0.778267540515681 0.767689925876353 0.674831850613724 0.632827370714491 0.716061894938987 0.74504180212433 0.764847932192261
0.778267540515681 0.778267540515681 0.778253984572346 0.778144552887468 0.778195453308616 0.778521690301063 0.778708370532255 0.778768799329036
0.778267540515681 0.778267540515681 0.778264318252473 0.778235371862838 0.77821805829181 0.77834421600395 0.77859393645563 0.778760225562115
0.778267540515681 0.778267540515681 0.778264780145039 0.77823999870198 0.778215795729518 0.778225173317011 0.778352346216789 0.778684909194084
0.778267540515681 0.778267540515681 0.778243148874664 0.778023702381648 0.777805213195414 0.777782884718343 0.777804016541642 0.778445973392465
0.778267540515681 0.778267540515681 0.778209617712776 0.777688487568481 0.77716974370071 0.777116033239048 0.777119666379637 0.777999114049566
0.778267540515681 0.778267540515681 0.778016382503571 0.775757545231579 0.773524002497744 0.773308637968488 0.77332493897519 0.775809768473122
0.778267540515681 0.778267540515681 0.777863780678821 0.774233949741375 0.770672499326521 0.770382310107965 0.770442719898276 0.773962772128178
0.778267540515681 0.778267540515681 0.778060759627576 0.77620356193115 0.774408597510133 0.774306476886626 0.774371856819503 0.776029466806157
0.778267540515681 0.778267540515681 0.778237476512438 0.777967348297199 0.777703892947503 0.777695580805465 0.777720709503881 0.778094508585492
0.778267540515681 0.778267540515681 0.768933833231533 0.684949553203832 0.60138430726219 0.59359680236554 0.597180513172784 0.653158800330907
0.778267540515681 0.778267540515681 0.778210846285366 0.777722828084271 0.777555943660569 0.777955435645384 0.778020428782417 0.778294570083263
0.778267540515681 0.778267540515681 0.778280346770228 0.778395675508238 0.778517233782487 0.778587404659421 0.778660916669626 0.778709922213996
0.778267540515681 0.778267540515681 0.778282615155207 0.778418305187598 0.778554120722891 0.778574336256113 0.778622522527796 0.778711489013095
0.778267540515681 0.778267540515681 0.778052209371438 0.776114340881681 0.774178394057157 0.773967919541423 0.774075631557579 0.776190369044704
0.778267540515681 0.778267540515681 0.778283142712446 0.778423710814264 0.778564925579333 0.778581347792172 0.778581652708182 0.778679248817341

# True Numbers-at-age
204.753679443936 224.044850686542 160.007762794784 21.2060333521234 2.82354198971966 23.5113872080043 9.12596178935149 57.6976823026866
229.021600826327 159.353142512368 174.366834909018 124.529724008861 16.5052647339675 2.19793626929996 18.3035662988426 52.0292988847943
169.913807529654 178.24007800007 124.019378296545 134.97678168639 91.7238066053961 11.556138619243 1.55356884628896 51.6757650438998
206.675072855518 132.238401085759 138.718467126437 96.1058355863953 100.609163613699 66.5251521072681 8.4851695990156 40.2699238639396
209.515304628545 160.848500637163 102.916855174739 106.876927961727 67.4729335683899 67.2933586618174 47.4615370814335 36.6262477308946
193.121842190531 163.058960833651 125.18316698652 79.5611406443681 77.7265850283473 47.4358759416063 49.7577935996823 64.2791170663521
293.773358984117 150.300461141482 126.903496407048 97.3907577871293 61.7000409951154 60.1601367066503 36.8002308629668 88.7134740494755
63.0722854238472 228.634269565599 116.973970230954 97.4947827627616 66.0681749429084 36.6987672218535 37.3751988618939 91.9162519042717
90.2445909137016 49.0871124515206 177.938630652418 91.0369766946793 75.8776122101196 51.426961669476 28.5723086149492 100.682223657796
68.4341659688609 70.2344358152503 38.2029062786616 137.24006351288 64.4884726440891 49.2104992510158 34.649577597483 96.9087555641474
159.548780432291 53.2600900358273 54.6611816214413 29.4934136677079 98.3714471230699 43.8509593500539 34.4638041866583 99.2148589750431
69.4977421774319 124.171636939315 41.450599279827 42.3993941977367 22.205861414124 72.8833995063338 33.1623672404271 103.127914940938
116.74475778712 54.0878368758228 96.6387544825669 32.2599011878034 33.0007159740979 17.2854334248706 56.74206838074 106.133266973308
28.4585609012853 90.8586555110809 42.09480777716 75.2082372814347 25.0982628953127 25.6669921748465 13.4451888016888 126.789064717615
164.341562665686 22.148374199259 70.7123423591704 32.757381341095 58.4670944687717 19.4920213685917 19.9320444657312 109.090866571122
90.388385137514 127.901703780327 17.2373607144783 54.2987343566406 22.0941442276377 34.0416347406456 11.1782239861125 87.7074478373376
457.424651758199 70.3463461921571 99.5417444288804 13.4154777933442 42.2656880895371 17.2016246782167 26.5066839106466 77.0059811546988
185.707156162378 355.998758695095 54.7482778352348 77.4538714135909 10.4189494908691 32.7662488488068 13.3466112979169 80.5059810362355
29.8825320176459 144.529851682655 277.062278356267 42.6043921446078 60.2173962589635 8.09282450971584 25.4498967219619 73.0228279909507
79.2874398025511 23.2566046977544 112.482892200156 215.495893844014 32.9536536100883 46.3192476227812 6.22156988486521 76.1883152427605
160.431809680942 61.7068407689166 18.0998605388667 86.8468190717663 154.450736718958 21.9292973571254 30.7664712697562 59.103324984765
92.1757428071594 124.858869940866 48.0244311982174 14.000305244795 63.5629462962691 110.26129297975 16.2467988485807 68.0060179633749
114.770165337788 71.7373886497339 97.1736056204452 37.3575148885132 10.8438984423323 49.1373576307078 85.5531368273655 65.5365096042094
102.278088148598 89.3218943020179 55.8308810274459 75.6282305699565 29.0786459114033 8.44203933372392 38.2578281212091 117.657970605955
42.3251117631424 79.5997161120554 69.5163309926331 43.4278172459474 58.5400938255731 22.398498443433 6.50162490385469 120.924429817273
29.524836926247 32.9402606339522 61.9498752842758 53.5016538170298 30.0499471688345 36.0488185340401 13.6452201749307 90.8447288208831
11.5692370700032 22.9782222187168 25.6363356275314 48.2118955192619 41.6247100462152 23.3765774389481 28.049942179945 81.3481237259085
39.2127092681232 9.00396168011426 17.8832044915835 19.9519457783422 37.5220930101151 32.3960561964945 18.1955764821053 85.1792179713615
188.24356692862 30.5179787990587 7.00749111167996 13.917165860326 15.5195687167367 29.1723626331448 25.186431765873 80.4464201515725
214.288815263269 146.503857851436 23.7511523014531 5.44554181905584 10.6692386536125 11.7359054472491 22.0291201663625 80.8504799584007
362.371004927469 166.774029214963 114.019197126096 18.4784134298615 4.22364681224155 8.2525247801991 9.07804976557335 79.7718302007536
172.7191653772 282.021590759097 129.79481353902 88.7107152209848 14.3378774008421 3.26858115874183 6.38681033398835 68.9168209993778
110.955371504058 134.421720038034 219.488249812402 100.468516569616 65.309018220255 10.0246534566721 2.27757345779784 54.7162122245624
65.6971138678172 86.3529640874672 104.616061445888 170.412600598552 76.3578505547961 48.9586119634932 7.57290815712148 43.6014506014598
32.5330048068985 51.1299312288847 67.205708976592 79.911694490428 108.354152243983 41.3314805507214 29.3526466397743 35.4711778896634
46.9318947888398 25.3193816366497 39.79276582424 51.5931457427077 53.926956678654 68.5694732705575 29.5958982837835 48.999005810949
33.4049405967505 36.5255703290511 19.7052528737333 30.968878559869 40.1469253260173 41.9657124980993 53.382822233648 61.2054706507126
46.1201457149792 25.9979809593054 28.4266657859231 15.3358951937686 24.1010767222148 31.2430622735995 32.6637695933802 89.2279278315914
24.5124302744157 35.8938123738217 20.2333846995721 22.123472798138 11.9350070556922 18.7558385993165 24.3141375528261 94.9043625804111
39.6478052302612 19.0772288217316 27.9349890759055 15.7464930209875 17.212586215947 9.28311070744142 14.5879702510881 92.7895527554337
93.8607091466478 30.8565998634002 14.8471879549439 21.739277169571 12.2458663419994 13.3771012178739 7.21405416908581 83.5267884114645
132.099476673536 73.0487432586192 24.0146900843649 11.5513554630561 16.8644082921753 9.47247154691577 10.3446279227607 70.3797063788737
8.64274533325977 102.808734814121 56.851465753647 18.6801576208543 8.94345156502851 12.9969356881937 7.29742451274493 62.4412159237077
25.2275259840802 6.72636815381946 80.012701187315 44.2338946302237 14.4996048827424 6.92588578337354 10.0636114830473 54.1071436699374
13.4876137390757 19.6337646009255 5.23491399967607 62.2688826609598 34.4125257103328 11.2763991635094 5.38623076689299 49.9271504275915
15.3379790085413 10.4969719721359 15.2803216870261 4.02530248840834 42.6510433571262 20.6951529354508 6.69363448565663 35.8269097306666
67.3872475822875 11.9370511994586 8.16945255961626 11.8913120715732 3.13056963517959 33.1635722656581 16.0999067176465 33.0916736788844
104.177433509515 52.4453074379881 9.29021947801241 6.35812437102107 9.25614589263152 2.43720241254346 25.8207396595539 38.3051827594731
70.3154406347444 81.0779149546861 40.8164804313518 7.23041631071334 4.94928039706219 7.20641052672053 1.89754325066782 49.9332953508034
29.1401750890718 54.7242250430789 63.1003094619231 31.7573527783793 5.61162978928944 3.83162594953617 5.5775305627273 40.2265849361268

