# Simulated data from SIR age-structured hybrid model
# random seed = 1981836
# Flag=0 if no issues, =1 if negative pop #'s, =2 if NaN, or=3 if NA. Flag:
0

# True SSB
25619.778895342
17217.6749519713
14878.6297998327
12283.6906127022
11057.2845938376
15035.0231518341
16336.1101109994
22195.6139819915
22883.4932873155
22034.8962700762
25806.3596345228
17435.072847501
17796.6962749963
17192.9036569463
14878.0296787014
13008.3467945444
11689.652230449
11346.1471020535
15012.5125923752
20630.2436424319
19003.6330397174
26060.7846862683
44083.961863862
57652.7118551069
54249.3975086055
41057.8945570502
30851.2492438271
30393.2258255528
28599.6176768814
25249.035160864
22926.2539004821
23053.6056256957
22124.02766428
23684.6300067385
28292.2803113828
54156.3205092935
62488.8317936344
36894.7646185604
27967.1566574371
35567.5875313565
36530.0923792989
34952.9708024571
34838.5786791242
35484.6896904516
50345.958042509
43852.1250633986
36668.4294785441
32377.10423449
30331.6830249769
26546.778326685

# True R (numbers)
7.7343354574133
18.4788308958372
189.978798387237
107.628349826334
188.603348116117
245.685463581249
139.205552505461
201.293610927277
40.7910248878425
80.0168857252885
23.9260845403151
16.5271324228669
25.5321390538356
20.1920969151045
42.9385905249915
152.429237673313
135.818053395641
166.942202596552
190.757043180434
756.87457207237
599.914923430899
476.887221174383
155.854891134066
81.4106472486226
113.119765257553
37.6254906889482
36.8081906693011
58.0142892650601
136.80504770415
20.1367970423939
199.180693208756
69.6877962457192
1158.09616586247
465.210839761068
56.8688262516359
69.0166371780251
364.236174922588
254.328721943739
192.869217924185
144.382527004238
70.2575900238931
645.234022734642
375.04004651705
93.0997250340214
107.402992501077
46.3968396252707
26.7467146669639
44.2558727491293
73.1259109977289
393.166933254641

# True infection rate given (selected) susceptible
-999 -999 0.583398138614058 0.583398138614058 0.583398138614058 0.583398138614058 0.583398138614058 0.583398138614058
-999 -999 0.00330449975814755 0.003304499758147 0.0033044997581476 0.00330449975814665 0.00330449975814757 0.00330449975814684
-999 -999 0.00117271358043667 0.00117271358043613 0.00117271358043543 0.00117271358043638 0.00117271358043537 0.00117271358043653
-999 -999 0.00166182320758698 0.00166182320758673 0.00166182320758657 0.00166182320758736 0.00166182320758596 0.0016618232075857
-999 -999 0.00221671340899461 0.00221671340899469 0.00221671340899485 0.00221671340899374 0.0022167134089946 0.00221671340899465
-999 -999 0.524124647805543 0.524124647805543 0.524124647805543 0.524124647805543 0.524124647805543 0.524124647805543
-999 -999 0.0619274461850639 0.061927446185064 0.0619274461850647 0.0619274461850655 0.0619274461850647 0.0619274461850648
-999 -999 0.553855284971225 0.553855284971225 0.553855284971225 0.553855284971224 0.553855284971225 0.553855284971225
-999 -999 0.641981678545357 0.641981678545356 0.641981678545357 0.641981678545357 0.641981678545356 0.641981678545356
-999 -999 0.204430967214276 0.204430967214276 0.204430967214276 0.204430967214276 0.204430967214276 0.204430967214276
-999 -999 0.678739104505564 0.678739104505564 0.678739104505565 0.678739104505564 0.678739104505566 0.678739104505565
-999 -999 0.0091110186588555 0.00911101865885526 0.00911101865885514 0.00911101865885677 0.00911101865885596 0.00911101865885608
-999 -999 0.00116839302354205 0.00116839302354243 0.00116839302354222 0.00116839302354076 0.0011683930235419 0.00116839302354009
-999 -999 0.0279034774679424 0.0279034774679434 0.0279034774679431 0.0279034774679434 0.0279034774679429 0.0279034774679429
-999 -999 0.0115941505032091 0.0115941505032099 0.0115941505032094 0.01159415050321 0.0115941505032101 0.0115941505032097
-999 -999 0.00622201137100578 0.00622201137100724 0.00622201137100752 0.0062220113710066 0.00622201137100726 0.00622201137100718
-999 -999 0.0422004427258275 0.0422004427258275 0.0422004427258277 0.0422004427258274 0.042200442725827 0.0422004427258271
-999 -999 0.0049194840924912 0.00491948409249134 0.00491948409249117 0.00491948409249101 0.00491948409249177 0.00491948409249111
-999 -999 0.00458242847545628 0.00458242847545673 0.0045824284754563 0.00458242847545569 0.00458242847545601 0.00458242847545631
-999 -999 0.563802409661424 0.563802409661424 0.563802409661424 0.563802409661423 0.563802409661424 0.563802409661424
-999 -999 0.182278234645542 0.182278234645543 0.182278234645544 0.182278234645543 0.182278234645543 0.182278234645544
-999 -999 0.512729151490529 0.512729151490529 0.512729151490529 0.51272915149053 0.51272915149053 0.512729151490529
-999 -999 0.889347008344607 0.889347008344607 0.889347008344607 0.889347008344607 0.889347008344607 0.889347008344607
-999 -999 0.895830264258781 0.895830264258782 0.895830264258782 0.895830264258781 0.895830264258782 0.895830264258781
-999 -999 0.823794495831243 0.823794495831243 0.823794495831242 0.823794495831243 0.823794495831243 0.823794495831243
-999 -999 0.686264608447472 0.686264608447473 0.686264608447472 0.686264608447473 0.686264608447473 0.686264608447473
-999 -999 0.00135702170021251 0.00135702170021219 0.00135702170021225 0.00135702170021183 0.00135702170021218 0.00135702170021249
-999 -999 0.00198701761287042 0.00198701761287101 0.00198701761287102 0.00198701761287067 0.00198701761287009 0.00198701761287062
-999 -999 0.00508641433447248 0.00508641433447154 0.00508641433447296 0.00508641433447159 0.00508641433447255 0.00508641433447094
-999 -999 0.0241363853714656 0.024136385371466 0.0241363853714652 0.0241363853714649 0.0241363853714652 0.0241363853714656
-999 -999 0.0714547969941866 0.071454796994187 0.0714547969941868 0.0714547969941864 0.0714547969941863 0.0714547969941872
-999 -999 0.149789039260414 0.149789039260413 0.149789039260413 0.149789039260414 0.149789039260413 0.149789039260414
-999 -999 0.0943098738629791 0.0943098738629777 0.0943098738629784 0.0943098738629791 0.0943098738629786 0.0943098738629779
-999 -999 0.161396782329939 0.161396782329939 0.161396782329939 0.16139678232994 0.161396782329939 0.161396782329938
-999 -999 0.545527440009885 0.545527440009884 0.545527440009884 0.545527440009884 0.545527440009884 0.545527440009884
-999 -999 0.923521728634011 0.923521728634011 0.923521728634011 0.923521728634011 0.923521728634011 0.923521728634011
-999 -999 0.926928948947229 0.926928948947229 0.926928948947229 0.926928948947229 0.926928948947229 0.926928948947229
-999 -999 0.561897607995043 0.561897607995042 0.561897607995042 0.561897607995043 0.561897607995043 0.561897607995043
-999 -999 0.00110778556974359 0.00110778556974313 0.00110778556974341 0.00110778556974357 0.00110778556974341 0.00110778556974335
-999 -999 0.618614768637583 0.618614768637582 0.618614768637583 0.618614768637583 0.618614768637582 0.618614768637583
-999 -999 0.685713709015114 0.685713709015114 0.685713709015114 0.685713709015114 0.685713709015114 0.685713709015114
-999 -999 0.346318273121133 0.346318273121133 0.346318273121134 0.346318273121134 0.346318273121133 0.346318273121134
-999 -999 0.0867720409580764 0.0867720409580762 0.0867720409580762 0.0867720409580763 0.0867720409580758 0.0867720409580773
-999 -999 0.00984058615840882 0.00984058615840877 0.00984058615840831 0.00984058615840998 0.00984058615840826 0.00984058615840879
-999 -999 0.889328423762019 0.889328423762019 0.889328423762019 0.88932842376202 0.889328423762019 0.88932842376202
-999 -999 0.786404372806579 0.786404372806579 0.786404372806579 0.786404372806579 0.786404372806579 0.786404372806579
-999 -999 0.323301777255297 0.323301777255298 0.323301777255298 0.323301777255297 0.323301777255298 0.323301777255298
-999 -999 0.00235832636199325 0.00235832636199317 0.00235832636199265 0.00235832636199302 0.00235832636199337 0.00235832636199225
-999 -999 0.00266377237575436 0.00266377237575511 0.00266377237575548 0.00266377237575396 0.00266377237575437 0.00266377237575515
-999 -999 0.00478238965718622 0.00478238965718493 0.00478238965718592 0.00478238965718554 0.00478238965718474 0.00478238965718582

# Duration of outbreak (days) based on incidence
0
0
0
0
0
0
0
0
0
0
0
0
0
0
0
0
0
0
0
0
0
0
2
0
0
0
0
0
0
0
0
0
0
0
0
3
3
0
0
0
0
0
0
0
0
0
0
0
0
0

# Duration of outbreak (days) based on prevalence
0
0
0
0
0
0
0
11
22
0
31
0
0
0
0
0
0
0
0
15
0
0
23
26
22
13
0
0
0
0
0
0
0
0
0
17
26
0
0
6
16
0
0
0
32
16
0
0
0
0

# Peak (point) prevalence
0.096321837433583
0.000206709556639102
4.89855851626136e-05
5.55815170061817e-05
8.0992978445291e-05
0.0912702358739027
0.00720966807822448
0.105743484036797
0.149013636203805
0.0182844112223768
0.168065667534449
0.000738400343263348
4.11771174808491e-05
0.00507281888188405
0.00106478013312885
0.000470348951501937
0.00570808951069
0.000410222240873448
0.000349142762557113
0.116718587745688
0.0329396362342626
0.0892221313815438
0.43648891848105
0.380980930187293
0.239813041514296
0.119308736644074
4.15075222452909e-05
8.36729569351274e-05
0.00021614813359193
0.00231344641571263
0.010752201044183
0.0147863305231468
0.00991004039302797
0.0170402728954986
0.0975929948872366
0.511879218529081
0.446915840158278
0.0606812587195072
3.19671627688323e-05
0.103425537653037
0.145231980736183
0.031057794761142
0.00859335855965315
0.000522665952176425
0.418829797625787
0.231957851889135
0.0207221391348804
5.58059533737146e-05
7.88775612851591e-05
0.000153427114788896

# Day of peak prevalence
57
119
69
49
56
85
119
84
65
107
70
119
65
119
119
119
119
119
119
80
119
80
23
23
32
53
79
106
104
119
119
114
119
116
68
16
19
65
62
62
46
94
119
119
30
29
85
54
67
65

# Total immunity
0.194279394076538
0.320661292299525
0.119073469977284
0.0817335970519276
0.0479425023275449
0.0283860452462975
0.0330737929921329
0.0252058578150134
0.0427181457651018
0.0826905651574725
0.0973234959268797
0.165449576676406
0.144213677167931
0.126750594423708
0.0984292244835564
0.0467787877104789
0.0294498762211547
0.0199231424223092
0.0130677476600849
0.00474556835628595
0.0129351666705345
0.0111218129428802
0.0276791708883736
0.100865149931385
0.173456642002968
0.243782524115891
0.319505509951977
0.263246195434563
0.171711002142736
0.161898354624269
0.0919283268482469
0.0812921285203763
0.0221276910175118
0.0178008812599345
0.0204177222360664
0.0499589691167292
0.10847933813317
0.146533637022334
0.128021732496335
0.103892609819029
0.123509646488361
0.0930380085007269
0.0789147226631281
0.0752106790543869
0.066705710061206
0.13279742434064
0.292726366844371
0.304705671251561
0.236509293859383
0.0927721196020526

# Observed immunity (based on survey selectivity)
0.25383060880265
0.424081231751115
0.393092767291389
0.375800387364155
0.316329623136416
0.169596692217424
0.171283398693459
0.108698370617887
0.132908630311958
0.22563707661299
0.186578487951615
0.300307589234455
0.235277999552969
0.193447107241343
0.181776715814146
0.16578352690731
0.145389518011054
0.122148656205667
0.0699831222159962
0.0405435332001023
0.144741698023694
0.0991161204143656
0.114610553741619
0.247205217908485
0.348188545415483
0.43668352072043
0.566002659784121
0.450491293958238
0.37808303972625
0.337809829998798
0.290048477264594
0.23039633489675
0.231828921002934
0.185519795155173
0.138303067126976
0.12529649948018
0.244582400713844
0.510357996148313
0.571219626811222
0.337032576328474
0.30334072300637
0.42540942141551
0.412338728526136
0.3297804842918
0.174589010716011
0.252472051517849
0.473157909104364
0.479162306866387
0.406468289449759
0.367150499194233

# True total proportion of susceptible
1 1 1 0.994360338992207 0.930092721026322 0.82517062290209 0.799997153263083 0.251701802917408
1 1 1 0.993155808209371 0.905861240416546 0.677944243695942 0.533542954965691 0.162506306327524
1 1 1 0.999969299745216 0.992838555982598 0.905097043507951 0.676902651403551 0.205911493353212
1 1 1 0.999991142403591 0.99988068546859 0.992664093434802 0.904846681520715 0.443709960902304
1 1 1 0.999973040344986 0.999721478258409 0.99936813946181 0.992119907758664 0.547182207832394
1 1 1 0.999953223730678 0.999505116774544 0.99883204928574 0.9984317208375 0.602086297613426
1 1 1 0.995432175941485 0.941879374978296 0.847890921075902 0.83199232819563 0.381080636950947
1 1 1 0.998967997480715 0.984841346232537 0.920218840173703 0.823647669393256 0.378094993011173
1 1 1 0.995877115237233 0.944997012066679 0.829276816052406 0.713663493955679 0.224250030955395
1 1 1 0.991401797076252 0.88327114873334 0.62643713940125 0.469971492358964 0.219505132701354
1 1 1 0.996790673486152 0.956520279199692 0.8046436288199 0.542484285576042 0.238860263889005
1 1 1 0.995682487614852 0.934794189937428 0.723550111564535 0.471715380964017 0.144510049043267
1 1 1 0.999820300240294 0.993874394440157 0.931233466549279 0.719723798075445 0.2934862207152
1 1 1 0.999979312172394 0.999613313787849 0.993478816566115 0.930796463066536 0.417555084662797
1 1 1 0.999671796512983 0.996663462386816 0.993242110273392 0.986662114640308 0.65796488355436
1 1 1 0.999746229371621 0.997126187792908 0.991806785358058 0.988121381635684 0.702730423449898
1 1 1 0.999845827711028 0.998202434062742 0.994188435142169 0.988712269329943 0.780566827058769
1 1 1 0.999325409188708 0.993003666276817 0.984988955906576 0.980185966950179 0.784988904948202
1 1 1 0.999875018289987 0.998074172638761 0.990623408179467 0.982482445155654 0.798432312990394
1 1 1 0.999917526058563 0.999049207471223 0.996500744039411 0.988955803185946 0.822330316309762
1 1 1 0.992691494745594 0.907732240803241 0.761709940157078 0.735604629717871 0.553336655833748
1 1 1 0.998180843883056 0.972623053612155 0.857070606283546 0.697709012912535 0.530610473602193
1 1 1 0.990333002460712 0.882975535114191 0.700427003872055 0.563594006351479 0.363001026736668
1 1 1 0.982320089949251 0.75152090066113 0.238469256085278 0.113417834463559 0.0586321196614257
1 1 1 0.989038959248541 0.815269111054424 0.206201819332157 0.0265154369201273 0.0079651944076236
1 1 1 0.995495559195141 0.914250858698799 0.39619303070843 0.0392377050280274 0.00245228879156827
1 1 1 0.991249910108275 0.878011643067528 0.560703858900192 0.14642078520975 0.00746230185695093
1 1 1 0.999979351081724 0.991037866468887 0.877561112449417 0.560224685657125 0.0502141999335721
1 1 1 0.999958903526389 0.999568268010591 0.990252678707581 0.876703870368625 0.21582963686895
1 1 1 0.999882394479168 0.998781601858382 0.997328852161674 0.987889565328967 0.366073564789316
1 1 1 0.999731064072396 0.997168285943769 0.993563088249317 0.991808604027402 0.467439813561515
1 1 1 0.999011082691894 0.98958210634171 0.977284938859206 0.972438691399225 0.567925339286308
1 1 1 0.996409909838415 0.961632213400826 0.915446020525604 0.898792139399607 0.537267549232808
1 1 1 0.998081260183669 0.976632743374643 0.922298927085642 0.873247098697884 0.535427353369613
1 1 1 0.997849208897154 0.97515805849887 0.92843053383318 0.867079281085538 0.532548649250986
1 1 1 0.987602129198634 0.852148994779302 0.640963604780404 0.572939191493398 0.354245172821346
1 1 1 0.986681317196486 0.790872180677844 0.215697131001876 0.0771918175838096 0.0333559085011952
1 1 1 0.992022758484699 0.855084719639917 0.21260854970133 0.0165904667448769 0.00333386098114215
1 1 1 0.99619398583181 0.940029736515171 0.649182511266163 0.0989168248192662 0.00211223714667376
1 1 1 0.999981296055707 0.996004869642017 0.939651860333647 0.648761703618476 0.0682220332521381
1 1 1 0.994854771308799 0.931260514583719 0.796907743226124 0.684582604837697 0.109733035428171
1 1 1 0.984021049119944 0.79996961497712 0.470172623680404 0.341239948898292 0.0447418790051119
1 1 1 0.991969042760329 0.895099996725677 0.619037285060138 0.329980165512243 0.0444648084857153
1 1 1 0.998491313041945 0.976319283729447 0.862229018045561 0.584385621775177 0.152851796807648
1 1 1 0.999818633315513 0.996669801508244 0.972786814393161 0.858278975159797 0.30748427368692
1 1 1 0.9929398383948 0.889479869579185 0.515660909826213 0.368762886025962 0.073272348158996
1 1 1 0.983640823451 0.782514499460401 0.359559828880001 0.137132782526133 0.0231607759866771
1 1 1 0.99477882380951 0.924015574353751 0.64269195838706 0.259143504186511 0.0202471724323404
1 1 1 0.999956840929763 0.994343381509612 0.923148273438297 0.641770014049203 0.152918212089766
1 1 1 0.999945516413879 0.999411729914523 0.993303872898463 0.92202125715527 0.361460069017145

# True vulnerable proportion of susceptible
0 0 0.05 0.497180169496103 0.883588084975006 0.82517062290209 0.799997153263083 0.251701802917408
0 0 0.05 0.496577904104685 0.860568178395719 0.677944243695942 0.533542954965691 0.162506306327524
0 0 0.05 0.499984649872608 0.943196628183468 0.905097043507951 0.676902651403551 0.205911493353212
0 0 0.05 0.499995571201795 0.94988665119516 0.992664093434802 0.904846681520715 0.443709960902304
0 0 0.05 0.499986520172493 0.949735404345489 0.99936813946181 0.992119907758664 0.547182207832394
0 0 0.05 0.499976611865339 0.949529860935816 0.99883204928574 0.9984317208375 0.602086297613426
0 0 0.05 0.497716087970742 0.894785406229382 0.847890921075902 0.83199232819563 0.381080636950947
0 0 0.05 0.499483998740357 0.935599278920911 0.920218840173703 0.823647669393256 0.378094993011173
0 0 0.05 0.497938557618617 0.897747161463345 0.829276816052406 0.713663493955679 0.224250030955395
0 0 0.05 0.495700898538126 0.839107591296673 0.62643713940125 0.469971492358964 0.219505132701354
0 0 0.05 0.498395336743076 0.908694265239708 0.8046436288199 0.542484285576042 0.238860263889005
0 0 0.05 0.497841243807426 0.888054480440556 0.723550111564535 0.471715380964017 0.144510049043267
0 0 0.05 0.499910150120147 0.94418067471815 0.931233466549279 0.719723798075445 0.2934862207152
0 0 0.05 0.499989656086197 0.949632648098456 0.993478816566115 0.930796463066536 0.417555084662797
0 0 0.05 0.499835898256492 0.946830289267475 0.993242110273392 0.986662114640308 0.65796488355436
0 0 0.05 0.49987311468581 0.947269878403263 0.991806785358058 0.988121381635684 0.702730423449898
0 0 0.05 0.499922913855514 0.948292312359605 0.994188435142169 0.988712269329943 0.780566827058769
0 0 0.05 0.499662704594354 0.943353482962976 0.984988955906576 0.980185966950179 0.784988904948202
0 0 0.05 0.499937509144993 0.948170464006823 0.990623408179467 0.982482445155654 0.798432312990394
0 0 0.05 0.499958763029282 0.949096747097662 0.996500744039411 0.988955803185946 0.822330316309762
0 0 0.05 0.496345747372797 0.862345628763079 0.761709940157078 0.735604629717871 0.553336655833748
0 0 0.05 0.499090421941528 0.923991900931547 0.857070606283546 0.697709012912535 0.530610473602193
0 0 0.05 0.495166501230356 0.838826758358481 0.700427003872055 0.563594006351479 0.363001026736668
0 0 0.05 0.491160044974626 0.713944855628074 0.238469256085278 0.113417834463559 0.0586321196614257
0 0 0.05 0.494519479624271 0.774505655501702 0.206201819332157 0.0265154369201273 0.0079651944076236
0 0 0.05 0.49774777959757 0.868538315763859 0.39619303070843 0.0392377050280274 0.00245228879156827
0 0 0.05 0.495624955054138 0.834111060914151 0.560703858900192 0.14642078520975 0.00746230185695093
0 0 0.05 0.499989675540862 0.941485973145443 0.877561112449417 0.560224685657125 0.0502141999335721
0 0 0.05 0.499979451763194 0.949589854610061 0.990252678707581 0.876703870368625 0.21582963686895
0 0 0.05 0.499941197239584 0.948842521765463 0.997328852161674 0.987889565328967 0.366073564789316
0 0 0.05 0.499865532036198 0.94730987164658 0.993563088249317 0.991808604027402 0.467439813561515
0 0 0.05 0.499505541345947 0.940103001024624 0.977284938859206 0.972438691399225 0.567925339286308
0 0 0.05 0.498204954919207 0.913550602730784 0.915446020525604 0.898792139399607 0.537267549232808
0 0 0.05 0.499040630091834 0.927801106205911 0.922298927085642 0.873247098697884 0.535427353369613
0 0 0.05 0.498924604448577 0.926400155573926 0.92843053383318 0.867079281085538 0.532548649250986
0 0 0.05 0.493801064599317 0.809541545040337 0.640963604780404 0.572939191493398 0.354245172821346
0 0 0.05 0.493340658598243 0.751328571643952 0.215697131001876 0.0771918175838096 0.0333559085011952
0 0 0.05 0.496011379242349 0.812330483657921 0.21260854970133 0.0165904667448769 0.00333386098114215
0 0 0.05 0.498096992915905 0.893028249689412 0.649182511266163 0.0989168248192662 0.00211223714667376
0 0 0.05 0.499990648027853 0.946204626159916 0.939651860333647 0.648761703618476 0.0682220332521381
0 0 0.05 0.4974273856544 0.884697488854533 0.796907743226124 0.684582604837697 0.109733035428171
0 0 0.05 0.492010524559972 0.759971134228264 0.470172623680404 0.341239948898292 0.0447418790051119
0 0 0.05 0.495984521380164 0.850344996889393 0.619037285060138 0.329980165512243 0.0444648084857153
0 0 0.05 0.499245656520972 0.927503319542975 0.862229018045561 0.584385621775177 0.152851796807648
0 0 0.05 0.499909316657757 0.946836311432832 0.972786814393161 0.858278975159797 0.30748427368692
0 0 0.05 0.4964699191974 0.845005876100225 0.515660909826213 0.368762886025962 0.073272348158996
0 0 0.05 0.4918204117255 0.743388774487381 0.359559828880001 0.137132782526133 0.0231607759866771
0 0 0.05 0.497389411904755 0.877814795636063 0.64269195838706 0.259143504186511 0.0202471724323404
0 0 0.05 0.499978420464881 0.944626212434131 0.923148273438297 0.641770014049203 0.152918212089766
0 0 0.05 0.49997275820694 0.949441143418796 0.993303872898463 0.92202125715527 0.361460069017145

# True survival by age
0.778267540515681 0.778267540515681 0.759941367818531 0.596042354867253 0.454449061283865 0.47591638018117 0.485156470786274 0.686411950789765
0.778267540515681 0.778267540515681 0.778182976137758 0.777431334098988 0.776862271055112 0.777292675685569 0.777613900700874 0.778439282899231
0.778267540515681 0.778267540515681 0.778253448600884 0.778126642064656 0.778005530371985 0.77806305580236 0.778249052681817 0.778632948556035
0.778267540515681 0.778267540515681 0.778247766461874 0.778069806452361 0.777891941944235 0.777878872469322 0.777960430575057 0.778388699145017
0.778267540515681 0.778267540515681 0.778240615165578 0.777998308649664 0.777756249869974 0.777729710709867 0.777737478998988 0.778214340782127
0.778267540515681 0.778267540515681 0.760249453582768 0.598095124318523 0.436093572813719 0.418327309408512 0.418471785936319 0.561510860005014
0.778267540515681 0.778267540515681 0.776524936613857 0.760923536335889 0.7471134021025 0.748797891001915 0.74936046780795 0.765316122561413
0.778267540515681 0.778267540515681 0.758692767832217 0.582722376135944 0.411992759601173 0.418048590916432 0.455907261090411 0.630576695912034
0.778267540515681 0.778267540515681 0.758771299596047 0.584111137363138 0.428242971553403 0.455002965486118 0.500145119051809 0.691240550816938
0.778267540515681 0.778267540515681 0.772305284288325 0.719162210059093 0.678270296074066 0.703767165421356 0.722508365131768 0.752508816705744
0.778267540515681 0.778267540515681 0.75395778467879 0.535951872935774 0.336488011385926 0.3871579097999 0.514758296810453 0.662540718728286
0.778267540515681 0.778267540515681 0.77805833622084 0.776186832269949 0.774586614801267 0.775387559543278 0.776575546683278 0.778119081705371
0.778267540515681 0.778267540515681 0.778262802888774 0.778220268583677 0.778181343433859 0.778215973023177 0.778348800057279 0.778616475164679
0.778267540515681 0.778267540515681 0.777391326525322 0.769505592913358 0.761626118473909 0.760861017124186 0.761992905124264 0.771260772792358
0.778267540515681 0.778267540515681 0.778014640641272 0.775739546809871 0.773480254474693 0.773247328011168 0.77328411834624 0.775121943467002
0.778267540515681 0.778267540515681 0.778159059907881 0.777183145050902 0.776213864711455 0.776120073428485 0.7761300345393 0.776901404835314
0.778267540515681 0.778267540515681 0.777070872333681 0.766302785837641 0.75557267430563 0.754476366144454 0.754610349336844 0.759702961904323
0.778267540515681 0.778267540515681 0.77818964381201 0.777489458683505 0.77680158872417 0.77674099718685 0.776751041085105 0.77715923261924
0.778267540515681 0.778267540515681 0.778169928330817 0.777291607309992 0.776417507636493 0.776338602208485 0.776358836460167 0.776816290533523
0.778267540515681 0.778267540515681 0.760763892487888 0.603245540164797 0.446014939408318 0.429421440805894 0.432066743871229 0.490486673166502
0.778267540515681 0.778267540515681 0.772117222136871 0.717217750275481 0.672242738222048 0.68469943403079 0.687924473904822 0.710441788338
0.778267540515681 0.778267540515681 0.764679297064877 0.642633267421018 0.527173601139958 0.545422075496692 0.588815936428692 0.634316553129304
0.778267540515681 0.778267540515681 0.756572040642497 0.56341500007719 0.41435462634862 0.474505006112142 0.533951176896548 0.621097440885553
0.778267540515681 0.778267540515681 0.751199410114486 0.512381285291503 0.391896991117595 0.649575282707981 0.717340129193872 0.747028280716186
0.778267540515681 0.778267540515681 0.748987837470514 0.488685715140085 0.324820134889182 0.657940266737892 0.763259361529368 0.774132165151732
0.778267540515681 0.778267540515681 0.757297232993556 0.569511462342893 0.414042954080613 0.61242372224558 0.762323325039287 0.777770970404813
0.778267540515681 0.778267540515681 0.778255074173541 0.778148633830723 0.77812462362154 0.778361993389796 0.778686198645589 0.778794943302325
0.778267540515681 0.778267540515681 0.778245090854804 0.778043059553406 0.77784959869032 0.777938811153532 0.778250510344087 0.7787514608879
0.778267540515681 0.778267540515681 0.778177982597803 0.777372020056437 0.776566904929214 0.776499038840638 0.776762971794442 0.778299108466351
0.778267540515681 0.778267540515681 0.777508697968457 0.770680070196437 0.763867748694797 0.76313265355349 0.763280945632207 0.773049733140608
0.778267540515681 0.778267540515681 0.776102249285501 0.756620594868026 0.737245015359352 0.735243904118635 0.73532081907027 0.758308657691745
0.778267540515681 0.778267540515681 0.77487874936354 0.744413668669308 0.714556841140461 0.712043362074412 0.712374404710063 0.740006333815025
0.778267540515681 0.778267540515681 0.775877731280661 0.754457158860568 0.734623766510995 0.734557801215516 0.735362673751927 0.752834950133688
0.778267540515681 0.778267540515681 0.773266595366961 0.728355067307971 0.685482352110184 0.68606164713282 0.690993913719386 0.724962413914578
0.778267540515681 0.778267540515681 0.765607386347384 0.65193943919552 0.543713411474063 0.543224230543096 0.558791272005974 0.64367384543592
0.778267540515681 0.778267540515681 0.752032654855704 0.519177862217239 0.353581783540894 0.442146856328261 0.477875383933686 0.592740252378762
0.778267540515681 0.778267540515681 0.747808946557322 0.477745386536275 0.320690818508194 0.647289137558623 0.731736536535453 0.758463514818502
0.778267540515681 0.778267540515681 0.75838858119216 0.581067993681089 0.455379122672304 0.69415867691808 0.77219591205692 0.777473531578162
0.778267540515681 0.778267540515681 0.778263782317535 0.778232131100502 0.778232395670012 0.778405816199766 0.778740601430378 0.778799497972553
0.778267540515681 0.778267540515681 0.757132770556784 0.566923803936055 0.378313328730535 0.381113202519895 0.504226248440146 0.749927264601791
0.778267540515681 0.778267540515681 0.763002229228713 0.626402606477041 0.508200544091306 0.535074942602899 0.569428403203786 0.745240089861646
0.778267540515681 0.778267540515681 0.770196794634659 0.69885822288205 0.655703527204048 0.702657191701163 0.723537601168717 0.771554918083699
0.778267540515681 0.778267540515681 0.775866000066122 0.754449285154857 0.73748071953933 0.748737824450293 0.762775609304013 0.776641391820077
0.778267540515681 0.778267540515681 0.778031128410225 0.775907790675811 0.773894707829533 0.774264178315371 0.775726047084076 0.777996555686503
0.778267540515681 0.778267540515681 0.748360684897087 0.479253322114644 0.211931379109958 0.196422155629757 0.264974604385587 0.594719063808596
0.778267540515681 0.778267540515681 0.759567587933636 0.592592026346237 0.462295078260013 0.585669119486672 0.64068717335353 0.751357922414239
0.778267540515681 0.778267540515681 0.769035001046033 0.687461236660108 0.641116189004858 0.712216044232623 0.753405981490869 0.774511777191127
0.778267540515681 0.778267540515681 0.778232030627763 0.77791707982365 0.777684636544893 0.778001633980808 0.778478553591163 0.778775606920953
0.778267540515681 0.778267540515681 0.778228301524774 0.777875190556054 0.777529233278191 0.777584052992633 0.777954915834021 0.778599233446499
0.778267540515681 0.778267540515681 0.778154364559928 0.777135871673436 0.776118776029569 0.776022748872239 0.776222109359743 0.777789865404855

# True Numbers-at-age
7.7343354574133 3.32961618068675 19.2762962286905 38.6844458050526 87.9326521754382 9.72344320215145 8.92386237514946 43.8005427609799
18.4788308958372 6.01938223396427 2.59133219580429 14.6488549225062 23.0575681743782 39.9609112373285 4.62754589166512 34.3946855779247
189.978798387237 14.3814742729084 4.68468980665116 2.01653060029257 11.3884788254266 17.9125547769555 31.0613236184966 30.3726183883143
107.628349826334 147.854332170959 11.1926346113659 3.64587599765167 1.56911618462628 8.86029950870611 13.9370971069852 47.8225670921987
188.603348116117 83.7636511091021 115.070227453281 8.7106428871194 2.83674603184214 1.22060283599507 6.89223979157279 48.0670558549884
245.685463581249 146.783863871353 65.1905307332945 89.5523246004844 6.77686543343012 2.20629695555908 0.949299090530088 42.7668253856818
139.205552505461 191.209021481834 114.237116722547 49.5610653687578 53.5608087149394 2.95534745934233 0.922954269175221 24.4112917878003
201.293610927277 108.339162974551 148.811774873077 88.7079698219252 37.7121811249693 40.0159980183796 2.21295794473341 19.3739806206691
40.7910248878425 156.660283497892 84.3168539097315 112.902417364479 51.6921189568279 15.5371455722554 16.7286315856983 13.225684281937
80.0168857252885 31.7463306145751 121.923613534394 63.977208818937 65.9475594178137 22.136786627964 7.06944731056572 17.50887272398
23.9260845403151 62.2745448531446 24.707138647803 94.1622510121399 46.0099908876388 44.7302706516825 15.5791435766996 18.2833159141157
16.5271324228669 18.6208949693613 48.4662568595903 18.6281395206493 50.4664347898049 15.4818103376662 17.3176780902892 20.1329346797819
25.5321390538356 12.8625307025216 14.4920381300056 37.7095751750247 14.4589166056154 39.0906248849239 12.0044031350349 29.1143059753175
20.1920969151045 19.870835065533 10.0104901346589 11.2786142146292 29.3463557208841 11.2516591487559 30.420948680905 32.0124910709259
42.9385905249915 15.7148536039726 15.4648259344451 7.78206820495112 8.67895671846925 22.3509509990515 8.5609488242571 47.8705256643697
152.429237673313 33.417711241095 12.2303604639278 12.0318609919671 6.03685806255229 6.71300165117644 17.2828131385251 43.7255406515262
135.818053395641 118.630727906689 26.0079199372702 9.51716580094453 9.35095956655227 4.68589292744822 5.2100953344366 47.3841443174941
166.942202596552 105.702782373853 92.3264448375239 20.2099970332391 7.29303066654252 7.06532952702371 3.53539546804313 39.9294666456997
190.757043180434 129.925697423089 82.2650444637629 71.8474832225419 15.7130596533683 5.66523780838433 5.48793110227409 33.7776757677176
756.87457207237 148.46001483208 101.116952983252 64.0161837544979 55.8464457152272 12.1998946134118 4.39814280133975 30.4996525978575
599.914923430899 589.050911685622 115.541610608284 76.9261267480536 38.617477348271 24.908349101847 5.23889632257135 16.8599643747127
476.887221174383 466.894311977219 458.439204276088 89.2116674240883 55.1727835636455 25.9603187158296 17.054732532676 15.5819882382327
155.854891134066 371.145844726744 363.368687863271 350.558968472821 57.330385328819 29.0856349961625 14.1593309145434 19.9260113769456
81.4106472486226 121.296802800249 288.850763748098 274.914589682301 197.510181249174 23.7551103913452 13.8012794116296 19.9363860791655
113.119765257553 63.3592642059751 94.4013643877652 216.98452333869 140.861090806804 77.4036457466422 15.4307325482174 24.7932557725922
37.6254906889482 88.0374414907067 49.3104587224675 70.7054737670582 106.037236962098 45.7545185165033 50.9269753290311 30.9709078450803
36.8081906693011 29.2826980991833 68.5166830622655 37.3426739481676 40.2675777607244 43.9039708343331 28.0211525394313 62.9110942160068
58.0142892650601 28.6466200230292 22.7897734293146 53.3234562587484 29.0581507163527 31.3331937892147 34.1731822563389 70.8145268056402
136.80504770415 45.1506382210836 22.2947345094102 17.7360292930573 41.4879450535188 22.6028708733978 24.375307526025 81.7422127330549
20.1367970423939 106.470928006839 35.139276161036 17.3492715230865 13.7874929193241 32.2181650820844 17.5511075082324 82.553727606522
199.180693208756 15.6718155080474 82.862867276305 27.3210928555211 13.3707377952693 10.5318211764296 24.5867338117154 77.2145630317604
69.6877962457192 155.015868221787 12.1968653108635 64.3100576753863 20.671701528789 9.85750979123919 7.7434573192374 76.6316088915622
1158.09616586247 54.2357497881137 120.643818501873 9.45109173823747 47.8732859664691 14.7711057454099 7.01897441343539 62.2241167483813
465.210839761068 901.308654686426 42.2099235956191 93.6048521922691 7.13044382096122 35.1688536519455 10.8502309578702 52.0059816210406
56.8688262516359 362.058496082081 701.459269928301 32.639523909484 68.1775684188529 4.88779340198203 24.1280016642268 45.1998255283248
69.0166371780251 44.2591615388742 281.778375268607 537.042398278951 21.2789929131577 37.0690583110208 2.65516780984531 42.576462251765
364.236174922588 53.7134084712047 34.4454687961458 211.906539634178 278.820524258485 7.52386426618835 16.3899675992668 26.5056223170443
254.328721943739 283.473192023842 41.8034023035986 25.7586297341189 101.237371687095 89.4151821413373 4.8701156119692 32.0966855900529
192.869217924185 197.93578890965 220.617983958524 31.7032229620312 14.9675152995785 46.1013855005191 62.0683245316198 28.7150068644596
144.382527004238 150.103851875038 154.046999614744 171.698986642831 24.6724667684959 11.6482052888186 35.8855866084716 70.698357305849
70.2575900238931 112.368234185028 116.820955620716 116.634031614271 97.3402426395194 9.33392303118319 4.43928482123082 71.113080414879
645.234022734642 54.6792017904543 87.4525492512714 89.134649559235 73.0598614071052 49.4683642713835 4.99434833017023 55.5241733058431
375.04004651705 502.164695930728 42.5550478948175 67.3556731159589 62.2924827881813 47.9056088216778 34.7593019169805 46.4535477968672
93.0997250340214 291.881494597711 390.818482835813 33.0170147927743 50.8164394334594 45.9395050285193 35.8687413281098 62.5912957146464
107.402992501077 72.456494024914 227.161892922602 304.068945204319 25.6181590025721 39.3265735482942 35.5693131131213 76.5201294062861
46.3968396252707 83.5882628178376 56.3905373991589 169.999029770077 145.726052141066 5.4292917676733 7.72461034988812 54.9329443934355
26.7467146669639 36.1091542628599 65.0540317192168 42.8324244745606 100.740069528344 67.3684366790767 3.17976852900946 46.2233617418758
44.2558727491293 20.8160998407327 28.1025826782573 50.0288273512365 29.4456314984321 64.5860894560963 47.980881477708 38.1961946799608
73.1259109977289 34.4429092378398 16.2004948261759 21.8703299835847 38.9182792800755 22.899415229693 50.2480831292736 67.0983519067524
393.166933254641 56.911522900171 26.8057982607384 12.6076835724358 17.0123871035048 30.2600998491436 17.8062201054659 91.3334686417758

