# Simulated data from SIR age-structured hybrid model
# random seed = 1981836
# Flag=0 if no issues, =1 if negative pop #'s, =2 if NaN, or=3 if NA. Flag:
0

# Number of years (nyr)
50

# Starting age
0

# Ending age
8

# Sample size for comp data
200

# Sample size for fishery age comp data
200

# Sample size for antibody prevalence data
200

# Survey data
13894.6152891467
9854.19098743452
7598.00264079239
10576.4073702372
9061.19978538196
6402.90288426206
7802.25339481599
10702.4940301685
18071.8641264811
10462.5097003794
19514.4868683424
8569.53673846043
15799.4868912345
8269.69476169532
17865.2137537471
8684.07403781135
6828.68340507149
9042.47627963034
8033.98124086265
17320.8016151819
11547.6229655916
16068.7198153849
26366.3466032735
36662.8817327076
52697.6894525945
16713.8309921476
28794.8966399648
16081.4187900658
9177.9889635474
16159.895047148
13373.0076892233
14073.2446673913
15134.6089098254
13845.500009454
17165.9523457541
23841.8576184201
63978.8897935861
15268.3613242351
20355.3924123691
18753.8474785785
23258.4894224287
30908.5098831694
29246.2632572003
17837.7781854277
26254.8172986455
24101.3340851773
35549.8799269076
15330.8445300617
13506.0307496876
7571.14394407204

# Catches
0
0
0
0
0
0
0
0
0
0
0
0
0
0
0
0
0
0
0
0
0
0
0
0
0
0
0
0
0
0
0
0
0
0
0
0
0
0
0
0
0
0
0
0
0
0
0
0
0
0

# Catch compositions
-999 -999 -999 -999 -999 -999 -999 -999
-999 -999 -999 -999 -999 -999 -999 -999
-999 -999 -999 -999 -999 -999 -999 -999
-999 -999 -999 -999 -999 -999 -999 -999
-999 -999 -999 -999 -999 -999 -999 -999
-999 -999 -999 -999 -999 -999 -999 -999
-999 -999 -999 -999 -999 -999 -999 -999
-999 -999 -999 -999 -999 -999 -999 -999
-999 -999 -999 -999 -999 -999 -999 -999
-999 -999 -999 -999 -999 -999 -999 -999
-999 -999 -999 -999 -999 -999 -999 -999
-999 -999 -999 -999 -999 -999 -999 -999
-999 -999 -999 -999 -999 -999 -999 -999
-999 -999 -999 -999 -999 -999 -999 -999
-999 -999 -999 -999 -999 -999 -999 -999
-999 -999 -999 -999 -999 -999 -999 -999
-999 -999 -999 -999 -999 -999 -999 -999
-999 -999 -999 -999 -999 -999 -999 -999
-999 -999 -999 -999 -999 -999 -999 -999
-999 -999 -999 -999 -999 -999 -999 -999
-999 -999 -999 -999 -999 -999 -999 -999
-999 -999 -999 -999 -999 -999 -999 -999
-999 -999 -999 -999 -999 -999 -999 -999
-999 -999 -999 -999 -999 -999 -999 -999
-999 -999 -999 -999 -999 -999 -999 -999
-999 -999 -999 -999 -999 -999 -999 -999
-999 -999 -999 -999 -999 -999 -999 -999
-999 -999 -999 -999 -999 -999 -999 -999
-999 -999 -999 -999 -999 -999 -999 -999
-999 -999 -999 -999 -999 -999 -999 -999
-999 -999 -999 -999 -999 -999 -999 -999
-999 -999 -999 -999 -999 -999 -999 -999
-999 -999 -999 -999 -999 -999 -999 -999
-999 -999 -999 -999 -999 -999 -999 -999
-999 -999 -999 -999 -999 -999 -999 -999
-999 -999 -999 -999 -999 -999 -999 -999
-999 -999 -999 -999 -999 -999 -999 -999
-999 -999 -999 -999 -999 -999 -999 -999
-999 -999 -999 -999 -999 -999 -999 -999
-999 -999 -999 -999 -999 -999 -999 -999
-999 -999 -999 -999 -999 -999 -999 -999
-999 -999 -999 -999 -999 -999 -999 -999
-999 -999 -999 -999 -999 -999 -999 -999
-999 -999 -999 -999 -999 -999 -999 -999
-999 -999 -999 -999 -999 -999 -999 -999
-999 -999 -999 -999 -999 -999 -999 -999
-999 -999 -999 -999 -999 -999 -999 -999
-999 -999 -999 -999 -999 -999 -999 -999
-999 -999 -999 -999 -999 -999 -999 -999
-999 -999 -999 -999 -999 -999 -999 -999

# Age composition from fishery-independent survey
0 0 0 21 100 18 9 52
0 0 0 10 47 71 10 62
0 0 0 0 20 41 75 64
0 0 1 3 2 24 36 134
0 0 21 13 8 9 20 129
0 0 8 104 13 5 2 68
0 0 15 45 83 7 1 49
0 0 7 55 39 70 4 25
0 0 4 79 64 17 15 21
0 0 6 42 94 28 6 24
0 0 1 55 49 52 19 24
0 0 4 22 78 24 42 30
0 0 0 31 25 67 18 59
0 0 0 8 45 17 65 65
0 0 6 11 14 60 15 94
0 0 0 14 9 25 43 109
0 0 3 10 28 10 9 140
0 0 12 35 23 17 5 108
0 0 7 72 34 13 6 68
0 0 9 36 81 16 7 51
0 0 5 64 64 43 7 17
0 0 25 53 53 29 21 19
0 0 7 122 37 19 4 11
0 0 7 72 91 16 6 8
0 0 3 67 75 41 2 12
0 0 1 31 77 38 27 26
0 0 3 17 50 39 31 60
0 0 1 31 38 21 30 79
0 0 0 11 48 29 35 77
0 0 3 10 19 48 25 95
0 0 6 20 18 13 19 124
0 0 0 45 24 16 11 104
0 0 6 10 73 20 11 80
0 0 4 77 13 39 8 59
0 0 44 16 71 2 26 41
0 0 8 137 15 17 1 22
0 0 0 46 141 1 3 9
0 0 1 11 76 81 5 26
0 0 8 22 9 49 83 29
0 0 8 67 19 9 22 75
0 0 5 43 68 7 7 70
0 0 3 40 61 40 6 50
0 0 0 27 52 44 31 46
0 0 18 9 45 45 28 55
0 0 10 96 12 27 19 36
0 0 3 67 87 4 6 33
0 0 2 17 66 69 2 44
0 0 3 30 24 61 38 44
0 0 0 11 39 21 52 77
0 0 1 10 20 44 19 106

# Antibody prevalence values
0 0 0 0 0 0 0 30 3 84 3 11 1 12 41 15
0 0 0 0 0 0 0 15 3 29 25 53 7 5 54 9
0 0 0 0 0 0 0 3 0 28 10 33 24 49 40 13
0 0 0 0 0 3 0 6 0 8 0 27 6 28 70 52
0 0 0 0 0 14 0 17 0 3 0 5 1 19 64 77
0 0 0 0 0 2 0 97 0 10 0 8 0 4 32 47
0 0 0 0 0 4 0 41 8 96 3 4 0 2 26 16
0 0 0 0 0 12 0 55 1 50 3 51 1 2 14 11
0 0 0 0 0 5 0 68 4 65 6 12 8 15 15 2
0 0 0 0 0 11 1 40 6 69 14 19 3 7 24 6
0 0 0 0 0 3 1 46 1 54 9 40 11 9 18 8
0 0 0 0 0 6 0 20 6 81 4 16 18 17 30 2
0 0 0 0 0 2 0 34 0 24 3 63 7 16 35 16
0 0 0 0 0 0 0 16 0 60 0 20 7 49 25 23
0 0 0 0 0 3 0 8 0 24 1 44 0 24 33 63
0 0 0 0 0 1 0 19 0 14 0 14 0 38 34 80
0 0 0 0 0 6 0 16 0 27 0 10 0 19 28 94
0 0 0 0 0 7 0 29 0 19 2 18 0 11 23 91
0 0 0 0 0 5 0 62 0 28 0 10 1 13 24 57
0 0 0 0 0 9 0 55 0 79 1 14 0 3 5 34
0 0 0 0 0 8 1 60 3 45 6 35 3 5 13 21
0 0 0 0 0 17 0 64 1 63 1 21 3 16 5 9
0 0 0 0 0 10 0 108 8 27 9 12 6 6 6 8
0 0 0 0 0 6 3 77 19 68 9 4 5 1 8 0
0 0 0 0 0 2 1 54 12 66 31 11 9 0 13 1
0 0 0 0 0 3 1 27 5 68 22 9 39 3 23 0
0 0 0 0 0 4 0 16 7 32 22 25 24 6 64 0
0 0 0 0 0 0 0 15 0 25 9 35 19 21 76 0
0 0 0 0 0 2 0 7 0 36 0 30 2 35 70 18
0 0 0 0 0 6 0 10 0 23 0 38 0 27 64 32
0 0 0 0 0 6 0 14 0 16 0 12 0 33 72 47
0 0 0 0 0 0 0 45 0 23 1 12 0 17 47 55
0 0 0 0 0 11 0 4 6 63 2 25 2 9 38 40
0 0 0 0 0 3 0 54 0 5 5 56 2 10 29 36
0 0 0 0 0 43 0 16 0 70 1 4 1 26 17 22
0 0 0 0 0 11 2 133 2 11 9 8 0 1 15 8
0 0 0 0 0 1 1 49 32 97 3 0 2 0 14 1
0 0 0 0 0 2 0 9 11 69 63 10 6 0 30 0
0 0 0 0 0 11 0 17 0 14 12 38 67 6 34 1
0 0 0 0 0 6 0 73 0 26 0 12 8 13 58 4
0 0 0 0 0 5 0 53 7 60 0 4 0 5 60 6
0 0 0 0 0 9 1 41 12 50 22 22 1 0 41 1
0 0 0 0 0 1 0 30 3 53 15 33 17 7 40 1
0 0 0 0 0 17 0 14 1 43 5 33 15 17 43 12
0 0 0 0 0 5 0 96 0 18 0 22 1 22 22 14
0 0 0 0 0 1 0 55 14 89 1 1 4 1 32 2
0 0 0 0 0 0 0 14 12 61 36 25 2 0 48 2
0 0 0 0 0 1 0 26 3 31 18 35 37 17 32 0
0 0 0 0 0 0 0 6 0 36 0 21 22 32 70 13
0 0 0 0 0 3 0 7 0 15 1 30 1 27 72 44

# Average weight-at-age
70
94
115
134
150
160
165
168

# Maturity logistic function parameter age-at-50%
3

# Maturity logistic function parameter age-at-95%
4

# Infection prevalence index (avg of 3 different samples)
0.0388888888888889
0
0
0
0
0.0555555555555556
0
0.0444444444444444
0.0666666666666667
0.00555555555555556
0.122222222222222
0
0
0
0
0
0
0
0
0.00555555555555556
0.00555555555555556
0.0666666666666667
0.222222222222222
0.0833333333333333
0.127777777777778
0.0666666666666667
0
0
0
0
0.00555555555555556
0
0
0.0111111111111111
0.0722222222222222
0.166666666666667
0.0611111111111111
0.0222222222222222
0
0.0888888888888889
0.0833333333333333
0
0.00555555555555556
0
0.0222222222222222
0.0444444444444444
0.0222222222222222
0
0
0

