# Simulated data from SIR age-structured hybrid model
# random seed = 5613534
# Flag=0 if no issues, =1 if negative pop #'s, =2 if NaN, or=3 if NA. Flag:
0

# True SSB
30292.8104210466
25444.5238434772
20918.9996171382
16956.9114241228
13489.1777145419
11486.6039509833
11037.7547620669
13256.1307356673
19736.0859460317
21090.1930741039
18612.2303286268
16113.3619628629
13871.6354859767
11977.0729876792
10597.5570058909
11897.2965131824
15375.8545083436
24061.6471021118
36123.1752441472
39098.6553075347
34613.785954757
35950.977563406
36955.0441006808
31309.296891286
29722.6614601358
31167.6596582614
31147.6701173863
28029.8245726177
28666.7728845614
30732.3058647263
31039.5819611583
41042.5444410419
50175.8826695776
72165.7700739332
127847.630631607
158855.412031205
138539.172025311
113272.65593999
98929.1831480161
87135.8023033784
70879.9846794877
65477.0766052832
73649.8421274416
73362.5310965185
69074.7657153577
68672.7473828978
63577.8202134477
66383.4038518423
70557.2786642111
69778.3049540081

# True R (numbers)
10.8989755689015
11.7103752032059
15.8727882794796
44.2991263674095
88.4753365507278
225.556318105609
63.3980530635252
26.0610975861649
10.0629890219209
24.9052555809048
11.0979675374294
16.5284283116676
98.1456867114352
77.2097702167776
308.239377809457
403.855111033057
113.628476656207
36.1671973683188
232.457793429113
94.7645437421463
47.9870929879628
97.7954249044902
158.430159890883
90.0771605180172
65.1408510505045
138.012157767827
132.173505316513
141.557656279214
390.193742261008
336.98237373671
701.483591456779
1953.01665373139
762.013510880695
88.2642568734373
20.854418483944
284.039259813213
49.8302737794285
100.980976965214
173.92689961513
570.696276505299
215.582015412558
266.655889507554
204.506979657466
208.215886720316
296.107784304535
480.173848196068
176.4178386611
276.251523287001
122.648617009897
103.616742856246

# True infection rate given (selected) susceptible
-999 -999 0.15076180397438 0.15076180397438 0.15076180397438 0.150761803974381 0.150761803974381 0.15076180397438
-999 -999 0.0183458276755353 0.018345827675536 0.0183458276755358 0.0183458276755363 0.0183458276755362 0.0183458276755361
-999 -999 0.0426364407294266 0.0426364407294265 0.0426364407294264 0.0426364407294265 0.0426364407294265 0.0426364407294272
-999 -999 0.204004711876561 0.204004711876561 0.204004711876562 0.204004711876561 0.204004711876561 0.204004711876562
-999 -999 0.0148935294142061 0.0148935294142072 0.0148935294142064 0.0148935294142062 0.0148935294142063 0.0148935294142062
-999 -999 0.00595119759085926 0.00595119759085938 0.00595119759085877 0.00595119759085955 0.00595119759085886 0.00595119759085975
-999 -999 0.00283997373780689 0.002839973737806 0.00283997373780626 0.00283997373780648 0.00283997373780632 0.00283997373780614
-999 -999 0.00672727375540444 0.00672727375540504 0.00672727375540424 0.0067272737554043 0.00672727375540403 0.00672727375540469
-999 -999 0.673464062529809 0.673464062529809 0.673464062529809 0.673464062529809 0.673464062529809 0.673464062529809
-999 -999 0.451395106211024 0.451395106211024 0.451395106211023 0.451395106211024 0.451395106211024 0.451395106211024
-999 -999 0.00209349652548398 0.00209349652548448 0.00209349652548395 0.00209349652548398 0.00209349652548446 0.00209349652548409
-999 -999 0.00135941402036527 0.00135941402036629 0.00135941402036536 0.00135941402036636 0.00135941402036653 0.00135941402036556
-999 -999 0.00191141764895285 0.00191141764895367 0.00191141764895325 0.00191141764895222 0.00191141764895315 0.00191141764895261
-999 -999 0.00341565189520145 0.00341565189520177 0.0034156518952021 0.00341565189520193 0.00341565189520156 0.0034156518952017
-999 -999 0.00305835162628066 0.00305835162628069 0.00305835162628155 0.0030583516262806 0.0030583516262811 0.00305835162628113
-999 -999 0.00859056452139497 0.00859056452139666 0.00859056452139618 0.0085905645213964 0.00859056452139528 0.00859056452139575
-999 -999 0.268942243412775 0.268942243412776 0.268942243412775 0.268942243412776 0.268942243412775 0.268942243412775
-999 -999 0.736168706556269 0.736168706556269 0.736168706556269 0.736168706556269 0.736168706556269 0.736168706556269
-999 -999 0.803858615327816 0.803858615327816 0.803858615327816 0.803858615327816 0.803858615327816 0.803858615327816
-999 -999 0.621144962699417 0.621144962699417 0.621144962699417 0.621144962699417 0.621144962699417 0.621144962699417
-999 -999 0.00235094550818298 0.00235094550818295 0.00235094550818329 0.00235094550818325 0.00235094550818301 0.00235094550818274
-999 -999 0.194480846707291 0.194480846707291 0.194480846707291 0.194480846707291 0.194480846707291 0.19448084670729
-999 -999 0.595813674904711 0.595813674904712 0.595813674904712 0.595813674904712 0.595813674904712 0.595813674904712
-999 -999 0.002075924513863 0.0020759245138628 0.0020759245138637 0.00207592451386293 0.00207592451386229 0.0020759245138626
-999 -999 0.00234949723895754 0.00234949723895628 0.0023494972389565 0.00234949723895675 0.00234949723895699 0.00234949723895696
-999 -999 0.194598033322921 0.194598033322922 0.194598033322921 0.194598033322921 0.194598033322921 0.194598033322921
-999 -999 0.400359206274846 0.400359206274845 0.400359206274845 0.400359206274845 0.400359206274845 0.400359206274845
-999 -999 0.00442283908067564 0.00442283908067628 0.00442283908067667 0.00442283908067662 0.00442283908067641 0.00442283908067601
-999 -999 0.0474375701739278 0.0474375701739273 0.0474375701739267 0.0474375701739271 0.0474375701739271 0.0474375701739258
-999 -999 0.510614694991457 0.510614694991457 0.510614694991456 0.510614694991456 0.510614694991456 0.510614694991456
-999 -999 0.0513089263793849 0.0513089263793844 0.0513089263793846 0.0513089263793853 0.0513089263793841 0.051308926379384
-999 -999 0.766956970534728 0.766956970534727 0.766956970534727 0.766956970534727 0.766956970534727 0.766956970534727
-999 -999 0.736265437393618 0.736265437393618 0.736265437393618 0.736265437393618 0.736265437393618 0.736265437393619
-999 -999 0.852328881308691 0.852328881308692 0.852328881308691 0.852328881308691 0.852328881308692 0.852328881308691
-999 -999 0.95792547973597 0.95792547973597 0.95792547973597 0.95792547973597 0.95792547973597 0.95792547973597
-999 -999 0.925852781329935 0.925852781329935 0.925852781329935 0.925852781329935 0.925852781329935 0.925852781329935
-999 -999 0.504575163741496 0.504575163741495 0.504575163741496 0.504575163741496 0.504575163741495 0.504575163741495
-999 -999 0.00293249619862548 0.00293249619862626 0.00293249619862524 0.00293249619862627 0.00293249619862562 0.00293249619862551
-999 -999 0.0122995306209385 0.0122995306209397 0.0122995306209397 0.0122995306209398 0.0122995306209386 0.0122995306209402
-999 -999 0.496726920022911 0.496726920022911 0.496726920022911 0.496726920022911 0.496726920022911 0.496726920022911
-999 -999 0.00410738460852658 0.00410738460852648 0.00410738460852588 0.00410738460852671 0.00410738460852588 0.0041073846085252
-999 -999 0.0120253689150663 0.0120253689150673 0.0120253689150674 0.0120253689150656 0.0120253689150664 0.0120253689150663
-999 -999 0.799923831518888 0.799923831518889 0.799923831518889 0.799923831518889 0.799923831518888 0.799923831518888
-999 -999 0.699760736783543 0.699760736783543 0.699760736783543 0.699760736783543 0.699760736783543 0.699760736783543
-999 -999 0.0999433251324053 0.0999433251324054 0.0999433251324048 0.0999433251324044 0.0999433251324047 0.0999433251324056
-999 -999 0.577262258398448 0.577262258398448 0.577262258398448 0.577262258398449 0.577262258398449 0.577262258398448
-999 -999 0.0558543409762129 0.0558543409762146 0.0558543409762142 0.0558543409762147 0.0558543409762139 0.0558543409762136
-999 -999 0.619422332651054 0.619422332651055 0.619422332651054 0.619422332651054 0.619422332651054 0.619422332651054
-999 -999 0.7284623354322 0.7284623354322 0.728462335432201 0.7284623354322 0.728462335432201 0.7284623354322
-999 -999 0.608519756722442 0.608519756722442 0.608519756722442 0.608519756722441 0.608519756722442 0.608519756722442

# Duration of outbreak (days) based on incidence
0
0
0
0
0
0
0
0
0
0
0
0
0
0
0
0
0
0
0
0
0
0
0
0
0
0
0
0
0
0
0
0
0
0
3
0
0
0
0
0
0
0
0
0
0
0
0
0
0
0

# Duration of outbreak (days) based on prevalence
0
0
0
0
0
0
0
0
31
0
0
0
0
0
0
0
0
30
26
0
0
0
0
0
0
0
0
0
0
0
0
28
20
24
22
19
0
0
0
0
0
0
22
0
0
0
0
0
15
0

# Peak (point) prevalence
0.0241933789402097
0.00197400702436607
0.00542025097245178
0.0258430813074434
0.00118604859549343
0.000399158810987265
0.000199593557739397
0.00100626545615684
0.187097030296775
0.0576624310628517
9.40632386000479e-05
6.42438865663249e-05
9.9030658460518e-05
0.000212115192301285
0.000211282625420675
0.00129012619481926
0.0642668021386799
0.225606491154106
0.234780350191424
0.0784340029547312
7.41942003425918e-05
0.0258608691372696
0.0870902722026003
7.46674445113108e-05
0.000124616433414522
0.030957422569361
0.0540723269637086
0.00029201284059304
0.00793295059925958
0.0849302782104768
0.00784711119225383
0.222464922012028
0.152862108039574
0.256493341783949
0.463948924211115
0.277820983128988
0.0229884672542512
4.10656784060582e-05
0.000464891120190922
0.0340921946545798
9.71768787782334e-05
0.000709212117815727
0.193002792378843
0.0936305307390536
0.00861786637899522
0.0662760333967498
0.00543001310847531
0.0899825661120631
0.125104346465333
0.062491878798685

# Day of peak prevalence
119
119
119
118
119
119
114
119
66
90
96
83
84
110
113
119
119
53
37
61
87
119
70
89
116
119
97
119
119
84
119
45
45
29
13
16
73
76
119
75
85
119
36
48
119
72
119
65
47
63

# Total immunity
0.317589575167983
0.359367992691099
0.330617039312659
0.256002247976748
0.187282060089104
0.0810691806146681
0.0675806193826271
0.0622426456750744
0.0608676322595612
0.279278038246131
0.408444447061208
0.361298632304062
0.191286343473395
0.129848172301003
0.0491076136622114
0.0240698529834373
0.0207217525753827
0.0424709848340245
0.116460361518499
0.236067990548745
0.308520333964232
0.245322432854767
0.198112607625625
0.261687900620827
0.222993386282275
0.158979424970968
0.146517057689997
0.165669861124938
0.0844730208335924
0.058078393271747
0.0593243674657866
0.0226583972265229
0.0456028266249288
0.0777433144238882
0.157491043496008
0.341677953112297
0.58242483491609
0.590857397620457
0.483642459258347
0.2746442196734
0.270911958976607
0.211745634330232
0.175145285772992
0.265432144468988
0.272011465028625
0.18022447627177
0.212768453568054
0.167939278267726
0.231516615321232
0.322628543897713

# Observed immunity (based on survey selectivity)
0.386695344571837
0.428647082569655
0.418473515739694
0.421384293250567
0.496854963014431
0.455194141170153
0.360022905806403
0.224140426567781
0.116471011650239
0.403801519354595
0.557333696758641
0.515567315751009
0.469677692594137
0.424824354757496
0.370171292865363
0.246180095975272
0.147539375865099
0.147557316436712
0.300849738093659
0.52934061606506
0.680048229848952
0.506756466469229
0.4401983102684
0.636612882566287
0.521732030000792
0.382860852078826
0.36803859528419
0.482546373024172
0.366619843987974
0.280494597053112
0.414148800926749
0.252654879170219
0.409244105724874
0.374372953747413
0.31349103909673
0.505315836146702
0.786213716392332
0.853612565917138
0.761262039151046
0.676931556907247
0.759749370027385
0.628928241583294
0.423061008008801
0.583506687083996
0.663301592750681
0.545574707714132
0.617426111069151
0.468980692094228
0.504826143562942
0.609231807411897

# True total proportion of susceptible
1 1 1 0.998993965773538 0.989758613460092 0.962242850277119 0.784129086913533 0.262726754744181
1 1 1 0.994371695443603 0.941504560204843 0.878711165986056 0.847132280201391 0.302220098899335
1 1 1 0.999321633238926 0.987592241364271 0.929007061251013 0.866112083026785 0.405165740988607
1 1 1 0.998418025625095 0.983414954263137 0.957400507378371 0.898364729291163 0.484818595945111
1 1 1 0.992396131458077 0.920163180373576 0.831598536143417 0.799838086728501 0.431278053165395
1 1 1 0.999451107010571 0.98691858695488 0.910200756017665 0.821775554647193 0.442995249215942
1 1 1 0.999781742624943 0.997267849289941 0.982798034626911 0.906069531377712 0.452696918765869
1 1 1 0.999896086253227 0.998742560243839 0.99529609443446 0.980739956032458 0.473748809979893
1 1 1 0.999751218421529 0.99740674307267 0.994012831675485 0.990326952379271 0.503830130445846
1 1 1 0.975204201292403 0.725494086587781 0.415510925346969 0.375089112514264 0.186894964255912
1 1 1 0.983211979875657 0.798576284323846 0.44040602505031 0.231140618645331 0.126390566564343
1 1 1 0.999923546526 0.982449193666635 0.797310056812807 0.43957022958131 0.166408474347771
1 1 1 0.999950421305085 0.99942781228181 0.981516350212937 0.796450557978765 0.323063324671251
1 1 1 0.999930286272374 0.999253312786884 0.998103762229709 0.980137049247282 0.41302345445337
1 1 1 0.999875068325938 0.998680773851836 0.996879753968553 0.995606896089126 0.467364060093109
1 1 1 0.999888098287991 0.998755946370094 0.99655565643671 0.994645106932421 0.490751892955917
1 1 1 0.999682100755332 0.996706320691802 0.992708900256563 0.990197764932339 0.551798006337625
1 1 1 0.989920992253561 0.894837531321056 0.789519017290057 0.774180498141516 0.436907280127189
1 1 1 0.973106824675904 0.691827275036016 0.308198328093667 0.230657037328566 0.127513396499757
1 1 1 0.970919616439369 0.651695008419231 0.181150835902713 0.0594379518202277 0.0322332230218678
1 1 1 0.97722626227703 0.726133785574781 0.286664402368756 0.0665889152632968 0.0145064111739636
1 1 1 0.999914218964979 0.976372112667102 0.724803745075704 0.286021420274598 0.046362236870698
1 1 1 0.992726738248746 0.925093705986646 0.832211286482132 0.601704673554663 0.138039146287572
1 1 1 0.978037600886611 0.753866525300206 0.452597281329137 0.372244710929144 0.0865434376521207
1 1 1 0.999924245365127 0.977282328948694 0.752660010551654 0.451749804228188 0.104851288412222
1 1 1 0.999914015358062 0.999064387857533 0.975669256783914 0.751227618479956 0.227437142976336
1 1 1 0.992728740253124 0.925114704789833 0.852817678281183 0.823549081462147 0.25669346659518
1 1 1 0.98507785966913 0.835107737281117 0.62217410175458 0.551110430985429 0.189717182801735
1 1 1 0.999837684150969 0.983463088482007 0.83234301757176 0.619824467101169 0.262727569463208
1 1 1 0.998233392366224 0.982056621288104 0.949782782752135 0.800445686017047 0.354699120589829
1 1 1 0.981047904326457 0.793950204084109 0.565793089957864 0.518781684274785 0.219388425744464
1 1 1 0.998089230082068 0.962010174585711 0.762207005888418 0.539913897801403 0.250406809946168
1 1 1 0.972110865425627 0.685827301420266 0.308272209236415 0.196796944525196 0.076761054272754
1 1 1 0.973229615652536 0.679307086480925 0.226008606227939 0.080472310744785 0.0267451390604278
1 1 1 0.969292734106968 0.631452563916751 0.143900097371177 0.0318867003589312 0.00545000763588388
1 1 1 0.965803871456801 0.584111948186183 0.064122199967848 0.00535346613373459 0.00064667563310718
1 1 1 0.966900689069458 0.595724800742385 0.0780932486773165 0.00431909815183545 0.000150296551934801
1 1 1 0.981398106698141 0.770870932840836 0.326249141447534 0.0373170763755578 0.00101536699155709
1 1 1 0.99989312259389 0.980334436994671 0.769144616987986 0.325349247700609 0.0239634450173009
1 1 1 0.999546730131715 0.995354068169666 0.971795135147377 0.761460358547263 0.100541146834609
1 1 1 0.981668905071691 0.802300229913903 0.590895980746696 0.549885752217024 0.0631392112571315
1 1 1 0.999850147245757 0.980179657579214 0.799814746077643 0.588812101526819 0.0687699915832396
1 1 1 0.999556809768116 0.995412297854796 0.971831641445087 0.792095430462456 0.159125476100169
1 1 1 0.971082400937398 0.673987069974997 0.290104039881212 0.233441419697228 0.0354791446655187
1 1 1 0.974521370263185 0.694111784054432 0.246531717455511 0.0863309593690041 0.0147328383988815
1 1 1 0.996274224544637 0.937292998369083 0.637402419732516 0.222045837896064 0.022978693820164
1 1 1 0.978694219132543 0.764640990156327 0.476650357517944 0.285466517623178 0.0416030337661897
1 1 1 0.997920671435238 0.957992811826517 0.730968066310731 0.452177227840694 0.0779793067007443
1 1 1 0.977220204959962 0.748435033016776 0.450243114634544 0.302085219941758 0.0588390649145779
1 1 1 0.97348978322454 0.686502264062567 0.256340822862181 0.125294514469336 0.0260132716883249

# True vulnerable proportion of susceptible
0 0 0.05 0.499496982886769 0.940270682787087 0.962242850277119 0.784129086913533 0.262726754744181
0 0 0.05 0.497185847721802 0.894429332194601 0.878711165986056 0.847132280201391 0.302220098899335
0 0 0.05 0.499660816619463 0.938212629296057 0.929007061251013 0.866112083026785 0.405165740988607
0 0 0.05 0.499209012812547 0.93424420654998 0.957400507378371 0.898364729291163 0.484818595945111
0 0 0.05 0.496198065729038 0.874155021354897 0.831598536143417 0.799838086728501 0.431278053165395
0 0 0.05 0.499725553505285 0.937572657607136 0.910200756017665 0.821775554647193 0.442995249215942
0 0 0.05 0.499890871312471 0.947404456825444 0.982798034626911 0.906069531377712 0.452696918765869
0 0 0.05 0.499948043126614 0.948805432231647 0.99529609443446 0.980739956032458 0.473748809979893
0 0 0.05 0.499875609210765 0.947536405919036 0.994012831675485 0.990326952379271 0.503830130445846
0 0 0.05 0.487602100646201 0.689219382258392 0.415510925346969 0.375089112514264 0.186894964255912
0 0 0.05 0.491605989937829 0.758647470107654 0.44040602505031 0.231140618645331 0.126390566564343
0 0 0.05 0.499961773263 0.933326733983304 0.797310056812807 0.43957022958131 0.166408474347771
0 0 0.05 0.499975210652542 0.949456421667719 0.981516350212937 0.796450557978765 0.323063324671251
0 0 0.05 0.499965143136187 0.949290647147539 0.998103762229709 0.980137049247282 0.41302345445337
0 0 0.05 0.499937534162969 0.948746735159244 0.996879753968553 0.995606896089126 0.467364060093109
0 0 0.05 0.499944049143995 0.948818149051589 0.99655565643671 0.994645106932421 0.490751892955917
0 0 0.05 0.499841050377666 0.946871004657212 0.992708900256563 0.990197764932339 0.551798006337625
0 0 0.05 0.494960496126781 0.850095654755003 0.789519017290057 0.774180498141516 0.436907280127189
0 0 0.05 0.486553412337952 0.657235911284216 0.308198328093667 0.230657037328566 0.127513396499757
0 0 0.05 0.485459808219684 0.619110257998269 0.181150835902713 0.0594379518202277 0.0322332230218678
0 0 0.05 0.488613131138515 0.689827096296042 0.286664402368756 0.0665889152632968 0.0145064111739636
0 0 0.05 0.499957109482489 0.927553507033747 0.724803745075704 0.286021420274598 0.046362236870698
0 0 0.05 0.496363369124373 0.878839020687314 0.832211286482132 0.601704673554663 0.138039146287572
0 0 0.05 0.489018800443305 0.716173199035195 0.452597281329137 0.372244710929144 0.0865434376521207
0 0 0.05 0.499962122682563 0.928418212501259 0.752660010551654 0.451749804228188 0.104851288412222
0 0 0.05 0.499957007679031 0.949111168464656 0.975669256783914 0.751227618479956 0.227437142976336
0 0 0.05 0.496364370126562 0.878858969550341 0.852817678281183 0.823549081462147 0.25669346659518
0 0 0.05 0.492538929834565 0.793352350417061 0.62217410175458 0.551110430985429 0.189717182801735
0 0 0.05 0.499918842075484 0.934289934057906 0.83234301757176 0.619824467101169 0.262727569463208
0 0 0.05 0.499116696183112 0.932953790223699 0.949782782752135 0.800445686017047 0.354699120589829
0 0 0.05 0.490523952163229 0.754252693879903 0.565793089957864 0.518781684274785 0.219388425744464
0 0 0.05 0.499044615041034 0.913909665856426 0.762207005888418 0.539913897801403 0.250406809946168
0 0 0.05 0.486055432712814 0.651535936349253 0.308272209236415 0.196796944525196 0.076761054272754
0 0 0.05 0.486614807826268 0.645341732156878 0.226008606227939 0.080472310744785 0.0267451390604278
0 0 0.05 0.484646367053484 0.599879935720913 0.143900097371177 0.0318867003589312 0.00545000763588388
0 0 0.05 0.4829019357284 0.554906350776874 0.064122199967848 0.00535346613373459 0.00064667563310718
0 0 0.05 0.483450344534729 0.565938560705265 0.0780932486773165 0.00431909815183545 0.000150296551934801
0 0 0.05 0.49069905334907 0.732327386198794 0.326249141447534 0.0373170763755578 0.00101536699155709
0 0 0.05 0.499946561296945 0.931317715144937 0.769144616987986 0.325349247700609 0.0239634450173009
0 0 0.05 0.499773365065857 0.945586364761182 0.971795135147377 0.761460358547263 0.100541146834609
0 0 0.05 0.490834452535846 0.762185218418208 0.590895980746696 0.549885752217024 0.0631392112571315
0 0 0.05 0.499925073622879 0.931170674700254 0.799814746077643 0.588812101526819 0.0687699915832396
0 0 0.05 0.499778404884058 0.945641682962056 0.971831641445087 0.792095430462456 0.159125476100169
0 0 0.05 0.485541200468699 0.640287716476247 0.290104039881212 0.233441419697228 0.0354791446655187
0 0 0.05 0.487260685131592 0.659406194851711 0.246531717455511 0.0863309593690041 0.0147328383988815
0 0 0.05 0.498137112272318 0.890428348450628 0.637402419732516 0.222045837896064 0.022978693820164
0 0 0.05 0.489347109566271 0.72640894064851 0.476650357517944 0.285466517623178 0.0416030337661897
0 0 0.05 0.498960335717619 0.910093171235191 0.730968066310731 0.452177227840694 0.0779793067007443
0 0 0.05 0.488610102479981 0.711013281365937 0.450243114634544 0.302085219941758 0.0588390649145779
0 0 0.05 0.48674489161227 0.652177150859439 0.256340822862181 0.125294514469336 0.0260132716883249

# True survival by age
0.778267540515681 0.778267540515681 0.776407362745876 0.759685013302932 0.743291589224417 0.742488819049913 0.749210262150402 0.768886316611083
0.778267540515681 0.778267540515681 0.778066300200046 0.776269465028698 0.774698827951026 0.774795574635622 0.774939512740239 0.777423249091602
0.778267540515681 0.778267540515681 0.777762933610389 0.773225256282306 0.768805585433109 0.768929729408333 0.769598012493667 0.774495742842374
0.778267540515681 0.778267540515681 0.775747239532786 0.753105244778513 0.731184852527225 0.730031507582608 0.733038746562576 0.754104481486517
0.778267540515681 0.778267540515681 0.778109787586074 0.776706061251299 0.77555210259444 0.775733597235994 0.775850739338027 0.777210099732869
0.778267540515681 0.778267540515681 0.778220862861746 0.777801312879805 0.777399242240799 0.777465704576035 0.777595406275377 0.778150999573785
0.778267540515681 0.778267540515681 0.778259283375556 0.778185103520378 0.778112540387623 0.778114411313947 0.778167997377174 0.778484626171632
0.778267540515681 0.778267540515681 0.778210607089332 0.777698320825078 0.777187836152159 0.777136736500546 0.777161073069662 0.77800871718558
0.778267540515681 0.778267540515681 0.770049696009389 0.696109672596967 0.62253478639277 0.614897875369262 0.615505640495463 0.69572416601322
0.778267540515681 0.778267540515681 0.77269308975968 0.723918484719257 0.701573528620892 0.732254311125098 0.736782453857964 0.757864387227227
0.778267540515681 0.778267540515681 0.778268510845436 0.778286033000838 0.778389670976895 0.778574486618461 0.778682014709584 0.778735839053218
0.778267540515681 0.778267540515681 0.778277541783857 0.778367586319369 0.778463588371752 0.778535105652955 0.778654310713723 0.77874533290682
0.778267540515681 0.778267540515681 0.778270775634483 0.778299916537247 0.778329277716963 0.778340903224327 0.77842761398387 0.778649414923216
0.778267540515681 0.778267540515681 0.778252220873549 0.778114391948587 0.777977082821218 0.777962739821407 0.77797782530962 0.778453993958693
0.778267540515681 0.778267540515681 0.778256599222304 0.778158207869939 0.778060633655809 0.778051061286658 0.778052018562875 0.778449293319639
0.778267540515681 0.778267540515681 0.7781873853675 0.777466138399608 0.776747150711336 0.776671795859998 0.776675877453873 0.777752367463777
0.778267540515681 0.778267540515681 0.774921768667707 0.744820627736783 0.714909009824761 0.711843878606116 0.71201325136782 0.741582736184812
0.778267540515681 0.778267540515681 0.769360331396375 0.690098582175598 0.626884022252923 0.637731558119402 0.640472205223285 0.700735315319932
0.778267540515681 0.778267540515681 0.768642754444559 0.684622430982681 0.651916770439758 0.719309579099681 0.734277294121597 0.754187004251718
0.778267540515681 0.778267540515681 0.770715476559824 0.704958577020274 0.684942066276967 0.75134293176881 0.769791503955035 0.773915047709886
0.778267540515681 0.778267540515681 0.778265376482463 0.778258536940854 0.778383721460762 0.778635514387063 0.778762393015551 0.778792419788519
0.778267540515681 0.778267540515681 0.775857631650679 0.754170564852531 0.73357375152343 0.743480067457095 0.76486255315226 0.776541485441002
0.778267540515681 0.778267540515681 0.77098294036098 0.705955245418146 0.650267666418232 0.657110483273077 0.690816369372282 0.758615974996222
0.778267540515681 0.778267540515681 0.778268745679061 0.778291038752526 0.778416051473047 0.778570348013783 0.778611258664275 0.778756720407163
0.778267540515681 0.778267540515681 0.778265308064218 0.778245258087831 0.778238201572715 0.778365827184951 0.77853972066102 0.778740190394153
0.778267540515681 0.778267540515681 0.775858300230848 0.754177255094653 0.732535302186891 0.731268081141037 0.742202439705774 0.767720489365496
0.778267540515681 0.778267540515681 0.773311631843425 0.729072688130637 0.69119657676421 0.693816293840147 0.69673295095752 0.753220915647031
0.778267540515681 0.778267540515681 0.778239659256526 0.778000845524994 0.777913074837605 0.778122073415866 0.77819959448171 0.778593826717183
0.778267540515681 0.778267540515681 0.777700976116655 0.772602902702954 0.767689650400533 0.768925423922796 0.771446856754371 0.775683643800793
0.778267540515681 0.778267540515681 0.77197693350229 0.715473542755855 0.660900195569794 0.658800113785385 0.677668166442134 0.733986186893309
0.778267540515681 0.778267540515681 0.777652606354571 0.772244847879062 0.769101100083947 0.771540568135406 0.772143815003847 0.775985607075715
0.778267540515681 0.778267540515681 0.769033412074704 0.686103717958181 0.609504613547908 0.637627994039874 0.678800192417337 0.732421482593332
0.778267540515681 0.778267540515681 0.769400656251573 0.692086466832975 0.662893195938096 0.72396811918789 0.743796327953046 0.765147223126093
0.778267540515681 0.778267540515681 0.76810987612613 0.679424417526146 0.647335252988065 0.732765874240329 0.762409657306811 0.773353158492541
0.778267540515681 0.778267540515681 0.766969601675686 0.668773814656709 0.642915929190107 0.746208559432334 0.771578699916519 0.777566399836447
0.778267540515681 0.778267540515681 0.767327712518598 0.672628493020119 0.657077709083564 0.764736873616754 0.777626608401613 0.778658947832512
0.778267540515681 0.778267540515681 0.77209273572457 0.71858096040289 0.708591914533802 0.769114929106169 0.778265088185239 0.778782141889503
0.778267540515681 0.778267540515681 0.778258287510794 0.778186651022032 0.778254197307374 0.778566437447409 0.778773978116421 0.778800053730596
0.778267540515681 0.778267540515681 0.778141908405758 0.777011410680377 0.77593795883952 0.776458057208764 0.777809806758049 0.778727793179565
0.778267540515681 0.778267540515681 0.772182305066571 0.717443010266074 0.663187704583457 0.66001053643648 0.685721428665261 0.766510839237066
0.778267540515681 0.778267540515681 0.778243846989417 0.778044723455743 0.778011785336538 0.778205683999683 0.778246985937291 0.77873719474582
0.778267540515681 0.778267540515681 0.77814529441694 0.777045342625289 0.776001469920858 0.776418803163641 0.777047203755489 0.778595974721703
0.778267540515681 0.778267540515681 0.768696114502032 0.682595936332232 0.59724719879583 0.592246268006902 0.626748747911277 0.748254776168257
0.778267540515681 0.778267540515681 0.769825127888413 0.696300177372196 0.670329922430415 0.729662527061459 0.739260126384567 0.772791272503048
0.778267540515681 0.778267540515681 0.777044144581124 0.766358871980136 0.762296355969661 0.772637203850834 0.776642408835621 0.778432445002967
0.778267540515681 0.778267540515681 0.771199535394849 0.707852814049365 0.652429936025836 0.68835762164208 0.747293956395139 0.775540259342162
0.778267540515681 0.778267540515681 0.777596058681407 0.771707147770159 0.768637635797611 0.772145371689105 0.774814848558424 0.778219884934855
0.778267540515681 0.778267540515681 0.770713480418144 0.702885122056199 0.640791970338693 0.667975465745742 0.710244183853864 0.766977993802969
0.778267540515681 0.778267540515681 0.769486109882679 0.692465773241571 0.653527409472447 0.69948512069926 0.725584890293202 0.768435584236888
0.778267540515681 0.778267540515681 0.770858816585042 0.706158506359345 0.68179870155784 0.740680923461107 0.760168521349753 0.774932408718492

# True Numbers-at-age
10.8989755689015 7.01161213695408 10.3337980047454 22.8565789226565 39.1762875558805 28.8080015969916 19.3265758388276 91.1977026729948
11.7103752032059 8.48231891014945 5.45691013287714 8.02323685601297 17.3638004629178 29.1194050373232 21.3896190849383 84.6003346423093
15.8727882794796 9.11380490791489 6.60151347607166 4.24583787761186 6.22819378201572 13.4517158673979 22.5615861589403 82.3459280232424
44.2991263674095 12.3532758953967 7.09297853042266 5.13441248741801 3.28298908104956 4.78827016677344 10.3434242419961 81.1399225610308
88.4753365507278 34.4765721249572 9.61415364842206 5.5023585150407 3.86675297313079 2.40047188707571 3.49558808856244 68.7701099722601
225.556318105609 68.8574825736321 26.8319969931019 7.48086705319357 4.2737152098098 2.99886839852489 1.86212669202511 56.160878633113
63.3980530635252 175.543160939825 53.589543608682 20.8812198522755 5.81862821545324 3.32238296565912 2.33151733238996 45.1496250069204
26.0610975861649 49.3406468312323 136.619544118986 41.706559805316 16.2494542323748 4.52754758229742 2.58519406548333 36.9626011186978
10.0629890219209 20.2825063215237 38.400223856796 106.318778369104 32.4351215279849 12.6288781735129 3.51852355245755 30.7663380742247
24.9052555809048 7.83169771632668 15.785216310346 29.5700807076183 74.0095300014263 20.1919914520476 7.76547035719033 23.5705559907245
11.0979675374294 19.3829520068652 6.09515611974784 12.1971275633662 21.4063280188851 51.9231271146744 14.785672790963 23.5847472776475
16.5284283116676 8.63718790007807 15.0851223863165 4.7436680766866 9.49285402529742 16.6624646234435 40.4260220369327 29.8796254378206
98.1456867114352 12.8635392507113 6.72204298396556 11.740411968331 3.69231747115079 7.38984120842226 12.9723136560512 54.7465151827724
77.2097702167776 76.3836022091312 10.011275054978 5.23156960697921 9.13756165506493 2.87383879042252 5.75181568084773 52.726349183281
308.239377809457 60.0898579703924 59.4468782270287 7.79129704531258 4.07075960367134 7.10881356050644 2.23573949920214 45.5198221635534
403.855111033057 239.892702457849 46.7659859725538 46.2649252833498 6.06286174576278 3.16729779669299 5.53101993524102 37.1743950255888
113.628476656207 314.307323988384 186.70070352953 36.3927003481148 35.9694128033923 4.709310586178 2.45995086778096 33.2082835016035
36.1671973683188 88.4333550597693 244.615188006505 144.678439390609 27.1060339183195 25.7148572912513 3.35229391322579 26.3782073586939
232.457793429113 28.1477557431867 68.8248097419166 188.197222109271 99.8423858948374 16.9923395700403 16.3991760071677 20.6311925262293
94.7645437421463 180.914355165778 21.906484633286 52.9016913341495 128.844039704637 65.0889257655625 12.2227526240445 27.6013198698642
47.9870929879628 73.7521683862908 140.79977023885 16.8836667438935 37.2935010448878 88.2507027827655 48.9041043103801 30.7700479088754
97.7954249044902 37.3467968362391 57.3989186976969 109.579586193583 13.1398577782995 29.0286541296206 68.7151313562784 62.0481573689955
158.430159890883 76.1110048141035 29.0657997198786 44.533389120105 82.641698415921 9.6390547649115 21.582225730479 100.740599101553
90.0771605180172 123.301050881784 59.2347245228495 22.4092357319754 31.4385796455855 53.7392243777602 6.33392393486665 91.3327826312305
65.1408510505045 70.1041301729934 95.9612056127648 46.1005347550428 17.4409073554893 24.4722950316376 41.8397666257836 76.0576827547677
138.012157767827 50.6970099341745 54.5597689697267 74.6832772484321 35.8775225684253 13.5731803741324 19.0483981654147 91.8030945707457
132.173505316513 107.410382587229 39.455837232969 42.3306496138399 56.3244290366954 26.2815518363784 9.92563356717295 84.6168842799775
141.557656279214 102.866348904019 83.5940142820107 30.5116578763758 30.8621205042784 38.9312525383625 18.2345688914838 70.650723021943
390.193742261008 110.169728993588 80.0575403633587 65.0561771907171 23.7380956261897 24.0080470574919 30.2932669458274 69.1983509148918
336.98237373671 303.675124114084 85.741524023119 62.2608272860826 50.2625913363058 18.223490332444 18.4603977612404 77.0456745488488
701.483591456779 262.262443205205 236.340491960062 66.1904787891803 44.5459746732839 33.2185564440091 12.005637504581 69.0604847813846
1953.01665373139 545.941909435174 204.110346642948 183.790799559864 51.1152562235928 34.2603581255343 25.6294639114489 62.8600209523663
762.013510880695 1519.96946768569 424.888867120547 156.967676318577 126.09955090453 31.1549844909633 21.8453634266721 63.4373147764247
88.2642568734373 593.050380952838 1182.94289927467 326.909773196536 108.635204510306 83.5905343054623 22.5552155252506 64.7873863433157
20.854418483944 68.6932061123343 461.551861386052 908.630123826152 222.110482237661 70.3233975950891 61.2522909485583 67.2998439981673
284.039259813213 16.2303169823839 53.4616925711831 353.996247279932 607.668034023213 142.798367070689 52.4759212138187 99.5910604242064
49.8302737794285 221.058536144724 12.6315288796698 41.0226382680185 238.107962342678 399.285119679286 109.203176791216 118.354142959689
100.980976965214 38.7812846175388 172.042683235351 9.75271168908816 29.4780868048931 168.721376902141 307.096146515282 177.161112971167
173.92689961513 78.5902165815874 30.1822149973305 133.893644033506 7.58943004771494 22.9414447844991 131.360801335921 377.131571986847
570.696276505299 135.361660392985 61.1642145675467 23.4860463779357 104.036889231611 5.88892685997925 17.8130696469343 395.856556294333
215.582015412558 444.154387497236 105.347586514167 47.2299241923546 16.8498998126348 68.9959857615154 3.8867537758901 315.643144749873
266.655889507554 167.780484914545 345.670942766723 81.9861109998359 36.7469933070762 13.1094206359698 53.6930682927725 248.827911494432
204.506979657466 207.529623291065 130.578105340971 268.982217530593 63.7069257123824 28.5157208214631 10.1784006803484 235.458458865924
208.215886720316 159.161144076307 161.513569502883 100.374882214642 183.606168632015 38.0487829256144 16.8883292360382 182.562216317793
296.107784304535 162.047666054112 123.869952145929 124.337204298271 69.8910482897683 123.076708776844 27.7627711011167 153.567355864661
480.173848196068 230.451077018238 126.11643850624 96.2524210045383 95.2869196311867 53.27769142619 95.0936441285044 141.103557722292
176.4178386611 373.703719855503 179.352592920174 97.2609387816652 68.1325470671266 62.1680388790741 36.6741049567128 180.49439529887
276.251523287001 137.300277397866 290.841474933504 139.463869369018 75.0569616566469 52.3692398985457 48.0027634874654 168.879968618924
122.648617009897 214.997593592285 106.856349202558 224.155445395947 98.0270788438718 48.0958983475984 34.9813674119815 163.620903100735
103.616742856246 95.4534375079424 167.325648381857 82.2244764641414 155.219973822413 64.0633828949869 33.6423652608093 151.11407590351

