# Simulated data from SIR age-structured hybrid model
# random seed = 5909957
# Flag=0 if no issues, =1 if negative pop #'s, =2 if NaN, or=3 if NA. Flag:
0

# Number of years (nyr)
50

# Starting age
0

# Ending age
8

# Sample size for comp data
200

# Sample size for fishery age comp data
200

# Sample size for antibody prevalence data
200

# Survey data
18503.3002568999
31825.7891344814
17080.5055027117
14986.7999203727
13204.0093548852
21026.6332188315
9091.34794084526
10953.8387810605
10497.5482806885
7417.34360493046
9832.80490945917
12242.4067351709
6787.85272964499
9708.93556501512
11954.6690426849
22316.3382674239
17390.3876157736
26420.5546616272
7126.60000875659
13378.8635480469
4583.89197082281
8010.6772390234
10290.3593270218
7168.20282788391
13779.4332529917
31155.4283880607
72407.0132348285
88927.6811660046
60973.6505863145
119409.56198227
93194.3237195111
87263.6899242869
77146.5419919971
56904.928676531
54489.0360113562
34466.6459196234
33558.5218505083
37290.0334040488
10922.7858167905
32976.9518723242
34247.5555718586
15855.3905885247
17573.0169398176
13479.3352807243
10440.9676571085
12438.216858243
16870.5800862509
10763.3068771627
15878.5365951007
9920.40718584946

# Catches
0
0
0
0
0
0
0
0
0
0
0
0
0
0
0
0
0
0
0
0
0
0
0
0
0
0
0
0
0
0
0
0
0
0
0
0
0
0
0
0
0
0
0
0
0
0
0
0
0
0

# Catch compositions
-999 -999 -999 -999 -999 -999 -999 -999
-999 -999 -999 -999 -999 -999 -999 -999
-999 -999 -999 -999 -999 -999 -999 -999
-999 -999 -999 -999 -999 -999 -999 -999
-999 -999 -999 -999 -999 -999 -999 -999
-999 -999 -999 -999 -999 -999 -999 -999
-999 -999 -999 -999 -999 -999 -999 -999
-999 -999 -999 -999 -999 -999 -999 -999
-999 -999 -999 -999 -999 -999 -999 -999
-999 -999 -999 -999 -999 -999 -999 -999
-999 -999 -999 -999 -999 -999 -999 -999
-999 -999 -999 -999 -999 -999 -999 -999
-999 -999 -999 -999 -999 -999 -999 -999
-999 -999 -999 -999 -999 -999 -999 -999
-999 -999 -999 -999 -999 -999 -999 -999
-999 -999 -999 -999 -999 -999 -999 -999
-999 -999 -999 -999 -999 -999 -999 -999
-999 -999 -999 -999 -999 -999 -999 -999
-999 -999 -999 -999 -999 -999 -999 -999
-999 -999 -999 -999 -999 -999 -999 -999
-999 -999 -999 -999 -999 -999 -999 -999
-999 -999 -999 -999 -999 -999 -999 -999
-999 -999 -999 -999 -999 -999 -999 -999
-999 -999 -999 -999 -999 -999 -999 -999
-999 -999 -999 -999 -999 -999 -999 -999
-999 -999 -999 -999 -999 -999 -999 -999
-999 -999 -999 -999 -999 -999 -999 -999
-999 -999 -999 -999 -999 -999 -999 -999
-999 -999 -999 -999 -999 -999 -999 -999
-999 -999 -999 -999 -999 -999 -999 -999
-999 -999 -999 -999 -999 -999 -999 -999
-999 -999 -999 -999 -999 -999 -999 -999
-999 -999 -999 -999 -999 -999 -999 -999
-999 -999 -999 -999 -999 -999 -999 -999
-999 -999 -999 -999 -999 -999 -999 -999
-999 -999 -999 -999 -999 -999 -999 -999
-999 -999 -999 -999 -999 -999 -999 -999
-999 -999 -999 -999 -999 -999 -999 -999
-999 -999 -999 -999 -999 -999 -999 -999
-999 -999 -999 -999 -999 -999 -999 -999
-999 -999 -999 -999 -999 -999 -999 -999
-999 -999 -999 -999 -999 -999 -999 -999
-999 -999 -999 -999 -999 -999 -999 -999
-999 -999 -999 -999 -999 -999 -999 -999
-999 -999 -999 -999 -999 -999 -999 -999
-999 -999 -999 -999 -999 -999 -999 -999
-999 -999 -999 -999 -999 -999 -999 -999
-999 -999 -999 -999 -999 -999 -999 -999
-999 -999 -999 -999 -999 -999 -999 -999
-999 -999 -999 -999 -999 -999 -999 -999

# Age composition from fishery-independent survey
0 0 4 15 64 13 6 98
0 0 0 49 23 39 8 81
0 0 0 13 55 23 32 77
0 0 3 9 30 52 12 94
0 0 2 6 17 27 60 88
0 0 3 18 17 33 21 108
0 0 1 5 32 15 13 134
0 0 3 42 2 28 14 111
0 0 7 17 56 2 16 102
0 0 1 35 33 55 5 71
0 0 0 26 32 24 41 77
0 0 0 9 41 31 31 88
0 0 2 4 13 33 32 116
0 0 14 11 6 13 24 132
0 0 9 87 17 9 4 74
0 0 6 58 85 3 3 45
0 0 4 8 101 60 0 27
0 0 0 24 22 78 51 25
0 0 1 6 29 22 76 66
0 0 0 8 8 36 16 132
0 0 1 0 7 10 33 149
0 0 3 3 8 14 7 165
0 0 4 24 4 3 10 155
0 0 10 54 27 5 2 102
0 0 25 42 51 26 2 54
0 0 69 62 29 20 4 16
0 0 8 164 24 2 0 2
0 0 0 30 148 13 2 7
0 0 2 8 40 136 10 4
0 0 4 10 12 44 114 16
0 0 0 36 18 8 29 109
0 0 1 11 51 17 4 116
0 0 0 9 15 51 14 111
0 0 0 6 11 11 38 134
0 0 0 1 10 14 20 155
0 0 0 8 2 6 15 169
0 0 2 3 9 6 8 172
0 0 0 15 5 9 3 168
0 0 3 5 22 6 7 157
0 0 2 44 12 22 6 114
0 0 2 19 65 6 20 88
0 0 1 25 40 45 1 88
0 0 1 3 38 32 49 77
0 0 1 12 11 42 34 100
0 0 1 10 20 14 37 118
0 0 2 13 26 18 5 136
0 0 9 23 23 6 15 124
0 0 1 44 32 20 11 92
0 0 3 21 65 31 14 66
0 0 9 17 32 48 19 75

# Antibody prevalence values
0 0 0 0 0 11 0 9 0 60 0 16 0 6 56 42
0 0 0 0 0 2 1 35 5 24 15 28 6 5 50 29
0 0 0 0 0 1 0 22 4 46 5 17 13 20 53 19
0 0 0 0 0 1 0 13 9 30 26 27 6 3 63 22
0 0 0 0 0 3 0 10 1 19 4 26 16 21 72 28
0 0 0 0 0 1 0 22 0 19 1 18 5 13 88 33
0 0 0 0 0 4 0 2 0 25 0 12 0 13 91 53
0 0 0 0 0 4 0 32 0 5 0 29 0 9 66 55
0 0 0 0 0 3 0 19 0 59 0 2 1 18 56 42
0 0 0 0 0 3 0 26 0 30 0 44 0 2 35 60
0 0 0 0 0 0 0 18 4 38 8 24 7 25 36 40
0 0 0 0 0 2 0 8 1 40 5 33 9 17 32 53
0 0 0 0 0 0 0 7 0 16 0 27 1 41 39 69
0 0 0 0 0 12 0 10 0 6 0 11 2 29 43 87
0 0 0 0 0 6 0 87 1 18 0 6 0 2 17 63
0 0 0 0 0 4 1 68 19 54 4 6 3 0 29 12
0 0 0 0 0 1 0 17 14 80 24 27 2 1 29 5
0 0 0 0 0 3 0 28 5 12 24 53 34 18 21 2
0 0 0 0 0 0 0 1 0 26 6 22 29 46 48 22
0 0 0 0 0 0 0 5 0 14 1 34 6 20 57 63
0 0 0 0 0 1 0 4 0 12 0 6 0 26 73 78
0 0 0 0 0 2 0 3 1 10 0 12 1 11 79 81
0 0 0 0 0 13 0 24 0 6 0 5 0 12 61 79
0 0 0 0 0 5 0 53 0 38 0 3 0 1 42 58
0 0 0 0 0 18 0 43 0 56 0 17 0 2 18 46
0 0 0 0 0 62 0 67 0 26 1 18 1 3 9 13
0 0 0 0 0 2 3 156 8 18 1 2 4 1 4 1
0 0 0 0 0 0 1 32 66 81 13 0 3 0 4 0
0 0 0 0 0 1 1 9 23 29 107 11 13 0 6 0
0 0 0 0 0 5 0 19 0 17 14 26 96 3 20 0
0 0 0 0 0 0 0 26 5 9 4 6 23 8 118 1
0 0 0 0 0 1 0 9 13 47 10 11 7 2 95 5
0 0 0 0 0 0 0 6 5 10 34 25 8 0 109 3
0 0 0 0 0 1 0 7 1 8 1 11 28 19 118 6
0 0 0 0 0 0 0 3 0 9 0 16 1 9 137 25
0 0 0 0 0 0 0 6 0 3 1 12 0 11 129 38
0 0 0 0 0 3 0 5 0 10 0 1 1 10 131 39
0 0 0 0 0 1 0 18 0 5 0 7 0 1 121 47
0 0 0 0 0 5 0 11 0 21 1 4 1 7 118 32
0 0 0 0 0 3 0 37 0 6 1 18 2 4 89 40
0 0 0 0 0 2 0 17 2 71 0 15 1 12 58 22
0 0 0 0 0 0 1 23 15 24 27 19 3 1 78 9
0 0 0 0 0 2 0 6 4 42 4 15 24 17 73 13
0 0 0 0 0 2 0 10 0 11 0 40 9 23 73 32
0 0 0 0 0 2 0 10 0 13 0 11 1 34 78 51
0 0 0 0 0 4 0 30 0 17 0 14 0 10 68 57
0 0 0 0 0 5 0 24 0 32 0 7 0 13 67 52
0 0 0 0 0 5 0 50 1 32 0 22 0 8 35 47
0 0 0 0 0 2 0 14 9 55 3 24 8 12 49 24
0 0 0 0 0 7 0 14 0 27 3 51 6 13 44 35

# Average weight-at-age
70
94
115
134
150
160
165
168

# Maturity logistic function parameter age-at-50%
3

# Maturity logistic function parameter age-at-95%
4

# Infection prevalence index (avg of 3 different samples)
0.0333333333333333
0
0.0444444444444444
0
0
0
0
0
0
0
0
0
0
0
0.116666666666667
0
0
0
0
0
0
0
0
0
0
0.194444444444444
0.15
0
0
0.00555555555555556
0.0166666666666667
0.0111111111111111
0
0
0
0
0
0
0
0
0.105555555555556
0
0
0
0
0
0
0
0
0

