# Simulated data from SIR age-structured hybrid model
# random seed = 1218233
# Flag=0 if no issues, =1 if negative pop #'s, =2 if NaN, or=3 if NA. Flag:
0

# Number of years (nyr)
50

# Starting age
0

# Ending age
8

# Sample size for comp data
200

# Sample size for fishery age comp data
200

# Sample size for antibody prevalence data
200

# Survey data
30188.0061439286
22975.5444080088
24569.1012541457
24469.2595555546
26726.303468932
12791.7503668749
14228.6579804182
18187.7398942892
13660.1002560885
13453.5117040892
20861.9294729877
9007.62708700098
20670.6372790717
17565.6530936103
11880.6460725879
19382.2959538893
23773.6468562819
22663.7341129345
22965.2432719654
19040.8026356651
16876.8216867924
9744.66792352193
7553.8017753986
13523.8192699722
6882.27822322692
6581.40992927608
5380.66425887923
8810.34913137978
15273.9230174337
23227.6549419389
22498.7677202755
39929.3615422171
22562.9138543196
33043.2766350943
18035.2900632722
19783.026898375
26509.9613096269
45267.4327303898
28652.0054779418
80542.7076482754
40958.6045109507
44672.5199157414
47539.0636275328
35507.9101411832
42186.4400345144
34883.1184795809
22827.3070362176
15073.0634307138
13992.3013188068
12553.7122914788

# Catches
0
0
0
0
0
0
0
0
0
0
0
0
0
0
0
0
0
0
0
0
0
0
0
0
0
0
0
0
0
0
0
0
0
0
0
0
0
0
0
0
0
0
0
0
0
0
0
0
0
0

# Catch compositions
-999 -999 -999 -999 -999 -999 -999 -999
-999 -999 -999 -999 -999 -999 -999 -999
-999 -999 -999 -999 -999 -999 -999 -999
-999 -999 -999 -999 -999 -999 -999 -999
-999 -999 -999 -999 -999 -999 -999 -999
-999 -999 -999 -999 -999 -999 -999 -999
-999 -999 -999 -999 -999 -999 -999 -999
-999 -999 -999 -999 -999 -999 -999 -999
-999 -999 -999 -999 -999 -999 -999 -999
-999 -999 -999 -999 -999 -999 -999 -999
-999 -999 -999 -999 -999 -999 -999 -999
-999 -999 -999 -999 -999 -999 -999 -999
-999 -999 -999 -999 -999 -999 -999 -999
-999 -999 -999 -999 -999 -999 -999 -999
-999 -999 -999 -999 -999 -999 -999 -999
-999 -999 -999 -999 -999 -999 -999 -999
-999 -999 -999 -999 -999 -999 -999 -999
-999 -999 -999 -999 -999 -999 -999 -999
-999 -999 -999 -999 -999 -999 -999 -999
-999 -999 -999 -999 -999 -999 -999 -999
-999 -999 -999 -999 -999 -999 -999 -999
-999 -999 -999 -999 -999 -999 -999 -999
-999 -999 -999 -999 -999 -999 -999 -999
-999 -999 -999 -999 -999 -999 -999 -999
-999 -999 -999 -999 -999 -999 -999 -999
-999 -999 -999 -999 -999 -999 -999 -999
-999 -999 -999 -999 -999 -999 -999 -999
-999 -999 -999 -999 -999 -999 -999 -999
-999 -999 -999 -999 -999 -999 -999 -999
-999 -999 -999 -999 -999 -999 -999 -999
-999 -999 -999 -999 -999 -999 -999 -999
-999 -999 -999 -999 -999 -999 -999 -999
-999 -999 -999 -999 -999 -999 -999 -999
-999 -999 -999 -999 -999 -999 -999 -999
-999 -999 -999 -999 -999 -999 -999 -999
-999 -999 -999 -999 -999 -999 -999 -999
-999 -999 -999 -999 -999 -999 -999 -999
-999 -999 -999 -999 -999 -999 -999 -999
-999 -999 -999 -999 -999 -999 -999 -999
-999 -999 -999 -999 -999 -999 -999 -999
-999 -999 -999 -999 -999 -999 -999 -999
-999 -999 -999 -999 -999 -999 -999 -999
-999 -999 -999 -999 -999 -999 -999 -999
-999 -999 -999 -999 -999 -999 -999 -999
-999 -999 -999 -999 -999 -999 -999 -999
-999 -999 -999 -999 -999 -999 -999 -999
-999 -999 -999 -999 -999 -999 -999 -999
-999 -999 -999 -999 -999 -999 -999 -999
-999 -999 -999 -999 -999 -999 -999 -999
-999 -999 -999 -999 -999 -999 -999 -999

# Age composition from fishery-independent survey
0 0 1 36 61 27 40 35
0 0 0 13 61 43 30 53
0 0 0 22 19 55 36 68
0 0 1 1 26 20 50 102
0 0 0 17 1 27 17 138
0 0 2 8 12 3 35 140
0 0 11 15 11 18 2 143
0 0 10 72 11 10 4 93
0 0 6 54 76 9 4 51
0 0 1 40 65 45 13 36
0 0 0 11 52 68 43 26
0 0 2 9 25 44 43 77
0 0 2 15 25 12 36 110
0 0 8 13 8 24 20 127
0 0 6 34 17 15 16 112
0 0 9 42 57 8 8 76
0 0 7 44 49 33 4 63
0 0 10 38 42 39 23 48
0 0 0 45 46 38 23 48
0 0 1 4 78 32 22 63
0 0 4 3 1 79 40 73
0 0 3 26 4 3 68 96
0 0 4 39 27 4 3 123
0 0 0 27 43 22 4 104
0 0 0 1 35 30 35 99
0 0 6 7 3 36 32 116
0 0 7 13 10 3 37 130
0 0 15 49 25 4 2 105
0 0 19 69 45 13 5 49
0 0 10 84 61 20 7 18
0 0 3 40 89 33 12 23
0 0 0 65 54 50 20 11
0 0 3 20 84 27 36 30
0 0 0 6 46 83 15 50
0 0 2 11 19 31 65 72
0 0 21 13 13 20 15 118
0 0 14 77 17 3 9 80
0 0 12 81 60 10 6 31
0 0 2 89 61 23 3 22
0 0 5 4 122 45 12 12
0 0 10 33 12 79 31 35
0 0 3 28 43 12 66 48
0 0 0 14 44 42 7 93
0 0 2 17 24 42 33 82
0 0 0 36 20 23 29 92
0 0 0 7 50 15 24 104
0 0 1 9 18 50 14 108
0 0 0 3 19 20 33 125
0 0 0 3 7 12 20 158
0 0 1 13 5 7 21 153

# Antibody prevalence values
0 0 0 0 0 2 3 47 3 38 26 18 26 7 30 0
0 0 0 0 0 3 0 15 20 44 16 16 23 5 57 1
0 0 0 0 0 0 0 21 1 20 11 33 24 11 66 13
0 0 0 0 0 2 0 4 0 23 3 16 17 35 84 16
0 0 0 0 0 1 1 11 0 2 0 31 1 12 77 64
0 0 0 0 0 0 0 10 0 17 0 2 2 30 84 55
0 0 0 0 0 9 0 15 0 21 2 20 2 2 80 49
0 0 0 0 0 10 0 75 0 10 2 6 1 4 61 31
0 0 0 0 0 4 0 56 15 59 2 2 1 0 49 12
0 0 0 0 0 1 0 29 26 42 39 16 4 2 40 1
0 0 0 0 0 0 0 11 8 41 24 29 31 7 46 3
0 0 0 0 0 0 0 8 0 20 3 32 22 29 77 9
0 0 0 0 0 0 0 12 0 17 0 16 8 28 94 25
0 0 0 0 0 8 0 16 0 18 1 12 2 17 76 50
0 0 0 0 0 10 0 40 0 20 0 16 0 14 60 40
0 0 0 0 0 4 1 45 6 43 2 8 0 12 56 23
0 0 0 0 0 3 1 41 13 43 19 16 3 3 45 13
0 0 0 0 0 13 0 41 4 43 13 28 12 9 31 6
0 0 0 0 0 0 2 47 6 31 7 29 18 14 38 8
0 0 0 0 0 2 0 3 19 62 14 15 17 16 44 8
0 0 0 0 0 4 0 3 1 3 45 46 22 5 67 4
0 0 0 0 0 5 0 35 0 6 1 2 36 34 69 12
0 0 0 0 0 1 0 22 0 32 0 3 3 1 93 45
0 0 0 0 0 0 0 14 0 33 0 49 0 2 73 29
0 0 0 0 0 1 0 0 0 42 0 27 1 35 69 25
0 0 0 0 0 5 0 4 0 1 1 41 0 26 67 55
0 0 0 0 0 4 0 20 0 9 0 1 0 36 59 71
0 0 0 0 0 17 0 38 0 29 0 4 0 0 43 69
0 0 0 0 0 24 0 70 1 42 0 14 0 2 17 30
0 0 0 0 0 7 1 99 17 36 2 13 1 5 11 8
0 0 0 0 0 11 1 40 25 69 24 5 7 0 15 3
0 0 0 0 0 0 3 62 11 36 32 18 20 1 17 0
0 0 0 0 0 1 0 26 25 42 23 8 50 5 20 0
0 0 0 0 0 1 1 11 7 15 49 26 25 2 63 0
0 0 0 0 0 2 0 5 0 22 5 21 45 22 75 3
0 0 0 0 0 7 0 12 0 11 1 12 5 15 116 21
0 0 0 0 0 20 0 79 0 11 0 6 1 10 48 25
0 0 0 0 0 24 1 75 21 41 4 1 2 1 28 2
0 0 0 0 0 0 2 95 22 41 19 5 2 0 14 0
0 0 0 0 0 3 0 9 39 66 33 2 29 0 19 0
0 0 0 0 0 6 3 24 8 9 76 14 36 1 23 0
0 0 0 0 0 1 0 21 5 45 6 7 58 5 52 0
0 0 0 0 0 1 0 20 8 40 16 13 4 2 95 1
0 0 0 0 0 2 0 18 0 25 12 34 16 12 80 1
0 0 0 0 0 2 0 29 1 21 4 21 9 13 91 9
0 0 0 0 0 3 0 17 10 28 5 14 4 12 98 9
0 0 0 0 0 0 0 9 3 20 15 32 7 10 87 17
0 0 0 0 0 0 0 3 0 28 2 11 9 38 89 20
0 0 0 0 0 1 0 2 0 2 0 21 0 13 110 51
0 0 0 0 0 2 0 9 0 5 1 11 1 14 98 59

# Average weight-at-age
70
94
115
134
150
160
165
168

# Maturity logistic function parameter age-at-50%
3

# Maturity logistic function parameter age-at-95%
4

# Infection prevalence index (avg of 3 different samples)
0.0611111111111111
0
0
0
0
0.0111111111111111
0.00555555555555556
0.0777777777777778
0.0777777777777778
0.0277777777777778
0.00555555555555556
0
0
0
0.00555555555555556
0
0
0
0.05
0.00555555555555556
0
0
0
0
0
0
0
0
0.0222222222222222
0.116666666666667
0.0444444444444444
0.0333333333333333
0
0
0
0
0.216666666666667
0.116666666666667
0.00555555555555556
0
0
0.0333333333333333
0
0
0.05
0
0
0
0
0.00555555555555556

# Simulated data from SIR age-structured hybrid model
# random seed = 1218233
# Flag=0 if no issues, =1 if negative pop #'s, =2 if NaN, or=3 if NA. Flag:
0

# Number of years (nyr)
50

# Starting age
0

# Ending age
8

# Sample size for comp data
200

# Sample size for fishery age comp data
200

# Sample size for antibody prevalence data
200

# Survey data
36252.7277967926
24967.5247377502
27541.6799660862
27868.561336069
35463.0054326237
17697.4906573514
19964.8196459133
16768.6047179656
7867.89987694299
6627.39169287944
10397.1291132164
4434.56911053262
12143.4203412715
13876.5144080927
9480.87540036213
11578.2274683164
16115.5997525276
13410.8807139266
13879.1128248952
11642.7272248121
20498.5915266699
15206.9802373428
13773.7048663001
29120.0666706426
18105.6151859805
28253.5253447972
32449.8585124712
61695.3609675804
81907.3071215388
72992.3413010702
63518.6615999494
88655.2642149731
45885.8702278914
65336.8585092093
43209.4320346763
46547.2334634704
37556.4875209184
39375.8994891229
14378.4635188122
42424.3786278392
32892.3257172515
51129.680583116
78589.035630986
91512.2292332611
138732.890615431
119630.960804323
82057.8921562696
65514.3356284462
69407.1425116635
66801.0332809234

# Catches
0
0
0
0
0
0
0
0
0
0
0
0
0
0
0
0
0
0
0
0
0
0
0
0
0
0
0
0
0
0
0
0
0
0
0
0
0
0
0
0
0
0
0
0
0
0
0
0
0
0

# Catch compositions
-999 -999 -999 -999 -999 -999 -999 -999
-999 -999 -999 -999 -999 -999 -999 -999
-999 -999 -999 -999 -999 -999 -999 -999
-999 -999 -999 -999 -999 -999 -999 -999
-999 -999 -999 -999 -999 -999 -999 -999
-999 -999 -999 -999 -999 -999 -999 -999
-999 -999 -999 -999 -999 -999 -999 -999
-999 -999 -999 -999 -999 -999 -999 -999
-999 -999 -999 -999 -999 -999 -999 -999
-999 -999 -999 -999 -999 -999 -999 -999
-999 -999 -999 -999 -999 -999 -999 -999
-999 -999 -999 -999 -999 -999 -999 -999
-999 -999 -999 -999 -999 -999 -999 -999
-999 -999 -999 -999 -999 -999 -999 -999
-999 -999 -999 -999 -999 -999 -999 -999
-999 -999 -999 -999 -999 -999 -999 -999
-999 -999 -999 -999 -999 -999 -999 -999
-999 -999 -999 -999 -999 -999 -999 -999
-999 -999 -999 -999 -999 -999 -999 -999
-999 -999 -999 -999 -999 -999 -999 -999
-999 -999 -999 -999 -999 -999 -999 -999
-999 -999 -999 -999 -999 -999 -999 -999
-999 -999 -999 -999 -999 -999 -999 -999
-999 -999 -999 -999 -999 -999 -999 -999
-999 -999 -999 -999 -999 -999 -999 -999
-999 -999 -999 -999 -999 -999 -999 -999
-999 -999 -999 -999 -999 -999 -999 -999
-999 -999 -999 -999 -999 -999 -999 -999
-999 -999 -999 -999 -999 -999 -999 -999
-999 -999 -999 -999 -999 -999 -999 -999
-999 -999 -999 -999 -999 -999 -999 -999
-999 -999 -999 -999 -999 -999 -999 -999
-999 -999 -999 -999 -999 -999 -999 -999
-999 -999 -999 -999 -999 -999 -999 -999
-999 -999 -999 -999 -999 -999 -999 -999
-999 -999 -999 -999 -999 -999 -999 -999
-999 -999 -999 -999 -999 -999 -999 -999
-999 -999 -999 -999 -999 -999 -999 -999
-999 -999 -999 -999 -999 -999 -999 -999
-999 -999 -999 -999 -999 -999 -999 -999
-999 -999 -999 -999 -999 -999 -999 -999
-999 -999 -999 -999 -999 -999 -999 -999
-999 -999 -999 -999 -999 -999 -999 -999
-999 -999 -999 -999 -999 -999 -999 -999
-999 -999 -999 -999 -999 -999 -999 -999
-999 -999 -999 -999 -999 -999 -999 -999
-999 -999 -999 -999 -999 -999 -999 -999
-999 -999 -999 -999 -999 -999 -999 -999
-999 -999 -999 -999 -999 -999 -999 -999
-999 -999 -999 -999 -999 -999 -999 -999

# Age composition from fishery-independent survey
0 0 1 5 45 53 29 67
0 0 0 3 15 36 58 88
0 0 0 15 14 17 34 120
0 0 3 21 25 12 16 123
0 0 0 56 16 14 6 108
0 0 3 10 66 24 13 84
0 0 0 8 30 58 17 87
0 0 3 4 13 19 54 107
0 0 3 9 11 12 15 150
0 0 0 18 26 7 9 140
0 0 5 7 27 24 5 132
0 0 18 12 10 25 14 121
0 0 9 51 23 9 16 92
0 0 5 27 87 9 4 68
0 0 7 17 38 73 10 55
0 0 7 34 22 49 41 47
0 0 0 46 42 18 27 67
0 0 1 14 69 45 13 58
0 0 3 14 19 61 38 65
0 0 11 9 41 15 44 80
0 0 5 102 5 15 16 57
0 0 7 21 115 5 7 45
0 0 2 63 25 86 3 21
0 0 6 11 68 28 57 30
0 0 10 52 19 55 16 48
0 0 15 59 47 10 23 46
0 0 4 71 64 27 2 32
0 0 5 46 76 26 19 28
0 0 3 27 53 56 20 41
0 0 5 46 37 30 36 46
0 0 2 38 40 31 29 60
0 0 0 7 74 38 17 64
0 0 3 15 13 49 45 75
0 0 5 12 19 9 63 92
0 0 2 71 14 11 2 100
0 0 0 10 78 5 5 102
0 0 0 12 28 66 5 89
0 0 0 12 28 27 53 80
0 0 8 4 16 19 24 129
0 0 5 44 13 11 16 111
0 0 20 53 41 5 7 74
0 0 9 70 52 28 1 40
0 0 18 51 56 38 14 23
0 0 2 79 50 34 13 22
0 0 1 22 103 28 16 30
0 0 1 15 44 71 29 40
0 0 3 20 22 33 62 60
0 0 1 36 23 20 30 90
0 0 2 13 56 12 15 102
0 0 1 10 14 38 20 117

# Antibody prevalence values
0 0 0 0 0 2 1 10 11 31 38 19 17 6 61 4
0 0 0 0 0 1 0 8 0 17 8 28 28 21 75 14
0 0 0 0 0 1 0 18 0 20 0 11 7 28 89 26
0 0 0 0 0 6 0 15 0 25 2 14 0 9 88 41
0 0 0 0 0 2 0 59 0 17 2 15 1 4 68 32
0 0 0 0 0 1 0 17 8 50 13 14 4 14 58 21
0 0 0 0 0 2 0 8 0 20 13 53 5 13 65 21
0 0 0 0 0 1 0 5 2 10 0 20 13 44 83 22
0 0 0 0 0 0 0 10 0 6 0 14 3 16 94 57
0 0 0 0 0 1 0 21 0 21 1 8 0 14 69 65
0 0 0 0 0 1 0 7 0 24 0 21 0 3 66 78
0 0 0 0 0 12 0 8 0 5 0 29 0 19 71 56
0 0 0 0 0 9 0 55 0 19 0 6 0 17 41 53
0 0 0 0 0 4 0 32 1 61 0 17 0 3 36 46
0 0 0 0 0 5 0 18 0 53 1 49 0 15 22 37
0 0 0 0 0 8 3 39 1 23 13 26 8 24 31 24
0 0 0 0 0 1 0 55 0 49 3 8 10 11 35 28
0 0 0 0 0 2 0 14 2 56 5 44 4 12 29 32
0 0 0 0 0 3 0 26 0 13 2 50 5 38 40 23
0 0 0 0 0 16 0 11 0 34 0 19 6 45 24 45
0 0 0 0 0 3 0 101 0 12 0 11 0 10 13 50
0 0 0 0 0 5 0 32 36 73 3 1 5 2 26 17
0 0 0 0 0 5 3 37 3 25 65 23 6 0 29 4
0 0 0 0 0 8 0 11 2 72 8 24 52 8 15 0
0 0 0 0 0 14 1 49 5 17 24 21 11 4 50 4
0 0 0 0 0 9 1 59 6 52 4 3 20 11 28 7
0 0 0 0 0 4 0 63 18 28 21 11 0 1 53 1
0 0 0 0 0 4 0 53 18 50 26 9 14 2 24 0
0 0 0 0 0 5 1 24 19 44 37 15 26 0 28 1
0 0 0 0 0 5 0 42 13 23 30 11 23 7 45 1
0 0 0 0 0 1 1 43 9 36 15 11 20 7 57 0
0 0 0 0 0 5 0 2 19 58 27 8 15 2 64 0
0 0 0 0 0 0 0 5 5 8 50 22 26 2 82 0
0 0 0 0 0 11 0 13 0 14 2 8 45 12 90 5
0 0 0 0 0 2 0 59 0 20 0 14 0 8 82 15
0 0 0 0 0 1 0 18 20 56 6 3 6 2 82 6
0 0 0 0 0 0 0 13 6 18 40 23 6 1 92 1
0 0 0 0 0 0 0 6 0 16 7 16 46 15 92 2
0 0 0 0 0 6 0 9 0 9 0 21 2 15 121 17
0 0 0 0 0 7 0 51 0 12 0 3 0 17 82 28
0 0 0 0 0 14 2 57 5 46 2 4 0 3 46 21
0 0 0 0 0 9 1 57 25 34 19 14 1 1 38 1
0 0 0 0 0 16 3 54 22 34 31 8 10 0 21 1
0 0 0 0 0 4 3 78 15 31 14 9 24 0 22 0
0 0 0 0 0 4 1 24 36 61 21 0 27 0 26 0
0 0 0 0 0 3 0 11 13 29 69 6 21 0 48 0
0 0 0 0 0 4 1 17 9 16 24 16 59 2 52 0
0 0 0 0 0 0 0 33 2 38 5 15 10 9 86 2
0 0 0 0 0 2 0 6 17 41 16 11 7 1 97 2
0 0 0 0 0 4 0 15 6 12 28 10 18 1 104 2

# Average weight-at-age
70
94
115
134
150
160
165
168

# Maturity logistic function parameter age-at-50%
3

# Maturity logistic function parameter age-at-95%
4

# Infection prevalence index (avg of 3 different samples)
0
0
0
0
0.00555555555555556
0.00555555555555556
0.0166666666666667
0
0
0
0
0
0
0
0.0333333333333333
0
0
0
0
0
0.0111111111111111
0.05
0
0.0333333333333333
0
0.183333333333333
0.00555555555555556
0
0.0166666666666667
0.0222222222222222
0
0.00555555555555556
0
0
0.0166666666666667
0
0
0
0
0.0333333333333333
0.0277777777777778
0.0944444444444444
0.0388888888888889
0.122222222222222
0
0
0
0.0333333333333333
0
0

