# Simulated data from SIR age-structured hybrid model
# random seed = 490742
# Flag=0 if no issues, =1 if negative pop #'s, =2 if NaN, or=3 if NA. Flag:
0

# Number of years (nyr)
50

# Starting age
0

# Ending age
8

# Sample size for comp data
200

# Sample size for fishery age comp data
200

# Sample size for antibody prevalence data
200

# Survey data
14798.1524594128
5941.83310748603
17072.4596636415
8071.83270240133
13224.3762235115
6097.9413713977
12234.081618665
8978.23332642906
9462.10529653171
8278.46872732164
3982.89024190682
7591.7371720308
25734.8836751742
37382.8154134673
38374.2696058645
36659.2848471494
51134.0166545726
38158.0073379923
39479.7228594153
26217.1519803093
18070.5097706139
18483.4822272144
30570.0501523513
14028.7978481146
10676.7498821334
9424.81193393997
6837.37528965302
7422.37307727863
16601.0100900336
62538.2314309419
75558.9055044476
44753.7829121853
34908.1452907009
59439.1233928223
65020.8994637269
39140.8807979709
32610.4082876827
15214.7409306122
16028.9011665724
27648.486457059
11197.1357194197
16362.8048823508
13527.5593453607
16027.9577079647
9533.07117141974
15293.415928422
15839.0482063688
7505.04805873625
7805.15399889721
2736.24831472127

# Catches
0
0
0
0
0
0
0
0
0
0
0
0
0
0
0
0
0
0
0
0
0
0
0
0
0
0
0
0
0
0
0
0
0
0
0
0
0
0
0
0
0
0
0
0
0
0
0
0
0
0

# Catch compositions
-999 -999 -999 -999 -999 -999 -999 -999
-999 -999 -999 -999 -999 -999 -999 -999
-999 -999 -999 -999 -999 -999 -999 -999
-999 -999 -999 -999 -999 -999 -999 -999
-999 -999 -999 -999 -999 -999 -999 -999
-999 -999 -999 -999 -999 -999 -999 -999
-999 -999 -999 -999 -999 -999 -999 -999
-999 -999 -999 -999 -999 -999 -999 -999
-999 -999 -999 -999 -999 -999 -999 -999
-999 -999 -999 -999 -999 -999 -999 -999
-999 -999 -999 -999 -999 -999 -999 -999
-999 -999 -999 -999 -999 -999 -999 -999
-999 -999 -999 -999 -999 -999 -999 -999
-999 -999 -999 -999 -999 -999 -999 -999
-999 -999 -999 -999 -999 -999 -999 -999
-999 -999 -999 -999 -999 -999 -999 -999
-999 -999 -999 -999 -999 -999 -999 -999
-999 -999 -999 -999 -999 -999 -999 -999
-999 -999 -999 -999 -999 -999 -999 -999
-999 -999 -999 -999 -999 -999 -999 -999
-999 -999 -999 -999 -999 -999 -999 -999
-999 -999 -999 -999 -999 -999 -999 -999
-999 -999 -999 -999 -999 -999 -999 -999
-999 -999 -999 -999 -999 -999 -999 -999
-999 -999 -999 -999 -999 -999 -999 -999
-999 -999 -999 -999 -999 -999 -999 -999
-999 -999 -999 -999 -999 -999 -999 -999
-999 -999 -999 -999 -999 -999 -999 -999
-999 -999 -999 -999 -999 -999 -999 -999
-999 -999 -999 -999 -999 -999 -999 -999
-999 -999 -999 -999 -999 -999 -999 -999
-999 -999 -999 -999 -999 -999 -999 -999
-999 -999 -999 -999 -999 -999 -999 -999
-999 -999 -999 -999 -999 -999 -999 -999
-999 -999 -999 -999 -999 -999 -999 -999
-999 -999 -999 -999 -999 -999 -999 -999
-999 -999 -999 -999 -999 -999 -999 -999
-999 -999 -999 -999 -999 -999 -999 -999
-999 -999 -999 -999 -999 -999 -999 -999
-999 -999 -999 -999 -999 -999 -999 -999
-999 -999 -999 -999 -999 -999 -999 -999
-999 -999 -999 -999 -999 -999 -999 -999
-999 -999 -999 -999 -999 -999 -999 -999
-999 -999 -999 -999 -999 -999 -999 -999
-999 -999 -999 -999 -999 -999 -999 -999
-999 -999 -999 -999 -999 -999 -999 -999
-999 -999 -999 -999 -999 -999 -999 -999
-999 -999 -999 -999 -999 -999 -999 -999
-999 -999 -999 -999 -999 -999 -999 -999
-999 -999 -999 -999 -999 -999 -999 -999

# Age composition from fishery-independent survey
0 0 1 14 74 22 13 76
0 0 0 11 23 67 21 78
0 0 0 0 31 28 68 73
0 0 1 9 1 24 30 135
0 0 0 9 18 2 22 149
0 0 4 14 19 6 3 154
0 0 4 34 31 12 4 115
0 0 2 21 42 30 5 100
0 0 1 24 49 33 10 83
0 0 5 14 32 40 32 77
0 0 6 49 14 18 30 83
0 0 55 31 36 6 7 65
0 0 4 137 21 16 3 19
0 0 5 44 112 15 8 16
0 0 6 20 59 95 5 15
0 0 1 24 34 55 72 14
0 0 6 4 30 20 49 91
0 0 4 34 5 36 19 102
0 0 0 15 48 8 23 106
0 0 1 13 22 42 6 116
0 0 1 6 11 25 43 114
0 0 1 23 19 14 24 119
0 0 3 31 34 15 6 111
0 0 2 9 36 27 10 116
0 0 2 11 12 35 21 119
0 0 1 10 18 14 32 125
0 0 0 12 15 23 9 141
0 0 18 17 30 18 7 110
0 0 77 57 4 14 3 45
0 0 1 153 28 2 2 14
0 0 2 3 168 16 2 9
0 0 2 6 5 163 14 10
0 0 1 10 17 6 143 23
0 0 2 8 8 21 5 156
0 0 0 17 8 11 12 152
0 0 0 1 36 12 6 145
0 0 0 1 9 32 6 152
0 0 2 4 4 6 26 158
0 0 6 14 6 2 9 163
0 0 3 23 26 7 4 137
0 0 1 17 46 16 3 117
0 0 4 9 26 41 16 104
0 0 1 30 10 25 27 107
0 0 11 20 36 13 12 108
0 0 0 44 25 28 10 93
0 0 1 4 82 15 24 74
0 0 1 11 8 76 22 82
0 0 1 9 17 14 69 90
0 0 1 5 12 8 8 166
0 0 7 10 7 10 5 161

# Antibody prevalence values
0 0 0 0 0 1 1 7 23 47 21 11 4 5 72 8
0 0 0 0 0 0 1 20 4 17 18 41 12 11 64 12
0 0 0 0 0 0 0 2 1 26 4 18 24 41 67 17
0 0 0 0 0 1 0 3 0 4 0 22 4 21 82 63
0 0 0 0 0 4 0 7 0 15 0 6 1 23 76 68
0 0 0 0 0 3 1 21 0 13 0 7 0 4 82 69
0 0 0 0 0 3 1 30 5 26 1 14 1 10 57 52
0 0 0 0 0 1 3 35 4 37 1 14 0 10 51 44
0 0 0 0 0 4 0 19 1 44 3 28 1 17 38 45
0 0 0 0 0 8 0 9 4 22 2 35 3 30 31 56
0 0 0 0 3 7 22 23 14 5 19 6 25 1 72 3
0 0 0 0 23 20 33 13 33 3 7 0 11 1 56 0
0 0 0 0 1 1 114 28 17 0 16 0 3 0 20 0
0 0 0 0 1 2 31 20 105 7 8 0 9 0 17 0
0 0 0 0 0 3 4 11 37 18 95 10 12 0 10 0
0 0 0 0 0 1 16 15 20 15 32 5 75 4 17 0
0 0 0 0 1 1 3 2 26 11 24 13 48 8 58 5
0 0 0 0 1 3 12 21 4 4 20 12 21 12 85 5
0 0 0 0 0 1 3 12 19 27 1 2 16 5 107 7
0 0 0 0 0 2 0 9 3 19 16 28 2 5 103 13
0 0 0 0 0 1 0 9 0 15 1 12 15 32 94 21
0 0 0 0 0 1 4 32 3 15 2 5 3 14 88 33
0 0 0 0 0 1 2 22 5 28 4 12 2 7 91 26
0 0 0 0 0 1 1 2 8 37 4 25 4 14 78 26
0 0 0 0 0 0 0 7 1 16 5 25 5 30 62 49
0 0 0 0 0 3 0 10 1 23 1 11 7 30 56 58
0 0 0 0 0 1 6 7 14 7 12 5 8 4 121 15
0 0 0 0 14 13 15 3 16 2 11 2 11 0 112 1
0 0 0 0 39 34 52 8 10 0 12 0 1 0 44 0
0 0 0 0 0 0 134 28 20 1 1 0 1 0 15 0
0 0 0 0 0 0 4 0 142 22 16 1 4 0 11 0
0 0 0 0 0 0 4 7 1 0 146 20 15 0 7 0
0 0 0 0 0 1 2 7 5 9 3 1 130 16 26 0
0 0 0 0 1 1 0 4 1 7 10 7 3 1 157 8
0 0 0 0 0 0 1 16 3 12 2 6 4 7 140 9
0 0 0 0 0 0 0 5 2 29 1 10 0 1 129 23
0 0 0 0 0 0 0 3 0 8 4 27 1 11 117 29
0 0 0 0 0 2 0 7 1 1 0 10 3 34 106 36
0 0 0 0 1 6 4 11 3 7 0 1 3 4 129 31
0 0 0 0 0 1 3 24 6 21 6 5 3 0 110 21
0 0 0 0 0 0 4 16 5 37 6 12 3 1 90 26
0 0 0 0 0 1 0 8 5 21 7 30 10 11 90 17
0 0 0 0 1 2 5 20 6 12 9 11 16 20 83 15
0 0 0 0 2 4 3 18 12 24 5 3 8 8 88 25
0 0 0 0 0 1 12 46 16 10 18 14 2 3 69 9
0 0 0 0 0 0 0 8 21 56 7 13 13 16 56 10
0 0 0 0 0 0 0 12 0 15 22 39 5 8 74 25
0 0 0 0 0 1 0 9 0 14 3 9 21 53 62 28
0 0 0 0 0 0 0 5 0 14 1 15 2 9 85 69
0 0 0 0 2 1 0 3 2 2 9 7 10 1 141 22

# Average weight-at-age
70
94
115
134
150
160
165
168

# Maturity logistic function parameter age-at-50%
3

# Maturity logistic function parameter age-at-95%
4

# Infection prevalence index (avg of 3 different samples)
0
0
0
0
0.00555555555555556
0
0
0
0
0.0111111111111111
0
0.105555555555556
0.00555555555555556
0
0.0277777777777778
0
0
0
0
0
0
0
0
0
0
0.25
0.316666666666667
0
0.00555555555555556
0.0111111111111111
0
0.00555555555555556
0
0
0
0
0
0.00555555555555556
0.0166666666666667
0
0
0
0
0
0.00555555555555556
0
0
0
0
0.0388888888888889

