# Simulated data from SIR age-structured hybrid model
# random seed = 1980661
# Flag=0 if no issues, =1 if negative pop #'s, =2 if NaN, or=3 if NA. Flag:
0

# True SSB
116567.15019653
112919.75089047
112393.223532901
104983.667052524
97232.185653078
87282.0162683875
73773.3516069222
61534.495009832
51012.3577046734
40968.0153041659
34221.1948212078
36644.3174902898
59659.1670528025
84692.4457283014
86257.9419658677
75787.0658586684
76288.2326739241
74702.3890816516
58989.1255779189
50954.7218134993
47637.4870251206
44427.9604491567
38072.2004631092
29463.4662314614
25442.7487709216
22458.1033296267
22599.7549802976
23242.4940935081
19648.137399791
16861.3323976679
15726.2836473061
18011.7498711852
21286.6269415033
25720.9706386511
34388.2615158669
46657.5718737384
47702.7347770421
41701.4913513187
36585.7109518548
39987.8780982626
59150.6450942047
70159.4128325299
80513.1881557875
79188.0090717977
60837.7951581209
52522.8433174891
50880.887173447
49435.902411764
41113.6908955416
47392.506720438

# True R (numbers)
252.097200822338
284.051910351512
63.2100215479305
72.1975170342149
74.299553302271
17.0044895156036
6.95507648321133
60.191125720046
182.397159552694
868.90251339819
642.550045516286
296.294064614753
55.9069645815298
457.392014281798
108.300554774232
54.0473500017469
69.8056680558643
181.120240724347
68.3975411271717
20.2535550309868
36.9141801140428
39.950089855064
28.9270253323272
135.854808138067
54.7600911793724
29.7960912756569
4.24176448531403
61.5366732758583
126.28732054382
98.1978636122943
174.583940893211
376.326762274321
379.368722235325
145.934635608007
25.2737854982406
48.3275144271893
254.425749909386
683.828809325806
374.994861229086
628.883881696213
54.3642994095794
32.1780010261074
89.2041795492084
233.430864605527
92.3724851723101
52.8967311155112
433.714018079558
215.787748559132
207.813083967151
207.280687077823

# True infection rate given (selected) susceptible
-999 -999 0.0176165137240195 0.0176165137240188 0.0176165137240197 0.0176165137240191 0.0176165137240195 0.0176165137240206
-999 -999 0.499391762327344 0.499391762327343 0.499391762327343 0.499391762327344 0.499391762327344 0.499391762327344
-999 -999 0.75562484326033 0.75562484326033 0.75562484326033 0.75562484326033 0.75562484326033 0.75562484326033
-999 -999 0.581295124392238 0.581295124392238 0.581295124392238 0.581295124392239 0.581295124392238 0.581295124392238
-999 -999 0.0493471541428641 0.0493471541428645 0.0493471541428646 0.0493471541428648 0.0493471541428658 0.0493471541428639
-999 -999 0.0353697520374546 0.0353697520374543 0.0353697520374538 0.0353697520374529 0.0353697520374544 0.0353697520374542
-999 -999 0.175425395613119 0.175425395613119 0.175425395613119 0.175425395613119 0.175425395613119 0.175425395613119
-999 -999 0.00803554808134651 0.00803554808134688 0.00803554808134653 0.00803554808134769 0.0080355480813471 0.0080355480813464
-999 -999 0.0274168108816711 0.0274168108816714 0.0274168108816712 0.0274168108816722 0.0274168108816712 0.0274168108816714
-999 -999 0.11369127902728 0.113691279027281 0.113691279027281 0.11369127902728 0.11369127902728 0.113691279027281
-999 -999 0.0247938475813484 0.0247938475813491 0.0247938475813488 0.0247938475813499 0.0247938475813491 0.0247938475813488
-999 -999 0.327206871406007 0.327206871406007 0.327206871406007 0.327206871406007 0.327206871406007 0.327206871406007
-999 -999 0.82725943981358 0.82725943981358 0.82725943981358 0.82725943981358 0.82725943981358 0.82725943981358
-999 -999 0.827559749640165 0.827559749640165 0.827559749640165 0.827559749640164 0.827559749640165 0.827559749640165
-999 -999 0.7043472317699 0.7043472317699 0.7043472317699 0.7043472317699 0.7043472317699 0.7043472317699
-999 -999 0.00312304669504857 0.00312304669504924 0.00312304669504947 0.00312304669504969 0.00312304669504933 0.00312304669504954
-999 -999 0.340731488394504 0.340731488394503 0.340731488394503 0.340731488394503 0.340731488394503 0.340731488394504
-999 -999 0.689009265284153 0.689009265284153 0.689009265284153 0.689009265284153 0.689009265284153 0.689009265284153
-999 -999 0.001848568903589 0.00184856890358896 0.00184856890359031 0.00184856890359086 0.00184856890358891 0.00184856890359066
-999 -999 0.00174787481244161 0.00174787481244108 0.00174787481244178 0.00174787481244193 0.00174787481244131 0.00174787481244132
-999 -999 0.0266805153440088 0.0266805153440088 0.0266805153440091 0.0266805153440087 0.0266805153440089 0.026680515344009
-999 -999 0.0387205353987591 0.0387205353987594 0.0387205353987594 0.0387205353987596 0.0387205353987593 0.0387205353987588
-999 -999 0.377376323110408 0.377376323110408 0.377376323110407 0.377376323110408 0.377376323110408 0.377376323110407
-999 -999 0.00303755229368481 0.00303755229368463 0.0030375522936835 0.0030375522936838 0.00303755229368471 0.00303755229368451
-999 -999 0.00418255604390351 0.00418255604390382 0.00418255604390375 0.00418255604390418 0.00418255604390429 0.00418255604390424
-999 -999 0.0151168135961036 0.0151168135961026 0.0151168135961036 0.0151168135961028 0.015116813596103 0.0151168135961025
-999 -999 0.00598661980582043 0.00598661980582077 0.00598661980582072 0.00598661980582068 0.00598661980582032 0.00598661980582082
-999 -999 0.406297901584905 0.406297901584906 0.406297901584905 0.406297901584906 0.406297901584905 0.406297901584906
-999 -999 0.00139167718215012 0.0013916771821498 0.00139167718214994 0.00139167718214915 0.001391677182149 0.00139167718214988
-999 -999 0.00197819162675906 0.00197819162675897 0.00197819162675933 0.00197819162675831 0.00197819162675839 0.00197819162675961
-999 -999 0.00341527644611407 0.00341527644611409 0.00341527644611489 0.00341527644611414 0.00341527644611397 0.00341527644611373
-999 -999 0.00439559221012047 0.00439559221012054 0.0043955922101206 0.00439559221011934 0.00439559221012068 0.00439559221012039
-999 -999 0.154386815410794 0.154386815410794 0.154386815410794 0.154386815410795 0.154386815410795 0.154386815410795
-999 -999 0.449909730818456 0.449909730818456 0.449909730818456 0.449909730818456 0.449909730818456 0.449909730818457
-999 -999 0.677383685534606 0.677383685534606 0.677383685534606 0.677383685534606 0.677383685534606 0.677383685534606
-999 -999 0.666207318819353 0.666207318819353 0.666207318819353 0.666207318819353 0.666207318819353 0.666207318819353
-999 -999 0.442341858445241 0.442341858445241 0.44234185844524 0.442341858445241 0.442341858445241 0.442341858445241
-999 -999 0.00608287503022412 0.00608287503022453 0.00608287503022363 0.00608287503022441 0.00608287503022372 0.00608287503022367
-999 -999 0.00207463206508758 0.00207463206508763 0.00207463206508784 0.00207463206508707 0.00207463206508764 0.00207463206508663
-999 -999 0.0968850920073389 0.096885092007339 0.0968850920073375 0.0968850920073388 0.096885092007339 0.0968850920073386
-999 -999 0.884316422802298 0.884316422802298 0.884316422802298 0.884316422802298 0.884316422802299 0.884316422802298
-999 -999 0.72571085981071 0.72571085981071 0.72571085981071 0.72571085981071 0.72571085981071 0.72571085981071
-999 -999 0.698219291987273 0.698219291987273 0.698219291987273 0.698219291987273 0.698219291987273 0.698219291987273
-999 -999 0.737098998854866 0.737098998854866 0.737098998854866 0.737098998854866 0.737098998854866 0.737098998854866
-999 -999 0.00125606005729714 0.00125606005729702 0.00125606005729695 0.00125606005729754 0.00125606005729664 0.0012560600572966
-999 -999 0.0010894014370987 0.00108940143709847 0.00108940143709772 0.00108940143709925 0.00108940143709842 0.00108940143709771
-999 -999 0.00513769103920726 0.00513769103920681 0.00513769103920754 0.00513769103920697 0.00513769103920686 0.00513769103920692
-999 -999 0.607563502313152 0.607563502313152 0.607563502313152 0.607563502313152 0.607563502313152 0.607563502313152
-999 -999 0.00156662537030012 0.00156662537030035 0.00156662537030002 0.00156662537030054 0.0015666253703 0.00156662537030036
-999 -999 0.522231434761768 0.522231434761768 0.522231434761769 0.522231434761768 0.522231434761768 0.522231434761768

# Duration of outbreak (days) based on incidence
0
0
0
0
0
0
0
0
0
0
0
0
0
0
0
0
0
0
0
0
0
0
0
0
0
0
0
0
0
0
0
0
0
0
0
0
0
0
0
0
0
0
0
0
0
0
0
0
0
0

# Duration of outbreak (days) based on prevalence
0
0
12
0
0
0
0
0
0
0
0
0
14
15
0
0
0
0
0
0
0
0
0
0
0
0
0
0
0
0
0
0
0
0
18
11
0
0
0
0
27
12
5
0
0
0
0
0
0
0

# Peak (point) prevalence
0.000335366775745489
0.0405768995166001
0.125910479970233
0.0491299641417471
0.00234035255179202
0.00108898549735846
0.010252628365485
0.000158829487543266
0.000616338771882292
0.00573518247568166
0.000928768564807443
0.0282154814032855
0.277555993487343
0.215669576051945
0.0908762888970845
4.30512840431891e-05
0.0185074488004157
0.0950407430359195
2.17298071113468e-05
3.79460067246184e-05
0.00206914788474206
0.00175804641181048
0.0433413777640615
0.000100518157234437
0.000104069035005322
0.00116472307221631
0.000249741039202928
0.0540875433987436
3.03094631250758e-05
9.89194824790918e-05
0.000169427076322429
0.000183873662632053
0.0184167932627033
0.0769325193839142
0.158798105760336
0.118821971033245
0.0352167082557373
0.000199377634977181
4.74085302606174e-05
0.00688432819950588
0.372056874275386
0.128437630659101
0.105450820973703
0.0921051880400827
9.61653766540116e-06
1.18526150724667e-05
0.000112265803214971
0.0833990965820672
4.164278483107e-05
0.0605263430716711

# Day of peak prevalence
99
65
39
49
119
119
108
56
76
110
109
87
21
22
44
51
75
44
38
56
119
119
99
72
51
119
91
90
34
85
88
87
115
92
46
41
69
110
49
117
25
34
36
44
33
32
68
66
64
56

# Total immunity
0.296782546789646
0.247865808785849
0.302157185354071
0.421334829093435
0.503159827488473
0.500733610545716
0.503856203219691
0.489961554992171
0.328151932647501
0.109695854953404
0.0714022392503905
0.0590060414496661
0.078704777894081
0.169778810530628
0.30002779268714
0.391081515040223
0.355977355485407
0.340396421042495
0.444604905486309
0.427237926464745
0.391157832688489
0.355073821526731
0.335490921607689
0.29034076200497
0.244442188076888
0.220696999338521
0.219484563326907
0.165808817654548
0.186823960018718
0.132596468924067
0.0797597546173198
0.0380413597084701
0.0229256947471906
0.0317623087174608
0.0773350378398403
0.216068814471407
0.249271479136168
0.139873635738048
0.0995783977268373
0.0613843927469689
0.0664095244682872
0.224202902953293
0.335700839968822
0.387524144248663
0.446787432849006
0.407839413781124
0.21219571796171
0.162953260822052
0.187936482847142
0.145058283288069

# Observed immunity (based on survey selectivity)
0.711160310913087
0.579326673043344
0.547341532399821
0.63888341840791
0.694675170493604
0.626964048670818
0.594505070191782
0.612542858525074
0.58191904483279
0.575465926185064
0.56220734910382
0.391744000547413
0.23735195783528
0.401008430948952
0.599075008825284
0.731258568713839
0.563854708887655
0.554949103466024
0.76573371044917
0.693466508520833
0.570532573015971
0.483360587965981
0.460937935402836
0.597195845345925
0.538730625632422
0.472811125238979
0.359487745136281
0.275675356429009
0.467087344662731
0.431740961364735
0.353607995034536
0.233542421974909
0.154861592613081
0.160205505718876
0.2184113379736
0.37265843737497
0.521683276598935
0.6311673761372
0.56797941361175
0.38678932692611
0.218578228562846
0.466387794444842
0.513574649649042
0.646204052206681
0.844851070254578
0.762530071760332
0.601332197302387
0.484263215293427
0.652504308142481
0.425241448289803

# True total proportion of susceptible
1 1 1 0.973153294469321 0.691899981463511 0.250940897550609 0.0370622867631687 0.00355734329125473
1 1 1 0.999222241854209 0.965529685808844 0.681058849747969 0.246483853827051 0.0156581710169485
1 1 1 0.983649233854414 0.81976563405432 0.595692398018132 0.377162165526151 0.0572659952429266
1 1 1 0.975882109023269 0.706927610224324 0.283050101110832 0.16396475902649 0.0238034998006125
1 1 1 0.975210857494447 0.720733681547576 0.327584245256728 0.116784982442324 0.0172046772223716
1 1 1 0.997889354808535 0.95441061583983 0.689700122570542 0.311482840771301 0.0303647216845093
1 1 1 0.998607460053804 0.983926925223102 0.928566027338001 0.668327928317239 0.119857936498843
1 1 1 0.992564893233376 0.923075046237389 0.839631075881736 0.783255416792917 0.1688995577226
1 1 1 0.999693954682046 0.98951417585855 0.917545371383443 0.834180653631231 0.283636649947099
1 1 1 0.998934185269484 0.98900558237436 0.96928215694535 0.897310732503267 0.304111555345745
1 1 1 0.995668692332509 0.95499462127857 0.904784303403481 0.881642731589939 0.308885339107268
1 1 1 0.998935354518124 0.985037156682927 0.935412416863995 0.885040014879186 0.349905370284445
1 1 1 0.987632885772481 0.869583926348804 0.729788959737285 0.675211774046883 0.246797228646833
1 1 1 0.966705094977514 0.629204962423066 0.208211282903472 0.136184283825861 0.0428574860671654
1 1 1 0.97050392701438 0.640805320865477 0.151352752199068 0.0355935514667188 0.00877103637367496
1 1 1 0.975175463083584 0.69823082098839 0.233175826713718 0.0432947204449509 0.00469051110908112
1 1 1 0.999880637516232 0.973992573438671 0.696466168469891 0.232464018262065 0.029438932496954
1 1 1 0.985084008349022 0.846605167810126 0.681157540221465 0.46705942254388 0.0689648289876936
1 1 1 0.976650576147834 0.724383408830218 0.345668193324563 0.238928381424613 0.0453915015650648
1 1 1 0.999918365800875 0.97584229629974 0.723197996997422 0.34503795257463 0.0540332728531683
1 1 1 0.999928033534613 0.999198814222143 0.974498962386671 0.722080874993154 0.147539703783759
1 1 1 0.999209755402616 0.99198364910784 0.984026274764016 0.958615455925165 0.199382943116469
1 1 1 0.99834505615121 0.982616821432965 0.960532368093398 0.951114237081082 0.240082155685629
1 1 1 0.987805144776183 0.867116428538681 0.714832350526485 0.679663378564815 0.196393723643063
1 1 1 0.99988957649587 0.986704326237652 0.865187648133041 0.71305750978261 0.306677272723032
1 1 1 0.999813062231007 0.998020385842548 0.983191751439296 0.861880785057716 0.34652198105308
1 1 1 0.999510529559061 0.994906570042033 0.98868141765924 0.973415491926091 0.362212055737514
1 1 1 0.999742376720325 0.996934613441756 0.990029213442053 0.983572693541276 0.4158671360545
1 1 1 0.984360184296312 0.834538081347623 0.664955534456288 0.640086950968174 0.290753046899405
1 1 1 0.999944549379296 0.983806544380665 0.833609767837806 0.66414255280316 0.321913794476893
1 1 1 0.999946477040245 0.999409227711292 0.982790170449972 0.83257898873135 0.44266655841741
1 1 1 0.99988309607023 0.998777159578227 0.997187554067309 0.980470275484491 0.504737067512598
1 1 1 0.999815464497227 0.998037672475609 0.995273447738896 0.9935038623517 0.553545404290404
1 1 1 0.993987974922472 0.938487767204949 0.879254980977452 0.870187442018078 0.481693687826087
1 1 1 0.985886114046576 0.839394769714003 0.623301298199489 0.55693953090084 0.345120634941979
1 1 1 0.971693887393289 0.68796132549323 0.317616978948114 0.206059324801389 0.137599605260102
1 1 1 0.977079436537992 0.720268427131653 0.284152043351821 0.108525276213144 0.051490972691631
1 1 1 0.983463520821169 0.803764114703227 0.44462360678231 0.158791548219249 0.0403487191161264
1 1 1 0.999799016050512 0.9814606837649 0.80033191390268 0.442252606420188 0.102683157077954
1 1 1 0.999909375776361 0.998892988473885 0.979764587347519 0.798825910332682 0.24540876142394
1 1 1 0.996052751361898 0.960020135362543 0.922345835175688 0.900214000460988 0.318991861334213
1 1 1 0.967402038393323 0.628598513849659 0.184462769651591 0.123834308788731 0.0387964850593574
1 1 1 0.973073964849095 0.67716213265567 0.212591143189606 0.0497054758835791 0.0119986735092508
1 1 1 0.971977635937525 0.677802855309919 0.242539667184467 0.0629220415796772 0.00730418729619358
1 1 1 0.977746451011001 0.714892755091575 0.23942697700719 0.0638108623219346 0.00938262685978713
1 1 1 0.999950631377208 0.977252895932539 0.714153439278913 0.239132367885877 0.0247451379049807
1 1 1 0.999957541562249 0.999526120405656 0.976458041412821 0.713489072762332 0.105073377779489
1 1 1 0.999772877870809 0.997686241228935 0.995211913814607 0.972003051834137 0.132295865535206
1 1 1 0.978892093121391 0.765780337782757 0.499664423714387 0.464799163004061 0.0628499275303549
1 1 1 0.999943202723382 0.978323939127816 0.764863187146008 0.498972593257282 0.104406739553817

# True vulnerable proportion of susceptible
0 0 0.05 0.48657664723466 0.657304982390335 0.250940897550609 0.0370622867631687 0.00355734329125473
0 0 0.05 0.499611120927104 0.917253201518402 0.681058849747969 0.246483853827051 0.0156581710169485
0 0 0.05 0.491824616927207 0.778777352351604 0.595692398018132 0.377162165526151 0.0572659952429266
0 0 0.05 0.487941054511634 0.671581229713108 0.283050101110832 0.16396475902649 0.0238034998006125
0 0 0.05 0.487605428747223 0.684696997470197 0.327584245256728 0.116784982442324 0.0172046772223716
0 0 0.05 0.498944677404268 0.906690085047838 0.689700122570542 0.311482840771301 0.0303647216845093
0 0 0.05 0.499303730026902 0.934730578961947 0.928566027338001 0.668327928317239 0.119857936498843
0 0 0.05 0.496282446616688 0.87692129392552 0.839631075881736 0.783255416792917 0.1688995577226
0 0 0.05 0.499846977341023 0.940038467065623 0.917545371383443 0.834180653631231 0.283636649947099
0 0 0.05 0.499467092634742 0.939555303255642 0.96928215694535 0.897310732503267 0.304111555345745
0 0 0.05 0.497834346166255 0.907244890214641 0.904784303403481 0.881642731589939 0.308885339107268
0 0 0.05 0.499467677259062 0.935785298848781 0.935412416863995 0.885040014879186 0.349905370284445
0 0 0.05 0.493816442886241 0.826104730031364 0.729788959737285 0.675211774046883 0.246797228646833
0 0 0.05 0.483352547488757 0.597744714301913 0.208211282903472 0.136184283825861 0.0428574860671654
0 0 0.05 0.48525196350719 0.608765054822203 0.151352752199068 0.0355935514667188 0.00877103637367496
0 0 0.05 0.487587731541792 0.66331927993897 0.233175826713718 0.0432947204449509 0.00469051110908112
0 0 0.05 0.499940318758116 0.925292944766737 0.696466168469891 0.232464018262065 0.029438932496954
0 0 0.05 0.492542004174511 0.80427490941962 0.681157540221465 0.46705942254388 0.0689648289876936
0 0 0.05 0.488325288073917 0.688164238388707 0.345668193324563 0.238928381424613 0.0453915015650648
0 0 0.05 0.499959182900437 0.927050181484753 0.723197996997422 0.34503795257463 0.0540332728531683
0 0 0.05 0.499964016767307 0.949238873511035 0.974498962386671 0.722080874993154 0.147539703783759
0 0 0.05 0.499604877701308 0.942384466652447 0.984026274764016 0.958615455925165 0.199382943116469
0 0 0.05 0.499172528075605 0.933485980361317 0.960532368093398 0.951114237081082 0.240082155685629
0 0 0.05 0.493902572388091 0.823760607111747 0.714832350526485 0.679663378564815 0.196393723643063
0 0 0.05 0.499944788247935 0.937369109925769 0.865187648133041 0.71305750978261 0.306677272723032
0 0 0.05 0.499906531115503 0.94811936655042 0.983191751439296 0.861880785057716 0.34652198105308
0 0 0.05 0.499755264779531 0.945161241539931 0.98868141765924 0.973415491926091 0.362212055737514
0 0 0.05 0.499871188360162 0.947087882769668 0.990029213442053 0.983572693541276 0.4158671360545
0 0 0.05 0.492180092148156 0.792811177280242 0.664955534456288 0.640086950968174 0.290753046899405
0 0 0.05 0.499972274689648 0.934616217161632 0.833609767837806 0.66414255280316 0.321913794476893
0 0 0.05 0.499973238520123 0.949438766325728 0.982790170449972 0.83257898873135 0.44266655841741
0 0 0.05 0.499941548035115 0.948838301599316 0.997187554067309 0.980470275484491 0.504737067512598
0 0 0.05 0.499907732248613 0.948135788851828 0.995273447738896 0.9935038623517 0.553545404290404
0 0 0.05 0.496993987461236 0.891563378844702 0.879254980977452 0.870187442018078 0.481693687826087
0 0 0.05 0.492943057023288 0.797425031228302 0.623301298199489 0.55693953090084 0.345120634941979
0 0 0.05 0.485846943696644 0.653563259218569 0.317616978948114 0.206059324801389 0.137599605260102
0 0 0.05 0.488539718268996 0.68425500577507 0.284152043351821 0.108525276213144 0.051490972691631
0 0 0.05 0.491731760410584 0.763575908968065 0.44462360678231 0.158791548219249 0.0403487191161264
0 0 0.05 0.499899508025256 0.932387649576655 0.80033191390268 0.442252606420188 0.102683157077954
0 0 0.05 0.499954687888181 0.948948339050191 0.979764587347519 0.798825910332682 0.24540876142394
0 0 0.05 0.498026375680949 0.912019128594416 0.922345835175688 0.900214000460988 0.318991861334213
0 0 0.05 0.483701019196662 0.597168588157176 0.184462769651591 0.123834308788731 0.0387964850593574
0 0 0.05 0.486536982424547 0.643304026022886 0.212591143189606 0.0497054758835791 0.0119986735092508
0 0 0.05 0.485988817968762 0.643912712544423 0.242539667184467 0.0629220415796772 0.00730418729619358
0 0 0.05 0.4888732255055 0.679148117336996 0.23942697700719 0.0638108623219346 0.00938262685978713
0 0 0.05 0.499975315688604 0.928390251135912 0.714153439278913 0.239132367885877 0.0247451379049807
0 0 0.05 0.499978770781125 0.949549814385373 0.976458041412821 0.713489072762332 0.105073377779489
0 0 0.05 0.499886438935404 0.947801929167489 0.995211913814607 0.972003051834137 0.132295865535206
0 0 0.05 0.489446046560696 0.727491320893619 0.499664423714387 0.464799163004061 0.0628499275303549
0 0 0.05 0.499971601361691 0.929407742171425 0.764863187146008 0.498972593257282 0.104406739553817

# True survival by age
0.778267540515681 0.778267540515681 0.778179551691811 0.777425590183303 0.777275122710505 0.778225370817133 0.778715798542442 0.778792626015527
0.778267540515681 0.778267540515681 0.770627412187072 0.701926093683758 0.638127278165558 0.67437007328158 0.741005981907867 0.776399824749054
0.778267540515681 0.778267540515681 0.766653915893587 0.664038929822052 0.59747509246161 0.640120176518306 0.690995267912798 0.765468930958501
0.778267540515681 0.778267540515681 0.774123384770441 0.737838326713652 0.722761074955604 0.755189774657906 0.765123440121521 0.776815181823222
0.778267540515681 0.778267540515681 0.777898990854914 0.774686622834334 0.773369560278153 0.776211479962012 0.777877687035659 0.77866479324627
0.778267540515681 0.778267540515681 0.777922229841051 0.774822847538368 0.772030055416444 0.77366978932302 0.776483520167678 0.778574886059009
0.778267540515681 0.778267540515681 0.776827487294523 0.763887804182015 0.751354875740179 0.751561942175315 0.759195846459588 0.775284833568289
0.778267540515681 0.778267540515681 0.778206089006923 0.777661559128723 0.777230797443152 0.777321124122377 0.777420473409075 0.778503135986569
0.778267540515681 0.778267540515681 0.778006594661594 0.775659043783776 0.7733671491901 0.773522915620607 0.774002442785249 0.777169259781875
0.778267540515681 0.778267540515681 0.776980436315359 0.765410784996401 0.754087291661942 0.753332577866798 0.755223650547157 0.770810152643369
0.778267540515681 0.778267540515681 0.77810854266927 0.776686758375056 0.775406539624625 0.775441138462928 0.775527067735445 0.777653830189632
0.778267540515681 0.778267540515681 0.774432199602274 0.739955531879638 0.706494406483702 0.706549471097433 0.710440238490583 0.751774070988035
0.778267540515681 0.778267540515681 0.771358441374798 0.710037599961294 0.664184294305321 0.67756794304644 0.685138629659728 0.74456624987813
0.778267540515681 0.778267540515681 0.768318221633929 0.68210472223047 0.659522208759737 0.737258546987069 0.751629346486514 0.770249873728947
0.778267540515681 0.778267540515681 0.769193918619378 0.690223412250969 0.667984999781611 0.75125372241462 0.772322554515938 0.777204404627678
0.778267540515681 0.778267540515681 0.778260359366084 0.778210749206353 0.778333188784337 0.778642954387751 0.778771478366736 0.778797608226029
0.778267540515681 0.778267540515681 0.775944306201373 0.75503803409194 0.735287962380908 0.746068315644878 0.767875455682825 0.777417214216728
0.778267540515681 0.778267540515681 0.768658608308493 0.683619439811087 0.623784875556932 0.647533628355752 0.688792880552204 0.765510440761276
0.778267540515681 0.778267540515681 0.778282807983686 0.778429101236373 0.778624641521002 0.778722007642205 0.778746332919037 0.778790438657055
0.778267540515681 0.778267540515681 0.778279304196573 0.77838521125225 0.778498532881471 0.778585292532368 0.778697972479148 0.778784682834479
0.778267540515681 0.778267540515681 0.777810222910169 0.77369473195146 0.769585894768175 0.769368028113102 0.771811332885427 0.777372658541638
0.778267540515681 0.778267540515681 0.777990015328574 0.775494903164456 0.773041106666428 0.772814216865306 0.772968809840343 0.777587787829359
0.778267540515681 0.778267540515681 0.772143590900496 0.71713027477778 0.663944387761964 0.660643549817423 0.661802095161448 0.749267740550644
0.778267540515681 0.778267540515681 0.778256754420013 0.778167497723517 0.778160696476623 0.778265399039507 0.77829173934992 0.778653691150441
0.778267540515681 0.778267540515681 0.778269977251692 0.778291964067579 0.778320312756064 0.778381592876713 0.778455301120758 0.7786521955298
0.778267540515681 0.778267540515681 0.778054923106005 0.776141863564346 0.774236862454619 0.774095629721003 0.774676174359497 0.777142470684471
0.778267540515681 0.778267540515681 0.778250624837885 0.778098727541439 0.777950495688758 0.777939091739388 0.777952396850261 0.778485094940517
0.778267540515681 0.778267540515681 0.773671056563403 0.732314679981303 0.691203690019286 0.687259789525928 0.687856778219332 0.740348492673843
0.778267540515681 0.778267540515681 0.778280946003577 0.77840783861634 0.77856833226488 0.778624481550144 0.778631075027261 0.778723694902609
0.778267540515681 0.778267540515681 0.778255403514649 0.778146206804033 0.778049306795494 0.778153916416073 0.778285420022204 0.778550983575795
0.778267540515681 0.778267540515681 0.778246138775501 0.778053563109446 0.777861462704731 0.777856049131585 0.778000443739689 0.778375257731067
0.778267540515681 0.778267540515681 0.778258593393119 0.778178142087748 0.778098405134713 0.778090601046267 0.77810250684143 0.778441316899461
0.778267540515681 0.778267540515681 0.776558657810232 0.761181965358669 0.745863529872508 0.744253949273822 0.744315373169335 0.75958672574386
0.778267540515681 0.778267540515681 0.77062471058749 0.702301935953307 0.642018995961642 0.643932001235711 0.645322869596035 0.704913864827475
0.778267540515681 0.778267540515681 0.773022452604178 0.726564473251252 0.694701894226628 0.713083010205958 0.720079863193237 0.742412988655102
0.778267540515681 0.778267540515681 0.76931856072341 0.691325944913955 0.661459444821606 0.721784457656031 0.741810488797282 0.754099887368283
0.778267540515681 0.778267540515681 0.773068989087888 0.727485785736701 0.707274008549582 0.749105680896052 0.767459428183563 0.773419756501434
0.778267540515681 0.778267540515681 0.778202323197312 0.777634969934684 0.7773762143776 0.777983747656628 0.778508989481311 0.778726638712091
0.778267540515681 0.778267540515681 0.778280566074171 0.778397877094493 0.778520323865348 0.778582507439326 0.778680166905125 0.77877277815166
0.778267540515681 0.778267540515681 0.777359714733574 0.769190153729376 0.7610385354598 0.760489219843061 0.763870919965107 0.774214152660754
0.778267540515681 0.778267540515681 0.768406273030843 0.680046219254751 0.598415567913716 0.596398969137125 0.600775729614268 0.71571740163395
0.778267540515681 0.778267540515681 0.770181677569755 0.700062120175459 0.681893120404332 0.748871606192102 0.758708604370713 0.772506033915082
0.778267540515681 0.778267540515681 0.772128409954144 0.718543617461069 0.699453143274808 0.752584924741534 0.772671309874955 0.777321156403302
0.778267540515681 0.778267540515681 0.765847680793534 0.657564224318632 0.618493238482386 0.718425277729663 0.763137571764124 0.776982548535839
0.778267540515681 0.778267540515681 0.778281727303868 0.778418117873035 0.778612270441385 0.778741044414458 0.77878486182785 0.778798442042272
0.778267540515681 0.778267540515681 0.778283101268555 0.778423166687747 0.77856859926497 0.778642221369924 0.778747689110013 0.778795288970338
0.778267540515681 0.778267540515681 0.778262078029974 0.77821294061855 0.778164055162677 0.778173416327966 0.778342371857532 0.778733274238411
0.778267540515681 0.778267540515681 0.769880350191506 0.694414807550362 0.619280870919367 0.61132945904601 0.615234977851642 0.756538425219048
0.778267540515681 0.778267540515681 0.778274818262961 0.778350037442578 0.778498326366608 0.778607069365115 0.778620586194716 0.778776416933201
0.778267540515681 0.778267540515681 0.774777961566177 0.743373763293175 0.713414265262029 0.725011915928406 0.743710624494337 0.7714583977441

# True Numbers-at-age
252.097200822338 534.502808287818 184.460007810853 143.120670732936 102.408357103632 243.987665709485 115.902859109634 197.39423249188
284.051910351512 196.199068454888 415.986186004885 143.543006183317 111.265671911983 79.5994683343071 189.877391621571 243.984560167582
63.2100215479305 221.068381648052 152.695366457854 320.570358026514 100.756581605879 71.0016603704555 53.6794992937815 330.129852776232
72.1975170342149 49.194308006051 172.050345671011 117.06450063372 212.871197476598 60.1995479110885 45.4495953694288 289.796425478041
74.299553302271 56.1889840135574 38.2863330992402 133.188195941767 86.374675265153 153.855015515273 45.4620830214828 259.892813710633
17.0044895156036 57.8249306099722 43.7300623923062 29.7828998814341 103.179113715525 66.7995446289796 119.424029292688 237.733324042755
6.95507648321133 13.2340422330335 45.0032665263129 34.0185876473111 23.0764712940829 79.6573768796165 51.6807896199764 277.823986336812
60.191125720046 5.41291026868733 10.2996254997836 34.9597744556814 25.9863842192779 17.3386192216875 59.8674528762356 254.628563829652
182.397159552694 46.8447993750103 4.21269236184336 8.01523127842258 27.1868727099937 20.1974181294135 13.477674984132 244.771319009979
868.90251339819 141.953788762121 36.4577867955398 3.27750243879467 6.21708662912707 21.025434243122 15.6231657594725 200.660498171603
642.550045516286 676.238622050303 110.478026046778 28.3269870914908 2.50863571450544 4.6882260181861 15.8391445791399 166.47013350312
296.294064614753 500.075843582198 526.294569184802 85.9638958442364 22.0011957786221 1.94521253856342 3.63544332091375 141.739822281778
55.9069645815298 230.596052937118 389.192796856022 407.579460852517 63.6094602718677 15.5437217535493 1.37438889029408 109.139088437822
457.392014281798 43.5105758225645 179.465422971995 300.207149177159 289.39674217724 42.2484044818128 10.5319275758386 82.2029287141825
108.300554774232 355.973358006608 33.8628688318483 137.886554622624 204.772714101088 190.863578608605 31.1479973007833 71.2329013033196
54.0473500017469 84.2868064006253 277.04250982491 26.0471127724634 95.172528235157 136.785101384095 143.38697390309 79.4188254907452
69.8056680558643 42.0632981572497 65.597685515336 215.611203256017 20.2701431453211 74.0759373859371 106.50675545794 173.516876985355
181.120240724347 54.3274855918915 32.7364996028205 50.9001505756132 162.79465903462 14.9043922504925 55.2657098353416 216.678930506106
68.3975411271717 140.960004286146 42.2813185940025 25.1631922255956 34.7963324228007 101.548846127244 9.65109519239874 203.936611068658
20.2535550309868 53.2315861103641 109.704595846858 32.9068233605931 19.5877611084084 27.0932818589488 79.0783213299566 166.339637782127
36.9141801140428 15.7626844606651 41.4284155998617 85.3808165228592 25.6141846531757 15.2490432853287 21.0944307818115 191.120890539647
39.950089855064 28.729108167509 12.2675856671265 32.2234451725435 66.0586879534504 19.7123152150715 11.7321263630447 164.85307551982
28.9270253323272 31.0918581748811 22.3589323547362 9.54405916121237 24.9891174937068 51.0660812404675 15.2339574455375 137.256306062062
135.854808138067 22.5129648598251 24.1977839918271 17.2643063170873 6.84433376877561 16.591384315071 33.7364771859674 112.923587274506
54.7600911793724 105.731387396843 17.521109791172 18.8320888336359 13.4345220467001 5.3259915324289 12.9125003345865 114.185189557849
29.7960912756569 42.6180014805845 82.2873068246516 13.6361537185999 14.6568634058256 10.4563614011159 4.1456537726599 98.9623528823878
4.24176448531403 23.1893306740862 33.1682071939882 64.0240441840546 10.583589759004 11.3478839367523 8.09422366338717 80.1193866285905
61.5366732758583 3.30122761343211 18.0475033499259 25.8131779734737 49.8170273116697 8.23350889918362 8.8279625229211 68.6686690057085
126.28732054382 47.8919953619192 2.56923829538826 13.9628309850687 18.9033691669448 34.4337131036176 5.65855959311279 56.9111194515528
98.1978636122943 98.2853223579545 37.2727854407093 1.99958921104339 10.8687770880526 14.7175646064956 26.8109320131507 48.7239675594482
174.583940893211 76.4242097974346 76.4922761003161 29.0077466732741 1.55597275973968 8.45644447907409 11.4525305386511 58.8006503501653
376.326762274321 135.873014292495 59.4784817949038 59.5298185212205 22.5695806569171 1.21033124681983 6.57789649219318 54.6790452120771
379.368722235325 292.882903705465 105.745556655872 46.28963957886 46.3248035756642 17.5613547137065 0.941747367303118 47.6827057120135
145.934635608007 295.250362402663 227.941257125943 82.1176275460796 35.2348388303811 34.5519815155955 13.0701076002745 36.9201073495218
25.2737854982406 113.576189930695 229.783773383484 175.657165303629 57.6713688015044 22.6214358487516 22.2491266039967 34.4599349041347
48.3275144271893 19.6697668792366 88.3926619985041 177.628016069543 127.626255781639 40.0644091490475 16.1309615702087 41.6046513022139
254.425749909386 37.6117357924847 15.3083410916203 68.0021155072 122.798856052468 84.4195922939833 28.9178678289546 43.3401793481629
683.828809325806 198.011302625835 29.2719931097427 11.8344037723114 49.4705724315133 86.8524391655322 63.2391961663515 55.713441266482
374.994861229086 532.201765567761 154.105769488915 22.7795330426175 9.20284622167632 38.4572463199027 67.5697861151201 92.6178235516077
628.883881696213 291.84632835478 414.195359146524 119.937525513129 17.7315401615773 7.16460282098244 29.9421392689616 124.743492083511
54.3642994095794 489.439911877666 227.134524177206 321.978786230112 92.2547636873642 13.4943853560134 5.44860320981433 119.450106492484
32.1780010261074 42.3099695933514 380.915196447243 174.531593199641 218.960456256022 55.2066868047197 8.04803751546551 88.7659084124542
89.2041795492084 25.0430937172996 32.9284759747108 293.37390501155 122.182957172941 149.307628761575 41.3427202199948 74.6783151658564
233.430864605527 69.4247174214816 19.4902269542665 25.4250117965667 210.801946975679 85.461253449225 112.366670554867 89.9933680891509
92.3724851723101 181.671664876992 54.0310040786126 14.9265451110646 16.7185781603014 130.37957886338 61.3975247443846 155.674504603693
52.8967311155112 71.890506846375 141.389159805206 42.051343182265 11.6190931517019 13.0172900999441 101.531929414386 169.054524475686
433.714018079558 41.1678088265882 55.950047949754 110.040793778951 32.7337397234119 9.04626107984973 10.1358116796372 210.726622643119
215.787748559132 337.545542137951 32.0395693238885 43.5438005832522 85.6351697147169 25.4722196438098 7.03955988950138 171.988964523508
207.813083967151 167.940600344532 262.700738891735 24.6666348510603 30.2374599020304 53.0322224822577 15.5719182555514 134.447243848372
207.280687077823 161.734177746094 130.702717982866 204.453369818511 19.1992761599052 23.5398119273081 41.2912633288294 116.828958951093

