# Simulated data from SIR age-structured hybrid model
# random seed = 9871476
# Flag=0 if no issues, =1 if negative pop #'s, =2 if NaN, or=3 if NA. Flag:
0

# Number of years (nyr)
50

# Starting age
0

# Ending age
8

# Sample size for comp data
200

# Sample size for fishery age comp data
200

# Sample size for antibody prevalence data
200

# Survey data
29179.1185573679
19775.6736124082
16460.5511389417
19900.4591022375
25093.66175742
12579.8792996843
26647.3576163286
11905.4698735582
13670.1373655458
12979.3624942769
26144.6298114761
23165.4959795318
18158.4842571434
8950.79131424506
15920.2828869638
9024.18048727039
14315.6640373218
20153.5049337876
8105.95966029176
11151.1359603909
11444.9239361854
14364.1809785012
9108.73948803063
8182.86296698712
11715.6894204196
8878.38949989159
8914.37188744214
13535.7797603069
18216.2000313151
21617.2565407679
12391.793924647
12443.9604404597
10861.8528821001
12207.7711372777
7678.1041644218
9572.45684568221
5704.8083244211
9114.20261641764
44139.7375086756
24578.2009919715
28920.9767428438
23268.9510495983
15767.6252693699
29808.1310772058
17026.5432490568
16423.6932193308
26897.6481693998
15352.492231779
18674.2223888359
21445.528928411

# Catches
0
0
0
0
0
0
0
0
0
0
0
0
0
0
0
0
0
0
0
0
0
0
0
0
0
0
0
0
0
0
0
0
0
0
0
0
0
0
0
0
0
0
0
0
0
0
0
0
0
0

# Catch compositions
-999 -999 -999 -999 -999 -999 -999 -999
-999 -999 -999 -999 -999 -999 -999 -999
-999 -999 -999 -999 -999 -999 -999 -999
-999 -999 -999 -999 -999 -999 -999 -999
-999 -999 -999 -999 -999 -999 -999 -999
-999 -999 -999 -999 -999 -999 -999 -999
-999 -999 -999 -999 -999 -999 -999 -999
-999 -999 -999 -999 -999 -999 -999 -999
-999 -999 -999 -999 -999 -999 -999 -999
-999 -999 -999 -999 -999 -999 -999 -999
-999 -999 -999 -999 -999 -999 -999 -999
-999 -999 -999 -999 -999 -999 -999 -999
-999 -999 -999 -999 -999 -999 -999 -999
-999 -999 -999 -999 -999 -999 -999 -999
-999 -999 -999 -999 -999 -999 -999 -999
-999 -999 -999 -999 -999 -999 -999 -999
-999 -999 -999 -999 -999 -999 -999 -999
-999 -999 -999 -999 -999 -999 -999 -999
-999 -999 -999 -999 -999 -999 -999 -999
-999 -999 -999 -999 -999 -999 -999 -999
-999 -999 -999 -999 -999 -999 -999 -999
-999 -999 -999 -999 -999 -999 -999 -999
-999 -999 -999 -999 -999 -999 -999 -999
-999 -999 -999 -999 -999 -999 -999 -999
-999 -999 -999 -999 -999 -999 -999 -999
-999 -999 -999 -999 -999 -999 -999 -999
-999 -999 -999 -999 -999 -999 -999 -999
-999 -999 -999 -999 -999 -999 -999 -999
-999 -999 -999 -999 -999 -999 -999 -999
-999 -999 -999 -999 -999 -999 -999 -999
-999 -999 -999 -999 -999 -999 -999 -999
-999 -999 -999 -999 -999 -999 -999 -999
-999 -999 -999 -999 -999 -999 -999 -999
-999 -999 -999 -999 -999 -999 -999 -999
-999 -999 -999 -999 -999 -999 -999 -999
-999 -999 -999 -999 -999 -999 -999 -999
-999 -999 -999 -999 -999 -999 -999 -999
-999 -999 -999 -999 -999 -999 -999 -999
-999 -999 -999 -999 -999 -999 -999 -999
-999 -999 -999 -999 -999 -999 -999 -999
-999 -999 -999 -999 -999 -999 -999 -999
-999 -999 -999 -999 -999 -999 -999 -999
-999 -999 -999 -999 -999 -999 -999 -999
-999 -999 -999 -999 -999 -999 -999 -999
-999 -999 -999 -999 -999 -999 -999 -999
-999 -999 -999 -999 -999 -999 -999 -999
-999 -999 -999 -999 -999 -999 -999 -999
-999 -999 -999 -999 -999 -999 -999 -999
-999 -999 -999 -999 -999 -999 -999 -999
-999 -999 -999 -999 -999 -999 -999 -999

# Age composition from fishery-independent survey
0 0 1 3 61 84 9 42
0 0 1 6 5 62 74 52
0 0 3 5 12 9 55 116
0 0 7 20 15 11 3 144
0 0 2 47 35 9 7 100
0 0 2 12 73 24 6 83
0 0 0 24 29 55 26 66
0 0 3 5 61 25 39 67
0 0 3 3 11 53 16 114
0 0 4 21 17 16 24 118
0 0 1 58 27 5 12 97
0 0 1 19 70 19 5 86
0 0 0 13 26 68 15 78
0 0 4 28 24 25 48 71
0 0 0 23 31 16 27 103
0 0 4 9 31 30 15 111
0 0 5 17 14 34 24 106
0 0 7 37 12 15 29 100
0 0 2 38 40 15 9 96
0 0 2 5 64 42 12 75
0 0 0 15 6 59 33 87
0 0 1 11 23 7 56 102
0 0 1 19 23 20 7 130
0 0 16 19 28 18 21 98
0 0 8 69 18 20 13 72
0 0 5 40 82 11 8 54
0 0 14 50 50 53 3 30
0 0 9 70 57 27 24 13
0 0 1 39 79 39 17 25
0 0 0 10 52 71 23 44
0 0 0 4 27 62 53 54
0 0 3 4 8 21 54 110
0 0 0 35 1 4 22 138
0 0 0 11 59 9 4 117
0 0 1 13 21 54 5 106
0 0 0 2 10 16 52 120
0 0 5 13 8 5 18 151
0 0 52 39 15 3 1 90
0 0 2 141 24 7 3 23
0 0 2 14 153 12 2 17
0 0 2 18 16 142 10 12
0 0 2 12 33 22 110 21
0 0 5 40 27 28 13 87
0 0 7 32 41 12 14 94
0 0 6 50 49 29 13 53
0 0 3 29 70 30 22 46
0 0 0 23 53 46 17 61
0 0 2 7 31 36 48 76
0 0 3 6 16 26 43 106
0 0 2 7 9 15 26 141

# Antibody prevalence values
0 0 0 0 0 1 0 6 19 39 72 15 5 0 43 0
0 0 0 0 0 0 0 8 1 7 36 32 54 12 48 2
0 0 0 0 0 0 0 9 0 20 0 4 22 34 103 8
0 0 0 0 0 10 0 25 0 14 0 12 0 2 100 37
0 0 0 0 0 1 0 41 0 32 0 6 0 10 79 31
0 0 0 0 0 1 0 15 15 44 18 24 4 4 66 9
0 0 0 0 0 3 0 45 0 18 22 28 6 7 61 10
0 0 0 0 0 0 0 17 0 38 2 22 15 25 67 14
0 0 0 0 0 1 0 2 2 20 16 30 10 14 74 31
0 0 0 0 0 6 0 19 0 13 0 11 12 29 76 34
0 0 0 0 0 3 0 57 0 13 0 9 2 10 60 46
0 0 0 0 0 2 0 18 18 55 11 10 1 1 69 15
0 0 0 0 0 1 0 10 8 28 27 44 8 4 54 16
0 0 0 0 0 1 0 29 1 18 4 17 20 32 64 14
0 0 0 0 0 1 0 31 0 26 0 13 4 18 69 38
0 0 0 0 0 1 0 12 1 34 1 26 1 9 73 42
0 0 0 0 0 6 0 16 1 15 9 25 4 22 53 49
0 0 0 0 0 3 0 36 1 11 1 11 3 16 61 57
0 0 0 0 0 0 1 35 3 43 0 13 2 9 43 51
0 0 0 0 0 0 0 6 12 49 15 29 2 7 58 22
0 0 0 0 0 1 0 23 0 10 10 38 20 27 49 22
0 0 0 0 0 1 0 16 0 29 1 5 7 54 52 35
0 0 0 0 0 0 0 17 0 17 0 34 0 4 60 68
0 0 0 0 0 12 0 6 0 20 1 15 3 25 50 68
0 0 0 0 0 6 0 76 0 18 0 19 0 16 25 40
0 0 0 0 0 10 1 31 9 81 1 3 1 10 22 31
0 0 0 0 0 11 3 53 6 48 17 20 2 4 24 12
0 0 0 0 0 11 0 75 2 38 6 20 11 17 11 9
0 0 0 0 0 0 2 50 18 59 22 7 11 3 23 5
0 0 0 0 0 1 0 19 21 42 43 16 22 3 33 0
0 0 0 0 0 0 0 2 0 17 14 55 37 14 58 3
0 0 0 0 0 2 0 4 0 9 0 22 28 44 78 13
0 0 0 0 0 1 0 41 0 7 0 4 0 22 79 46
0 0 0 0 0 1 0 9 1 61 0 2 0 1 71 54
0 0 0 0 0 0 0 7 2 11 12 35 1 3 90 39
0 0 0 0 0 3 0 6 0 13 4 16 10 42 77 29
0 0 0 0 0 5 0 19 0 20 0 11 0 10 74 61
0 0 0 0 0 54 0 46 1 14 0 5 0 6 26 48
0 0 0 0 0 2 0 137 0 30 0 5 0 3 3 20
0 0 0 0 0 2 0 15 62 88 11 1 1 0 20 0
0 0 0 0 0 1 1 16 10 15 106 20 11 2 18 0
0 0 0 0 0 5 0 15 1 25 6 15 91 19 23 0
0 0 0 0 0 3 0 30 0 25 0 28 5 13 89 7
0 0 0 0 0 9 0 28 0 42 0 22 1 19 61 18
0 0 0 0 0 5 1 57 8 30 12 19 2 7 49 10
0 0 0 0 0 4 0 34 18 42 18 7 16 1 56 4
0 0 0 0 0 0 0 22 11 32 31 22 14 3 62 3
0 0 0 0 0 1 0 9 0 26 8 36 31 16 64 9
0 0 0 0 0 1 0 4 1 12 0 28 6 35 88 25
0 0 0 0 0 4 0 6 0 11 0 18 1 24 87 49

# Average weight-at-age
70
94
115
134
150
160
165
168

# Maturity logistic function parameter age-at-50%
3

# Maturity logistic function parameter age-at-95%
4

# Infection prevalence index (avg of 3 different samples)
0
0
0
0
0
0
0
0
0
0
0.0444444444444444
0
0
0
0
0
0
0
0.0333333333333333
0
0
0
0
0
0
0
0
0.0888888888888889
0.0833333333333333
0
0
0
0
0.00555555555555556
0
0
0
0
0.0222222222222222
0.0111111111111111
0
0.00555555555555556
0
0
0.05
0.0111111111111111
0
0
0
0

