# Simulated data from SIR age-structured hybrid model
# random seed = 5345037
# Flag=0 if no issues, =1 if negative pop #'s, =2 if NaN, or=3 if NA. Flag:
0

# Number of years (nyr)
50

# Starting age
0

# Ending age
8

# Sample size for comp data
200

# Sample size for fishery age comp data
200

# Sample size for antibody prevalence data
200

# Survey data
8397.71014298342
21961.3809508232
60117.3488148491
28804.194268067
65826.7520957098
37363.7424517633
46075.7724073119
23249.5746341096
26920.1724803367
29649.4039245847
34032.6443273445
16064.0402804918
22349.5052501376
8630.77265136145
13755.512607844
11918.0699876882
25304.4781111725
25563.211509814
25178.9625281851
17586.4213291408
11822.3874097276
30671.2031848935
12699.2235801972
10850.7098705171
11519.092371719
5304.07703459343
6287.29300888358
6185.13088325247
6341.70928564612
15292.4953293827
8843.21581429275
21836.3990421848
14776.4379517336
33605.2764617071
35536.8342185267
30341.1966861639
26874.4385271361
18812.4408999905
21564.1138357764
25885.8127903716
35673.633825352
10109.1541657645
9465.46500250626
8174.92292599944
17424.1503764204
9569.60859805517
12387.0501205522
15393.6487909484
19411.2032894749
14582.9248861301

# Catches
0
0
0
0
0
0
0
0
0
0
0
0
0
0
0
0
0
0
0
0
0
0
0
0
0
0
0
0
0
0
0
0
0
0
0
0
0
0
0
0
0
0
0
0
0
0
0
0
0
0

# Catch compositions
-999 -999 -999 -999 -999 -999 -999 -999
-999 -999 -999 -999 -999 -999 -999 -999
-999 -999 -999 -999 -999 -999 -999 -999
-999 -999 -999 -999 -999 -999 -999 -999
-999 -999 -999 -999 -999 -999 -999 -999
-999 -999 -999 -999 -999 -999 -999 -999
-999 -999 -999 -999 -999 -999 -999 -999
-999 -999 -999 -999 -999 -999 -999 -999
-999 -999 -999 -999 -999 -999 -999 -999
-999 -999 -999 -999 -999 -999 -999 -999
-999 -999 -999 -999 -999 -999 -999 -999
-999 -999 -999 -999 -999 -999 -999 -999
-999 -999 -999 -999 -999 -999 -999 -999
-999 -999 -999 -999 -999 -999 -999 -999
-999 -999 -999 -999 -999 -999 -999 -999
-999 -999 -999 -999 -999 -999 -999 -999
-999 -999 -999 -999 -999 -999 -999 -999
-999 -999 -999 -999 -999 -999 -999 -999
-999 -999 -999 -999 -999 -999 -999 -999
-999 -999 -999 -999 -999 -999 -999 -999
-999 -999 -999 -999 -999 -999 -999 -999
-999 -999 -999 -999 -999 -999 -999 -999
-999 -999 -999 -999 -999 -999 -999 -999
-999 -999 -999 -999 -999 -999 -999 -999
-999 -999 -999 -999 -999 -999 -999 -999
-999 -999 -999 -999 -999 -999 -999 -999
-999 -999 -999 -999 -999 -999 -999 -999
-999 -999 -999 -999 -999 -999 -999 -999
-999 -999 -999 -999 -999 -999 -999 -999
-999 -999 -999 -999 -999 -999 -999 -999
-999 -999 -999 -999 -999 -999 -999 -999
-999 -999 -999 -999 -999 -999 -999 -999
-999 -999 -999 -999 -999 -999 -999 -999
-999 -999 -999 -999 -999 -999 -999 -999
-999 -999 -999 -999 -999 -999 -999 -999
-999 -999 -999 -999 -999 -999 -999 -999
-999 -999 -999 -999 -999 -999 -999 -999
-999 -999 -999 -999 -999 -999 -999 -999
-999 -999 -999 -999 -999 -999 -999 -999
-999 -999 -999 -999 -999 -999 -999 -999
-999 -999 -999 -999 -999 -999 -999 -999
-999 -999 -999 -999 -999 -999 -999 -999
-999 -999 -999 -999 -999 -999 -999 -999
-999 -999 -999 -999 -999 -999 -999 -999
-999 -999 -999 -999 -999 -999 -999 -999
-999 -999 -999 -999 -999 -999 -999 -999
-999 -999 -999 -999 -999 -999 -999 -999
-999 -999 -999 -999 -999 -999 -999 -999
-999 -999 -999 -999 -999 -999 -999 -999
-999 -999 -999 -999 -999 -999 -999 -999

# Age composition from fishery-independent survey
0 0 30 54 14 16 27 59
0 0 10 113 29 8 7 33
0 0 2 61 98 22 4 13
0 0 0 13 88 75 10 14
0 0 0 5 12 72 81 30
0 0 3 1 10 11 70 105
0 0 2 41 5 9 8 135
0 0 1 14 67 4 9 105
0 0 2 12 25 49 7 105
0 0 1 11 28 24 43 93
0 0 4 14 5 29 19 129
0 0 1 27 19 10 22 121
0 0 3 8 46 23 10 110
0 0 3 19 20 29 16 113
0 0 13 42 25 14 29 77
0 0 11 49 45 12 12 71
0 0 1 72 54 27 6 40
0 0 2 15 91 51 15 26
0 0 1 18 21 78 33 49
0 0 0 10 40 16 67 67
0 0 0 0 15 28 13 144
0 0 2 2 4 11 28 153
0 0 0 3 5 6 12 174
0 0 0 4 5 6 5 180
0 0 2 5 7 7 2 177
0 0 9 24 2 7 7 151
0 0 2 59 27 2 3 107
0 0 6 17 82 11 3 81
0 0 3 27 20 70 12 68
0 0 24 18 43 27 34 54
0 0 15 83 14 14 5 69
0 0 13 76 70 6 4 31
0 0 6 74 55 31 2 32
0 0 2 58 77 27 28 8
0 0 0 21 65 53 37 24
0 0 4 8 29 61 54 44
0 0 0 25 14 30 43 88
0 0 0 8 38 21 23 110
0 0 0 9 14 39 15 123
0 0 1 3 20 16 34 126
0 0 1 4 5 18 14 158
0 0 2 11 10 2 16 159
0 0 3 12 16 7 4 158
0 0 12 18 19 17 10 124
0 0 3 43 31 18 14 91
0 0 4 23 65 18 11 79
0 0 1 35 24 54 9 77
0 0 8 18 40 28 40 66
0 0 2 43 16 25 17 97
0 0 13 21 50 22 16 78

# Antibody prevalence values
0 0 0 0 19 16 33 12 29 1 9 0 21 0 60 0
0 0 0 0 5 9 95 20 23 0 6 0 1 0 41 0
0 0 0 0 0 2 41 14 98 6 16 0 3 0 20 0
0 0 0 0 0 0 5 2 59 30 73 10 10 0 11 0
0 0 0 0 0 1 3 2 10 10 55 28 62 5 24 0
0 0 0 0 2 1 1 6 5 8 11 6 71 9 76 4
0 0 0 0 0 1 11 24 2 2 8 2 11 3 131 5
0 0 0 0 1 0 1 12 22 47 3 0 3 0 104 7
0 0 0 0 0 1 0 20 6 18 15 31 1 2 100 6
0 0 0 0 0 1 0 8 4 17 7 25 16 26 87 9
0 0 0 0 1 2 3 9 2 11 8 12 3 14 96 39
0 0 0 0 0 1 7 25 8 14 2 9 6 15 92 21
0 0 0 0 1 5 4 8 29 20 5 5 4 4 105 10
0 0 0 0 0 3 8 12 18 3 34 6 11 1 99 5
0 0 0 0 1 6 32 12 22 2 12 1 20 0 91 1
0 0 0 0 5 7 40 12 48 4 14 0 7 0 63 0
0 0 0 0 2 1 53 22 54 8 17 2 9 0 32 0
0 0 0 0 0 1 4 12 63 20 41 3 18 0 38 0
0 0 0 0 0 1 1 13 8 17 55 25 35 3 41 1
0 0 0 0 0 0 0 4 4 21 4 14 47 29 73 4
0 0 0 0 0 0 0 4 0 19 7 21 9 10 105 25
0 0 0 0 0 0 0 3 0 11 0 14 2 16 120 34
0 0 0 0 0 0 0 6 0 2 0 7 1 13 108 63
0 0 0 0 0 2 1 1 0 5 0 6 0 1 118 66
0 0 0 0 2 0 0 2 2 13 1 3 1 6 124 46
0 0 0 0 0 4 5 19 0 2 1 6 3 2 115 43
0 0 0 0 0 3 8 42 8 19 0 1 1 4 83 31
0 0 0 0 0 1 0 19 10 72 5 11 0 0 58 24
0 0 0 0 1 2 8 15 21 11 45 14 11 4 62 6
0 0 0 0 14 9 12 5 27 3 17 0 45 4 64 0
0 0 0 0 5 8 68 23 21 0 10 1 12 0 52 0
0 0 0 0 9 9 41 15 72 6 10 0 6 0 32 0
0 0 0 0 3 6 59 12 54 4 37 1 5 0 19 0
0 0 0 0 1 2 32 9 72 8 38 1 24 1 12 0
0 0 0 0 0 0 4 10 47 26 50 11 21 0 31 0
0 0 0 0 0 2 2 7 16 19 39 19 43 2 51 0
0 0 0 0 0 0 3 18 6 8 15 6 35 16 89 4
0 0 0 0 0 0 1 7 10 24 3 13 9 7 112 14
0 0 0 0 0 0 0 13 2 18 7 32 9 9 99 11
0 0 0 0 0 0 0 2 1 21 1 9 3 28 100 35
0 0 0 0 0 3 2 2 0 1 2 13 0 17 102 58
0 0 0 0 0 4 0 7 2 11 1 1 1 11 108 54
0 0 0 0 0 1 2 10 8 10 5 8 2 1 105 48
0 0 0 0 3 4 6 13 7 10 7 13 3 4 103 27
0 0 0 0 0 0 9 43 7 12 6 8 5 4 80 26
0 0 0 0 1 3 0 21 15 51 6 6 4 13 66 14
0 0 0 0 0 1 4 21 8 24 24 27 6 5 67 13
0 0 0 0 4 8 8 16 9 22 9 10 24 12 62 16
0 0 0 0 3 2 20 29 8 7 23 9 12 3 71 13
0 0 0 0 3 10 14 3 41 13 10 1 19 2 82 2

# Average weight-at-age
70
94
115
134
150
160
165
168

# Maturity logistic function parameter age-at-50%
3

# Maturity logistic function parameter age-at-95%
4

# Infection prevalence index (avg of 3 different samples)
0
0
0
0
0
0.0111111111111111
0.00555555555555556
0
0
0.0111111111111111
0.0277777777777778
0
0.0555555555555556
0.0888888888888889
0.0111111111111111
0
0.00555555555555556
0
0
0
0
0
0
0
0.00555555555555556
0
0
0.0888888888888889
0.0388888888888889
0.0222222222222222
0.0111111111111111
0.00555555555555556
0
0.00555555555555556
0.0111111111111111
0
0
0
0
0
0.00555555555555556
0
0
0
0
0
0
0.0444444444444444
0.0111111111111111
0.0333333333333333

