# Simulated data from SIR age-structured hybrid model
# random seed = 9104026
# Flag=0 if no issues, =1 if negative pop #'s, =2 if NaN, or=3 if NA. Flag:
0

# True SSB
58477.4302438203
47636.2089025863
32732.0490506645
30276.3656777873
31717.7282430301
31718.4664381451
21394.9262839663
25066.8546406067
27281.1574284071
17373.0563715171
18663.5365200723
35125.1389383699
64573.6785513354
68398.2561418872
42496.4663323912
38833.9132171048
37031.6045126457
33685.2702401436
28571.7116109678
26302.947260079
26627.8196646389
31424.4396551249
54200.8483548309
135388.204894915
130229.235027058
83859.5194305717
162521.209963692
182060.458980105
137727.152606246
115363.407802749
99461.6046906428
72247.1639533322
61342.2897015434
56827.7463616425
62604.1263085078
62566.7063993308
57794.7675859921
41275.800394929
31105.4631510903
26403.9295984736
22749.949197318
19196.5607243403
15721.8780421385
12974.2018423829
11523.3996462136
10836.8459150986
10859.9928196341
14994.1632558864
20852.6898442167
17315.5862132482

# True R (numbers)
89.7270657009944
178.34136903814
47.5841667353346
67.4023546665128
206.099818508549
93.3503432941892
17.0127973439281
86.894118763927
482.456756077292
1164.25681993067
394.261977091038
37.5288078067119
113.74508955703
100.419095248312
47.0131508136586
24.8877259621138
93.8773421719249
86.6973481847544
342.673823847508
587.464357314457
3213.36160844165
217.879419376198
721.672912898053
3216.40691880228
1232.57120037039
347.290394538671
332.804455589148
22.6771230040152
32.8897844411414
113.877143558889
142.151053933692
441.957104395307
338.373600257944
336.978581865244
10.8172855375852
31.1682463124691
31.6503767849033
35.7980983633171
10.0756720953468
8.57641144081909
9.74515556386121
34.3985818470516
26.7354968465039
30.9994220269414
173.428203031832
142.975919066494
17.0643010156386
226.083102606141
368.027773241433
152.519571719964

# True infection rate given (selected) susceptible
-999 -999 0.747541330402008 0.747541330402009 0.747541330402008 0.747541330402009 0.747541330402008 0.747541330402009
-999 -999 0.700727510263601 0.700727510263601 0.7007275102636 0.7007275102636 0.7007275102636 0.7007275102636
-999 -999 0.00121134406845462 0.00121134406845546 0.00121134406845434 0.00121134406845501 0.00121134406845453 0.00121134406845516
-999 -999 0.000940256501706792 0.00094025650170561 0.000940256501705686 0.000940256501706033 0.000940256501706951 0.000940256501706555
-999 -999 0.00744309028332195 0.00744309028332175 0.00744309028332158 0.0074430902833229 0.00744309028332249 0.00744309028332253
-999 -999 0.546212577909543 0.546212577909544 0.546212577909543 0.546212577909544 0.546212577909543 0.546212577909544
-999 -999 0.000998010532918687 0.00099801053291928 0.000998010532918729 0.000998010532919396 0.000998010532920281 0.000998010532919254
-999 -999 0.0864420215130964 0.0864420215130965 0.0864420215130972 0.0864420215130968 0.0864420215130976 0.0864420215130966
-999 -999 0.617628341369924 0.617628341369923 0.617628341369923 0.617628341369923 0.617628341369923 0.617628341369924
-999 -999 0.000965938360299371 0.000965938360298876 0.000965938360299689 0.000965938360298408 0.000965938360298908 0.00096593836029846
-999 -999 0.0021401270723507 0.00214012707235041 0.0021401270723502 0.00214012707235099 0.00214012707235032 0.00214012707235086
-999 -999 0.771718082095403 0.771718082095403 0.771718082095403 0.771718082095404 0.771718082095403 0.771718082095403
-999 -999 0.906342380382564 0.906342380382564 0.906342380382564 0.906342380382564 0.906342380382564 0.906342380382564
-999 -999 0.908977944397001 0.908977944397001 0.908977944397001 0.908977944397001 0.908977944397001 0.908977944397001
-999 -999 0.0812632509343533 0.0812632509343529 0.0812632509343542 0.0812632509343538 0.081263250934353 0.0812632509343537
-999 -999 0.00755612798787739 0.00755612798787769 0.00755612798787754 0.00755612798787668 0.00755612798787716 0.0075561279878765
-999 -999 0.00927895283731123 0.00927895283731189 0.00927895283731246 0.00927895283731148 0.00927895283731028 0.00927895283731145
-999 -999 0.0738385887970213 0.0738385887970213 0.073838588797021 0.0738385887970213 0.0738385887970214 0.0738385887970208
-999 -999 0.00450399253541883 0.00450399253541866 0.00450399253541915 0.00450399253541947 0.00450399253541913 0.0045039925354183
-999 -999 0.0339859652134402 0.0339859652134399 0.0339859652134398 0.033985965213441 0.0339859652134402 0.0339859652134408
-999 -999 0.313613284127629 0.313613284127629 0.313613284127629 0.313613284127628 0.313613284127629 0.313613284127628
-999 -999 0.625740872667685 0.625740872667685 0.625740872667685 0.625740872667685 0.625740872667685 0.625740872667685
-999 -999 0.860032362412671 0.86003236241267 0.86003236241267 0.86003236241267 0.86003236241267 0.860032362412671
-999 -999 0.982504898034816 0.982504898034816 0.982504898034816 0.982504898034816 0.982504898034816 0.982504898034816
-999 -999 0.970200523364544 0.970200523364544 0.970200523364544 0.970200523364544 0.970200523364544 0.970200523364544
-999 -999 0.830392861441102 0.830392861441101 0.830392861441102 0.830392861441102 0.830392861441102 0.830392861441102
-999 -999 0.976412507918011 0.976412507918011 0.976412507918011 0.976412507918011 0.976412507918011 0.976412507918011
-999 -999 0.960146080884464 0.960146080884464 0.960146080884464 0.960146080884464 0.960146080884464 0.960146080884464
-999 -999 0.720709568989595 0.720709568989594 0.720709568989595 0.720709568989594 0.720709568989594 0.720709568989594
-999 -999 0.131592877488376 0.131592877488376 0.131592877488376 0.131592877488376 0.131592877488377 0.131592877488377
-999 -999 0.467956493986953 0.467956493986953 0.467956493986953 0.467956493986952 0.467956493986952 0.467956493986953
-999 -999 0.00224388774050778 0.00224388774050727 0.00224388774050769 0.00224388774050681 0.00224388774050717 0.00224388774050764
-999 -999 0.00364786073467778 0.00364786073467684 0.00364786073467704 0.00364786073467598 0.00364786073467666 0.00364786073467674
-999 -999 0.0104797645519585 0.0104797645519585 0.0104797645519585 0.0104797645519582 0.0104797645519581 0.0104797645519592
-999 -999 0.605651675818263 0.605651675818263 0.605651675818263 0.605651675818263 0.605651675818263 0.605651675818263
-999 -999 0.578452760841433 0.578452760841434 0.578452760841434 0.578452760841434 0.578452760841433 0.578452760841434
-999 -999 0.688529343174317 0.688529343174317 0.688529343174317 0.688529343174317 0.688529343174317 0.688529343174317
-999 -999 0.293703247365082 0.293703247365082 0.293703247365083 0.293703247365083 0.293703247365083 0.293703247365082
-999 -999 0.00194604664077032 0.00194604664077089 0.00194604664077129 0.00194604664077009 0.00194604664077106 0.00194604664077148
-999 -999 0.00196496573157623 0.00196496573157627 0.00196496573157642 0.00196496573157591 0.00196496573157659 0.00196496573157628
-999 -999 0.0062084608062835 0.00620846080628335 0.00620846080628357 0.00620846080628322 0.00620846080628403 0.00620846080628315
-999 -999 0.00408672263855471 0.00408672263855363 0.00408672263855368 0.00408672263855365 0.00408672263855384 0.00408672263855449
-999 -999 0.00325922949311544 0.00325922949311611 0.00325922949311599 0.00325922949311626 0.00325922949311593 0.00325922949311572
-999 -999 0.00251558562557461 0.00251558562557354 0.00251558562557491 0.00251558562557454 0.00251558562557464 0.0025155856255744
-999 -999 0.0068145332122142 0.00681453321221429 0.00681453321221518 0.00681453321221518 0.00681453321221602 0.00681453321221495
-999 -999 0.00159710533870614 0.00159710533870667 0.00159710533870655 0.00159710533870676 0.00159710533870682 0.00159710533870602
-999 -999 0.000926920638728076 0.000926920638726349 0.000926920638726626 0.000926920638726644 0.000926920638727104 0.000926920638726637
-999 -999 0.00266827688791181 0.00266827688791042 0.00266827688791139 0.00266827688791075 0.00266827688791053 0.00266827688791038
-999 -999 0.508991869363033 0.508991869363033 0.508991869363034 0.508991869363034 0.508991869363033 0.508991869363033
-999 -999 0.00353162264299711 0.00353162264299738 0.00353162264299678 0.00353162264299677 0.00353162264299666 0.0035316226429962

# Duration of outbreak (days) based on incidence
0
0
0
0
0
0
0
0
0
0
0
0
3
0
0
0
0
0
0
0
0
0
0
3
2
0
3
3
0
0
0
0
0
0
0
0
0
0
0
0
0
0
0
0
0
0
0
0
0
0

# Duration of outbreak (days) based on prevalence
14
14
0
0
0
0
0
0
16
0
0
21
15
22
0
0
0
0
0
0
0
16
23
25
21
20
20
17
0
0
0
0
0
0
0
0
13
0
0
0
0
0
0
0
0
0
0
0
0
0

# Peak (point) prevalence
0.167397478960228
0.120267627619892
3.08327808128655e-05
2.37252075656426e-05
0.000319618687891997
0.0801862858512812
2.4655350448088e-05
0.0118933275250234
0.122572066307525
2.51381997886832e-05
0.00015234478552916
0.262535189684375
0.45361636882745
0.365911423018762
0.00437606072166634
0.000279278442084637
0.000449888295818222
0.00570393740800125
0.000129817427685317
0.00239246002666467
0.033816772136383
0.130309076090344
0.367240796596899
0.733937308837562
0.542923827453408
0.216869024776611
0.635804902097816
0.478404994817252
0.0894239826443877
0.00619985163354798
0.0301656248073815
2.71263297984181e-05
5.5533873758166e-05
0.000222596254117532
0.0888753553800015
0.0732519877495705
0.118368177816269
0.0208798859731692
5.13707017691009e-05
5.03172934203323e-05
0.000193611223397129
0.000143484468990693
0.000103114856597539
6.64670804028629e-05
0.000442559105029808
5.53774300487693e-05
3.67530389020274e-05
0.000139643832025542
0.0862821232724981
0.000147029530613544

# Day of peak prevalence
33
53
69
50
114
73
36
119
62
40
119
36
16
19
119
119
119
119
56
119
98
54
27
9
10
31
10
11
30
119
81
42
42
61
48
48
52
104
78
56
71
69
58
44
119
48
47
115
72
91

# Total immunity
0.202416182290131
0.234727393619335
0.285840378167894
0.239919042124902
0.14701036088826
0.120709360927882
0.160081411811286
0.122293267202548
0.0474706732504112
0.0267412095896038
0.0206360204718159
0.0201011480856954
0.0651467244881298
0.193906092543956
0.350180909484103
0.339204002271869
0.260257841904174
0.204436001465438
0.103171549017803
0.0477612170963652
0.0101761566118544
0.0114426497993576
0.0185877243564768
0.0237788135571172
0.0504240017349434
0.0638590883147794
0.0767803545368398
0.194956403827109
0.454520177649903
0.540123375669926
0.468742199107047
0.318182771919355
0.226013951684223
0.165016485450672
0.163754326042365
0.241995578209016
0.321678389311227
0.433480854826537
0.469344010488037
0.450234414279374
0.424844941635335
0.338571492333998
0.281549580332883
0.22489859162257
0.0916136259219854
0.0564159155558649
0.0533772239740306
0.0273919954799346
0.0136636250674381
0.0415806935472938

# Observed immunity (based on survey selectivity)
0.362274301092698
0.466838536320419
0.630018983386516
0.529612630237732
0.386974344925242
0.306265024423126
0.424744694292092
0.274784323334306
0.205748275663463
0.415511566462101
0.291358528452274
0.112036477982521
0.145382984373124
0.316533877253823
0.610141351011671
0.543140272654998
0.447022581780771
0.387854865581542
0.379650297128214
0.317923995076742
0.243106012418015
0.17893055041711
0.149465159447975
0.122290931334472
0.28711061047308
0.429591475723212
0.206293235033516
0.311898704000641
0.620418084176345
0.711340356420076
0.668523220286748
0.77398522474426
0.704105732831693
0.579953202761733
0.396634270049659
0.426252653557862
0.443073676913259
0.575082028125227
0.626151087288607
0.576182822747574
0.520410766798258
0.483454349285447
0.463143692942339
0.436736468107678
0.37702838862824
0.309327902381033
0.235140092390222
0.126299043319943
0.0720792688569569
0.251891289456751

# True total proportion of susceptible
1 1 1 0.990691570281785 0.841541760996234 0.264129284357576 0.0306194213775315 0.00517967065764074
1 1 1 0.991318965970137 0.868585728452203 0.441871973015186 0.0744390937297774 0.00483435872696786
1 1 1 0.99339695265077 0.897549771219873 0.533412960756063 0.165478574042952 0.012697599464598
1 1 1 0.999990850351509 0.993300248245592 0.897296018108857 0.533046141482589 0.0602095173333002
1 1 1 0.999984745610541 0.999838302312429 0.993007863752102 0.896960064484707 0.19767727938638
1 1 1 0.999841686634014 0.998398758014642 0.99681931341114 0.989819435249759 0.343766332180268
1 1 1 0.99527026239661 0.939098664401236 0.836560356336923 0.817747899898423 0.201137668144903
1 1 1 0.999983793915084 0.995105669402214 0.938768667216391 0.836191400712444 0.28827924994493
1 1 1 0.999362857816063 0.993376447173577 0.981742446738733 0.920964052739569 0.412675198056126
1 1 1 0.991752816528256 0.893272344131241 0.709657589774433 0.665936742865666 0.217046472037753
1 1 1 0.999985268404387 0.991601001096751 0.892954589556467 0.70930188186316 0.284668325265665
1 1 1 0.999986742828604 0.999852601565449 0.991334955244489 0.892527917262185 0.45183797707976
1 1 1 0.98493456380402 0.804731998268781 0.472876264857079 0.410962476672014 0.164119485796166
1 1 1 0.984010974506863 0.761138452093719 0.196545605806758 0.0567418193749618 0.0169365560193268
1 1 1 0.989497343940595 0.821456059786164 0.200963180119071 0.0186177085750173 0.00212956585298009
1 1 1 0.998208855795863 0.971097550609468 0.785103931195567 0.185510824898249 0.010915816634976
1 1 1 0.999813101376105 0.996335877180366 0.967524958024238 0.781449891734514 0.120747665245237
1 1 1 0.99985329855128 0.998341578126293 0.993519338996489 0.96445377816341 0.340631058819891
1 1 1 0.998109590239255 0.980602846746395 0.961081775659433 0.954212687209206 0.353898548371746
1 1 1 0.999919948154738 0.997306143563651 0.979051410020545 0.959423484759904 0.469311623364859
1 1 1 0.999566807130962 0.995534699288399 0.988825168641284 0.969779536073694 0.546806351818984
1 1 1 0.996878018259405 0.963908000923748 0.915747025978464 0.901627946035508 0.467835287383022
1 1 1 0.988358558110508 0.852425858539477 0.60264141371548 0.524431563643543 0.218903171420271
1 1 1 0.982880909781946 0.759513798368237 0.257950121001522 0.113052016090434 0.0406938967966925
1 1 1 0.988040487764541 0.792682874214372 0.104626386096504 0.00423888692299046 0.000726292201711223
1 1 1 0.994734239006273 0.891365636905813 0.171301263183037 0.00289245652024238 5.92953344244765e-05
1 1 1 0.989513474260317 0.843876161879167 0.384616495726969 0.0297155852565386 0.000211278417389878
1 1 1 0.985193338476462 0.76842624053542 0.129482557304799 0.00990202192201462 0.000382552750646669
1 1 1 0.980382080908453 0.715759465246017 0.111381151102433 0.00488549530120571 3.1605819550071e-05
1 1 1 0.983478377149074 0.776832099142049 0.300442055661238 0.0310288411087482 0.000336741393151254
1 1 1 0.998521243262658 0.967234825261888 0.733410159493537 0.267305087878226 0.0176297023366174
1 1 1 0.99349440073586 0.92024326140638 0.774327250018723 0.508317047851669 0.0497499788317059
1 1 1 0.99994752725785 0.992966568943664 0.919232994366742 0.773289183001806 0.100785267459361
1 1 1 0.999927542949443 0.999222371158652 0.991581666214084 0.917724153768933 0.194018001336919
1 1 1 0.999863960048024 0.998562287671075 0.996615853350836 0.988795350696317 0.203582073546768
1 1 1 0.986394015401049 0.837235320396693 0.614702311910853 0.581564513696692 0.0943893402552058
1 1 1 0.991583699436595 0.879544111515256 0.552837546620022 0.337901649846812 0.0612014366289762
1 1 1 0.993997654242638 0.906171157777066 0.567123721299823 0.237863320926575 0.0282354634828679
1 1 1 0.997994471150115 0.970314642885711 0.832909188972361 0.461418485199889 0.0586319313999272
1 1 1 0.999967084467526 0.997663811411093 0.969668804851868 0.832169097559916 0.136337733649065
1 1 1 0.999984067828076 0.999807653213357 0.997357607946084 0.969308579281251 0.333616601925385
1 1 1 0.999856121765239 0.998543378607535 0.997066615193407 0.994470141938863 0.343409333540478
1 1 1 0.999907587825477 0.998931187999745 0.996783971474978 0.995213676854065 0.389932425841963
1 1 1 0.9999446975586 0.99935407610868 0.997877677597062 0.995672433483005 0.442450975413907
1 1 1 0.999954229228095 0.999486738548682 0.998483124755914 0.99695970316376 0.50465023400308
1 1 1 0.999946273927205 0.999415528588055 0.998458486402178 0.997395440954007 0.522089436822469
1 1 1 0.999966790665308 0.999614105941243 0.998784165464048 0.997793584481368 0.54121892428865
1 1 1 0.999985387005426 0.999820643746366 0.999336308873205 0.998491445854146 0.567013518216077
1 1 1 0.99995077327285 0.999492856567531 0.998884228974628 0.998350154858148 0.655052763728302
1 1 1 0.989386618375544 0.875356553968164 0.712915168436674 0.689990027751825 0.433768908466274

# True vulnerable proportion of susceptible
0 0 0.05 0.495345785140893 0.799464672946422 0.264129284357576 0.0306194213775315 0.00517967065764074
0 0 0.05 0.495659482985068 0.825156442029593 0.441871973015186 0.0744390937297774 0.00483435872696786
0 0 0.05 0.496698476325385 0.852672282658879 0.533412960756063 0.165478574042952 0.012697599464598
0 0 0.05 0.499995425175755 0.943635235833312 0.897296018108857 0.533046141482589 0.0602095173333002
0 0 0.05 0.49999237280527 0.949846387196807 0.993007863752102 0.896960064484707 0.19767727938638
0 0 0.05 0.499920843317007 0.94847882011391 0.99681931341114 0.989819435249759 0.343766332180268
0 0 0.05 0.497635131198305 0.892143731181175 0.836560356336923 0.817747899898423 0.201137668144903
0 0 0.05 0.499991896957542 0.945350385932103 0.938768667216391 0.836191400712444 0.28827924994493
0 0 0.05 0.499681428908032 0.943707624814898 0.981742446738733 0.920964052739569 0.412675198056126
0 0 0.05 0.495876408264128 0.848608726924679 0.709657589774433 0.665936742865666 0.217046472037753
0 0 0.05 0.499992634202194 0.942020951041914 0.892954589556467 0.70930188186316 0.284668325265665
0 0 0.05 0.499993371414302 0.949859971487176 0.991334955244489 0.892527917262185 0.45183797707976
0 0 0.05 0.49246728190201 0.764495398355342 0.472876264857079 0.410962476672014 0.164119485796166
0 0 0.05 0.492005487253431 0.723081529489033 0.196545605806758 0.0567418193749618 0.0169365560193268
0 0 0.05 0.494748671970297 0.780383256796856 0.200963180119071 0.0186177085750173 0.00212956585298009
0 0 0.05 0.499104427897931 0.922542673078994 0.785103931195567 0.185510824898249 0.010915816634976
0 0 0.05 0.499906550688052 0.946519083321347 0.967524958024238 0.781449891734514 0.120747665245237
0 0 0.05 0.49992664927564 0.948424499219978 0.993519338996489 0.96445377816341 0.340631058819891
0 0 0.05 0.499054795119627 0.931572704409075 0.961081775659433 0.954212687209206 0.353898548371746
0 0 0.05 0.499959974077369 0.947440836385469 0.979051410020545 0.959423484759904 0.469311623364859
0 0 0.05 0.499783403565481 0.945757964323979 0.988825168641284 0.969779536073694 0.546806351818984
0 0 0.05 0.498439009129703 0.915712600877561 0.915747025978464 0.901627946035508 0.467835287383022
0 0 0.05 0.494179279055254 0.809804565612503 0.60264141371548 0.524431563643543 0.218903171420271
0 0 0.05 0.491440454890973 0.721538108449825 0.257950121001522 0.113052016090434 0.0406938967966925
0 0 0.05 0.49402024388227 0.753048730503654 0.104626386096504 0.00423888692299046 0.000726292201711223
0 0 0.05 0.497367119503137 0.846797355060522 0.171301263183037 0.00289245652024238 5.92953344244765e-05
0 0 0.05 0.494756737130158 0.801682353785209 0.384616495726969 0.0297155852565386 0.000211278417389878
0 0 0.05 0.492596669238231 0.730004928508649 0.129482557304799 0.00990202192201462 0.000382552750646669
0 0 0.05 0.490191040454226 0.679971491983716 0.111381151102433 0.00488549530120571 3.1605819550071e-05
0 0 0.05 0.491739188574537 0.737990494184947 0.300442055661238 0.0310288411087482 0.000336741393151254
0 0 0.05 0.499260621631329 0.918873083998793 0.733410159493537 0.267305087878226 0.0176297023366174
0 0 0.05 0.49674720036793 0.874231098336061 0.774327250018723 0.508317047851669 0.0497499788317059
0 0 0.05 0.499973763628925 0.943318240496481 0.919232994366742 0.773289183001806 0.100785267459361
0 0 0.05 0.499963771474722 0.94926125260072 0.991581666214084 0.917724153768933 0.194018001336919
0 0 0.05 0.499931980024012 0.948634173287522 0.996615853350836 0.988795350696317 0.203582073546768
0 0 0.05 0.493197007700525 0.795373554376858 0.614702311910853 0.581564513696692 0.0943893402552058
0 0 0.05 0.495791849718297 0.835566905939493 0.552837546620022 0.337901649846812 0.0612014366289762
0 0 0.05 0.496998827121319 0.860862599888213 0.567123721299823 0.237863320926575 0.0282354634828679
0 0 0.05 0.498997235575057 0.921798910741425 0.832909188972361 0.461418485199889 0.0586319313999272
0 0 0.05 0.499983542233763 0.947780620840538 0.969668804851868 0.832169097559916 0.136337733649065
0 0 0.05 0.499992033914038 0.949817270552689 0.997357607946084 0.969308579281251 0.333616601925385
0 0 0.05 0.49992806088262 0.948616209677158 0.997066615193407 0.994470141938863 0.343409333540478
0 0 0.05 0.499953793912738 0.948984628599758 0.996783971474978 0.995213676854065 0.389932425841963
0 0 0.05 0.4999723487793 0.949386372303246 0.997877677597062 0.995672433483005 0.442450975413907
0 0 0.05 0.499977114614047 0.949512401621248 0.998483124755914 0.99695970316376 0.50465023400308
0 0 0.05 0.499973136963603 0.949444752158653 0.998458486402178 0.997395440954007 0.522089436822469
0 0 0.05 0.499983395332654 0.949633400644181 0.998784165464048 0.997793584481368 0.54121892428865
0 0 0.05 0.499992693502713 0.949829611559048 0.999336308873205 0.998491445854146 0.567013518216077
0 0 0.05 0.499975386636425 0.949518213739155 0.998884228974628 0.998350154858148 0.655052763728302
0 0 0.05 0.494693309187772 0.831588726269755 0.712915168436674 0.689990027751825 0.433768908466274

# True survival by age
0.778267540515681 0.778267540515681 0.755162232703624 0.549370167384829 0.408914490126175 0.656604169751569 0.764635032373792 0.776404463352384
0.778267540515681 0.778267540515681 0.755081649265343 0.548426032218644 0.395697865609423 0.573661247873163 0.744242354338967 0.776556426871426
0.778267540515681 0.778267540515681 0.778252104933978 0.778117724943267 0.77805894148382 0.778351673794213 0.778661457692669 0.778790092274332
0.778267540515681 0.778267540515681 0.778267927309122 0.778271413293691 0.778278412946843 0.77832924801377 0.778520663759633 0.778769142567428
0.778267540515681 0.778267540515681 0.778112866646955 0.776720833557264 0.775329298431705 0.775199421661043 0.775547760128902 0.778083862942493
0.778267540515681 0.778267540515681 0.759625172445371 0.591873457592395 0.424630568936909 0.406607785789039 0.409221404524596 0.650445102340157
0.778267540515681 0.778267540515681 0.778266356609933 0.778258279551212 0.778278891417709 0.778334885316698 0.778345362362554 0.778688765346362
0.778267540515681 0.778267540515681 0.775199133464065 0.747583975909953 0.720255754572207 0.720689703701615 0.727039378422886 0.76095589864009
0.778267540515681 0.778267540515681 0.759549121127354 0.591202949329827 0.424976770450974 0.410743939232485 0.43352985823114 0.624088178526598
0.778267540515681 0.778267540515681 0.778266499847225 0.77826161740615 0.77830678983699 0.77840759307918 0.778431816873448 0.778680527187603
0.778267540515681 0.778267540515681 0.778217071874937 0.777762869398593 0.777321168880298 0.777423297596308 0.777706603086048 0.778361649337325
0.778267540515681 0.778267540515681 0.759004197137473 0.585636667577338 0.412318043275353 0.396343648172391 0.434463414306583 0.604481641757686
0.778267540515681 0.778267540515681 0.75475913420987 0.546733154941966 0.418930296854773 0.556217277990701 0.585360182829075 0.701549516481411
0.778267540515681 0.778267540515681 0.750404749323822 0.504103143412677 0.375453518241095 0.669169793104822 0.747150816616806 0.769353757301469
0.778267540515681 0.778267540515681 0.776325304217531 0.759054764395594 0.748048973986278 0.770887261291249 0.778067655529243 0.778716925094284
0.778267540515681 0.778267540515681 0.778130379037185 0.776899337604911 0.775752206191364 0.776228411925116 0.778192962024618 0.778765017702468
0.778267540515681 0.778267540515681 0.778027840669208 0.775871089708973 0.773731884802794 0.773646545912132 0.774637812352476 0.778157531341365
0.778267540515681 0.778267540515681 0.776715694439793 0.762751434564935 0.748832248108994 0.747435214529112 0.7483528190535 0.768047004655935
0.778267540515681 0.778267540515681 0.778173577455383 0.777330694246496 0.776527215459327 0.776482169672338 0.776498741374065 0.7779470014922
0.778267540515681 0.778267540515681 0.77723264525599 0.767919459058578 0.758658936386322 0.758014397930869 0.758431121312093 0.768836758655169
0.778267540515681 0.778267540515681 0.767753365398876 0.673171567001354 0.579392624503751 0.570339879751354 0.57435501801366 0.663524847894759
0.778267540515681 0.778267540515681 0.761956880847391 0.615671824422915 0.479569254567934 0.479583706127201 0.484197065177054 0.625937270320675
0.778267540515681 0.778267540515681 0.757242446059543 0.570470427819847 0.437821883667736 0.525067576092797 0.557996670616389 0.686634857467628
0.778267540515681 0.778267540515681 0.748824724706566 0.48888885325305 0.353513505465548 0.626767675077895 0.712169105193416 0.754816225195068
0.778267540515681 0.778267540515681 0.744251264793849 0.442179341275236 0.26605982585393 0.707564991885133 0.775914699789983 0.77830628066573
0.778267540515681 0.778267540515681 0.753264434556793 0.529555892655454 0.35487418909541 0.693048165262887 0.777352832753352 0.778771100102016
0.778267540515681 0.778267540515681 0.751211441358063 0.510549385603612 0.344542847251637 0.570471248267364 0.762705181032223 0.778686343012543
0.778267540515681 0.778267540515681 0.755534222244101 0.554308298831456 0.446482337906834 0.71986037374506 0.774293386574218 0.778626645209272
0.778267540515681 0.778267540515681 0.762300345453652 0.621738482413164 0.561274360682416 0.74317249858401 0.777238024788419 0.778790673092115
0.778267540515681 0.778267540515681 0.773994589765172 0.736252803850593 0.715318602417573 0.752965092437354 0.776132542974806 0.778771825918787
0.778267540515681 0.778267540515681 0.764097468253709 0.636777147330246 0.517875052304323 0.57056019840981 0.702903596398641 0.773795099042531
0.778267540515681 0.778267540515681 0.778244065588423 0.778037787490174 0.777899619974001 0.778024333312276 0.778291072675242 0.778750896722858
0.778267540515681 0.778267540515681 0.778202676397563 0.777618961351181 0.777047540924944 0.777118104169692 0.777385257953034 0.778616293127942
0.778267540515681 0.778267540515681 0.777974264834455 0.775335034839513 0.772700050370114 0.772455893756503 0.772928489970718 0.777559309186269
0.778267540515681 0.778267540515681 0.764393197030963 0.639543052861011 0.515034779934436 0.501721531652603 0.503895788678464 0.722200872131826
0.778267540515681 0.778267540515681 0.761490383311731 0.612785921191492 0.511472190416512 0.572213851228392 0.583350682713237 0.747078754661596
0.778267540515681 0.778267540515681 0.755131457867098 0.548858404213779 0.391696872836777 0.522696083168334 0.622266189573088 0.750448917939719
0.778267540515681 0.778267540515681 0.767676737373797 0.672998406426095 0.595973047494786 0.658372454781268 0.728290672094077 0.772805002013353
0.778267540515681 0.778267540515681 0.778240670004872 0.778000443736771 0.777787985859489 0.777909026539495 0.77830676409122 0.778738008631526
0.778267540515681 0.778267540515681 0.778226850794357 0.77786067424765 0.777497487684103 0.777494603330795 0.777679820521557 0.778617131102108
0.778267540515681 0.778267540515681 0.778153775844648 0.777129920426243 0.776106530096649 0.775999668348162 0.776078445054269 0.777863808842574
0.778267540515681 0.778267540515681 0.778200057602078 0.777592885194871 0.776988009533791 0.776923405516299 0.776928294417938 0.778154177353009
0.778267540515681 0.778267540515681 0.778204926105844 0.777641503558759 0.777079708202452 0.777020994636786 0.777023798446122 0.778104546733683
0.778267540515681 0.778267540515681 0.778227794888126 0.777870135710052 0.777513205806607 0.777475446737926 0.777478375644158 0.778213139548891
0.778267540515681 0.778267540515681 0.778057376920049 0.776166025159791 0.774276755400104 0.774071453304595 0.774078669013007 0.776410499936591
0.778267540515681 0.778267540515681 0.778255252088773 0.778144691497717 0.778034508531905 0.778022972833711 0.778023800957908 0.778394069608116
0.778267540515681 0.778267540515681 0.778267976920522 0.778271922127799 0.778276034783088 0.778276906335304 0.778277425909351 0.778516905920185
0.778267540515681 0.778267540515681 0.778223290771045 0.777825057327809 0.777427041800893 0.777383486894581 0.777384685110954 0.777996623266101
0.778267540515681 0.778267540515681 0.765663949334222 0.652237859286327 0.538921023239807 0.526477566300229 0.52661247612777 0.613331136335222
0.778267540515681 0.778267540515681 0.778190577515832 0.777511738400824 0.777053974445123 0.777323264564967 0.777370776977558 0.777901795901329

# True Numbers-at-age
89.7270657009944 21.9379736087988 100.901902428395 207.824653334507 146.010935573366 87.3578490244487 32.4258831166374 22.850640798116
178.34136903814 69.8316627408018 17.0736127644178 76.1973059218702 114.172664589072 59.7059872728286 57.359527929981 42.5353056927581
47.5841667353346 138.797298653513 54.3477164114043 12.8919716850744 41.7885861524815 45.1778796888364 34.2510111644301 75.7204551150329
67.4023546665128 37.0332124125969 108.02143225329 42.2962246955303 10.0314716776231 32.5139831079051 35.1642782742794 85.6402825068339
206.099818508549 52.4570647912725 28.8217471417466 84.0696161847306 32.9179425707779 7.8072778567817 25.3065840223082 94.0701266397998
93.3503432941892 160.400798851376 40.8256307977754 22.4265722902381 65.2986223598432 25.5222453192163 6.05219727932425 92.8209120784
17.0127973439281 72.6515420818631 124.834735218811 31.0121768349512 13.273692883369 27.7277911634566 10.3775436576112 62.8515963272466
86.894118763927 13.2405079461506 56.5423369707231 97.1546745571099 24.135483388707 10.3306349822876 21.5815071552944 57.0191449227283
482.456756077292 67.6268720956789 10.304657554429 43.8315706237377 72.6312778836417 17.3837208000981 7.44518226443437 59.0796602119785
1164.25681993067 375.480432957448 52.6317994186725 7.82689358898486 25.9133538265123 30.8666059087173 7.14025795995 40.0986263412692
394.261977091038 906.10329177605 292.224233069556 40.9615663142315 6.09137086382918 20.1685392306229 24.0268004119282 36.7822234756272
37.5288078067119 306.841299229492 705.190780343708 227.413886990289 31.8583853516174 4.73495151995509 15.6794922763714 47.3156734621704
113.74508955703 29.2074529502154 238.804623279973 535.242762063524 133.181910937802 13.1357871100911 1.87666795933841 35.4136217242693
100.419095248312 88.5241110952852 22.7312125722916 180.239970712106 292.634963962843 55.7939374848593 7.30635175064018 25.9429358973045
47.0131508136586 78.1529222797135 68.8954422184645 17.057609872137 90.8595358045815 109.870826780205 37.3356176032467 25.4182418850028
24.8877259621138 36.5888092556389 60.8238826067458 53.4852751394508 12.9476600426469 67.9673825354867 84.6980207523977 48.8432516182866
93.8773421719249 19.3693092735625 28.4758825897834 47.3289108273003 41.5526748274557 10.0441758430991 52.7582134082277 103.948819358092
86.6973481847544 73.061688202293 15.0745046898231 22.1550294424791 36.7211336183163 32.1506294128449 7.77064194754769 121.757063675717
342.673823847508 67.4737319409804 56.8615403831221 11.7086043784918 16.8987804900793 27.4979690405145 24.0305125924357 99.330329859139
587.464357314457 266.691914084903 52.5126154071211 44.2481482995578 9.10145757019063 13.1223629586197 21.3516826621615 95.9333950537483
3213.36160844165 457.204440507747 207.557660050277 40.8145189821872 33.9790141065402 6.90490211976606 9.94694005750844 89.9509011232728
217.879419376198 2500.8550357894 355.827375426812 159.353092017916 27.4751736996455 19.6871901612383 3.93814104468225 65.3977329217272
721.672912898053 169.568479846898 1946.33429789007 271.125117100327 98.109208890103 13.1762485702635 9.44165562075764 42.8417147662749
3216.40691880228 561.654602977955 131.969643759428 1473.84694458386 154.66886154493 42.9543586414163 6.91842089878443 34.6850271136992
1232.57120037039 2503.22510199387 437.117546478964 98.8221321577774 720.547342608114 54.6775314311136 26.9224035001426 31.1079068575898
347.290394538671 959.270156622721 1948.17884348588 325.325286830553 43.6971053009403 191.708700493827 38.6879070833551 45.1009679150646
332.804455589148 270.284841202332 746.568825484857 1467.4938349539 172.277922670945 15.5069748094879 132.863363142179 65.1974845634251
22.6771230040152 259.010905124027 210.35391860121 560.831043465476 749.228075812802 59.3571259956448 8.84628327641914 152.103966266216
32.8897844411414 17.6488687463065 201.579780097616 158.929584286364 310.873301635218 334.517102914339 42.7288429036575 125.281819613581
113.877143558889 25.597051645098 13.735541672072 153.664336004884 98.8126385447591 174.485213628539 248.603911191934 130.778794083
142.151053933692 88.6268844385274 19.9213544282833 10.6312349416778 113.135798235436 70.6825185050299 131.381275008764 294.796426046353
441.957104395307 110.631551126686 68.9754273755401 15.2218564828361 6.76972745875923 58.5902074286676 40.328631782335 320.460400393021
338.373600257944 343.960868651168 86.1009451988007 53.6797170264393 11.8431795393987 5.26616841749637 45.584607073317 280.94623825963
336.978581865244 263.345189648186 267.693579278781 67.0039859940666 41.7423657997251 9.2027135378224 4.09243481684309 254.186120130331
10.8172855375852 262.259492114726 204.95301305413 208.258715540314 51.9505378150959 32.2543281560153 7.10869031084367 200.807943436564
31.1682463124691 8.41874221039225 204.108049905019 156.664688889575 133.190414721565 26.7563338110735 16.1826909248617 148.605710991538
31.6503767849033 24.2572343997923 6.55203379431752 155.426317159183 96.0019156993766 68.1231931601226 15.3103448147868 120.460353302315
35.7980983633171 24.6324608967813 18.8786181560387 4.94764683109748 85.3070404088138 37.6036501657857 35.6077262377159 99.926451719306
10.0756720953468 27.8604979683572 19.1706447589867 14.4926759921535 3.32975843288773 50.8406968452016 24.7572074683844 103.156436595533
8.57641144081909 7.84156854068805 21.6829212313755 14.9193754216592 11.2753083528287 2.58984610491439 39.5494369914403 99.6005400445833
9.74515556386121 6.67474263849682 6.10283826194643 16.8742315059155 11.6051954248456 8.76652391718789 2.01359137002822 108.307485806966
34.3985818470516 7.58433825262897 5.19473553683806 4.7489466369028 13.1134701874461 9.00686795227045 6.80281965230403 85.8111782953958
26.7354968465039 26.7712996913322 5.90264427831254 4.04254349399494 3.69274711702573 10.1890090990244 6.99764652251357 72.0596299238435
30.9994220269414 20.8073693751933 20.8352335671813 4.5934668544333 3.1436496008719 2.8695588521638 7.91707398448723 61.5072635607959
173.428203031832 24.1258439383153 16.193700188233 16.2145578749666 3.57312068543766 2.44422907910658 2.23101155052682 54.0211145020219
142.975919066494 134.973541029638 18.7763612247378 12.5996278910863 12.5851889355362 2.76658429097367 1.89200795547338 43.6695389692311
17.0643010156386 111.27351688485 105.045525811829 14.6128017382682 9.80433355829536 9.79171128824107 2.15246613465838 35.46413737713
226.083102606141 13.2805915820603 86.6005663105019 81.7535688581244 11.3727332965144 7.63047784544088 7.62066276914073 29.2846463046106
368.027773241433 175.953140217436 10.3358533471633 67.3945776967949 63.5899743838236 8.84147040389971 5.93180747416068 28.7075424656544
152.519571719964 286.424069922073 136.938617683034 7.91379029352839 43.9572950844635 34.2699740627233 4.65483582076062 20.7309934637324

