# Simulated data from SIR age-structured hybrid model
# random seed = 9848487
# Flag=0 if no issues, =1 if negative pop #'s, =2 if NaN, or=3 if NA. Flag:
0

# Number of years (nyr)
50

# Starting age
0

# Ending age
8

# Sample size for comp data
200

# Sample size for fishery age comp data
200

# Sample size for antibody prevalence data
200

# Survey data
26827.4217027855
16996.6728686649
8520.82085257324
9915.54241572101
7291.35635288319
9427.64243319662
5296.38783280323
7148.28579793441
6399.25918764061
7807.38706191699
7161.24915958485
17073.5912784796
15014.6116630753
4558.41000740125
12096.2116042775
12331.4796458029
25997.4846752315
22131.92370899
23952.2345015906
42809.5487875742
24955.3359633869
11068.700694182
11682.5454865633
13805.0795396137
7704.469557338
14067.679130766
7853.9203718968
10000.4808387778
11949.4850021063
4636.2063215253
6025.47837793364
9155.33423037195
6080.11444946949
15165.2068075864
17595.34888228
12739.1857856941
29551.3010704813
9409.68950804058
13376.01626374
17644.7211590819
7264.1230368828
5513.92668522214
13053.9321317365
5093.17322818399
8573.0553351583
12558.845387837
10691.6415414733
6995.54642229397
4630.12745462536
8145.12694496345

# Catches
0
0
0
0
0
0
0
0
0
0
0
0
0
0
0
0
0
0
0
0
0
0
0
0
0
0
0
0
0
0
0
0
0
0
0
0
0
0
0
0
0
0
0
0
0
0
0
0
0
0

# Catch compositions
-999 -999 -999 -999 -999 -999 -999 -999
-999 -999 -999 -999 -999 -999 -999 -999
-999 -999 -999 -999 -999 -999 -999 -999
-999 -999 -999 -999 -999 -999 -999 -999
-999 -999 -999 -999 -999 -999 -999 -999
-999 -999 -999 -999 -999 -999 -999 -999
-999 -999 -999 -999 -999 -999 -999 -999
-999 -999 -999 -999 -999 -999 -999 -999
-999 -999 -999 -999 -999 -999 -999 -999
-999 -999 -999 -999 -999 -999 -999 -999
-999 -999 -999 -999 -999 -999 -999 -999
-999 -999 -999 -999 -999 -999 -999 -999
-999 -999 -999 -999 -999 -999 -999 -999
-999 -999 -999 -999 -999 -999 -999 -999
-999 -999 -999 -999 -999 -999 -999 -999
-999 -999 -999 -999 -999 -999 -999 -999
-999 -999 -999 -999 -999 -999 -999 -999
-999 -999 -999 -999 -999 -999 -999 -999
-999 -999 -999 -999 -999 -999 -999 -999
-999 -999 -999 -999 -999 -999 -999 -999
-999 -999 -999 -999 -999 -999 -999 -999
-999 -999 -999 -999 -999 -999 -999 -999
-999 -999 -999 -999 -999 -999 -999 -999
-999 -999 -999 -999 -999 -999 -999 -999
-999 -999 -999 -999 -999 -999 -999 -999
-999 -999 -999 -999 -999 -999 -999 -999
-999 -999 -999 -999 -999 -999 -999 -999
-999 -999 -999 -999 -999 -999 -999 -999
-999 -999 -999 -999 -999 -999 -999 -999
-999 -999 -999 -999 -999 -999 -999 -999
-999 -999 -999 -999 -999 -999 -999 -999
-999 -999 -999 -999 -999 -999 -999 -999
-999 -999 -999 -999 -999 -999 -999 -999
-999 -999 -999 -999 -999 -999 -999 -999
-999 -999 -999 -999 -999 -999 -999 -999
-999 -999 -999 -999 -999 -999 -999 -999
-999 -999 -999 -999 -999 -999 -999 -999
-999 -999 -999 -999 -999 -999 -999 -999
-999 -999 -999 -999 -999 -999 -999 -999
-999 -999 -999 -999 -999 -999 -999 -999
-999 -999 -999 -999 -999 -999 -999 -999
-999 -999 -999 -999 -999 -999 -999 -999
-999 -999 -999 -999 -999 -999 -999 -999
-999 -999 -999 -999 -999 -999 -999 -999
-999 -999 -999 -999 -999 -999 -999 -999
-999 -999 -999 -999 -999 -999 -999 -999
-999 -999 -999 -999 -999 -999 -999 -999
-999 -999 -999 -999 -999 -999 -999 -999
-999 -999 -999 -999 -999 -999 -999 -999
-999 -999 -999 -999 -999 -999 -999 -999

# Age composition from fishery-independent survey
0 0 1 109 51 10 1 28
0 0 10 32 121 13 0 24
0 0 4 75 38 40 11 32
0 0 1 9 109 18 29 34
0 0 3 2 19 58 13 105
0 0 2 11 3 21 76 87
0 0 0 35 16 7 19 123
0 0 0 12 57 8 1 122
0 0 11 15 19 47 11 97
0 0 15 64 13 14 26 68
0 0 38 42 55 7 8 50
0 0 6 131 27 17 1 18
0 0 3 34 144 6 4 9
0 0 6 52 63 55 6 18
0 0 10 45 57 37 35 16
0 0 26 65 42 24 17 26
0 0 3 131 44 8 4 10
0 0 4 24 136 14 2 20
0 0 31 48 41 44 16 20
0 0 1 113 44 12 20 10
0 0 3 35 122 8 6 26
0 0 2 32 44 60 9 53
0 0 5 9 54 34 57 41
0 0 3 11 22 37 26 101
0 0 1 57 16 14 36 76
0 0 2 16 71 10 12 89
0 0 19 24 25 47 5 80
0 0 3 113 17 13 19 35
0 0 0 24 131 5 7 33
0 0 4 23 46 68 3 56
0 0 7 16 27 43 61 46
0 0 3 42 24 24 36 71
0 0 17 28 47 13 9 86
0 0 5 56 30 41 5 63
0 0 30 57 53 9 14 37
0 0 3 129 38 15 2 13
0 0 2 42 136 8 5 7
0 0 7 44 57 68 6 18
0 0 3 44 59 39 36 19
0 0 2 23 73 30 21 51
0 0 2 12 44 64 20 58
0 0 6 19 12 34 47 82
0 0 4 46 28 9 26 87
0 0 1 25 79 15 8 72
0 0 21 56 20 41 15 47
0 0 3 74 42 15 21 45
0 0 7 17 123 17 7 29
0 0 8 30 33 66 19 44
0 0 2 42 56 20 46 34
0 0 6 27 52 46 16 53

# Antibody prevalence values
0 0 0 0 0 3 1 108 3 51 4 4 2 2 18 4
0 0 0 0 0 13 0 26 15 92 11 11 5 0 26 1
0 0 0 0 0 1 0 82 3 37 20 18 8 1 30 0
0 0 0 0 0 0 0 14 10 91 8 8 26 7 35 1
0 0 0 0 0 0 0 1 1 20 26 45 8 2 93 4
0 0 0 0 0 3 0 14 0 6 4 18 29 41 82 3
0 0 0 0 0 1 0 36 0 10 0 6 0 16 93 38
0 0 0 0 0 0 0 18 0 49 0 7 0 4 77 45
0 0 0 0 0 11 0 16 0 30 0 38 0 11 56 38
0 0 0 0 0 8 0 53 0 10 0 16 0 39 43 31
0 0 0 0 0 30 0 40 0 60 0 12 0 8 19 31
0 0 0 0 0 7 0 130 0 29 0 10 0 2 7 15
0 0 0 0 0 2 0 32 15 123 5 5 5 0 12 1
0 0 0 0 0 6 1 50 6 57 43 17 7 0 13 0
0 0 0 0 0 13 0 33 0 73 2 26 25 13 15 0
0 0 0 0 0 23 0 85 1 35 1 18 3 3 24 7
0 0 0 0 0 3 1 122 7 43 4 3 0 3 14 0
0 0 0 0 0 4 0 25 18 115 9 7 4 0 18 0
0 0 0 0 0 30 0 43 5 38 28 17 12 2 25 0
0 0 0 0 0 0 0 115 0 35 4 12 18 4 12 0
0 0 0 0 0 2 0 25 19 112 5 1 6 1 28 1
0 0 0 0 0 1 0 40 3 29 44 19 6 0 58 0
0 0 0 0 0 4 0 19 1 48 4 28 37 22 37 0
0 0 0 0 0 5 0 14 0 22 0 47 5 29 68 10
0 0 0 0 0 2 0 42 0 18 0 19 1 37 55 26
0 0 0 0 0 1 0 25 0 73 0 9 0 11 38 43
0 0 0 0 0 22 0 18 2 28 8 34 1 7 50 30
0 0 0 0 0 6 0 95 0 23 0 14 4 18 29 11
0 0 0 0 0 1 0 22 8 107 2 8 3 3 42 4
0 0 0 0 0 2 0 15 7 53 37 28 6 0 51 1
0 0 0 0 0 4 0 16 1 28 5 41 34 31 39 1
0 0 0 0 0 1 0 53 0 6 0 25 5 31 47 32
0 0 0 0 0 15 0 18 0 57 0 20 0 14 37 39
0 0 0 0 0 14 0 65 0 20 0 31 0 8 28 34
0 0 0 0 0 29 0 55 0 60 0 14 0 14 8 20
0 0 0 0 0 3 1 128 2 38 1 11 0 2 6 8
0 0 0 0 0 2 0 33 20 119 9 3 5 0 8 1
0 0 0 0 0 11 0 53 3 44 41 22 12 0 14 0
0 0 0 0 0 1 0 52 0 71 3 19 25 13 16 0
0 0 0 0 0 0 0 26 5 72 8 20 4 8 52 5
0 0 0 0 0 2 0 12 0 27 1 68 6 20 49 15
0 0 0 0 0 6 0 21 0 20 2 31 2 45 49 24
0 0 0 0 0 1 0 42 0 19 0 17 0 27 39 55
0 0 0 0 0 3 0 18 4 73 0 20 0 10 21 51
0 0 0 0 0 13 0 54 2 20 7 37 0 11 29 27
0 0 0 0 0 5 0 84 0 49 2 12 5 21 14 8
0 0 0 0 0 3 0 12 14 107 11 12 2 2 26 11
0 0 0 0 0 5 0 32 1 26 26 44 11 7 47 1
0 0 0 0 0 1 0 41 0 50 2 15 18 33 29 11
0 0 0 0 0 9 0 29 0 40 0 41 3 5 42 31

# Average weight-at-age
70
94
115
134
150
160
165
168

# Maturity logistic function parameter age-at-50%
3

# Maturity logistic function parameter age-at-95%
4

# Infection prevalence index (avg of 3 different samples)
0.0833333333333333
0.0277777777777778
0.144444444444444
0.0277777777777778
0
0
0
0
0
0
0.0166666666666667
0.511111111111111
0.344444444444444
0
0.0222222222222222
0
0.488888888888889
0.222222222222222
0.00555555555555556
0.238888888888889
0.0166666666666667
0
0
0
0
0.0166666666666667
0
0.172222222222222
0.216666666666667
0
0
0
0
0.00555555555555556
0.0222222222222222
0.138888888888889
0.261111111111111
0
0.111111111111111
0.00555555555555556
0
0
0
0
0
0.0777777777777778
0.0222222222222222
0
0
0

