# Simulated data from SIR age-structured hybrid model
# random seed = 926972
# Flag=0 if no issues, =1 if negative pop #'s, =2 if NaN, or=3 if NA. Flag:
0

# Number of years (nyr)
50

# Starting age
0

# Ending age
8

# Sample size for comp data
200

# Sample size for fishery age comp data
200

# Sample size for antibody prevalence data
200

# Survey data
5441.48510854079
5921.04261733742
8315.92951306334
6157.9591962815
8300.19684329201
8325.55478311456
9995.11471001931
4219.45879279976
7363.00213471698
14763.8055943316
15144.0386848425
10103.7325696884
13008.6149821572
8203.23319803667
10342.8380762972
13075.638583025
6246.07841648718
15955.1882750861
9708.86498965533
13842.3783474941
11002.9788634403
5835.67343308111
5249.30066433162
18110.2389410567
8526.79122458061
10700.0891194259
8119.15026373654
4990.43236570604
8888.80603489912
4508.93565453493
18809.5684998581
12363.9098380279
19742.5706395458
10826.4630815277
9608.67765208683
10471.3001908258
9224.5682971252
12186.7067850175
10294.6069870279
18829.0600645324
38343.0396848943
78167.0341391588
54734.7422789743
21440.950539038
12761.0832552611
21252.2892386608
24999.6294724279
52381.155983512
38037.7423982851
33009.7869353866

# Catches
0
0
0
0
0
0
0
0
0
0
0
0
0
0
0
0
0
0
0
0
0
0
0
0
0
0
0
0
0
0
0
0
0
0
0
0
0
0
0
0
0
0
0
0
0
0
0
0
0
0

# Catch compositions
-999 -999 -999 -999 -999 -999 -999 -999
-999 -999 -999 -999 -999 -999 -999 -999
-999 -999 -999 -999 -999 -999 -999 -999
-999 -999 -999 -999 -999 -999 -999 -999
-999 -999 -999 -999 -999 -999 -999 -999
-999 -999 -999 -999 -999 -999 -999 -999
-999 -999 -999 -999 -999 -999 -999 -999
-999 -999 -999 -999 -999 -999 -999 -999
-999 -999 -999 -999 -999 -999 -999 -999
-999 -999 -999 -999 -999 -999 -999 -999
-999 -999 -999 -999 -999 -999 -999 -999
-999 -999 -999 -999 -999 -999 -999 -999
-999 -999 -999 -999 -999 -999 -999 -999
-999 -999 -999 -999 -999 -999 -999 -999
-999 -999 -999 -999 -999 -999 -999 -999
-999 -999 -999 -999 -999 -999 -999 -999
-999 -999 -999 -999 -999 -999 -999 -999
-999 -999 -999 -999 -999 -999 -999 -999
-999 -999 -999 -999 -999 -999 -999 -999
-999 -999 -999 -999 -999 -999 -999 -999
-999 -999 -999 -999 -999 -999 -999 -999
-999 -999 -999 -999 -999 -999 -999 -999
-999 -999 -999 -999 -999 -999 -999 -999
-999 -999 -999 -999 -999 -999 -999 -999
-999 -999 -999 -999 -999 -999 -999 -999
-999 -999 -999 -999 -999 -999 -999 -999
-999 -999 -999 -999 -999 -999 -999 -999
-999 -999 -999 -999 -999 -999 -999 -999
-999 -999 -999 -999 -999 -999 -999 -999
-999 -999 -999 -999 -999 -999 -999 -999
-999 -999 -999 -999 -999 -999 -999 -999
-999 -999 -999 -999 -999 -999 -999 -999
-999 -999 -999 -999 -999 -999 -999 -999
-999 -999 -999 -999 -999 -999 -999 -999
-999 -999 -999 -999 -999 -999 -999 -999
-999 -999 -999 -999 -999 -999 -999 -999
-999 -999 -999 -999 -999 -999 -999 -999
-999 -999 -999 -999 -999 -999 -999 -999
-999 -999 -999 -999 -999 -999 -999 -999
-999 -999 -999 -999 -999 -999 -999 -999
-999 -999 -999 -999 -999 -999 -999 -999
-999 -999 -999 -999 -999 -999 -999 -999
-999 -999 -999 -999 -999 -999 -999 -999
-999 -999 -999 -999 -999 -999 -999 -999
-999 -999 -999 -999 -999 -999 -999 -999
-999 -999 -999 -999 -999 -999 -999 -999
-999 -999 -999 -999 -999 -999 -999 -999
-999 -999 -999 -999 -999 -999 -999 -999
-999 -999 -999 -999 -999 -999 -999 -999
-999 -999 -999 -999 -999 -999 -999 -999

# Age composition from fishery-independent survey
0 0 2 39 17 10 14 118
0 0 9 24 48 14 11 94
0 0 3 48 28 37 10 74
0 0 3 24 57 33 19 64
0 0 3 20 39 54 18 66
0 0 6 39 20 30 45 60
0 0 1 44 49 18 24 64
0 0 8 24 66 30 13 59
0 0 31 50 21 38 20 40
0 0 3 113 39 13 10 22
0 0 8 37 130 11 0 14
0 0 7 60 60 55 6 12
0 0 1 52 75 27 36 9
0 0 9 22 70 34 14 51
0 0 5 44 32 46 25 48
0 0 7 25 68 14 38 48
0 0 6 56 44 41 10 43
0 0 6 43 61 16 29 45
0 0 3 59 54 32 11 41
0 0 12 15 97 23 17 36
0 0 5 92 18 44 13 28
0 0 3 32 110 2 23 30
0 0 12 38 54 50 2 44
0 0 4 74 32 30 38 22
0 0 4 25 85 24 12 50
0 0 2 36 32 64 10 56
0 0 2 23 48 24 46 57
0 0 4 11 34 56 24 71
0 0 4 44 10 20 26 96
0 0 13 40 48 6 13 80
0 0 9 34 30 53 6 68
0 0 24 53 40 16 20 47
0 0 7 100 53 13 5 22
0 0 2 84 88 10 4 12
0 0 4 52 92 32 8 12
0 0 12 57 49 43 21 18
0 0 4 72 38 37 33 16
0 0 7 32 77 17 23 44
0 0 12 74 34 38 8 34
0 0 39 75 47 8 12 19
0 0 14 133 26 12 2 13
0 0 8 102 78 4 1 7
0 0 0 46 121 20 5 8
0 0 4 21 72 59 23 21
0 0 11 36 34 40 39 40
0 0 14 58 50 18 15 45
0 0 21 63 54 12 7 43
0 0 6 134 32 6 0 22
0 0 4 47 111 13 5 20
0 0 3 28 78 47 13 31

# Antibody prevalence values
0 0 0 0 0 3 0 35 0 16 0 8 0 14 77 47
0 0 0 0 0 3 0 30 1 44 0 11 0 15 52 44
0 0 0 0 0 3 0 36 0 32 0 32 0 11 43 43
0 0 0 0 0 3 0 21 0 54 0 27 0 25 25 45
0 0 0 0 0 2 0 14 0 49 1 51 0 24 14 45
0 0 0 0 0 11 0 51 0 22 1 26 0 28 20 41
0 0 0 0 0 2 0 42 0 48 0 10 1 31 14 52
0 0 0 0 0 8 0 28 2 62 2 30 2 3 19 44
0 0 0 0 0 36 1 48 0 19 2 39 2 16 11 26
0 0 0 0 0 4 0 126 0 27 0 6 1 16 4 16
0 0 0 0 0 7 0 53 14 109 5 2 1 1 6 2
0 0 0 0 0 5 0 63 5 53 35 23 5 0 11 0
0 0 0 0 0 4 0 38 5 75 11 15 28 8 16 0
0 0 0 0 0 7 0 28 2 59 12 33 13 5 36 5
0 0 0 0 0 5 0 61 0 22 1 55 6 13 32 5
0 0 0 0 0 7 0 37 0 56 1 20 3 24 29 23
0 0 0 0 0 10 1 62 3 30 2 39 2 6 18 27
0 0 0 0 0 9 0 50 2 60 1 18 4 11 19 26
0 0 0 0 0 0 0 73 0 44 9 29 3 5 31 6
0 0 0 0 0 12 0 13 3 97 5 13 10 7 35 5
0 0 0 0 0 2 1 93 0 14 13 38 11 4 21 3
0 0 0 0 0 2 0 33 7 103 1 3 13 10 24 4
0 0 0 0 0 14 0 32 2 41 18 42 0 0 48 3
0 0 0 0 0 3 0 71 0 44 0 24 12 21 23 2
0 0 0 0 0 3 0 21 3 102 0 14 1 9 38 9
0 0 0 0 0 3 0 42 1 36 6 43 3 10 46 10
0 0 0 0 0 1 0 18 0 44 1 31 13 39 37 16
0 0 0 0 0 2 0 19 0 25 1 51 1 21 38 42
0 0 0 0 0 5 0 42 0 18 0 22 1 35 27 50
0 0 0 0 0 5 0 21 0 64 0 11 0 21 18 60
0 0 0 0 0 9 0 41 0 35 0 41 0 12 13 49
0 0 0 0 0 14 0 63 0 39 1 20 0 20 9 34
0 0 0 0 0 9 2 103 2 47 1 4 1 6 9 16
0 0 0 0 0 7 1 82 9 75 2 6 2 0 12 4
0 0 0 0 0 8 1 46 9 96 18 11 5 0 5 1
0 0 0 0 0 14 0 38 4 39 28 26 29 2 20 0
0 0 0 0 0 1 0 64 1 41 8 27 16 14 26 2
0 0 0 0 0 12 0 36 4 74 4 16 7 8 34 5
0 0 0 0 0 12 0 74 3 37 8 22 6 3 32 3
0 0 0 0 0 31 0 67 3 62 2 5 3 9 16 2
0 0 0 0 0 14 2 141 1 25 2 3 2 0 10 0
0 0 0 0 0 7 3 94 10 77 2 0 2 0 5 0
0 0 0 0 0 3 0 43 15 105 15 5 5 0 9 0
0 0 0 0 0 3 1 25 4 74 37 14 25 1 16 0
0 0 0 0 0 12 0 25 3 31 17 18 42 0 52 0
0 0 0 0 0 10 0 52 0 52 2 15 15 9 43 2
0 0 0 0 0 27 0 76 9 34 1 4 3 1 45 0
0 0 0 0 0 6 0 125 4 42 3 2 4 1 13 0
0 0 0 0 0 1 0 52 10 97 11 2 7 0 20 0
0 0 0 0 0 2 0 42 13 60 36 8 9 0 30 0

# Average weight-at-age
70
94
115
134
150
160
165
168

# Maturity logistic function parameter age-at-50%
3

# Maturity logistic function parameter age-at-95%
4

# Infection prevalence index (avg of 3 different samples)
0
0
0
0
0
0.00555555555555556
0.0333333333333333
0
0
0.15
0.0277777777777778
0
0.00555555555555556
0
0.00555555555555556
0
0
0
0.1
0.00555555555555556
0.172222222222222
0.0777777777777778
0
0
0
0
0
0
0
0
0
0.0222222222222222
0.0388888888888889
0.233333333333333
0.161111111111111
0
0
0
0.116666666666667
0.188888888888889
0.0166666666666667
0.255555555555556
0.116666666666667
0.0444444444444444
0
0.188888888888889
0.322222222222222
0.161111111111111
0
0.0555555555555556

