# Simulated data from SIR age-structured hybrid model
# random seed = 9018095
# Flag=0 if no issues, =1 if negative pop #'s, =2 if NaN, or=3 if NA. Flag:
0

# Number of years (nyr)
50

# Starting age
0

# Ending age
8

# Sample size for comp data
200

# Sample size for fishery age comp data
200

# Sample size for antibody prevalence data
200

# Survey data
21709.426755581
18829.6089757426
15953.0946125701
12365.3105258466
12505.84598764
17062.2251465897
24005.079021668
31662.2076770457
33527.3879434549
24064.4016341042
20703.7941634345
20813.4997071369
18320.5283625712
19854.2320667168
15923.3731447619
20643.1875666177
15799.8395706611
13535.9159827665
16282.2959985376
15594.8172251725
24025.4925515113
12406.6399541785
10947.8163763833
4775.38116530978
5866.73249856169
8101.12406930241
6779.27667264556
4655.4094145037
6785.38879147257
6504.26686838544
5168.52032868904
10631.2917284822
8479.60626109575
18553.0363990497
7765.01987736441
8212.23238212835
13482.5802573388
14857.5822934974
8024.70058442814
17779.1953170758
11393.4196981081
14957.1411774591
15421.0842581208
36906.1582685747
31428.2164436759
31567.6459131595
25577.55247119
34637.8615788787
23118.3763404971
21396.1715474501

# Catches
0
0
0
0
0
0
0
0
0
0
0
0
0
0
0
0
0
0
0
0
0
0
0
0
0
0
0
0
0
0
0
0
0
0
0
0
0
0
0
0
0
0
0
0
0
0
0
0
0
0

# Catch compositions
-999 -999 -999 -999 -999 -999 -999 -999
-999 -999 -999 -999 -999 -999 -999 -999
-999 -999 -999 -999 -999 -999 -999 -999
-999 -999 -999 -999 -999 -999 -999 -999
-999 -999 -999 -999 -999 -999 -999 -999
-999 -999 -999 -999 -999 -999 -999 -999
-999 -999 -999 -999 -999 -999 -999 -999
-999 -999 -999 -999 -999 -999 -999 -999
-999 -999 -999 -999 -999 -999 -999 -999
-999 -999 -999 -999 -999 -999 -999 -999
-999 -999 -999 -999 -999 -999 -999 -999
-999 -999 -999 -999 -999 -999 -999 -999
-999 -999 -999 -999 -999 -999 -999 -999
-999 -999 -999 -999 -999 -999 -999 -999
-999 -999 -999 -999 -999 -999 -999 -999
-999 -999 -999 -999 -999 -999 -999 -999
-999 -999 -999 -999 -999 -999 -999 -999
-999 -999 -999 -999 -999 -999 -999 -999
-999 -999 -999 -999 -999 -999 -999 -999
-999 -999 -999 -999 -999 -999 -999 -999
-999 -999 -999 -999 -999 -999 -999 -999
-999 -999 -999 -999 -999 -999 -999 -999
-999 -999 -999 -999 -999 -999 -999 -999
-999 -999 -999 -999 -999 -999 -999 -999
-999 -999 -999 -999 -999 -999 -999 -999
-999 -999 -999 -999 -999 -999 -999 -999
-999 -999 -999 -999 -999 -999 -999 -999
-999 -999 -999 -999 -999 -999 -999 -999
-999 -999 -999 -999 -999 -999 -999 -999
-999 -999 -999 -999 -999 -999 -999 -999
-999 -999 -999 -999 -999 -999 -999 -999
-999 -999 -999 -999 -999 -999 -999 -999
-999 -999 -999 -999 -999 -999 -999 -999
-999 -999 -999 -999 -999 -999 -999 -999
-999 -999 -999 -999 -999 -999 -999 -999
-999 -999 -999 -999 -999 -999 -999 -999
-999 -999 -999 -999 -999 -999 -999 -999
-999 -999 -999 -999 -999 -999 -999 -999
-999 -999 -999 -999 -999 -999 -999 -999
-999 -999 -999 -999 -999 -999 -999 -999
-999 -999 -999 -999 -999 -999 -999 -999
-999 -999 -999 -999 -999 -999 -999 -999
-999 -999 -999 -999 -999 -999 -999 -999
-999 -999 -999 -999 -999 -999 -999 -999
-999 -999 -999 -999 -999 -999 -999 -999
-999 -999 -999 -999 -999 -999 -999 -999
-999 -999 -999 -999 -999 -999 -999 -999
-999 -999 -999 -999 -999 -999 -999 -999
-999 -999 -999 -999 -999 -999 -999 -999
-999 -999 -999 -999 -999 -999 -999 -999

# Age composition from fishery-independent survey
0 0 2 12 2 81 10 93
0 0 1 1 25 5 67 101
0 0 0 16 2 24 9 149
0 0 5 10 18 8 17 142
0 0 17 32 12 28 3 108
0 0 5 89 35 2 4 65
0 0 7 27 103 18 3 42
0 0 5 49 31 74 10 31
0 0 1 37 59 25 53 25
0 0 6 41 65 35 10 43
0 0 2 32 48 38 34 46
0 0 2 13 55 46 27 57
0 0 0 10 24 46 31 89
0 0 5 5 15 32 38 105
0 0 9 39 12 19 23 98
0 0 5 52 43 6 12 82
0 0 0 22 65 31 8 74
0 0 12 5 26 71 28 58
0 0 1 50 3 30 53 63
0 0 0 14 80 8 21 77
0 0 0 5 16 75 6 98
0 0 0 15 6 10 77 92
0 0 1 2 15 9 21 152
0 0 2 5 4 22 11 156
0 0 0 11 8 3 13 165
0 0 4 13 16 10 1 156
0 0 4 25 24 9 12 126
0 0 8 32 38 13 6 103
0 0 5 40 37 33 12 73
0 0 7 5 53 43 15 77
0 0 14 34 20 42 22 68
0 0 6 87 25 13 22 47
0 0 1 32 104 19 9 35
0 0 1 14 76 65 16 28
0 0 2 18 19 46 74 41
0 0 5 32 27 17 35 84
0 0 2 35 55 15 15 78
0 0 5 16 54 34 23 68
0 0 3 28 24 49 32 64
0 0 20 20 40 14 39 67
0 0 5 66 20 31 5 73
0 0 12 29 85 7 15 52
0 0 5 81 29 49 8 28
0 0 16 23 98 13 25 25
0 0 4 77 24 44 12 39
0 0 1 45 92 15 19 28
0 0 0 5 57 81 10 47
0 0 0 2 9 70 68 51
0 0 3 6 1 6 54 130
0 0 2 13 10 1 7 167

# Antibody prevalence values
0 0 0 0 0 0 0 7 3 5 68 27 11 1 76 2
0 0 0 0 0 2 0 4 0 18 1 8 52 21 91 3
0 0 0 0 0 0 0 21 0 4 2 14 0 1 126 32
0 0 0 0 0 6 0 2 0 29 0 4 0 27 111 21
0 0 0 0 0 18 0 37 0 13 0 18 0 7 72 35
0 0 0 0 0 5 0 99 0 31 0 5 0 9 41 10
0 0 0 0 0 5 2 25 39 73 9 6 0 0 37 4
0 0 0 0 0 9 1 53 12 16 54 13 11 3 28 0
0 0 0 0 0 3 1 45 9 47 14 8 38 5 30 0
0 0 0 0 0 6 2 35 22 41 29 9 12 3 40 1
0 0 0 0 0 2 1 33 19 32 32 8 25 1 46 1
0 0 0 0 0 4 0 15 8 48 27 14 22 2 59 1
0 0 0 0 0 0 0 11 1 25 14 28 18 10 88 5
0 0 0 0 0 2 0 1 2 24 1 27 10 37 85 11
0 0 0 0 0 3 0 40 0 11 1 17 0 14 82 32
0 0 0 0 0 2 0 54 4 49 0 7 2 4 48 30
0 0 0 0 0 1 0 21 19 49 22 18 2 2 54 12
0 0 0 0 0 6 0 4 0 31 17 47 18 13 56 8
0 0 0 0 0 0 0 54 0 5 6 26 19 32 47 11
0 0 0 0 0 0 0 13 17 66 1 2 12 11 56 22
0 0 0 0 0 0 0 10 5 18 36 33 2 1 84 11
0 0 0 0 0 1 0 6 1 12 3 16 41 28 82 10
0 0 0 0 0 1 0 2 0 17 0 16 3 17 91 53
0 0 0 0 0 1 0 2 0 2 0 31 0 12 103 49
0 0 0 0 0 1 0 11 0 13 0 3 0 12 101 59
0 0 0 0 0 3 0 15 0 14 0 10 0 0 83 75
0 0 0 0 0 3 0 20 0 29 0 9 0 3 73 63
0 0 0 0 0 5 0 25 0 38 0 23 0 8 55 46
0 0 0 0 0 3 0 37 1 33 0 25 0 26 36 39
0 0 0 0 0 3 0 14 0 57 0 36 0 26 30 34
0 0 0 0 0 17 0 36 0 17 0 57 0 11 20 42
0 0 0 0 0 2 0 75 0 35 0 15 0 21 17 35
0 0 0 0 0 3 0 35 26 68 7 16 1 3 29 12
0 0 0 0 0 3 0 12 11 40 44 40 9 4 27 10
0 0 0 0 0 4 0 19 0 15 6 39 29 38 39 11
0 0 0 0 0 4 0 27 0 36 0 24 6 32 39 32
0 0 0 0 0 2 0 35 0 43 0 18 1 10 43 48
0 0 0 0 0 4 0 18 3 49 5 31 3 14 50 23
0 0 0 0 0 1 0 27 3 24 1 35 6 26 36 41
0 0 0 0 0 9 0 15 0 39 0 13 4 38 40 42
0 0 0 0 0 0 0 70 0 20 0 28 0 10 27 45
0 0 0 0 0 18 1 22 25 62 10 6 9 3 36 8
0 0 0 0 0 2 1 74 6 23 32 23 4 4 24 7
0 0 0 0 0 18 1 29 30 54 13 3 23 2 27 0
0 0 0 0 0 8 2 95 7 18 26 10 8 0 24 2
0 0 0 0 0 1 0 34 40 68 12 0 19 1 24 1
0 0 0 0 0 0 0 7 24 45 57 10 10 1 46 0
0 0 0 0 0 1 0 4 0 8 29 27 68 13 50 0
0 0 0 0 0 1 0 4 0 3 0 10 19 28 121 14
0 0 0 0 0 1 0 13 0 7 0 1 0 14 117 47

# Average weight-at-age
70
94
115
134
150
160
165
168

# Maturity logistic function parameter age-at-50%
3

# Maturity logistic function parameter age-at-95%
4

# Infection prevalence index (avg of 3 different samples)
0
0
0
0
0
0
0.0277777777777778
0.0222222222222222
0.133333333333333
0.0611111111111111
0.0833333333333333
0
0
0
0
0
0
0
0.0166666666666667
0.0166666666666667
0
0
0
0
0
0
0
0
0
0
0
0.105555555555556
0
0
0
0
0.00555555555555556
0
0
0
0.15
0
0.161111111111111
0.0166666666666667
0.0277777777777778
0.1
0
0
0
0

