# Simulated data from SIR age-structured hybrid model
# random seed = 2749552
# Flag=0 if no issues, =1 if negative pop #'s, =2 if NaN, or=3 if NA. Flag:
0

# True SSB
29562.5701221578
17863.2888339443
12734.0747936335
13992.8621272791
21742.6295272255
38279.5292247955
33352.1997747279
21484.9595454586
22086.6883553626
16910.1601891277
16871.6965361858
16764.9605739189
18872.3514647652
22912.2509706347
25936.1673578533
45538.0585386618
53761.2842966443
35313.7379898758
24777.4807360601
23720.2138592563
24040.7559323355
45259.1342243134
41090.109961056
23789.9968089049
29685.9276586385
23478.0623188692
18156.2992294744
20699.6993113224
20594.7132526025
18037.2322772677
20619.2907277082
18021.1450299003
15852.9502854509
17553.4607280839
13962.6475717634
13086.069470173
11541.9712728661
11371.1928451359
10838.1331808618
8766.73540212694
16980.593158628
63099.0430731911
73515.1332612835
42753.8571327323
35681.3127969249
45435.9144675876
57918.4916348717
72263.0892143977
59792.1118866174
34814.419481682

# True R (numbers)
53.2915492812163
217.419663075388
789.024321812276
121.269083386612
219.057428639343
114.707526263403
69.7161102109835
39.2698421735409
58.7745402400171
114.218091818244
175.891853581782
319.554242487057
899.416025988386
676.580820061154
73.904503435935
240.879201796557
26.9733105813351
229.041825594175
862.360418568031
208.971955892652
86.435468455827
274.697234577238
74.4238516626803
104.815355669166
109.712136653756
61.7430136428565
67.5205707803324
143.470682001409
75.8252213534286
108.989498822254
68.1495147801761
45.7701339697333
20.7342716464989
9.21363399926283
68.4764507159374
26.5299711380565
15.9321218474885
113.632064951207
1799.99137669597
581.042479109431
288.851615092545
240.375433543664
588.292058873473
732.362936200137
1123.02597116337
302.048877871551
106.834364450524
42.5967417675282
68.570139468031
50.3761954490805

# True infection rate given (selected) susceptible
-999 -999 0.902656262031962 0.902656262031962 0.902656262031962 0.902656262031962 0.902656262031962 0.902656262031962
-999 -999 0.6317668421328 0.6317668421328 0.6317668421328 0.6317668421328 0.631766842132799 0.6317668421328
-999 -999 0.000677883528177507 0.000677883528177095 0.000677883528176551 0.00067788352817643 0.000677883528176927 0.000677883528176548
-999 -999 0.000752809581803896 0.0007528095818049 0.00075280958180398 0.000752809581804412 0.000752809581804593 0.000752809581802998
-999 -999 0.67937155551469 0.67937155551469 0.679371555514691 0.679371555514691 0.67937155551469 0.679371555514691
-999 -999 0.947977137420692 0.947977137420692 0.947977137420692 0.947977137420692 0.947977137420692 0.947977137420692
-999 -999 0.91996605265363 0.91996605265363 0.91996605265363 0.919966052653629 0.91996605265363 0.91996605265363
-999 -999 0.505001143403939 0.505001143403939 0.505001143403939 0.505001143403939 0.505001143403939 0.505001143403938
-999 -999 0.632616381987434 0.632616381987435 0.632616381987435 0.632616381987435 0.632616381987435 0.632616381987435
-999 -999 0.00257773846167232 0.00257773846167237 0.00257773846167211 0.00257773846167286 0.00257773846167252 0.00257773846167212
-999 -999 0.00333005355244718 0.00333005355244751 0.00333005355244706 0.00333005355244769 0.00333005355244743 0.00333005355244666
-999 -999 0.00407031132692978 0.00407031132693009 0.00407031132692917 0.00407031132692926 0.00407031132692991 0.00407031132692874
-999 -999 0.137524251255448 0.137524251255448 0.137524251255448 0.137524251255449 0.137524251255448 0.137524251255448
-999 -999 0.69214943072969 0.69214943072969 0.69214943072969 0.69214943072969 0.692149430729689 0.69214943072969
-999 -999 0.827143222785992 0.827143222785992 0.827143222785992 0.827143222785992 0.827143222785992 0.827143222785992
-999 -999 0.952362988771225 0.952362988771225 0.952362988771225 0.952362988771224 0.952362988771225 0.952362988771224
-999 -999 0.946667935855016 0.946667935855017 0.946667935855017 0.946667935855016 0.946667935855016 0.946667935855016
-999 -999 0.87152669869098 0.871526698690981 0.871526698690981 0.871526698690981 0.87152669869098 0.87152669869098
-999 -999 0.452006645912447 0.452006645912448 0.452006645912448 0.452006645912448 0.452006645912448 0.452006645912448
-999 -999 0.629235044640039 0.629235044640039 0.62923504464004 0.62923504464004 0.62923504464004 0.62923504464004
-999 -999 0.56257815439138 0.56257815439138 0.56257815439138 0.56257815439138 0.56257815439138 0.56257815439138
-999 -999 0.947011688536282 0.947011688536282 0.947011688536282 0.947011688536282 0.947011688536282 0.947011688536282
-999 -999 0.921171332132515 0.921171332132515 0.921171332132515 0.921171332132514 0.921171332132515 0.921171332132514
-999 -999 0.0174357512456965 0.0174357512456972 0.0174357512456976 0.0174357512456969 0.0174357512456967 0.0174357512456971
-999 -999 0.725772089357371 0.725772089357371 0.725772089357372 0.725772089357372 0.725772089357371 0.725772089357371
-999 -999 0.644700766973998 0.644700766973998 0.644700766973998 0.644700766973998 0.644700766973998 0.644700766973998
-999 -999 0.00177958464204412 0.00177958464204401 0.0017795846420449 0.00177958464204331 0.00177958464204442 0.00177958464204382
-999 -999 0.116591063975945 0.116591063975946 0.116591063975945 0.116591063975945 0.116591063975945 0.116591063975946
-999 -999 0.253270053681275 0.253270053681275 0.253270053681274 0.253270053681275 0.253270053681274 0.253270053681274
-999 -999 0.00867143821366086 0.00867143821366094 0.00867143821366043 0.00867143821366067 0.00867143821366072 0.00867143821366087
-999 -999 0.408074554872433 0.408074554872434 0.408074554872434 0.408074554872434 0.408074554872434 0.408074554872434
-999 -999 0.412581427406554 0.412581427406553 0.412581427406553 0.412581427406553 0.412581427406553 0.412581427406553
-999 -999 0.0321223050447913 0.0321223050447916 0.032122305044792 0.0321223050447925 0.0321223050447924 0.0321223050447915
-999 -999 0.337629258590181 0.337629258590181 0.337629258590181 0.337629258590181 0.337629258590182 0.337629258590182
-999 -999 0.0074851182874069 0.00748511828740675 0.00748511828740589 0.00748511828740558 0.00748511828740574 0.00748511828740669
-999 -999 0.0070749553527757 0.00707495535277611 0.0070749553527757 0.00707495535277543 0.00707495535277603 0.00707495535277505
-999 -999 0.0180585684978714 0.0180585684978711 0.01805856849787 0.0180585684978707 0.0180585684978703 0.0180585684978707
-999 -999 0.11513026161061 0.115130261610609 0.11513026161061 0.115130261610609 0.11513026161061 0.11513026161061
-999 -999 0.229580759456286 0.229580759456287 0.229580759456287 0.229580759456287 0.229580759456287 0.229580759456287
-999 -999 0.00245745510537554 0.00245745510537589 0.00245745510537547 0.00245745510537574 0.00245745510537641 0.00245745510537588
-999 -999 0.778232271461167 0.778232271461167 0.778232271461167 0.778232271461167 0.778232271461167 0.778232271461167
-999 -999 0.981642354788556 0.981642354788556 0.981642354788555 0.981642354788556 0.981642354788556 0.981642354788556
-999 -999 0.969789384883576 0.969789384883575 0.969789384883576 0.969789384883576 0.969789384883575 0.969789384883575
-999 -999 0.841284594983601 0.841284594983601 0.841284594983601 0.841284594983601 0.8412845949836 0.841284594983601
-999 -999 0.667280976950759 0.667280976950759 0.667280976950759 0.667280976950759 0.667280976950759 0.667280976950759
-999 -999 0.888879807662986 0.888879807662986 0.888879807662986 0.888879807662986 0.888879807662986 0.888879807662986
-999 -999 0.927542259209553 0.927542259209553 0.927542259209552 0.927542259209552 0.927542259209552 0.927542259209552
-999 -999 0.955612925886782 0.955612925886782 0.955612925886782 0.955612925886782 0.955612925886782 0.955612925886782
-999 -999 0.928771351597589 0.92877135159759 0.928771351597589 0.928771351597589 0.928771351597589 0.928771351597589
-999 -999 0.177640411912697 0.177640411912696 0.177640411912696 0.177640411912697 0.177640411912696 0.177640411912696

# Duration of outbreak (days) based on incidence
0
0
0
0
0
3
0
0
0
0
0
0
0
0
0
3
3
0
0
0
0
3
0
0
0
0
0
0
0
0
0
0
0
0
0
0
0
0
0
0
0
3
3
0
0
0
0
3
0
0

# Duration of outbreak (days) based on prevalence
41
21
0
0
42
41
37
0
25
0
0
0
0
46
45
41
39
32
0
13
14
38
35
0
34
21
0
0
0
0
12
3
0
2
0
0
0
0
0
0
51
43
38
33
22
36
36
36
33
0

# Peak (point) prevalence
0.459429461814496
0.118338637955468
3.74882461301285e-05
6.31819764820962e-05
0.194711071248323
0.620150760974215
0.458858443976516
0.0826730331268091
0.126863915911329
0.000280112935470257
0.000478371273756787
0.000565804915058973
0.0398638817750882
0.208893831051601
0.340134278130093
0.632678397874292
0.570612268505899
0.303837095686322
0.0628721899537564
0.107167113452275
0.107103364835544
0.572685949888448
0.439507390641599
0.00228815301647054
0.183099805008131
0.121796612703989
0.000153447701808232
0.0310688420747248
0.0661974419328891
0.00155890438858342
0.104770440477492
0.100283447160968
0.00815230956030475
0.101163218238864
0.00143600832264607
0.00137934539087949
0.00420124866731971
0.0363834348311661
0.0754503408160577
0.000374954325880717
0.316511482982747
0.82804103217134
0.680588916067375
0.267869577448116
0.126628839524243
0.370105170779768
0.475515231172839
0.56381141383777
0.41618589278856
0.0238793880796957

# Day of peak prevalence
32
79
94
119
83
23
26
99
84
119
119
119
119
80
53
22
21
33
104
82
96
23
25
119
68
79
119
119
119
119
114
113
119
119
119
119
119
119
119
119
72
13
15
39
74
34
25
19
22
119

# Total immunity
0.0815893984250149
0.102475552569825
0.0361611572389125
0.0316396776222497
0.0245151238979892
0.0356495193320564
0.090507462651344
0.161320908709604
0.164267914458568
0.149410389259224
0.0863476400860172
0.0435324692419164
0.0156043762510091
0.0106509274870158
0.0186855180934889
0.0289964488063228
0.0757863976641517
0.125733874956152
0.0617571318229107
0.0561884218032061
0.0602242702759235
0.0533748904610731
0.104826564275979
0.153838559116411
0.120520040751298
0.153765147404324
0.164338358709652
0.104484539304171
0.0890490375461168
0.0757797634491114
0.0620371584412518
0.0777954048765047
0.101106968640995
0.0988049361611718
0.0957389527592697
0.0816298932765358
0.0735536934492959
0.0379882690379644
0.00389391798275231
0.00365270430802833
0.00311526519405878
0.00938169784441897
0.0398424743135591
0.0588754410120886
0.041203984057435
0.042083654545666
0.0579987895549015
0.0982537930999874
0.196291502351932
0.336554176991445

# Observed immunity (based on survey selectivity)
0.153667089042366
0.365184360956598
0.479074155912558
0.336534522391457
0.15832480954904
0.10191533185002
0.214631510079304
0.393649294562114
0.34265786311658
0.423174949970133
0.336195988780623
0.263155849137337
0.178364333747782
0.122125997742334
0.137400867765832
0.10318014820366
0.154938344144525
0.34404510922404
0.480174017877225
0.431455695678682
0.351600662674661
0.161263930896176
0.250100431233821
0.49083349671543
0.305189463003964
0.382079385155834
0.448140816149718
0.306723794219592
0.253206290273479
0.250916146516151
0.169360388813405
0.197127359419612
0.218865751215875
0.159468391347642
0.202061090894068
0.172325298846093
0.154448262626678
0.121106089338266
0.111886576481957
0.138046673719966
0.0481319117865959
0.0280033039818338
0.119033753782743
0.341921767806267
0.399202796655574
0.272781321026781
0.220259200247474
0.202544067940303
0.311453573125968
0.569445572887908

# True total proportion of susceptible
1 1 1 0.992804950667719 0.884634497695247 0.443117856673836 0.242481565823186 0.0787489884124179
1 1 1 0.992965020639159 0.878412120357965 0.329744716649186 0.0552540215748845 0.00972870041324113
1 1 1 0.994977775153284 0.922843259968554 0.615500403104118 0.136516053036392 0.00677983892651605
1 1 1 0.999994789898078 0.994922716180965 0.922708603894061 0.615293310512452 0.0904235050129517
1 1 1 0.999994191198806 0.999936698946728 0.994809504427993 0.922553365290046 0.326262562646862
1 1 1 0.994576563683919 0.924376366094118 0.762710431211638 0.721244524387746 0.163315086779633
1 1 1 0.99263752075521 0.87242694380628 0.290371013946942 0.0819878515642293 0.0130349950547455
1 1 1 0.992851488802021 0.875237673660378 0.291482204293328 0.0253632851012518 0.00134427994680601
1 1 1 0.995967111131986 0.940162006971085 0.693219865348124 0.156170675451463 0.00430627068687573
1 1 1 0.99495638510948 0.926329832462706 0.700966140954108 0.381964490713811 0.0356553021964406
1 1 1 0.999979957168686 0.994749264017206 0.925823352876912 0.700197182960695 0.0859338320800444
1 1 1 0.99997403869619 0.999720040238795 0.99424241485909 0.925134473691118 0.307200898515569
1 1 1 0.999968350229924 0.999657066790126 0.999116255337469 0.993590212724287 0.501985654982425
1 1 1 0.998911306095456 0.9884275347252 0.976298564541648 0.974290972986332 0.580983450664583
1 1 1 0.994484114232334 0.92111902324345 0.732456657331995 0.676055572434798 0.291105853620303
1 1 1 0.993483994046905 0.89350865493373 0.480309110202717 0.230131393119383 0.0699358783062605
1 1 1 0.992609596499696 0.870057151608712 0.250973626318019 0.0292731333880642 0.00427762820787405
1 1 1 0.992658647898441 0.87008912897325 0.242968293611198 0.0135819272435138 0.000496097590116824
1 1 1 0.993206505311824 0.884259307109245 0.363463344105481 0.033274078882821 0.000641621221572127
1 1 1 0.996390395068437 0.947387918966401 0.732948731569589 0.221869290964134 0.0105182133105798
1 1 1 0.994988970632263 0.927486377071553 0.714993503008582 0.422826622375884 0.0347817882100842
1 1 1 0.995498600201831 0.934869467153096 0.728635326069991 0.453665437671811 0.0261027156760166
1 1 1 0.992646733273769 0.874038876345973 0.305213188812543 0.0748590100072757 0.00606783845959769
1 1 1 0.992844745415995 0.875075244004262 0.29151590781939 0.0267427016483561 0.000520121241431547
1 1 1 0.999863503043166 0.99142125090776 0.871111217591949 0.287437188688911 0.00588117484716228
1 1 1 0.994245762404755 0.917607891782509 0.710730372529417 0.484059864741441 0.0450217637036424
1 1 1 0.99487086938672 0.922477630911259 0.659368409731425 0.38941626896786 0.0468631630574731
1 1 1 0.999986212342101 0.994727813414595 0.922124627138351 0.658827216462868 0.0785368305206187
1 1 1 0.999076195459107 0.990282669198367 0.974838990422144 0.894862758198853 0.26284760981674
1 1 1 0.997984633231884 0.976463741999901 0.939730427408174 0.917440525550175 0.309498871667884
1 1 1 0.99993224428095 0.997297636935869 0.975025272786272 0.938000900499812 0.487557583328053
1 1 1 0.996739349679486 0.960640802543303 0.902391030914303 0.863173908060344 0.459166669186
1 1 1 0.99670354275381 0.956347825291598 0.850469418099602 0.764304319657514 0.371609825363805
1 1 1 0.999747242488622 0.994101614192286 0.950446015444001 0.842254354646156 0.437095776039906
1 1 1 0.997303555546168 0.968340809063319 0.921035449658179 0.858673803784759 0.467693645261552
1 1 1 0.999941514884927 0.99670861176947 0.967059379804 0.919456430969244 0.565816730262846
1 1 1 0.999944743793218 0.999387350403895 0.995636611488014 0.965779800830726 0.694970568785412
1 1 1 0.999858462426719 0.998518880524341 0.996651505023398 0.992703261177126 0.76244538214137
1 1 1 0.999089216683207 0.99029267872696 0.979276382647571 0.976102683239018 0.777668275022862
1 1 1 0.998174125753162 0.978827704938414 0.945599704845862 0.929442776442079 0.724480104305896
1 1 1 0.999980915839713 0.997980858579321 0.978427960077387 0.945124282453719 0.735529198185399
1 1 1 0.993805980333468 0.908483265538195 0.663648657399428 0.569687952185311 0.349028396003568
1 1 1 0.992412420520402 0.865114081219666 0.20520782524393 0.0184946967061808 0.00684850570669911
1 1 1 0.992501431690105 0.865508298480324 0.19801800905693 0.00578977552818097 0.000181809363303053
1 1 1 0.993425607771125 0.889336469155685 0.398133425982967 0.0322836283651172 0.000343379768988506
1 1 1 0.994702679677115 0.918155849114617 0.602431919384458 0.157379334938501 0.00887043762233974
1 1 1 0.993060879028736 0.883581788935197 0.391304626075647 0.105373497585139 0.00517054716794094
1 1 1 0.992791212807343 0.874278314064172 0.288314208476146 0.033999859112078 0.00127706538856566
1 1 1 0.992596097381464 0.868665604917122 0.230428365969266 0.0133103305439812 0.000206205192465087
1 1 1 0.992794711206747 0.873690217332628 0.274735836709511 0.0169743498187765 0.000250361509244942

# True vulnerable proportion of susceptible
0 0 0.05 0.496402475333859 0.840402772810485 0.443117856673836 0.242481565823186 0.0787489884124179
0 0 0.05 0.49648251031958 0.834491514340066 0.329744716649186 0.0552540215748845 0.00972870041324113
0 0 0.05 0.497488887576642 0.876701096970126 0.615500403104118 0.136516053036392 0.00677983892651605
0 0 0.05 0.499997394949039 0.945176580371917 0.922708603894061 0.615293310512452 0.0904235050129517
0 0 0.05 0.499997095599403 0.949939863999391 0.994809504427993 0.922553365290046 0.326262562646862
0 0 0.05 0.49728828184196 0.878157547789412 0.762710431211638 0.721244524387746 0.163315086779633
0 0 0.05 0.496318760377605 0.828805596615966 0.290371013946942 0.0819878515642293 0.0130349950547455
0 0 0.05 0.49642574440101 0.831475789977359 0.291482204293328 0.0253632851012518 0.00134427994680601
0 0 0.05 0.497983555565993 0.89315390662253 0.693219865348124 0.156170675451463 0.00430627068687573
0 0 0.05 0.49747819255474 0.88001334083957 0.700966140954108 0.381964490713811 0.0356553021964406
0 0 0.05 0.499989978584343 0.945011800816346 0.925823352876912 0.700197182960695 0.0859338320800444
0 0 0.05 0.499987019348095 0.949734038226855 0.99424241485909 0.925134473691118 0.307200898515569
0 0 0.05 0.499984175114962 0.94967421345062 0.999116255337469 0.993590212724287 0.501985654982425
0 0 0.05 0.499455653047728 0.93900615798894 0.976298564541648 0.974290972986332 0.580983450664583
0 0 0.05 0.497242057116167 0.875063072081277 0.732456657331995 0.676055572434798 0.291105853620303
0 0 0.05 0.496741997023453 0.848833222187043 0.480309110202717 0.230131393119383 0.0699358783062605
0 0 0.05 0.496304798249848 0.826554294028276 0.250973626318019 0.0292731333880642 0.00427762820787405
0 0 0.05 0.49632932394922 0.826584672524587 0.242968293611198 0.0135819272435138 0.000496097590116824
0 0 0.05 0.496603252655912 0.840046341753782 0.363463344105481 0.033274078882821 0.000641621221572127
0 0 0.05 0.498195197534218 0.900018523018081 0.732948731569589 0.221869290964134 0.0105182133105798
0 0 0.05 0.497494485316131 0.881112058217975 0.714993503008582 0.422826622375884 0.0347817882100842
0 0 0.05 0.497749300100915 0.888125993795441 0.728635326069991 0.453665437671811 0.0261027156760166
0 0 0.05 0.496323366636884 0.830336932528674 0.305213188812543 0.0748590100072757 0.00606783845959769
0 0 0.05 0.496422372707998 0.831321481804049 0.29151590781939 0.0267427016483561 0.000520121241431547
0 0 0.05 0.499931751521583 0.941850188362372 0.871111217591949 0.287437188688911 0.00588117484716228
0 0 0.05 0.497122881202377 0.871727497193383 0.710730372529417 0.484059864741441 0.0450217637036424
0 0 0.05 0.49743543469336 0.876353749365696 0.659368409731425 0.38941626896786 0.0468631630574731
0 0 0.05 0.499993106171051 0.944991422743865 0.922124627138351 0.658827216462868 0.0785368305206187
0 0 0.05 0.499538097729553 0.940768535738449 0.974838990422144 0.894862758198853 0.26284760981674
0 0 0.05 0.498992316615942 0.927640554899906 0.939730427408174 0.917440525550175 0.309498871667884
0 0 0.05 0.499966122140475 0.947432755089076 0.975025272786272 0.938000900499812 0.487557583328053
0 0 0.05 0.498369674839743 0.912608762416138 0.902391030914303 0.863173908060344 0.459166669186
0 0 0.05 0.498351771376905 0.908530434027018 0.850469418099602 0.764304319657514 0.371609825363805
0 0 0.05 0.499873621244311 0.944396533482672 0.950446015444001 0.842254354646156 0.437095776039906
0 0 0.05 0.498651777773084 0.919923768610153 0.921035449658179 0.858673803784759 0.467693645261552
0 0 0.05 0.499970757442464 0.946873181180997 0.967059379804 0.919456430969244 0.565816730262846
0 0 0.05 0.499972371896609 0.9494179828837 0.995636611488014 0.965779800830726 0.694970568785412
0 0 0.05 0.49992923121336 0.948592936498124 0.996651505023398 0.992703261177126 0.76244538214137
0 0 0.05 0.499544608341604 0.940778044790612 0.979276382647571 0.976102683239018 0.777668275022862
0 0 0.05 0.499087062876581 0.929886319691494 0.945599704845862 0.929442776442079 0.724480104305896
0 0 0.05 0.499990457919856 0.948081815650355 0.978427960077387 0.945124282453719 0.735529198185399
0 0 0.05 0.496902990166734 0.863059102261285 0.663648657399428 0.569687952185311 0.349028396003568
0 0 0.05 0.496206210260201 0.821858377158682 0.20520782524393 0.0184946967061808 0.00684850570669911
0 0 0.05 0.496250715845052 0.822232883556307 0.19801800905693 0.00578977552818097 0.000181809363303053
0 0 0.05 0.496712803885562 0.8448696456979 0.398133425982967 0.0322836283651172 0.000343379768988506
0 0 0.05 0.497351339838558 0.872248056658886 0.602431919384458 0.157379334938501 0.00887043762233974
0 0 0.05 0.496530439514368 0.839402699488437 0.391304626075647 0.105373497585139 0.00517054716794094
0 0 0.05 0.496395606403671 0.830564398360963 0.288314208476146 0.033999859112078 0.00127706538856566
0 0 0.05 0.496298048690732 0.825232324671265 0.230428365969266 0.0133103305439812 0.000206205192465087
0 0 0.05 0.496397355603374 0.830005706465997 0.274735836709511 0.0169743498187765 0.000250361509244942

# True survival by age
0.778267540515681 0.778267540515681 0.747784614379551 0.475635377434293 0.265970345347356 0.508413915881247 0.6308405283743 0.730748798818145
0.778267540515681 0.778267540515681 0.756266558947195 0.559809240693718 0.411139727826287 0.633530800489871 0.754458465070647 0.774514776144788
0.778267540515681 0.778267540515681 0.778270686078467 0.778301516230321 0.778363838139834 0.778511293966663 0.778736575298707 0.778797594300944
0.778267540515681 0.778267540515681 0.778267983851859 0.778271976632616 0.778278628558945 0.778316936979403 0.778478138129685 0.778753367170714
0.778267540515681 0.778267540515681 0.754560494242246 0.54119845797402 0.327862208014218 0.306590409214261 0.340888531944223 0.623932372589487
0.778267540515681 0.778267540515681 0.746422462373337 0.461546748632148 0.219007951642653 0.292622607773491 0.31905442002062 0.67469806251072
0.778267540515681 0.778267540515681 0.747311845092683 0.470993618923555 0.265210495623817 0.598873211541648 0.72799724443173 0.770723685522224
0.778267540515681 0.778267540515681 0.76050664736348 0.601932060319905 0.482979015808851 0.675105666631404 0.769777766354989 0.778322553994088
0.778267540515681 0.778267540515681 0.756175407762335 0.55823931465271 0.383665955194532 0.472137022888186 0.709714640336227 0.776895792710887
0.778267540515681 0.778267540515681 0.778203744143636 0.777635483908648 0.77718399141417 0.777532616160545 0.778109744375029 0.778736276568447
0.778267540515681 0.778267540515681 0.778177036562346 0.777362529809576 0.776559794353114 0.776631281190063 0.777159995872611 0.778599412464591
0.778267540515681 0.778267540515681 0.778151368630242 0.777105865664702 0.776061041924416 0.77596055038675 0.776157969678404 0.777923208327376
0.778267540515681 0.778267540515681 0.773410906335165 0.72970275270108 0.68602331847429 0.681221168646328 0.681760874716178 0.72977388915548
0.778267540515681 0.778267540515681 0.754168463640636 0.537539717484143 0.325690079696321 0.307722295931997 0.308690988529753 0.498467681157445
0.778267540515681 0.778267540515681 0.749953362348037 0.496690477868049 0.282775768592626 0.363632040095994 0.395601122887203 0.613797092941046
0.778267540515681 0.778267540515681 0.746306548143491 0.460743671571093 0.235733283441062 0.471521545664296 0.631573513217383 0.734059088823141
0.778267540515681 0.778267540515681 0.746510185562691 0.463044928535481 0.253353269504774 0.619261782557077 0.760192427639119 0.776081578910915
0.778267540515681 0.778267540515681 0.748792196852656 0.485681907368237 0.291059468735542 0.635439742969382 0.77078690114763 0.778508065591872
0.778267540515681 0.778267540515681 0.762335311876883 0.620031231814462 0.510653050698427 0.662791346946672 0.768180435266408 0.77859599181163
0.778267540515681 0.778267540515681 0.756314275940674 0.559529245681313 0.383128700351782 0.456597595135315 0.681267368011557 0.774176991919182
0.778267540515681 0.778267540515681 0.75849279606061 0.581513686311116 0.429830892114454 0.495643241927919 0.61134954579698 0.765026216470865
0.778267540515681 0.778267540515681 0.746460711650204 0.461633404729204 0.213332840974816 0.314900661274963 0.4899656905898 0.762181971783958
0.778267540515681 0.778267540515681 0.747283783091181 0.470712205670657 0.263795546385745 0.589505002312041 0.732372596919513 0.775037458743248
0.778267540515681 0.778267540515681 0.777678572189228 0.772423814920567 0.768541715274186 0.775211461656424 0.778471510640133 0.778794379021877
0.778267540515681 0.778267540515681 0.75315961253139 0.527222605016384 0.305313981041914 0.34090031514729 0.634308464658132 0.775844364688183
0.778267540515681 0.778267540515681 0.755811211865845 0.554999512927363 0.386795492092566 0.459213894852306 0.561138513575425 0.758556305108575
0.778267540515681 0.778267540515681 0.778231973107523 0.777916425803646 0.777685486112023 0.777980139268338 0.778316119197269 0.778742457613603
0.778267540515681 0.778267540515681 0.774146570033658 0.737058411232932 0.700384716692089 0.702308099594866 0.724149318126783 0.772285944684635
0.778267540515681 0.778267540515681 0.769302371185739 0.688699160469532 0.609589737746471 0.603489025065463 0.617871681080981 0.73153115494063
0.778267540515681 0.778267540515681 0.77798848808339 0.775483714802089 0.773102883987329 0.773054997587291 0.773191284538104 0.776908416843479
0.778267540515681 0.778267540515681 0.763849486515473 0.634096805699994 0.505066249041864 0.497121517411047 0.507817648360949 0.63794816532691
0.778267540515681 0.778267540515681 0.763693837165945 0.633007443240821 0.512286740958285 0.515296005971679 0.526747692504573 0.644720759367165
0.778267540515681 0.778267540515681 0.777154979763586 0.767180365895554 0.75807491165325 0.759423298676647 0.761386523708495 0.770333854762544
0.778267540515681 0.778267540515681 0.766310439569606 0.658726888306781 0.552425792106501 0.551002385799888 0.576933250391264 0.674039738658452
0.778267540515681 0.778267540515681 0.778030302968771 0.775902999884191 0.773919613379388 0.773939563960442 0.774268708321631 0.776332299054566
0.778267540515681 0.778267540515681 0.778044867954489 0.776040976320821 0.774052442096409 0.773978354077675 0.774215735406517 0.775979228302233
0.778267540515681 0.778267540515681 0.777655856577845 0.772151068595624 0.766652992598068 0.766089568796752 0.766470748349054 0.769928148505258
0.778267540515681 0.778267540515681 0.774204724626956 0.737645207513307 0.701189161224882 0.69728509467309 0.697608019801354 0.716440710490256
0.778267540515681 0.778267540515681 0.770138958812675 0.697056242920085 0.625328892842988 0.61907602950686 0.619593675357308 0.651959295025741
0.778267540515681 0.778267540515681 0.778208070395973 0.777674898802055 0.777172821469481 0.777171850515249 0.777199683166368 0.777552761078436
0.778267540515681 0.778267540515681 0.751305252035361 0.50864981141532 0.267019508877607 0.250665905309035 0.268642531518103 0.381777559058493
0.778267540515681 0.778267540515681 0.745489089578123 0.452516637752442 0.212521532339381 0.34337939823837 0.405027229403341 0.549802463193152
0.778267540515681 0.778267540515681 0.745857893124339 0.456634220377416 0.245616663241082 0.645677092364218 0.766802788934919 0.774357978054481
0.778267540515681 0.778267540515681 0.749708742999796 0.494825064852772 0.308699608566582 0.665592066939061 0.775490715177266 0.77869684098705
0.778267540515681 0.778267540515681 0.755095945033043 0.548078483007735 0.386786997706269 0.594080747485932 0.763822304523137 0.778641466824616
0.778267540515681 0.778267540515681 0.748184253887951 0.479031107051331 0.253509417320875 0.416016898644337 0.684027108867892 0.773459014626448
0.778267540515681 0.778267540515681 0.747061086649229 0.468372155670404 0.25443398732087 0.534367527565353 0.712977929615498 0.775570937082401
0.778267540515681 0.778267540515681 0.746250525899357 0.460409276833685 0.246490731026381 0.594027837128532 0.757011173176747 0.777982345661554
0.778267540515681 0.778267540515681 0.7470756359887 0.468661861557871 0.263526215929676 0.63492791702819 0.770490194245716 0.77867203446049
0.778267540515681 0.778267540515681 0.771994379990004 0.71599177675787 0.674199713589234 0.744185042114991 0.776662075201078 0.778769238409251

# True Numbers-at-age
53.2915492812163 42.9153371202423 26.6658493003822 130.466693637416 119.511498159811 6.32323817965345 2.92437646831367 12.7580017927639
217.419663075388 41.4750829893624 33.3996138709722 19.9403118361895 62.0545750708369 31.7865144385449 3.21482228396742 11.1677096818184
789.024321812276 169.21066644143 32.2787108308148 25.2590110523652 11.1627708282132 25.5131011049997 20.1377359370342 11.0750060501005
121.269083386612 614.072018343893 131.691169200391 25.1215744240267 19.6591266005342 8.68869714612339 19.8622373543556 24.3071795865624
219.057428639343 94.3797912678898 477.912319416002 102.491020744682 19.5514173831106 15.3002780893305 6.76256014911244 34.3916155041673
114.707526263403 170.485286218831 73.4527280244439 360.613755942996 55.4679823832054 6.41017087303421 4.69091852049982 23.763321460116
69.7161102109835 89.2731443436563 132.683164399641 54.8267661200445 166.440106567517 12.1479292034966 1.87576091714095 17.5297252358817
39.2698421735409 54.2577856282223 69.4783904824387 99.1557004002316 25.8230569887551 44.1416631544521 7.27506937567857 14.876123218882
58.7745402400171 30.5624434848406 42.2270733747036 52.8387778100102 59.6849950343746 12.4719946496048 29.8002869301053 17.1786088713384
114.218091818244 45.742316877538 23.7857577230964 31.9310744277265 29.4966831117469 22.8991006306443 5.88849042334181 34.4956888772848
175.891853581782 88.8922334017788 35.5997604537704 18.510165717407 24.8307365143282 22.9243499142664 17.8047976210684 31.4449360920216
319.554242487057 136.890920283838 69.1819398605482 27.7029160922445 14.389109249278 19.2825516412031 17.803767244366 38.3201852119368
899.416025988386 248.698694361753 106.53775984823 53.8340211869807 21.5280985913002 11.1668271163589 14.9624993843689 43.6286972607832
676.580820061154 699.986298446369 193.554121190382 82.3974654031381 39.2828334491081 14.7687776360455 7.60707901827754 42.0399307470164
73.904503435935 526.560890789077 544.776614886531 145.972414209464 44.2919102742122 12.7940291567373 4.54468216227304 23.3037835374609
240.879201796557 57.5174761221178 409.805249406161 408.557054062735 72.5031081692515 12.524678970226 4.65231892331201 16.1016759563815
26.9733105813351 187.468463943587 44.76398467823 305.840341095394 188.240077135134 17.0913957484201 5.90565598699006 14.7578629880708
229.041825594175 20.9924520857013 145.900620357628 33.4167705086709 141.617818885784 47.691238994017 10.5840481975551 15.9427405706844
862.360418568031 178.2558182804 16.337744054132 109.249246039754 16.2299208387379 41.2192071283825 30.3049086482495 20.5695978337072
208.971955892652 671.147121997014 138.730717275697 12.4548392088714 67.7379445968296 8.2878585888955 27.3197338126944 39.2950443426227
86.435468455827 162.636090149326 522.332019960794 104.924021987099 6.96884678762186 25.9523506778844 3.78421630051125 49.0333623758531
274.697234577238 67.2699194484372 126.574389879602 396.185074292049 61.0147548083068 2.99542563173245 12.8631072256368 39.8252866157589
74.4238516626803 213.787941140886 52.3539947598231 94.4828091462182 182.892264748331 13.0164509846379 0.943261512232522 36.6565966946002
104.815355669166 57.9216679892181 166.384215143629 39.1232912640565 44.4742114911761 48.2461649090124 7.67326296779354 29.101054431647
109.712136653756 81.5743890649183 45.0785540885346 129.393438867722 30.219761890431 34.1802867848954 37.4009800184324 28.6371542290536
61.7430136428565 85.3853947582389 63.4866991466232 33.951346330796 68.2191459118688 9.22651580890622 11.6520705367956 45.941732941519
67.5205707803324 48.0525833718521 66.4526811744551 47.9839590193715 18.84298067682 26.3868581131159 4.2369442605242 41.387816731497
143.470682001409 52.5490685554242 37.397765876236 51.7156011886814 37.3275098962581 14.6539125874522 20.5284515496958 35.5281321308537
75.8252213534286 111.658574817344 40.8972343410199 28.9513521800099 38.1174188480854 26.1436174435119 10.2915615009229 42.3035412774678
108.989498822254 59.0123085317899 86.9002444005801 31.4623393534855 19.9387719408306 23.2359873591768 15.7773862026694 37.3052228143081
68.1495147801761 84.8229891904319 45.9273642211887 67.6073897552844 24.3985317982049 15.4147220906217 17.9626961518867 41.1816791013531
45.7701339697333 53.0385552553047 66.0149791764256 35.081593577364 42.8696298855403 12.322874937448 7.66299003615947 35.3935507458632
20.7342716464989 35.6214095936975 41.278185951051 50.4152327576745 22.2069098552208 21.9615429801514 6.34992823735546 26.8554192328057
9.21363399926283 16.1368105987047 27.7229868341887 32.0795477674666 38.6775767137422 16.8345012265882 16.6781074140155 25.5223884053099
68.4764507159374 7.17067227181794 12.5587558964213 21.2444142270895 21.131660679152 21.366490952849 9.27585033960125 26.8252587313972
26.5299711380565 53.2929988819358 5.58070147283174 9.77109265500351 16.4836047295812 16.3542066628738 16.5363726914127 28.007315444707
15.9321218474885 20.6474153875672 41.4762111665491 4.34203614052279 7.58276828371013 12.7591744954842 12.6578019551772 34.5358149698392
113.632064951207 12.3994532854411 16.0692131916875 32.2542185223263 3.35270784578549 5.81335199688409 9.77467048744801 36.2919310138873
1799.99137669597 88.4361477132942 9.65009201219928 12.4408607740423 23.7921697150809 2.35088240221841 4.05356369751532 32.8199053636121
581.042479109431 1400.87486169061 68.8269831735069 7.43191181472166 8.67197966984579 14.877931146264 1.45537494340292 23.9088047933105
288.851615092545 452.20650115163 1090.25543317819 53.5617137666309 5.77961126841947 6.73962690774003 11.5627092807805 19.721474126025
240.375433543664 224.803836052057 351.937641456481 819.114633006864 27.2441556064782 1.54326896239685 1.68939468027379 10.6354517452658
588.292058873473 187.076397464418 174.957528582725 262.365671917664 370.662999662091 5.78996969678127 0.529926767627785 6.53164841343906
732.362936200137 457.848613764364 145.595487743166 130.493453654952 119.805144049919 91.0410091639333 3.73845079869466 5.46418338214169
1123.02597116337 569.974301121323 356.328714562905 109.154210102371 64.571431667674 36.9838010724731 60.5961734656404 7.15407622178241
302.048877871551 874.014660512549 443.592497490836 269.062367465286 59.8250738868152 24.9753901923351 21.9713641860058 51.855169264913
106.834364450524 235.074837296613 680.217240211749 331.888921765474 128.889243752748 15.1662196222248 10.3901843702475 55.1368568449644
42.5967417675282 83.1457180634649 182.951115459959 508.163830630129 155.447529730421 32.7938042107832 8.10433528204144 50.1705158716495
68.570139468031 33.1516614493957 64.709613501663 136.527366125868 233.963341773453 38.3163752394966 19.4804325865481 45.166847980552
50.3761954490805 53.3659137966017 25.8008620202297 48.3429756613379 63.9851695621425 61.6554741238195 24.328136318884 50.1796436947841

