# Simulated data from SIR age-structured hybrid model
# random seed = 1980661
# Flag=0 if no issues, =1 if negative pop #'s, =2 if NaN, or=3 if NA. Flag:
0

# Number of years (nyr)
50

# Starting age
0

# Ending age
8

# Sample size for comp data
200

# Sample size for fishery age comp data
200

# Sample size for antibody prevalence data
200

# Survey data
3886.22285367509
4946.61485008919
9241.08098376309
5158.76471575766
2762.52161651683
3973.3207464782
4127.61436279385
5502.57675069539
4603.13596312127
4906.14400923724
5620.94998757808
6374.79911500989
10354.9741376606
11808.5257910268
11227.644215281
11396.322106281
9891.88224427698
11936.551722197
9644.53759309108
30278.9040283834
17120.3466678685
22103.8321901681
12017.2058234294
16366.8429223699
9532.2592265222
17585.9654248846
11671.4050835119
15472.3890044521
10756.2566493855
11235.2498189322
5795.13055738004
3416.96052448812
6016.47792647052
2744.72440156908
5198.13037736941
8611.13362320359
9930.72951335926
14167.2222179605
5375.25715856716
6404.40873336741
6829.9620103025
14687.9048595747
7240.89980460706
7284.97461427345
6806.56623233759
7514.95691704423
4930.05096947542
6786.72156418551
9252.58042614792
14774.8500226937

# Catches
0
0
0
0
0
0
0
0
0
0
0
0
0
0
0
0
0
0
0
0
0
0
0
0
0
0
0
0
0
0
0
0
0
0
0
0
0
0
0
0
0
0
0
0
0
0
0
0
0
0

# Catch compositions
-999 -999 -999 -999 -999 -999 -999 -999
-999 -999 -999 -999 -999 -999 -999 -999
-999 -999 -999 -999 -999 -999 -999 -999
-999 -999 -999 -999 -999 -999 -999 -999
-999 -999 -999 -999 -999 -999 -999 -999
-999 -999 -999 -999 -999 -999 -999 -999
-999 -999 -999 -999 -999 -999 -999 -999
-999 -999 -999 -999 -999 -999 -999 -999
-999 -999 -999 -999 -999 -999 -999 -999
-999 -999 -999 -999 -999 -999 -999 -999
-999 -999 -999 -999 -999 -999 -999 -999
-999 -999 -999 -999 -999 -999 -999 -999
-999 -999 -999 -999 -999 -999 -999 -999
-999 -999 -999 -999 -999 -999 -999 -999
-999 -999 -999 -999 -999 -999 -999 -999
-999 -999 -999 -999 -999 -999 -999 -999
-999 -999 -999 -999 -999 -999 -999 -999
-999 -999 -999 -999 -999 -999 -999 -999
-999 -999 -999 -999 -999 -999 -999 -999
-999 -999 -999 -999 -999 -999 -999 -999
-999 -999 -999 -999 -999 -999 -999 -999
-999 -999 -999 -999 -999 -999 -999 -999
-999 -999 -999 -999 -999 -999 -999 -999
-999 -999 -999 -999 -999 -999 -999 -999
-999 -999 -999 -999 -999 -999 -999 -999
-999 -999 -999 -999 -999 -999 -999 -999
-999 -999 -999 -999 -999 -999 -999 -999
-999 -999 -999 -999 -999 -999 -999 -999
-999 -999 -999 -999 -999 -999 -999 -999
-999 -999 -999 -999 -999 -999 -999 -999
-999 -999 -999 -999 -999 -999 -999 -999
-999 -999 -999 -999 -999 -999 -999 -999
-999 -999 -999 -999 -999 -999 -999 -999
-999 -999 -999 -999 -999 -999 -999 -999
-999 -999 -999 -999 -999 -999 -999 -999
-999 -999 -999 -999 -999 -999 -999 -999
-999 -999 -999 -999 -999 -999 -999 -999
-999 -999 -999 -999 -999 -999 -999 -999
-999 -999 -999 -999 -999 -999 -999 -999
-999 -999 -999 -999 -999 -999 -999 -999
-999 -999 -999 -999 -999 -999 -999 -999
-999 -999 -999 -999 -999 -999 -999 -999
-999 -999 -999 -999 -999 -999 -999 -999
-999 -999 -999 -999 -999 -999 -999 -999
-999 -999 -999 -999 -999 -999 -999 -999
-999 -999 -999 -999 -999 -999 -999 -999
-999 -999 -999 -999 -999 -999 -999 -999
-999 -999 -999 -999 -999 -999 -999 -999
-999 -999 -999 -999 -999 -999 -999 -999
-999 -999 -999 -999 -999 -999 -999 -999

# Age composition from fishery-independent survey
0 0 9 50 8 13 26 94
0 0 0 61 60 3 5 71
0 0 0 8 76 44 3 69
0 0 2 6 5 84 51 52
0 0 5 12 11 8 72 92
0 0 2 41 29 8 4 116
0 0 3 15 60 17 10 95
0 0 10 22 34 30 19 85
0 0 2 58 18 21 40 61
0 0 3 25 89 15 9 59
0 0 11 22 58 53 6 50
0 0 17 59 29 27 44 24
0 0 6 53 62 13 18 48
0 0 6 31 74 40 5 44
0 0 1 21 42 64 31 41
0 0 5 6 58 31 49 51
0 0 0 45 11 36 34 74
0 0 21 14 50 9 29 77
0 0 5 91 15 36 4 49
0 0 1 16 132 4 16 31
0 0 3 20 36 90 6 45
0 0 1 16 37 30 69 47
0 0 1 18 23 30 22 106
0 0 1 19 30 27 30 93
0 0 0 7 38 23 17 115
0 0 5 13 11 37 19 115
0 0 1 54 20 5 25 95
0 0 2 13 66 25 6 88
0 0 0 8 22 69 15 86
0 0 0 6 16 22 59 97
0 0 1 1 11 8 16 163
0 0 0 6 9 4 17 164
0 0 3 8 13 8 3 165
0 0 5 35 8 11 5 136
0 0 7 58 44 5 5 81
0 0 2 44 62 30 3 59
0 0 4 22 65 43 28 38
0 0 7 30 31 46 32 54
0 0 2 50 48 18 25 57
0 0 2 31 73 33 9 52
0 0 1 24 31 55 25 64
0 0 0 9 36 39 41 75
0 0 3 4 14 38 46 95
0 0 2 21 7 15 36 119
0 0 5 32 18 4 9 132
0 0 1 35 36 14 3 111
0 0 7 21 42 32 12 86
0 0 12 66 20 24 20 58
0 0 14 44 76 14 8 44
0 0 3 60 46 55 6 30

# Antibody prevalence values
0 0 0 0 0 12 0 54 0 2 0 19 0 23 25 65
0 0 0 0 0 0 0 63 0 62 0 5 0 7 23 40
0 0 0 0 0 0 0 10 0 85 1 46 0 0 14 44
0 0 0 0 0 4 0 2 0 7 6 75 2 42 22 40
0 0 0 0 0 5 0 13 0 11 1 5 3 78 13 71
0 0 0 0 0 2 0 30 0 21 1 7 0 11 27 101
0 0 0 0 0 3 1 19 1 52 0 21 0 3 22 78
0 0 0 0 0 8 0 22 0 23 1 46 2 10 32 56
0 0 0 0 0 4 0 60 0 19 0 19 1 25 18 54
0 0 0 0 0 1 0 28 0 78 0 16 0 16 7 54
0 0 0 0 0 7 0 15 0 48 2 57 0 9 8 54
0 0 0 0 0 12 0 55 0 19 2 40 0 37 3 32
0 0 0 0 0 5 0 55 0 68 0 13 1 17 3 38
0 0 0 0 0 2 1 26 13 65 27 21 8 2 25 10
0 0 0 0 0 1 0 24 1 36 21 49 17 16 24 11
0 0 0 0 0 3 0 4 2 50 3 39 15 34 32 18
0 0 0 0 0 2 0 50 0 10 1 32 0 30 30 45
0 0 0 0 0 23 0 18 0 49 0 9 1 17 31 52
0 0 0 0 0 3 2 107 0 10 3 19 0 5 26 25
0 0 0 0 0 2 1 18 45 67 8 4 6 4 43 2
0 0 0 0 0 3 1 18 10 19 67 26 6 0 50 0
0 0 0 0 0 3 0 18 1 28 9 25 58 18 39 1
0 0 0 0 0 2 0 8 0 38 0 30 5 14 82 21
0 0 0 0 0 1 0 18 0 18 0 26 3 28 74 32
0 0 0 0 0 3 0 4 0 30 1 17 1 30 62 52
0 0 0 0 0 7 0 14 1 12 1 32 0 19 43 71
0 0 0 0 0 2 0 50 1 20 1 7 2 21 45 51
0 0 0 0 0 1 0 18 3 58 4 16 5 3 66 26
0 0 0 0 0 0 0 8 1 26 26 41 5 4 61 28
0 0 0 0 0 1 0 2 1 22 4 17 19 34 74 26
0 0 0 0 0 2 0 5 0 11 0 10 1 13 97 61
0 0 0 0 0 0 0 10 0 4 0 8 0 19 78 81
0 0 0 0 0 2 0 8 0 9 0 9 0 7 77 88
0 0 0 0 0 4 0 50 0 9 0 18 0 7 50 62
0 0 0 0 0 7 0 46 0 49 0 7 0 5 24 62
0 0 0 0 0 3 0 55 0 61 0 30 0 3 20 28
0 0 0 0 0 3 0 16 0 67 1 45 1 26 15 26
0 0 0 0 0 5 0 30 0 26 0 47 1 33 9 49
0 0 0 0 0 5 0 56 0 41 0 20 0 23 10 45
0 0 0 0 0 5 0 33 2 59 0 37 0 9 8 47
0 0 0 0 0 2 0 32 5 50 9 37 2 10 11 42
0 0 0 0 0 0 0 8 1 36 3 32 9 36 11 64
0 0 0 0 0 3 0 5 0 16 1 38 1 32 19 85
0 0 0 0 0 6 0 13 0 4 1 13 2 38 28 95
0 0 0 0 0 5 0 36 0 27 1 2 0 9 26 94
0 0 0 0 0 4 0 45 0 34 0 13 0 4 17 83
0 0 0 0 0 11 0 18 0 48 0 32 1 10 18 62
0 0 0 0 0 11 0 67 0 20 0 37 0 17 9 39
0 0 0 0 0 15 0 44 0 74 0 16 0 14 9 28
0 0 0 0 0 1 0 56 1 53 12 37 2 7 7 24

# Average weight-at-age
70
94
115
134
150
160
165
168

# Maturity logistic function parameter age-at-50%
3

# Maturity logistic function parameter age-at-95%
4

# Infection prevalence index (avg of 3 different samples)
0
0
0
0
0
0
0
0
0
0.00555555555555556
0
0
0
0
0
0
0
0
0.0944444444444444
0.0666666666666667
0
0
0
0.00555555555555556
0
0
0
0.0166666666666667
0
0
0
0
0
0
0
0
0
0
0
0
0
0
0
0
0
0
0
0
0.0222222222222222
0.0166666666666667

# Simulated data from SIR age-structured hybrid model
# random seed = 1980661
# Flag=0 if no issues, =1 if negative pop #'s, =2 if NaN, or=3 if NA. Flag:
0

# Number of years (nyr)
50

# Starting age
0

# Ending age
8

# Sample size for comp data
200

# Sample size for fishery age comp data
200

# Sample size for antibody prevalence data
200

# Survey data
62340.193143545
58582.50700218
111225.061508715
68547.0568281228
35729.0959213758
45573.9611472941
36840.4353481077
37218.782903698
23914.8521585936
18544.3457855857
19998.9979199262
19922.8987309164
38075.2347768325
53342.8819352257
60478.9650352219
51424.4173358867
43981.9026784758
46321.7552471189
24102.5000308957
55276.0013108926
29340.2502518471
36517.3417996345
16249.8025187428
19529.0488494329
11931.2877387382
20928.2286560638
12897.1901652619
16354.2653955424
13681.7505748017
14460.4492410816
8355.12478361859
7072.89731708722
18303.6999357259
10676.9478879078
19838.3958968541
30887.1332731189
34760.4723911019
46872.6870756354
15032.9464839116
17849.0258835469
31952.2010064151
81507.5038573322
51754.4403432459
61220.5527902149
53280.9556484689
48113.6038056261
28531.6290561814
35347.3958375453
31390.6915859599
44126.3565917825

# Catches
0
0
0
0
0
0
0
0
0
0
0
0
0
0
0
0
0
0
0
0
0
0
0
0
0
0
0
0
0
0
0
0
0
0
0
0
0
0
0
0
0
0
0
0
0
0
0
0
0
0

# Catch compositions
-999 -999 -999 -999 -999 -999 -999 -999
-999 -999 -999 -999 -999 -999 -999 -999
-999 -999 -999 -999 -999 -999 -999 -999
-999 -999 -999 -999 -999 -999 -999 -999
-999 -999 -999 -999 -999 -999 -999 -999
-999 -999 -999 -999 -999 -999 -999 -999
-999 -999 -999 -999 -999 -999 -999 -999
-999 -999 -999 -999 -999 -999 -999 -999
-999 -999 -999 -999 -999 -999 -999 -999
-999 -999 -999 -999 -999 -999 -999 -999
-999 -999 -999 -999 -999 -999 -999 -999
-999 -999 -999 -999 -999 -999 -999 -999
-999 -999 -999 -999 -999 -999 -999 -999
-999 -999 -999 -999 -999 -999 -999 -999
-999 -999 -999 -999 -999 -999 -999 -999
-999 -999 -999 -999 -999 -999 -999 -999
-999 -999 -999 -999 -999 -999 -999 -999
-999 -999 -999 -999 -999 -999 -999 -999
-999 -999 -999 -999 -999 -999 -999 -999
-999 -999 -999 -999 -999 -999 -999 -999
-999 -999 -999 -999 -999 -999 -999 -999
-999 -999 -999 -999 -999 -999 -999 -999
-999 -999 -999 -999 -999 -999 -999 -999
-999 -999 -999 -999 -999 -999 -999 -999
-999 -999 -999 -999 -999 -999 -999 -999
-999 -999 -999 -999 -999 -999 -999 -999
-999 -999 -999 -999 -999 -999 -999 -999
-999 -999 -999 -999 -999 -999 -999 -999
-999 -999 -999 -999 -999 -999 -999 -999
-999 -999 -999 -999 -999 -999 -999 -999
-999 -999 -999 -999 -999 -999 -999 -999
-999 -999 -999 -999 -999 -999 -999 -999
-999 -999 -999 -999 -999 -999 -999 -999
-999 -999 -999 -999 -999 -999 -999 -999
-999 -999 -999 -999 -999 -999 -999 -999
-999 -999 -999 -999 -999 -999 -999 -999
-999 -999 -999 -999 -999 -999 -999 -999
-999 -999 -999 -999 -999 -999 -999 -999
-999 -999 -999 -999 -999 -999 -999 -999
-999 -999 -999 -999 -999 -999 -999 -999
-999 -999 -999 -999 -999 -999 -999 -999
-999 -999 -999 -999 -999 -999 -999 -999
-999 -999 -999 -999 -999 -999 -999 -999
-999 -999 -999 -999 -999 -999 -999 -999
-999 -999 -999 -999 -999 -999 -999 -999
-999 -999 -999 -999 -999 -999 -999 -999
-999 -999 -999 -999 -999 -999 -999 -999
-999 -999 -999 -999 -999 -999 -999 -999
-999 -999 -999 -999 -999 -999 -999 -999
-999 -999 -999 -999 -999 -999 -999 -999

# Age composition from fishery-independent survey
0 0 2 15 27 87 25 44
0 0 5 22 28 14 53 78
0 0 0 34 30 26 13 97
0 0 6 10 54 31 12 87
0 0 0 23 21 56 17 83
0 0 0 5 31 21 49 94
0 0 0 10 10 33 17 130
0 0 0 3 11 13 31 142
0 0 0 5 16 13 10 156
0 0 3 3 4 19 7 164
0 0 4 22 0 4 15 155
0 0 21 46 17 0 5 111
0 0 9 102 25 8 1 55
0 0 4 57 87 22 1 29
0 0 0 32 61 75 11 21
0 0 11 3 39 55 56 36
0 0 0 42 11 29 51 67
0 0 1 12 60 3 22 102
0 0 2 2 21 53 7 115
0 0 2 11 12 28 49 98
0 0 0 28 11 11 18 132
0 0 0 9 45 15 9 122
0 0 2 3 27 40 18 110
0 0 0 11 9 17 39 124
0 0 0 9 17 6 16 152
0 0 2 6 16 15 9 152
0 0 2 40 7 27 17 107
0 0 0 18 75 11 11 85
0 0 1 11 33 56 8 91
0 0 1 3 13 27 60 96
0 0 9 34 4 17 24 112
0 0 4 54 32 3 14 93
0 0 8 29 66 25 0 72
0 0 12 41 35 45 18 49
0 0 7 83 47 23 14 26
0 0 4 62 87 19 6 22
0 0 0 23 85 54 16 22
0 0 0 4 39 68 53 36
0 0 7 10 9 28 62 84
0 0 20 56 17 6 19 82
0 0 7 88 36 5 2 62
0 0 9 44 79 23 4 41
0 0 3 58 36 58 16 29
0 0 1 4 74 29 52 40
0 0 2 1 8 67 44 78
0 0 4 15 8 3 62 108
0 0 2 42 15 10 6 125
0 0 1 11 50 20 4 114
0 0 7 7 20 51 9 106
0 0 4 67 7 17 26 79

# Antibody prevalence values
0 0 0 0 0 4 1 21 15 14 36 7 37 3 62 0
0 0 0 0 0 7 0 16 1 34 7 10 45 6 73 1
0 0 0 0 0 3 0 45 4 18 7 15 6 7 87 8
0 0 0 0 0 0 1 20 18 28 11 10 7 2 97 6
0 0 0 0 0 0 0 20 10 29 36 17 13 1 70 4
0 0 0 0 0 0 0 7 0 36 5 11 25 18 95 3
0 0 0 0 0 0 0 4 1 11 4 31 6 15 116 12
0 0 0 0 0 0 0 14 0 6 0 5 8 17 132 18
0 0 0 0 0 0 0 0 0 16 0 8 4 6 127 39
0 0 0 0 0 0 0 0 0 5 0 24 3 5 117 46
0 0 0 0 0 3 0 10 0 5 0 6 3 15 117 41
0 0 0 0 0 22 0 30 0 20 0 1 0 4 81 42
0 0 0 0 0 13 0 87 0 32 0 8 0 0 33 27
0 0 0 0 0 2 3 46 40 57 15 3 1 0 33 0
0 0 0 0 0 0 0 24 25 44 54 13 13 0 26 1
0 0 0 0 0 8 0 7 13 25 40 16 61 4 26 0
0 0 0 0 0 0 0 49 0 7 7 26 36 6 66 3
0 0 0 0 0 1 1 13 12 44 2 0 13 6 103 5
0 0 0 0 0 1 1 5 1 18 23 26 2 0 114 9
0 0 0 0 0 5 0 5 0 12 1 14 26 23 100 14
0 0 0 0 0 1 0 34 0 11 0 6 1 10 108 29
0 0 0 0 0 2 0 10 0 45 0 19 0 9 76 39
0 0 0 0 0 2 0 5 9 10 14 21 3 8 112 16
0 0 0 0 0 0 0 9 0 13 4 13 9 22 108 22
0 0 0 0 0 0 0 16 0 16 0 4 3 7 103 51
0 0 0 0 0 9 0 3 0 12 0 20 0 6 102 48
0 0 0 0 0 5 0 36 0 13 0 16 0 12 73 45
0 0 0 0 0 0 0 15 0 67 0 13 0 7 59 39
0 0 0 0 0 0 0 11 0 32 0 63 0 7 37 50
0 0 0 0 0 4 0 1 3 21 4 16 8 40 53 50
0 0 0 0 0 11 0 26 0 3 0 14 8 18 53 67
0 0 0 0 0 4 0 51 0 38 0 4 4 5 37 57
0 0 0 0 0 7 1 28 7 56 2 28 1 1 30 39
0 0 0 0 0 11 0 58 0 40 1 38 4 15 18 15
0 0 0 0 0 9 1 85 8 35 9 11 11 9 17 5
0 0 0 0 0 1 0 55 28 50 19 7 10 2 27 1
0 0 0 0 0 1 0 20 27 57 37 20 16 0 22 0
0 0 0 0 0 2 0 4 8 36 39 27 29 15 37 3
0 0 0 0 0 11 0 9 0 10 7 15 41 27 73 7
0 0 0 0 0 18 0 59 0 9 0 2 4 28 65 15
0 0 0 0 0 3 0 83 0 45 0 7 0 0 38 24
0 0 0 0 0 9 1 38 30 51 17 6 3 2 40 3
0 0 0 0 0 0 0 48 9 39 50 9 18 1 26 0
0 0 0 0 0 0 0 8 25 53 22 13 40 4 34 1
0 0 0 0 0 1 1 6 4 6 42 21 27 1 89 2
0 0 0 0 0 4 0 15 0 9 0 7 34 26 103 2
0 0 0 0 0 3 0 43 0 18 0 2 2 2 100 30
0 0 0 0 0 0 0 11 1 58 0 18 0 7 85 20
0 0 0 0 0 9 0 5 2 21 8 44 3 12 81 15
0 0 0 0 0 7 0 75 0 5 3 10 11 19 51 19

# Average weight-at-age
70
94
115
134
150
160
165
168

# Maturity logistic function parameter age-at-50%
3

# Maturity logistic function parameter age-at-95%
4

# Infection prevalence index (avg of 3 different samples)
0
0
0
0.05
0
0
0.0166666666666667
0
0
0
0.00555555555555556
0.00555555555555556
0.183333333333333
0.00555555555555556
0
0
0.0166666666666667
0
0
0
0
0.0666666666666667
0
0
0
0
0
0
0.0166666666666667
0
0
0
0
0.0611111111111111
0.0555555555555556
0.00555555555555556
0.0111111111111111
0
0
0
0.0111111111111111
0.0944444444444444
0.0388888888888889
0.00555555555555556
0
0
0.00555555555555556
0.00555555555555556
0.0111111111111111
0.0166666666666667

