# Simulated data from SIR age-structured hybrid model
# random seed = 5345037
# Flag=0 if no issues, =1 if negative pop #'s, =2 if NaN, or=3 if NA. Flag:
0

# True SSB
21393.9269497187
49289.7600250559
55586.7335406438
37689.5410293546
24962.6131915221
23586.8094992893
27591.9989453912
31267.369346436
18795.6166667111
18698.4077830062
18214.3710836502
20182.3459057908
21430.4042313305
20474.8019670666
22673.6986145813
32523.5865011524
42978.5512247538
38204.2941335568
31322.7541237462
29361.3088976059
25083.1279110123
20447.3209265077
16586.554374531
13513.0836986
10931.3625835361
10119.5089929845
12198.7393177155
14003.2635828231
13514.0425975528
14440.9650796465
23084.2233724473
28661.5857346551
43284.6508907501
52063.8604157476
44659.5736318437
38032.9495416886
39055.8991330131
35234.5443793735
28113.8479899361
24330.1404502964
20417.3780297231
17814.3604427077
16611.7351873565
16456.3855303599
18679.7510226927
17881.7427575926
18166.1357415813
18163.55514844
20129.4547878973
22423.1564693591

# True R (numbers)
110.459200225447
69.6649819856413
21.3738608796243
269.347867353789
91.7472134635149
88.9451106969444
36.6690449035823
55.4306611910072
139.862206645197
43.7932507709224
80.1863098175887
187.814681710349
331.038702748213
546.541906661884
111.470636653134
110.874305193287
38.1420476851353
12.8812731050743
6.46780870034656
10.3836399189847
11.7148142243003
6.43178272881201
34.6510951352813
110.258399825629
38.9811113588897
47.655459265104
40.8029519826483
317.944826266037
346.540532265797
572.94942058783
486.798845993222
182.701191420658
108.430687148065
180.051398188863
60.7026112319029
64.8883479393437
6.81956616829388
26.679023552306
42.9208125074109
49.6361792598177
56.2868460401399
132.091214734084
58.3894503279549
66.403911666811
45.4818884940334
138.791091153816
78.4463459368739
239.282286463569
304.424439950473
108.178141628674

# True infection rate given (selected) susceptible
-999 -999 0.0602054176717725 0.0602054176717724 0.0602054176717727 0.0602054176717738 0.0602054176717722 0.0602054176717722
-999 -999 0.943446416052602 0.943446416052602 0.943446416052602 0.943446416052602 0.943446416052602 0.943446416052602
-999 -999 0.931672470015017 0.931672470015016 0.931672470015017 0.931672470015017 0.931672470015017 0.931672470015016
-999 -999 0.797605571490767 0.797605571490767 0.797605571490767 0.797605571490767 0.797605571490767 0.797605571490766
-999 -999 0.00147993140260061 0.00147993140260172 0.0014799314026 0.0014799314026012 0.00147993140260152 0.00147993140260224
-999 -999 0.00133837080065764 0.00133837080065774 0.00133837080065808 0.0013383708006574 0.00133837080065742 0.00133837080065689
-999 -999 0.0811817929701161 0.0811817929701154 0.0811817929701153 0.0811817929701146 0.0811817929701156 0.0811817929701152
-999 -999 0.719305418324379 0.719305418324379 0.719305418324379 0.719305418324379 0.719305418324379 0.719305418324379
-999 -999 0.00132770661379012 0.00132770661379045 0.00132770661379014 0.00132770661378999 0.00132770661379138 0.00132770661379018
-999 -999 0.000737505665928015 0.000737505665928982 0.000737505665928214 0.000737505665928633 0.000737505665927559 0.000737505665928682
-999 -999 0.00417366387729641 0.00417366387729578 0.00417366387729564 0.00417366387729541 0.00417366387729522 0.00417366387729566
-999 -999 0.00769181832102035 0.00769181832101973 0.00769181832101971 0.00769181832101894 0.00769181832102028 0.00769181832101937
-999 -999 0.11329005820174 0.11329005820174 0.113290058201741 0.113290058201741 0.113290058201741 0.113290058201741
-999 -999 0.212436680173697 0.212436680173697 0.212436680173697 0.212436680173697 0.212436680173697 0.212436680173697
-999 -999 0.228465992248606 0.228465992248606 0.228465992248606 0.228465992248606 0.228465992248607 0.228465992248606
-999 -999 0.694081748090839 0.69408174809084 0.69408174809084 0.69408174809084 0.69408174809084 0.69408174809084
-999 -999 0.80874458672312 0.808744586723121 0.808744586723121 0.80874458672312 0.808744586723121 0.808744586723121
-999 -999 0.699827147859786 0.699827147859785 0.699827147859785 0.699827147859785 0.699827147859785 0.699827147859785
-999 -999 0.00168145593413715 0.00168145593413643 0.00168145593413667 0.0016814559341374 0.001681455934137 0.00168145593413639
-999 -999 0.00215384350213338 0.00215384350213334 0.00215384350213257 0.00215384350213391 0.00215384350213307 0.00215384350213311
-999 -999 0.00275322007194959 0.00275322007194889 0.00275322007195001 0.00275322007195004 0.00275322007194922 0.00275322007194987
-999 -999 0.00348113575714424 0.00348113575714565 0.00348113575714387 0.00348113575714423 0.00348113575714449 0.00348113575714409
-999 -999 0.0251215553812804 0.0251215553812804 0.0251215553812808 0.0251215553812801 0.025121555381281 0.0251215553812805
-999 -999 0.0583625682942207 0.0583625682942221 0.058362568294221 0.0583625682942211 0.0583625682942207 0.0583625682942211
-999 -999 0.00586684917873969 0.00586684917873942 0.00586684917873992 0.00586684917873945 0.00586684917873909 0.00586684917873969
-999 -999 0.0027016096151986 0.00270160961519857 0.00270160961519821 0.00270160961519854 0.00270160961519779 0.00270160961519727
-999 -999 0.00505342197149138 0.00505342197149097 0.00505342197149042 0.00505342197149103 0.00505342197149111 0.00505342197149127
-999 -999 0.0940483549638564 0.0940483549638565 0.094048354963856 0.0940483549638569 0.0940483549638573 0.0940483549638562
-999 -999 0.00120449831267915 0.00120449831267987 0.00120449831268027 0.00120449831267976 0.00120449831267928 0.00120449831267984
-999 -999 0.00155330971302714 0.00155330971302638 0.00155330971302643 0.00155330971302685 0.0015533097130258 0.00155330971302637
-999 -999 0.788305995766045 0.788305995766045 0.788305995766044 0.788305995766045 0.788305995766045 0.788305995766045
-999 -999 0.71582557431836 0.71582557431836 0.71582557431836 0.71582557431836 0.715825574318359 0.715825574318359
-999 -999 0.797089652817288 0.797089652817289 0.797089652817289 0.797089652817288 0.797089652817289 0.797089652817288
-999 -999 0.772003940982231 0.772003940982231 0.772003940982231 0.772003940982231 0.772003940982231 0.772003940982231
-999 -999 0.615477875998136 0.615477875998136 0.615477875998135 0.615477875998135 0.615477875998135 0.615477875998135
-999 -999 0.00248153339302047 0.00248153339302105 0.00248153339302131 0.00248153339302066 0.00248153339302037 0.0024815333930207
-999 -999 0.186868456238266 0.186868456238265 0.186868456238266 0.186868456238266 0.186868456238265 0.186868456238265
-999 -999 0.243621309167679 0.243621309167679 0.243621309167679 0.243621309167678 0.243621309167679 0.243621309167679
-999 -999 0.0084735338222975 0.00847353382229689 0.00847353382229826 0.00847353382229781 0.00847353382229715 0.00847353382229752
-999 -999 0.00793556404613206 0.00793556404613281 0.00793556404613214 0.00793556404613191 0.00793556404613184 0.00793556404613203
-999 -999 0.0595754694460599 0.0595754694460589 0.0595754694460586 0.0595754694460593 0.0595754694460592 0.0595754694460589
-999 -999 0.0435541324414952 0.0435541324414959 0.0435541324414943 0.0435541324414951 0.0435541324414961 0.0435541324414952
-999 -999 0.0270905767555215 0.0270905767555212 0.027090576755522 0.0270905767555212 0.0270905767555216 0.027090576755522
-999 -999 0.00235836248999338 0.00235836248999317 0.0023583624899931 0.00235836248999369 0.00235836248999311 0.00235836248999308
-999 -999 0.226729208895319 0.226729208895318 0.226729208895319 0.226729208895319 0.226729208895318 0.226729208895318
-999 -999 0.0128423077489428 0.0128423077489424 0.0128423077489429 0.0128423077489431 0.0128423077489432 0.0128423077489418
-999 -999 0.00652662257456264 0.00652662257456193 0.00652662257456034 0.00652662257456154 0.00652662257456109 0.00652662257456105
-999 -999 0.00137126859977754 0.00137126859977762 0.00137126859977752 0.00137126859977716 0.00137126859977754 0.00137126859977687
-999 -999 0.0543186064824559 0.0543186064824568 0.0543186064824565 0.0543186064824577 0.0543186064824574 0.0543186064824569
-999 -999 0.314210194752439 0.314210194752439 0.314210194752438 0.314210194752438 0.314210194752438 0.314210194752438

# Duration of outbreak (days) based on incidence
0
4
4
0
0
0
0
0
0
0
0
0
0
0
0
0
0
0
0
0
0
0
0
0
0
0
0
0
0
0
0
0
0
0
0
0
0
0
0
0
0
0
0
0
0
0
0
0
0
0

# Duration of outbreak (days) based on prevalence
0
36
27
17
0
0
0
22
0
0
0
0
0
0
0
22
20
13
0
0
0
0
0
0
0
0
0
0
0
0
36
19
17
16
0
0
0
0
0
0
0
0
0
0
0
0
0
0
0
0

# Peak (point) prevalence
0.0110469689970143
0.657636928579301
0.538061228209648
0.226580091733674
3.14183806753477e-05
4.69154566179676e-05
0.00650153977601216
0.180664335870953
5.15435061242058e-05
2.28441918663141e-05
0.000367172464815889
0.000584214619800828
0.0117957437339622
0.0445484928841859
0.0356412226951964
0.191247145439203
0.262961083152127
0.13351361445729
3.04243215953231e-05
6.26603037409058e-05
9.10717527405271e-05
0.000109727460344107
0.0014787333824613
0.00578144326499065
0.000262231888228424
0.000143241299227625
0.000433481518779517
0.0186713879131263
6.57308016307437e-05
0.000144054955734844
0.311307725298401
0.198491473690925
0.253866563696375
0.202298006074279
0.089651361325753
5.61216434813796e-05
0.0247704853492756
0.0266316028586003
0.00048527422798458
0.000385425913240593
0.00532146277299262
0.00434118794294843
0.0022696320704449
9.15075163032126e-05
0.0522874767010514
0.00126254317827701
0.000589464740190693
6.11048439977945e-05
0.00790686905095532
0.0410195765433613

# Day of peak prevalence
119
23
19
28
45
67
119
47
73
49
119
119
119
119
115
47
30
38
39
69
67
61
119
119
97
87
119
119
93
119
52
40
29
29
48
58
119
112
119
110
119
119
119
62
119
119
119
78
119
102

# Total immunity
0.00870461073130737
0.00953000096020177
0.0752275481140538
0.126728952020404
0.191973690654025
0.155809795209412
0.141742347019936
0.129470416541659
0.141432456507749
0.121774764093987
0.0917014947854349
0.0526715209563261
0.0271736955283833
0.0169376973867109
0.0199529935515637
0.0303706532633964
0.11567283564711
0.253890335251745
0.445514033207285
0.424583377175949
0.397564530853975
0.380821194905006
0.29297994883705
0.152626499327784
0.1284578317679
0.0999681889733188
0.0804058150987942
0.0271920367931795
0.0175008735502436
0.00865921594707679
0.00559380624612617
0.0261073633950623
0.0700488399867786
0.130434736180887
0.204056107268488
0.271032136565164
0.266600771353005
0.272000441336346
0.265991056073638
0.214748266783213
0.167384898393923
0.106078642812342
0.0904398569653748
0.0730027625130149
0.0615548776152586
0.0481840381402764
0.0385403885139097
0.0207337657019635
0.0117755967835681
0.0131926762515034

# Observed immunity (based on survey selectivity)
0.0819307322476182
0.0307371841740589
0.129907402559262
0.304773078138602
0.58957938931314
0.493175257871568
0.317009711931732
0.232707695587268
0.40536189841936
0.322593158458813
0.257677469056214
0.1778977060137
0.133866683560837
0.13699547156063
0.121287470173304
0.10889960989801
0.230554417527119
0.388028094608566
0.588111288660737
0.502811739396804
0.468270914038048
0.452592191948339
0.436569034743945
0.421783132773714
0.412216014289116
0.336136653365898
0.208510714478412
0.144138827162605
0.145077827214151
0.104443839333403
0.0482908761706776
0.145501908442602
0.214445360353575
0.301306496715561
0.416956194400155
0.539587786315504
0.413046958266471
0.378112182668507
0.393319733218747
0.360509877930798
0.33675867773938
0.31350920482125
0.269874390724887
0.214154049029856
0.144433092167682
0.143171874688125
0.114880575857318
0.0912063447108145
0.0633327800653591
0.0585444769719816

# True total proportion of susceptible
1 1 1 0.999989742587682 0.999850242744711 0.999315305808705 0.99871350835209 0.5559275368902
1 1 1 0.999287022373194 0.992696907840645 0.985665035010636 0.984324838772285 0.722119556705575
1 1 1 0.991203453761305 0.859744231817299 0.355305390817098 0.196129058019933 0.0867027749028346
1 1 1 0.992901448182697 0.873015128353977 0.265739644999055 0.0292779213245277 0.00675592549109252
1 1 1 0.987007569525729 0.816681207340902 0.373253337684602 0.0589547077115212 0.00301403457738091
1 1 1 0.9999688030319 0.986689340711092 0.81606133774144 0.372805745530322 0.0421704879623966
1 1 1 0.999988725981649 0.999856012715656 0.986462821606826 0.815701373901313 0.232690789149261
1 1 1 0.998649070771099 0.986111021953365 0.972745415216422 0.957409423928293 0.32354578721855
1 1 1 0.994734836331486 0.923308666770826 0.727996720471074 0.666631089229182 0.156487432138609
1 1 1 0.999982627627974 0.994557482787148 0.92293144795117 0.727537873040161 0.174743316523186
1 1 1 0.999988743322747 0.999870059287277 0.994341815262368 0.922685015511143 0.389994721293012
1 1 1 0.999974067549122 0.999729022973085 0.999375503091381 0.993802662291391 0.510660525859599
1 1 1 0.999848854113098 0.998459564560091 0.996845254730813 0.996338564659533 0.646910628345622
1 1 1 0.997946306478926 0.978547813856874 0.956379722640183 0.952299575058971 0.646519959043558
1 1 1 0.997477730017105 0.970391963281951 0.9187377923713 0.8899893674004 0.627043505741392
1 1 1 0.99491708249761 0.943099281556203 0.858812138529377 0.799798510234795 0.61574319668876
1 1 1 0.982863204459021 0.787711974455242 0.458317579420597 0.363226795485459 0.241578547937625
1 1 1 0.98727767311839 0.80669228867835 0.301777924904813 0.110083322761315 0.0568670464966517
1 1 1 0.982394590917825 0.775601961454834 0.359897112658914 0.0963134601853357 0.0231910030652683
1 1 1 0.999970165023262 0.982085516155465 0.774965188479721 0.359416323877738 0.057698426711298
1 1 1 0.999972909269799 0.999699105316325 0.981550381516456 0.774246963110602 0.224286023164457
1 1 1 0.999973365064386 0.999706327301554 0.999191757614079 0.980984220598073 0.325789139491289
1 1 1 0.999936068683564 0.999333547714399 0.998489494310069 0.997910232463697 0.473148938477945
1 1 1 0.999494602075428 0.994845839570605 0.989589135781133 0.988218830331805 0.512307813029144
1 1 1 0.99927646547974 0.992094522078228 0.980327574869286 0.974095421688493 0.510595070400204
1 1 1 0.999968264627039 0.998956405834581 0.991452204293643 0.979595748033318 0.519867210598839
1 1 1 0.99996610724521 0.999629079642188 0.998310103167411 0.990760992683441 0.540545868336177
1 1 1 0.999922413112508 0.9991891076243 0.998150016735421 0.996750039577996 0.568176405229692
1 1 1 0.99801093941449 0.979475259569392 0.959209166220608 0.955910726438804 0.548046791776921
1 1 1 0.999972200270574 0.997732111966737 0.978943730104064 0.958648229952308 0.642974132515827
1 1 1 0.999982809809747 0.999800228752839 0.99740320672026 0.978580343849438 0.797252396326515
1 1 1 0.989119147704479 0.848990412983213 0.531260160683591 0.46648333178437 0.31071313314534
1 1 1 0.983181072478642 0.782701720956153 0.381668106291759 0.180163261200275 0.105303584551369
1 1 1 0.984137114910007 0.775882065797608 0.28677441253965 0.0893087733957123 0.0237827036698982
1 1 1 0.989934001383992 0.84216949459896 0.348526218191597 0.0740546537674528 0.0152151622654145
1 1 1 0.986164999209807 0.823852023910822 0.471498268358671 0.145876417184969 0.0168392475371933
1 1 1 0.999964244155365 0.985794730744062 0.823028246778678 0.470693755054013 0.0809904375533847
1 1 1 0.998354375307014 0.982163904938142 0.946969133820602 0.763777891918765 0.205201304785261
1 1 1 0.99833863979909 0.97966113153783 0.938548944568519 0.892924220796626 0.266934951696092
1 1 1 0.999855691165507 0.99688889898011 0.976846966536675 0.935477800024651 0.359550387061634
1 1 1 0.99993520072753 0.999205375370845 0.995633541501999 0.975413344305284 0.509153354563609
1 1 1 0.998596221676273 0.985675621861432 0.971673365453497 0.966578908586894 0.540928120290163
1 1 1 0.99899858423042 0.988461001533591 0.966126855478321 0.951004717338681 0.588826741132414
1 1 1 0.999533323012592 0.994286909274588 0.979334810708455 0.956308075997726 0.586051934766847
1 1 1 0.99995701077488 0.999102920207121 0.993465264402864 0.978459619540718 0.620683105920088
1 1 1 0.998163903378857 0.979702515271885 0.956043125482851 0.946431684349662 0.600538805619929
1 1 1 0.999728263469494 0.995434197142256 0.974454290395654 0.950465325919952 0.661558704518205
1 1 1 0.999895564612123 0.998681500839384 0.99343062498254 0.972290816220361 0.723237662727665
1 1 1 0.999974830547566 0.999643784027854 0.99820259535498 0.992924346313818 0.829143758716824
1 1 1 0.998863336750481 0.988428009120097 0.977347946673618 0.974673856938992 0.839342066656032

# True vulnerable proportion of susceptible
0 0 0.05 0.499994871293841 0.949857730607476 0.999315305808705 0.99871350835209 0.5559275368902
0 0 0.05 0.499643511186597 0.943062062448613 0.985665035010636 0.984324838772285 0.722119556705575
0 0 0.05 0.495601726880653 0.816757020226434 0.355305390817098 0.196129058019933 0.0867027749028346
0 0 0.05 0.496450724091348 0.829364371936278 0.265739644999055 0.0292779213245277 0.00675592549109252
0 0 0.05 0.493503784762864 0.775847146973857 0.373253337684602 0.0589547077115212 0.00301403457738091
0 0 0.05 0.49998440151595 0.937354873675538 0.81606133774144 0.372805745530322 0.0421704879623966
0 0 0.05 0.499994362990824 0.949863212079873 0.986462821606826 0.815701373901313 0.232690789149261
0 0 0.05 0.499324535385549 0.936805470855697 0.972745415216422 0.957409423928293 0.32354578721855
0 0 0.05 0.497367418165743 0.877143233432284 0.727996720471074 0.666631089229182 0.156487432138609
0 0 0.05 0.499991313813987 0.944829608647791 0.92293144795117 0.727537873040161 0.174743316523186
0 0 0.05 0.499994371661374 0.949876556322913 0.994341815262368 0.922685015511143 0.389994721293012
0 0 0.05 0.499987033774561 0.949742571824431 0.999375503091381 0.993802662291391 0.510660525859599
0 0 0.05 0.499924427056549 0.948536586332087 0.996845254730813 0.996338564659533 0.646910628345622
0 0 0.05 0.498973153239463 0.92962042316403 0.956379722640183 0.952299575058971 0.646519959043558
0 0 0.05 0.498738865008553 0.921872365117853 0.9187377923713 0.8899893674004 0.627043505741392
0 0 0.05 0.497458541248805 0.895944317478393 0.858812138529377 0.799798510234795 0.61574319668876
0 0 0.05 0.49143160222951 0.74832637573248 0.458317579420597 0.363226795485459 0.241578547937625
0 0 0.05 0.493638836559195 0.766357674244432 0.301777924904813 0.110083322761315 0.0568670464966517
0 0 0.05 0.491197295458912 0.736821863382092 0.359897112658914 0.0963134601853357 0.0231910030652683
0 0 0.05 0.499985082511631 0.932981240347692 0.774965188479721 0.359416323877738 0.057698426711298
0 0 0.05 0.4999864546349 0.949714150050509 0.981550381516456 0.774246963110602 0.224286023164457
0 0 0.05 0.499986682532193 0.949721010936476 0.999191757614079 0.980984220598073 0.325789139491289
0 0 0.05 0.499968034341782 0.949366870328679 0.998489494310069 0.997910232463697 0.473148938477945
0 0 0.05 0.499747301037714 0.945103547592075 0.989589135781133 0.988218830331805 0.512307813029144
0 0 0.05 0.49963823273987 0.942489795974316 0.980327574869286 0.974095421688493 0.510595070400204
0 0 0.05 0.49998413231352 0.949008585542852 0.991452204293643 0.979595748033318 0.519867210598839
0 0 0.05 0.499983053622605 0.949647625660079 0.998310103167411 0.990760992683441 0.540545868336177
0 0 0.05 0.499961206556254 0.949229652243085 0.998150016735421 0.996750039577996 0.568176405229692
0 0 0.05 0.499005469707245 0.930501496590922 0.959209166220608 0.955910726438804 0.548046791776921
0 0 0.05 0.499986100135287 0.9478455063684 0.978943730104064 0.958648229952308 0.642974132515827
0 0 0.05 0.499991404904873 0.949810217315197 0.99740320672026 0.978580343849438 0.797252396326515
0 0 0.05 0.49455957385224 0.806540892334052 0.531260160683591 0.46648333178437 0.31071313314534
0 0 0.05 0.491590536239321 0.743566634908346 0.381668106291759 0.180163261200275 0.105303584551369
0 0 0.05 0.492068557455003 0.737087962507728 0.28677441253965 0.0893087733957123 0.0237827036698982
0 0 0.05 0.494967000691996 0.800061019869012 0.348526218191597 0.0740546537674528 0.0152151622654145
0 0 0.05 0.493082499604903 0.782659422715281 0.471498268358671 0.145876417184969 0.0168392475371933
0 0 0.05 0.499982122077683 0.936504994206859 0.823028246778678 0.470693755054013 0.0809904375533847
0 0 0.05 0.499177187653507 0.933055709691235 0.946969133820602 0.763777891918765 0.205201304785261
0 0 0.05 0.499169319899545 0.930678074960938 0.938548944568519 0.892924220796626 0.266934951696092
0 0 0.05 0.499927845582753 0.947044454031105 0.976846966536675 0.935477800024651 0.359550387061634
0 0 0.05 0.499967600363765 0.949245106602303 0.995633541501999 0.975413344305284 0.509153354563609
0 0 0.05 0.499298110838136 0.93639184076836 0.971673365453497 0.966578908586894 0.540928120290163
0 0 0.05 0.49949929211521 0.939037951456912 0.966126855478321 0.951004717338681 0.588826741132414
0 0 0.05 0.499766661506296 0.944572563810859 0.979334810708455 0.956308075997726 0.586051934766847
0 0 0.05 0.49997850538744 0.949147774196765 0.993465264402864 0.978459619540718 0.620683105920088
0 0 0.05 0.499081951689429 0.930717389508291 0.956043125482851 0.946431684349662 0.600538805619929
0 0 0.05 0.499864131734747 0.945662487285143 0.974454290395654 0.950465325919952 0.661558704518205
0 0 0.05 0.499947782306062 0.948747425797415 0.99343062498254 0.972290816220361 0.723237662727665
0 0 0.05 0.499987415273783 0.949661594826461 0.99820259535498 0.992924346313818 0.829143758716824
0 0 0.05 0.49943166837524 0.939006608664092 0.977347946673618 0.974673856938992 0.839342066656032

# True survival by age
0.778267540515681 0.778267540515681 0.776341080659052 0.759003145024017 0.741670364622154 0.739765089208666 0.739788596885521 0.75708489719057
0.778267540515681 0.778267540515681 0.747673932535694 0.47254996648596 0.201238014048206 0.175174190915152 0.175994934331467 0.336570865542812
0.778267540515681 0.778267540515681 0.746947380589632 0.467825724297918 0.266723120975659 0.556046885857164 0.655840329444659 0.724443653942343
0.778267540515681 0.778267540515681 0.756539833754736 0.562536610679281 0.41793153682504 0.663180817758003 0.76606232905562 0.775861365165041
0.778267540515681 0.778267540515681 0.778258462187882 0.778184864849953 0.778224426002754 0.778533978184654 0.778758641709151 0.778798628612022
0.778267540515681 0.778267540515681 0.778248611293232 0.77807827083209 0.777919770347319 0.778056676306165 0.778460848725123 0.778762330881674
0.778267540515681 0.778267540515681 0.775979794302587 0.75539034231746 0.734806697967977 0.733139227425514 0.74104346180292 0.768029953006343
0.778267540515681 0.778267540515681 0.753435487928102 0.530283198469388 0.313018892377426 0.295176767720517 0.302801428366695 0.617942134634919
0.778267540515681 0.778267540515681 0.778253744481227 0.778133114164265 0.778066413632823 0.778211714882861 0.778261369696155 0.778674159193042
0.778267540515681 0.778267540515681 0.77827303426071 0.778322486275267 0.778374255756788 0.77841004374843 0.778492767068069 0.778726802403234
0.778267540515681 0.778267540515681 0.778143340872031 0.777025564062477 0.775908123209471 0.775800619718142 0.77601682515306 0.777624077181305
0.778267540515681 0.778267540515681 0.778095805291625 0.776550246638562 0.775005599944811 0.774835314005224 0.774857426742361 0.776774509150987
0.778267540515681 0.778267540515681 0.775189438793314 0.747491256313578 0.719874519939074 0.716901400849706 0.716932863910036 0.738630688408056
0.778267540515681 0.778267540515681 0.771408924102681 0.709823326463378 0.6507607818908 0.647101967448665 0.64766382650035 0.68977138306756
0.778267540515681 0.778267540515681 0.772732709899854 0.723060182710336 0.676235180974079 0.676609711760293 0.679807394897611 0.709054824929201
0.778267540515681 0.778267540515681 0.763554535255136 0.631888048257666 0.514657213275906 0.525628677651715 0.54302550270053 0.597283784755001
0.778267540515681 0.778267540515681 0.755852977502871 0.55797218629114 0.442912567464901 0.573096623357988 0.615775697179672 0.670374411403269
0.778267540515681 0.778267540515681 0.763837282413913 0.635807608189668 0.557195839661349 0.691545195323616 0.746971466756107 0.762358335973551
0.778267540515681 0.778267540515681 0.778249241785957 0.778097162737998 0.778117541016596 0.77847715741539 0.778714176356206 0.778779929323714
0.778267540515681 0.778267540515681 0.778227730672286 0.777869469868267 0.777534256539457 0.777770513797902 0.778322960840944 0.77872407650825
0.778267540515681 0.778267540515681 0.778203050350022 0.777622670775884 0.777042756508232 0.77701137170327 0.777389295343802 0.778391899363421
0.778267540515681 0.778267540515681 0.778202570045153 0.777617867318127 0.777033620695451 0.776969612332125 0.777002980410639 0.778203724964322
0.778267540515681 0.778267540515681 0.777655948472051 0.772152045169127 0.766655391408828 0.766054981374238 0.766062375700033 0.772760997397711
0.778267540515681 0.778267540515681 0.776445576563114 0.760057378657697 0.743831397030248 0.742213177366627 0.742263841014461 0.759859471384718
0.778267540515681 0.778267540515681 0.778079709208628 0.776390972288903 0.774731174247709 0.774595306495396 0.77462204161424 0.776610397262169
0.778267540515681 0.778267540515681 0.778210626608719 0.777698436430561 0.777187861277642 0.777143550193876 0.777163368505884 0.777931814270262
0.778267540515681 0.778267540515681 0.778147200492832 0.777064199146805 0.775982125966803 0.775865708428087 0.775887903137617 0.777211554968161
0.778267540515681 0.778267540515681 0.77592429095103 0.754836904296208 0.733782333530562 0.731490235162059 0.731556591606748 0.751870224948991
0.778267540515681 0.778267540515681 0.77826672728129 0.778260484999248 0.778263350864368 0.778273690686495 0.778275503203049 0.778499627389522
0.778267540515681 0.778267540515681 0.778243946272114 0.778031619463154 0.777821475895285 0.777816819878741 0.777837219442589 0.778154512135929
0.778267540515681 0.778267540515681 0.754837405257008 0.543970224780322 0.333184009806923 0.310883084418574 0.319713566030453 0.404781024541406
0.778267540515681 0.778267540515681 0.762548039367089 0.622788746864818 0.524779655585168 0.611494598424228 0.631894328911691 0.68094998853897
0.778267540515681 0.778267540515681 0.758757228686606 0.586454815998551 0.488239074950198 0.62966798601567 0.708403884230343 0.737654515292517
0.778267540515681 0.778267540515681 0.755310692095668 0.552349133566086 0.439962717185572 0.646979128362521 0.737748200364373 0.767868582658355
0.778267540515681 0.778267540515681 0.764163463226417 0.638651851466614 0.552669253250565 0.680302119685898 0.757871842771247 0.774500753208186
0.778267540515681 0.778267540515681 0.778221244719462 0.777818364988449 0.777636793289787 0.77811279237478 0.77858792626022 0.778776211940559
0.778267540515681 0.778267540515681 0.771803614475213 0.713630610408893 0.657205134988126 0.671962035057793 0.717699196722909 0.768287271556886
0.778267540515681 0.778267540515681 0.769478160546267 0.690519258545794 0.614257428178445 0.611830388101172 0.64413082211007 0.742619516243656
0.778267540515681 0.778267540515681 0.778059558562286 0.776192062219087 0.77440710118563 0.774396283976562 0.774610395404335 0.777548088941883
0.778267540515681 0.778267540515681 0.778020342134834 0.775795990387926 0.77358704237461 0.773450386929157 0.77367697454881 0.776831450033804
0.778267540515681 0.778267540515681 0.776926260281746 0.764855641869895 0.752803890270449 0.751561397107986 0.752114598394141 0.764870934225004
0.778267540515681 0.778267540515681 0.777275221255358 0.768359026429478 0.75969118570763 0.758998441577049 0.759102264711641 0.7677768693338
0.778267540515681 0.778267540515681 0.777541473020428 0.771014670515052 0.76463759493348 0.764256136996764 0.764483794623591 0.769936236453644
0.778267540515681 0.778267540515681 0.778231830246666 0.777910853329167 0.777595968171622 0.777579113883108 0.777607838535797 0.778069713794974
0.778267540515681 0.778267540515681 0.770281534247177 0.698410933876538 0.626670017387362 0.619594628533547 0.621999333660604 0.679334224933061
0.778267540515681 0.778267540515681 0.77797560290466 0.775354503746946 0.772844135773751 0.772708881270074 0.772770125322766 0.774974152939132
0.778267540515681 0.778267540515681 0.778106812826624 0.776660845282443 0.775230092271891 0.775148726851427 0.775238632604615 0.776321395781996
0.778267540515681 0.778267540515681 0.778257944038057 0.778171641450956 0.778086150926699 0.778080374890738 0.778095704890425 0.778276311290796
0.778267540515681 0.778267540515681 0.776921649643159 0.76480898396525 0.752704913015969 0.751399063728011 0.751543957259168 0.756039907997137
0.778267540515681 0.778267540515681 0.768934000972017 0.685038842110131 0.602988604919113 0.595837305390552 0.596337905774624 0.621672562766761

# True Numbers-at-age
110.459200225447 585.090277046578 527.038292366916 89.4436700558599 20.5146565455954 10.0363372768583 19.8740949251639 27.1568612510099
69.6649819856413 85.9668100867881 455.356770896679 409.161477444833 67.8880268748882 15.21511280027 7.42453194094334 35.262678307296
21.3738608796243 54.2179941900342 66.9051778522232 340.458387603075 193.349242453902 13.6616517059537 2.66529507447008 13.1750701706326
269.347867353789 16.6345821381096 42.1961049899714 49.9746473446016 159.27519177371 51.5707133855842 7.59651888676077 11.2926039750675
91.7472134635149 209.624702268578 12.9461553281326 31.9230342542104 28.1125687371245 66.5661256760895 34.2007078754153 14.580902087471
88.9451106969444 71.4038781714169 163.144101465898 10.0754549369179 24.8420220967131 21.8778876689117 51.8239906349456 37.9896833601985
36.6690449035823 69.2230925430059 55.5713206477499 126.966670406517 7.83949255516375 19.3251001244381 17.0222365642731 69.9278820970475
55.4306611910072 28.5383273901701 53.8740859803345 43.1222219653641 95.9093966212871 5.76051163820442 14.1679889751512 66.3209251120456
139.862206645197 43.1398843542832 22.210453868379 40.5906482572739 22.8669897889002 30.0214530989825 1.7003692057816 45.2725813334594
43.7932507709224 108.850215576854 33.5743716945389 17.2853688896935 31.5849275343788 17.7920367356279 23.3630464994345 36.5759208714109
80.1863098175887 34.0828655686722 84.7145895615994 26.1300281321056 13.4535912904114 24.5848944627042 13.8495000937538 46.6706126216322
187.814681710349 62.4064021247632 26.5255879598571 65.9200937420658 20.3036998483178 10.4387507685704 19.072976359871 47.0396371640948
331.038702748213 146.170070407449 48.568877094072 20.6394487244588 51.1902650538384 15.7354810820449 8.08831272958749 51.3180284513078
546.541906661884 257.636677003353 113.759421193009 37.6500805773751 15.4278074566654 36.8505674811858 11.280788430762 43.7038478921568
111.470636653134 425.355825486495 200.510262958032 87.7550327090428 26.7249054370466 10.0398120433603 23.8460747186752 37.4518222069555
110.874305193287 86.7539782277515 331.040632145392 154.940838858293 63.4521699843521 18.0723212647364 6.79303433278553 42.7661331712687
38.1420476851353 86.2898728091642 67.517805265263 252.767576028341 97.9052642615721 32.6561169804557 9.49933032848035 29.2323087632946
12.8812731050743 29.6847176421421 67.1566070825992 51.0335341442081 141.037277020045 43.3634719624225 18.7151103734826 25.4460485369122
6.46780870034656 10.0250767381969 23.1026521902523 51.2967202501115 32.4475092816947 78.5853839927344 29.9878006881636 33.3786606658854
10.3836399189847 5.03368556974463 7.80219181651749 17.9796215503086 39.9138324843765 25.2479761343854 61.1769263450608 49.3465565079159
11.7148142243003 8.08124990134867 3.91755408809443 6.07188203163829 13.9857986837706 31.0343720663801 19.6371313703981 86.042758093525
6.43178272881201 9.11725965394433 6.28937448501521 3.04865254126629 4.72163312207866 10.8675635612063 24.1140600092477 82.2406816174938
34.6510951352813 5.00564772548376 7.0956672471181 4.89440738821525 2.37068668733348 3.66886768044435 8.44376664714519 82.7367012753249
110.258399825629 26.9678225871103 3.89573314400015 5.51798784309969 3.77922667470129 1.81749973018534 2.81055436260734 70.4041477364854
38.9811113588897 85.8105336534872 20.9881809579335 3.02482476712923 4.19398737549139 2.81110745713704 1.34897224960385 55.5834313589062
47.655459265104 30.337733663851 66.7835529768375 16.330477736567 2.34844664195502 3.24921276419451 2.17747064235256 44.2116143469038
40.8029519826483 37.0886970743977 23.610873363385 51.9716706092613 12.7001870018922 1.82518422298568 2.52510474290138 36.0858717799374
317.944826266037 31.7556130853151 28.8649290530226 18.3727350089089 40.3853246003072 9.85511810990431 1.41609785017855 30.0055547426394
346.540532265797 247.446137957754 24.7143628934758 22.3969996088184 13.8684184175793 29.6340377256026 7.20892266376377 23.5962389107259
572.94942058783 269.701247735497 192.579297198485 19.2343663259475 17.4306997780869 10.7932817888544 23.0633919106476 23.9801911134868
486.798845993222 445.907936400775 209.899726749115 149.873672222059 14.9649451819245 13.5579726272792 8.39519611706185 36.5998585515345
182.701191420658 378.859740597017 347.035672959054 158.440165103457 81.5268151672858 4.98608044225439 4.21494434883116 17.4989863306715
108.430687148065 142.19040689624 294.854238514849 264.631372005365 98.6747518778369 42.7836139844439 3.04896125774725 14.5793339720192
180.051398188863 84.3880842031494 110.66217826006 223.722784882026 155.19434257685 48.1768695777754 26.9394720520567 12.9144075322735
60.7026112319029 140.128158834856 65.6765067416153 83.5843264504203 123.573086388579 68.2797246519395 31.169429086664 29.7911148328504
64.8883479393437 47.2428719463326 109.057197533394 50.1875868442859 53.3812848411508 68.2950453762434 46.4508414122839 46.6956735369919
6.81956616829388 50.5004949588788 36.7675937565695 84.8706280100539 39.0368267419383 41.5112511655612 53.1412484630711 72.5315440393841
26.679023552306 5.30744698918202 39.3028960064711 28.3773617568766 60.5662780726008 25.6552029884436 27.8939848110057 93.8644934066252
42.9208125074109 20.7634180434131 4.13061371468805 30.2427201232006 19.5951147998442 37.2032862032163 15.6966328012338 87.6729800543227
49.6361792598177 33.4038751870774 16.159494293346 3.21386348344151 23.4741592995418 15.174596049547 28.8100865874872 80.3287330337589
56.2868460401399 38.6302271531338 25.9971517855395 12.572415278835 2.49330240410809 18.1593054647629 11.7367971860158 84.6915867894896
132.091214734084 43.8062252310444 30.0646518760315 20.1978699147161 9.6160827579482 1.87696774943323 13.6478329856079 73.6055496106686
58.3894503279549 102.802304814824 34.0929631698409 23.3685089389077 15.5192156636205 7.30525331224837 1.42461559671021 66.8727393734541
66.403911666811 45.4426138988 80.0076969275764 26.5086928027093 18.01746321996 11.8665757402848 5.58308467620175 52.5768408117957
45.4818884940334 51.6800090135495 35.3665113536227 62.2645364137683 20.6213998387963 14.0103067565214 9.22720144895741 45.2498978901014
138.791091153816 35.3970774962598 40.2208735088034 27.2421706264387 43.4862330241297 12.9228129955302 8.68071081044789 36.4791174642758
78.4463459368739 108.016601157768 27.5483964444571 31.2908583173634 21.122339687052 33.6080801795894 9.98557237263855 34.9785671377247
239.282286463569 61.0522447147331 84.0658145179192 21.4355949558808 24.3023844703766 16.3746733445915 26.0512605631294 34.8958115347515
304.424439950473 186.22563657497 47.5149803370968 65.4248879706004 16.6805721122956 18.9093487908961 12.7408119746732 47.4289574319175
108.178141628674 236.923660153118 144.933368158169 36.9154169062595 50.0375420948352 12.555548580842 14.2084669771858 45.4334648633679

