# Simulated data from SIR age-structured hybrid model
# random seed = 1869956
# Flag=0 if no issues, =1 if negative pop #'s, =2 if NaN, or=3 if NA. Flag:
0

# Number of years (nyr)
50

# Starting age
0

# Ending age
8

# Sample size for comp data
200

# Sample size for fishery age comp data
200

# Sample size for antibody prevalence data
200

# Survey data
10295.9632423767
6733.03824802884
9910.49202376939
10928.3621834332
9097.27085928443
7683.94514859478
9735.14178422845
13581.7399552996
21242.6009624418
32236.968076401
18448.0434120194
33003.6111825437
47670.9878426916
30543.6438473856
15574.5713540039
28408.7608163997
14039.4475203204
28711.8955221916
32217.7690680397
38895.292237586
24536.821020399
34193.6318717536
35511.0798972531
29156.0636769305
21288.2791678396
16042.767278247
23227.098502116
19964.0673047966
26878.7272798314
16425.4753412576
15420.5732352163
15963.0991433417
21459.8562143173
22955.3128104366
20819.5582352857
15108.9002276473
31882.1847086477
29451.5198909742
7214.28727060983
10715.1409833471
14936.7551289376
29334.6554786572
26785.8330521885
43325.6153008916
42821.4592763463
28943.0080392843
49217.9559841564
36149.3664340056
53681.4336473701
75904.9518659222

# Catches
0
0
0
0
0
0
0
0
0
0
0
0
0
0
0
0
0
0
0
0
0
0
0
0
0
0
0
0
0
0
0
0
0
0
0
0
0
0
0
0
0
0
0
0
0
0
0
0
0
0

# Catch compositions
-999 -999 -999 -999 -999 -999 -999 -999
-999 -999 -999 -999 -999 -999 -999 -999
-999 -999 -999 -999 -999 -999 -999 -999
-999 -999 -999 -999 -999 -999 -999 -999
-999 -999 -999 -999 -999 -999 -999 -999
-999 -999 -999 -999 -999 -999 -999 -999
-999 -999 -999 -999 -999 -999 -999 -999
-999 -999 -999 -999 -999 -999 -999 -999
-999 -999 -999 -999 -999 -999 -999 -999
-999 -999 -999 -999 -999 -999 -999 -999
-999 -999 -999 -999 -999 -999 -999 -999
-999 -999 -999 -999 -999 -999 -999 -999
-999 -999 -999 -999 -999 -999 -999 -999
-999 -999 -999 -999 -999 -999 -999 -999
-999 -999 -999 -999 -999 -999 -999 -999
-999 -999 -999 -999 -999 -999 -999 -999
-999 -999 -999 -999 -999 -999 -999 -999
-999 -999 -999 -999 -999 -999 -999 -999
-999 -999 -999 -999 -999 -999 -999 -999
-999 -999 -999 -999 -999 -999 -999 -999
-999 -999 -999 -999 -999 -999 -999 -999
-999 -999 -999 -999 -999 -999 -999 -999
-999 -999 -999 -999 -999 -999 -999 -999
-999 -999 -999 -999 -999 -999 -999 -999
-999 -999 -999 -999 -999 -999 -999 -999
-999 -999 -999 -999 -999 -999 -999 -999
-999 -999 -999 -999 -999 -999 -999 -999
-999 -999 -999 -999 -999 -999 -999 -999
-999 -999 -999 -999 -999 -999 -999 -999
-999 -999 -999 -999 -999 -999 -999 -999
-999 -999 -999 -999 -999 -999 -999 -999
-999 -999 -999 -999 -999 -999 -999 -999
-999 -999 -999 -999 -999 -999 -999 -999
-999 -999 -999 -999 -999 -999 -999 -999
-999 -999 -999 -999 -999 -999 -999 -999
-999 -999 -999 -999 -999 -999 -999 -999
-999 -999 -999 -999 -999 -999 -999 -999
-999 -999 -999 -999 -999 -999 -999 -999
-999 -999 -999 -999 -999 -999 -999 -999
-999 -999 -999 -999 -999 -999 -999 -999
-999 -999 -999 -999 -999 -999 -999 -999
-999 -999 -999 -999 -999 -999 -999 -999
-999 -999 -999 -999 -999 -999 -999 -999
-999 -999 -999 -999 -999 -999 -999 -999
-999 -999 -999 -999 -999 -999 -999 -999
-999 -999 -999 -999 -999 -999 -999 -999
-999 -999 -999 -999 -999 -999 -999 -999
-999 -999 -999 -999 -999 -999 -999 -999
-999 -999 -999 -999 -999 -999 -999 -999
-999 -999 -999 -999 -999 -999 -999 -999

# Age composition from fishery-independent survey
0 0 3 10 44 9 23 111
0 0 6 41 31 20 7 95
0 0 2 55 46 24 13 60
0 0 1 17 91 31 13 47
0 0 1 13 28 83 15 60
0 0 0 18 19 29 60 74
0 0 17 10 24 11 29 109
0 0 23 84 4 17 8 64
0 0 3 104 59 2 3 29
0 0 4 13 135 24 5 19
0 0 16 8 18 110 26 22
0 0 4 60 19 17 72 28
0 0 0 46 79 8 11 56
0 0 0 7 73 58 6 56
0 0 0 7 11 61 65 56
0 0 2 5 6 16 59 112
0 0 26 8 17 3 10 136
0 0 4 98 12 5 1 80
0 0 7 47 88 6 5 47
0 0 1 42 61 62 4 30
0 0 4 17 55 44 50 30
0 0 0 27 29 40 37 67
0 0 1 6 46 23 34 90
0 0 5 17 8 36 16 118
0 0 1 34 18 10 26 111
0 0 0 17 43 16 6 118
0 0 2 9 29 38 12 110
0 0 5 26 19 30 39 81
0 0 0 28 42 20 17 93
0 0 2 10 55 31 9 93
0 0 0 23 8 47 25 97
0 0 10 9 44 10 29 98
0 0 2 74 20 23 4 77
0 0 0 41 80 7 14 58
0 0 3 18 67 68 8 36
0 0 5 22 32 49 53 39
0 0 3 45 40 11 31 70
0 0 2 26 59 26 13 74
0 0 3 10 43 55 24 65
0 0 14 9 13 36 49 79
0 0 7 64 18 9 19 83
0 0 12 40 69 10 9 60
0 0 28 65 30 43 7 27
0 0 1 88 52 13 21 25
0 0 3 9 114 41 10 23
0 0 1 23 16 86 36 38
0 0 2 6 34 15 96 47
0 0 20 19 13 29 15 104
0 0 2 85 18 7 12 76
0 0 18 32 89 14 2 45

# Antibody prevalence values
0 0 0 0 0 5 0 27 0 49 0 11 0 15 40 53
0 0 0 0 0 4 0 33 0 43 1 19 0 6 33 61
0 0 0 0 0 1 0 60 1 33 1 22 1 25 19 37
0 0 0 0 0 3 0 20 15 66 7 24 7 9 29 20
0 0 0 0 0 0 0 8 6 30 21 49 14 10 40 22
0 0 0 0 0 1 0 15 0 20 2 20 25 54 43 20
0 0 0 0 0 13 0 3 0 28 0 12 3 14 65 62
0 0 0 0 0 23 0 80 0 8 1 10 0 7 35 36
0 0 0 0 0 4 0 105 15 50 1 2 3 4 14 2
0 0 0 0 0 3 0 10 49 77 27 7 2 1 24 0
0 0 0 0 0 14 0 14 9 15 78 23 20 1 26 0
0 0 0 0 0 7 0 71 0 27 2 12 37 8 35 1
0 0 0 0 0 1 0 29 23 48 8 1 8 2 77 3
0 0 0 0 0 0 0 10 21 49 41 12 9 1 57 0
0 0 0 0 0 0 0 1 0 10 27 42 48 12 58 2
0 0 0 0 0 1 0 11 0 5 0 9 25 34 105 10
0 0 0 0 0 16 0 8 0 6 0 1 1 14 120 34
0 0 0 0 0 6 0 100 0 8 0 3 0 4 50 29
0 0 0 0 0 8 0 40 43 66 4 0 1 1 36 1
0 0 0 0 0 4 3 51 22 27 57 9 5 1 21 0
0 0 0 0 0 4 0 16 25 50 24 6 43 1 31 0
0 0 0 0 0 1 0 33 9 22 28 20 25 4 58 0
0 0 0 0 0 1 0 5 3 38 7 14 32 16 81 3
0 0 0 0 0 6 0 13 1 7 6 16 10 16 109 16
0 0 0 0 0 2 0 34 1 18 2 6 6 25 84 22
0 0 0 0 0 1 0 16 4 45 3 11 1 8 83 28
0 0 0 0 0 2 0 14 3 24 11 21 7 4 90 24
0 0 0 0 0 4 0 23 2 17 4 23 10 23 81 13
0 0 0 0 0 0 0 27 0 45 2 18 1 16 62 29
0 0 0 0 0 1 0 4 8 47 14 13 7 13 80 13
0 0 0 0 0 4 0 24 0 11 11 37 17 17 60 19
0 0 0 0 0 14 0 8 0 33 0 9 11 24 70 31
0 0 0 0 0 1 0 79 1 12 0 17 0 3 60 27
0 0 0 0 0 3 2 50 35 57 4 1 3 4 38 3
0 0 0 0 0 2 1 19 17 36 53 16 8 0 48 0
0 0 0 0 0 8 0 23 0 26 13 34 41 14 38 3
0 0 0 0 0 0 0 45 1 32 1 14 11 27 60 9
0 0 0 0 0 0 0 16 19 40 13 16 5 5 67 19
0 0 0 0 0 1 0 8 2 32 15 33 12 13 70 14
0 0 0 0 0 7 0 14 1 6 7 34 23 26 61 21
0 0 0 0 0 6 0 62 0 11 0 12 2 24 55 28
0 0 0 0 0 8 1 35 21 57 3 11 4 1 47 12
0 0 0 0 0 26 0 54 6 27 20 18 7 0 39 3
0 0 0 0 0 2 3 91 11 42 12 7 14 3 15 0
0 0 0 0 0 2 0 10 58 75 20 2 7 0 26 0
0 0 0 0 0 3 0 18 8 19 85 9 25 0 33 0
0 0 0 0 0 1 0 7 0 32 5 10 93 13 39 0
0 0 0 0 0 18 0 13 0 13 3 34 5 8 96 10
0 0 0 0 0 5 0 84 1 17 0 9 3 13 58 10
0 0 0 0 0 16 0 33 29 49 11 0 1 0 57 4

# Average weight-at-age
70
94
115
134
150
160
165
168

# Maturity logistic function parameter age-at-50%
3

# Maturity logistic function parameter age-at-95%
4

# Infection prevalence index (avg of 3 different samples)
0
0
0.0222222222222222
0
0
0
0
0.0944444444444444
0.116666666666667
0.05
0
0.0277777777777778
0.0388888888888889
0
0
0
0
0.155555555555556
0.0222222222222222
0.15
0.0388888888888889
0
0
0
0
0.0222222222222222
0
0
0.0222222222222222
0
0
0.00555555555555556
0.00555555555555556
0.0833333333333333
0
0
0.00555555555555556
0.00555555555555556
0
0
0.0722222222222222
0.00555555555555556
0.0777777777777778
0.161111111111111
0
0
0
0
0
0.00555555555555556

