# Simulated data from SIR age-structured hybrid model
# random seed = 2783837
# Flag=0 if no issues, =1 if negative pop #'s, =2 if NaN, or=3 if NA. Flag:
0

# Number of years (nyr)
50

# Starting age
0

# Ending age
8

# Sample size for comp data
200

# Sample size for fishery age comp data
200

# Sample size for antibody prevalence data
200

# Survey data
31761.5441445852
15983.0403358208
17733.650055267
18368.3056403404
10357.1371748182
5731.52576221123
8577.57705578996
15393.7174677661
12099.5056248014
11301.5734387193
32265.3269178947
16555.4894232906
22994.8774804888
19986.4903898895
14117.1242192043
15723.771933006
9001.26234268141
15960.3670775185
20734.2201123988
6309.70092043555
9598.70365747444
12346.5018277514
17826.9024198384
12512.68779482
12343.2925873886
10688.4927817362
12011.0747390425
6224.96295197274
7274.96067745259
35002.4686944887
37497.4585728313
29787.2282136433
35418.9493576516
45512.7539791735
13803.0758943601
7706.93666777372
9032.78759509314
8619.74608725345
5835.81709292189
7952.39956107334
4676.0217264758
8218.94373608136
5391.09209348006
6628.63025221902
12340.1262077265
30648.5551803433
131759.774767089
131950.694358745
167247.020350271
81489.7662178377

# Catches
0
0
0
0
0
0
0
0
0
0
0
0
0
0
0
0
0
0
0
0
0
0
0
0
0
0
0
0
0
0
0
0
0
0
0
0
0
0
0
0
0
0
0
0
0
0
0
0
0
0

# Catch compositions
-999 -999 -999 -999 -999 -999 -999 -999
-999 -999 -999 -999 -999 -999 -999 -999
-999 -999 -999 -999 -999 -999 -999 -999
-999 -999 -999 -999 -999 -999 -999 -999
-999 -999 -999 -999 -999 -999 -999 -999
-999 -999 -999 -999 -999 -999 -999 -999
-999 -999 -999 -999 -999 -999 -999 -999
-999 -999 -999 -999 -999 -999 -999 -999
-999 -999 -999 -999 -999 -999 -999 -999
-999 -999 -999 -999 -999 -999 -999 -999
-999 -999 -999 -999 -999 -999 -999 -999
-999 -999 -999 -999 -999 -999 -999 -999
-999 -999 -999 -999 -999 -999 -999 -999
-999 -999 -999 -999 -999 -999 -999 -999
-999 -999 -999 -999 -999 -999 -999 -999
-999 -999 -999 -999 -999 -999 -999 -999
-999 -999 -999 -999 -999 -999 -999 -999
-999 -999 -999 -999 -999 -999 -999 -999
-999 -999 -999 -999 -999 -999 -999 -999
-999 -999 -999 -999 -999 -999 -999 -999
-999 -999 -999 -999 -999 -999 -999 -999
-999 -999 -999 -999 -999 -999 -999 -999
-999 -999 -999 -999 -999 -999 -999 -999
-999 -999 -999 -999 -999 -999 -999 -999
-999 -999 -999 -999 -999 -999 -999 -999
-999 -999 -999 -999 -999 -999 -999 -999
-999 -999 -999 -999 -999 -999 -999 -999
-999 -999 -999 -999 -999 -999 -999 -999
-999 -999 -999 -999 -999 -999 -999 -999
-999 -999 -999 -999 -999 -999 -999 -999
-999 -999 -999 -999 -999 -999 -999 -999
-999 -999 -999 -999 -999 -999 -999 -999
-999 -999 -999 -999 -999 -999 -999 -999
-999 -999 -999 -999 -999 -999 -999 -999
-999 -999 -999 -999 -999 -999 -999 -999
-999 -999 -999 -999 -999 -999 -999 -999
-999 -999 -999 -999 -999 -999 -999 -999
-999 -999 -999 -999 -999 -999 -999 -999
-999 -999 -999 -999 -999 -999 -999 -999
-999 -999 -999 -999 -999 -999 -999 -999
-999 -999 -999 -999 -999 -999 -999 -999
-999 -999 -999 -999 -999 -999 -999 -999
-999 -999 -999 -999 -999 -999 -999 -999
-999 -999 -999 -999 -999 -999 -999 -999
-999 -999 -999 -999 -999 -999 -999 -999
-999 -999 -999 -999 -999 -999 -999 -999
-999 -999 -999 -999 -999 -999 -999 -999
-999 -999 -999 -999 -999 -999 -999 -999
-999 -999 -999 -999 -999 -999 -999 -999
-999 -999 -999 -999 -999 -999 -999 -999

# Age composition from fishery-independent survey
0 0 2 18 67 14 15 84
0 0 1 24 36 65 9 65
0 0 2 5 44 33 46 70
0 0 0 8 12 34 30 116
0 0 2 7 13 4 34 140
0 0 8 11 17 16 11 137
0 0 5 51 16 4 9 115
0 0 1 35 56 12 3 93
0 0 2 14 61 45 7 71
0 0 4 41 28 36 32 59
0 0 4 43 64 10 22 57
0 0 3 46 61 34 4 52
0 0 2 25 50 40 31 52
0 0 7 34 36 48 29 46
0 0 4 40 31 34 31 60
0 0 5 10 55 34 27 69
0 0 1 29 26 47 22 75
0 0 2 9 65 24 35 65
0 0 1 17 22 54 28 78
0 0 0 41 25 14 36 84
0 0 0 9 51 16 11 113
0 0 2 10 10 54 23 101
0 0 1 12 11 11 43 122
0 0 1 21 25 19 11 123
0 0 4 21 43 17 14 101
0 0 2 8 44 47 8 91
0 0 2 10 28 28 39 93
0 0 12 12 11 17 22 126
0 0 39 74 11 6 8 62
0 0 3 134 40 1 0 22
0 0 1 22 149 17 1 10
0 0 0 14 26 134 16 10
0 0 0 2 13 25 137 23
0 0 0 3 0 25 31 141
0 0 1 4 5 3 20 167
0 0 0 3 4 5 5 183
0 0 1 3 4 6 0 186
0 0 0 14 11 6 5 164
0 0 1 10 24 17 2 146
0 0 1 12 18 25 16 128
0 0 1 13 24 16 24 122
0 0 0 10 30 16 13 131
0 0 6 27 19 21 18 109
0 0 27 43 17 20 15 78
0 0 46 84 25 7 2 36
0 0 41 112 31 7 5 4
0 0 20 110 57 8 0 5
0 0 3 69 89 32 6 1
0 0 2 27 86 60 17 8
0 0 0 5 36 92 48 19

# Antibody prevalence values
0 0 0 0 0 3 0 29 10 52 4 9 12 8 57 16
0 0 0 0 0 0 0 30 3 28 21 34 7 2 58 17
0 0 0 0 0 2 0 3 1 33 5 20 21 37 64 14
0 0 0 0 0 2 0 8 0 10 2 39 7 28 60 44
0 0 0 0 0 3 0 11 0 22 0 7 1 34 79 43
0 0 0 0 0 7 0 14 0 15 1 18 0 7 67 71
0 0 0 0 0 5 2 46 1 13 1 5 2 10 62 53
0 0 0 0 0 1 0 34 0 57 1 13 0 1 49 44
0 0 0 0 0 8 0 11 3 60 5 36 1 8 46 22
0 0 0 0 0 4 0 46 0 24 4 35 14 23 28 22
0 0 0 0 0 10 0 40 2 54 3 11 5 22 29 24
0 0 0 0 0 2 2 47 5 41 19 24 1 6 36 17
0 0 0 0 0 2 0 17 2 63 9 21 11 18 46 11
0 0 0 0 0 3 2 32 5 29 16 30 15 15 46 7
0 0 0 0 0 2 0 46 0 32 9 17 9 21 49 15
0 0 0 0 0 2 0 17 12 47 3 20 9 12 63 15
0 0 0 0 0 3 0 30 3 19 9 38 13 15 50 20
0 0 0 0 0 1 0 8 1 53 4 24 16 25 41 27
0 0 0 0 0 5 0 24 0 13 5 39 1 10 63 40
0 0 0 0 0 2 0 27 2 21 1 10 5 29 60 43
0 0 0 0 0 2 0 10 2 58 4 14 0 10 51 49
0 0 0 0 0 2 0 17 0 8 14 35 14 10 65 35
0 0 0 0 0 1 0 9 1 17 1 12 15 23 77 44
0 0 0 0 0 5 0 30 0 19 1 12 2 8 66 57
0 0 0 0 0 1 0 23 1 51 0 13 0 11 57 43
0 0 0 0 0 1 0 15 0 38 0 32 0 12 49 53
0 0 0 0 0 1 0 7 1 22 1 36 1 33 37 61
0 0 0 0 0 17 0 13 0 12 0 26 1 23 40 68
0 0 0 0 0 56 0 69 0 12 0 5 0 7 12 39
0 0 0 0 0 5 2 142 6 20 2 0 1 0 20 2
0 0 0 0 0 1 2 23 59 89 13 2 1 0 10 0
0 0 0 0 0 1 3 13 14 22 105 13 18 1 10 0
0 0 0 0 0 0 0 1 4 23 6 20 105 16 25 0
0 0 0 0 0 0 0 0 0 3 0 23 15 20 128 11
0 0 0 0 0 0 0 2 0 2 0 3 1 29 136 27
0 0 0 0 0 1 0 1 0 1 0 1 0 0 144 52
0 0 0 0 0 2 0 9 0 4 0 9 0 3 125 48
0 0 0 0 0 0 0 10 0 13 0 4 0 11 114 48
0 0 0 0 0 1 0 7 0 24 1 16 0 2 95 54
0 0 0 0 0 1 0 14 0 16 0 16 0 9 89 55
0 0 0 0 0 1 0 17 0 23 1 19 0 14 89 36
0 0 0 0 0 1 0 13 0 26 0 20 0 15 68 57
0 0 0 0 0 7 0 17 0 21 0 22 0 21 54 58
0 0 0 0 0 27 0 44 0 19 0 10 0 15 31 54
0 0 0 0 0 41 0 69 0 37 0 7 0 3 20 23
0 0 0 0 0 36 2 119 10 16 3 3 0 0 8 3
0 0 0 0 0 12 4 112 29 32 8 0 3 0 0 0
0 0 0 0 0 4 2 77 29 62 22 2 2 0 0 0
0 0 0 0 0 0 0 23 28 63 61 2 17 0 6 0
0 0 0 0 0 0 0 3 12 28 74 1 56 0 26 0

# Average weight-at-age
70
94
115
134
150
160
165
168

# Maturity logistic function parameter age-at-50%
3

# Maturity logistic function parameter age-at-95%
4

# Infection prevalence index (avg of 3 different samples)
0.0222222222222222
0
0
0
0
0.0222222222222222
0.00555555555555556
0.0111111111111111
0.00555555555555556
0.00555555555555556
0.0888888888888889
0
0
0
0.0222222222222222
0
0
0
0
0
0.05
0
0
0
0
0
0
0
0.166666666666667
0.0277777777777778
0.00555555555555556
0
0
0
0
0
0
0
0
0
0
0.00555555555555556
0
0
0.111111111111111
0.0888888888888889
0.0555555555555556
0.0111111111111111
0
0

