# Simulated data from SIR age-structured hybrid model
# random seed = 1273016
# Flag=0 if no issues, =1 if negative pop #'s, =2 if NaN, or=3 if NA. Flag:
0

# Number of years (nyr)
50

# Starting age
0

# Ending age
8

# Sample size for comp data
200

# Sample size for fishery age comp data
200

# Sample size for antibody prevalence data
200

# Survey data
13297.3800555617
45394.9488507357
35165.7529265254
51678.5956096063
35515.8334204375
19385.2411628487
20881.4035521216
29402.0518563367
33362.8487542346
41240.0046300203
27757.032054644
58147.8979569981
26275.1982737609
77234.2347368032
21798.7759047573
39464.8013597642
46796.4595328356
53259.6387617268
42654.8239015358
59884.3683139155
47949.1793217664
33088.2354453508
35724.579618246
21319.5548821901
25587.2894405597
26776.2649507851
14234.6192464231
13601.2154811648
10292.2323330932
35676.9301604203
20013.9797629116
38967.9636728271
20660.7946018274
29618.8524734663
23357.8889755185
25679.388844009
18102.0822027384
24558.9000535524
17766.0234084755
9070.49632109781
14482.1685328499
7799.48270838609
7253.37888110417
8044.25235182209
7381.30353593025
8780.18674953346
13374.9560298335
15555.5711389703
22344.5064728673
15331.0725813619

# Catches
0
0
0
0
0
0
0
0
0
0
0
0
0
0
0
0
0
0
0
0
0
0
0
0
0
0
0
0
0
0
0
0
0
0
0
0
0
0
0
0
0
0
0
0
0
0
0
0
0
0

# Catch compositions
-999 -999 -999 -999 -999 -999 -999 -999
-999 -999 -999 -999 -999 -999 -999 -999
-999 -999 -999 -999 -999 -999 -999 -999
-999 -999 -999 -999 -999 -999 -999 -999
-999 -999 -999 -999 -999 -999 -999 -999
-999 -999 -999 -999 -999 -999 -999 -999
-999 -999 -999 -999 -999 -999 -999 -999
-999 -999 -999 -999 -999 -999 -999 -999
-999 -999 -999 -999 -999 -999 -999 -999
-999 -999 -999 -999 -999 -999 -999 -999
-999 -999 -999 -999 -999 -999 -999 -999
-999 -999 -999 -999 -999 -999 -999 -999
-999 -999 -999 -999 -999 -999 -999 -999
-999 -999 -999 -999 -999 -999 -999 -999
-999 -999 -999 -999 -999 -999 -999 -999
-999 -999 -999 -999 -999 -999 -999 -999
-999 -999 -999 -999 -999 -999 -999 -999
-999 -999 -999 -999 -999 -999 -999 -999
-999 -999 -999 -999 -999 -999 -999 -999
-999 -999 -999 -999 -999 -999 -999 -999
-999 -999 -999 -999 -999 -999 -999 -999
-999 -999 -999 -999 -999 -999 -999 -999
-999 -999 -999 -999 -999 -999 -999 -999
-999 -999 -999 -999 -999 -999 -999 -999
-999 -999 -999 -999 -999 -999 -999 -999
-999 -999 -999 -999 -999 -999 -999 -999
-999 -999 -999 -999 -999 -999 -999 -999
-999 -999 -999 -999 -999 -999 -999 -999
-999 -999 -999 -999 -999 -999 -999 -999
-999 -999 -999 -999 -999 -999 -999 -999
-999 -999 -999 -999 -999 -999 -999 -999
-999 -999 -999 -999 -999 -999 -999 -999
-999 -999 -999 -999 -999 -999 -999 -999
-999 -999 -999 -999 -999 -999 -999 -999
-999 -999 -999 -999 -999 -999 -999 -999
-999 -999 -999 -999 -999 -999 -999 -999
-999 -999 -999 -999 -999 -999 -999 -999
-999 -999 -999 -999 -999 -999 -999 -999
-999 -999 -999 -999 -999 -999 -999 -999
-999 -999 -999 -999 -999 -999 -999 -999
-999 -999 -999 -999 -999 -999 -999 -999
-999 -999 -999 -999 -999 -999 -999 -999
-999 -999 -999 -999 -999 -999 -999 -999
-999 -999 -999 -999 -999 -999 -999 -999
-999 -999 -999 -999 -999 -999 -999 -999
-999 -999 -999 -999 -999 -999 -999 -999
-999 -999 -999 -999 -999 -999 -999 -999
-999 -999 -999 -999 -999 -999 -999 -999
-999 -999 -999 -999 -999 -999 -999 -999
-999 -999 -999 -999 -999 -999 -999 -999

# Age composition from fishery-independent survey
0 0 19 39 50 13 12 67
0 0 1 100 35 17 11 36
0 0 7 16 96 33 13 35
0 0 3 56 35 70 12 24
0 0 0 20 70 23 44 43
0 0 0 13 31 52 18 86
0 0 3 10 18 29 53 87
0 0 8 15 24 10 27 116
0 0 2 44 12 18 8 116
0 0 4 39 58 16 6 77
0 0 11 46 37 38 8 60
0 0 0 89 42 24 17 28
0 0 1 4 114 26 13 42
0 0 0 2 13 119 23 43
0 0 1 3 5 18 91 82
0 0 5 14 7 6 7 161
0 0 4 50 19 6 3 118
0 0 10 48 54 9 2 77
0 0 5 78 40 34 6 37
0 0 2 14 97 38 19 30
0 0 1 10 43 87 25 34
0 0 1 7 17 30 78 67
0 0 0 4 11 25 34 126
0 0 0 9 10 3 17 161
0 0 1 2 17 12 9 159
0 0 1 6 6 20 9 158
0 0 4 6 5 2 20 163
0 0 1 21 20 5 3 150
0 0 2 26 31 13 5 123
0 0 20 37 25 25 7 86
0 0 5 85 36 12 11 51
0 0 2 19 101 31 7 40
0 0 5 10 25 99 19 42
0 0 2 13 16 33 72 64
0 0 4 11 36 8 17 124
0 0 3 42 14 30 6 105
0 0 2 24 50 17 23 84
0 0 1 8 34 48 10 99
0 0 0 8 12 44 53 83
0 0 4 4 12 11 45 124
0 0 1 8 12 8 9 162
0 0 4 6 21 11 8 150
0 0 6 16 18 27 4 129
0 0 0 41 17 15 19 108
0 0 0 10 66 23 10 91
0 0 5 29 17 57 14 78
0 0 7 58 36 6 35 58
0 0 7 39 70 24 5 55
0 0 4 65 44 42 18 27
0 0 1 32 74 18 38 37

# Antibody prevalence values
0 0 0 0 0 19 0 40 0 44 1 22 1 5 40 28
0 0 0 0 0 3 1 82 6 28 10 17 5 3 27 18
0 0 0 0 0 5 0 19 27 67 17 5 16 4 36 4
0 0 0 0 0 2 1 50 11 21 52 15 17 1 30 0
0 0 0 0 0 4 0 17 16 49 20 10 40 5 38 1
0 0 0 0 0 3 0 6 12 21 45 24 18 3 68 0
0 0 0 0 0 1 0 9 0 19 9 16 33 16 94 3
0 0 0 0 0 3 0 19 0 20 0 14 9 11 112 12
0 0 0 0 0 6 0 57 0 18 0 15 0 10 77 17
0 0 0 0 0 4 0 27 0 63 0 11 3 10 65 17
0 0 0 0 0 17 1 47 12 20 21 14 2 6 53 7
0 0 0 0 0 0 3 85 8 36 10 10 17 4 24 3
0 0 0 0 0 0 1 7 47 80 15 4 9 1 36 0
0 0 0 0 0 0 0 3 5 9 84 22 21 0 56 0
0 0 0 0 0 1 0 3 0 8 8 10 71 23 74 2
0 0 0 0 0 5 0 23 0 10 0 1 1 6 131 23
0 0 0 0 0 9 0 51 0 27 0 7 0 3 77 26
0 0 0 0 0 15 1 49 13 48 7 5 1 1 53 7
0 0 0 0 0 3 4 92 11 25 24 5 8 1 25 2
0 0 0 0 0 2 0 22 35 60 36 2 14 0 29 0
0 0 0 0 0 1 1 7 15 34 61 15 25 1 40 0
0 0 0 0 0 1 0 10 0 14 13 26 66 9 59 2
0 0 0 0 0 1 0 5 0 11 2 18 11 21 121 10
0 0 0 0 0 0 0 11 0 10 0 8 0 8 128 35
0 0 0 0 0 1 0 6 0 20 1 10 0 10 113 39
0 0 0 0 0 0 0 11 0 6 1 22 0 6 111 43
0 0 0 0 0 2 1 4 0 7 0 3 2 16 126 39
0 0 0 0 0 7 0 21 0 18 0 9 0 4 104 37
0 0 0 0 0 6 0 23 1 39 1 14 0 1 73 42
0 0 0 0 0 15 0 43 0 36 1 19 1 8 55 22
0 0 0 0 0 4 1 96 11 24 6 7 2 7 33 9
0 0 0 0 0 1 1 10 37 71 19 5 7 3 45 1
0 0 0 0 0 1 0 10 5 21 58 37 21 2 44 1
0 0 0 0 0 1 0 21 1 14 4 13 46 29 62 9
0 0 0 0 0 7 0 5 0 36 0 11 3 19 84 35
0 0 0 0 0 3 0 41 0 18 0 23 1 16 63 35
0 0 0 0 0 0 0 25 4 47 0 10 2 19 68 25
0 0 0 0 0 3 0 11 10 28 16 27 5 4 70 26
0 0 0 0 0 0 0 8 0 15 10 41 13 31 59 23
0 0 0 0 0 5 0 4 0 11 1 11 11 31 77 49
0 0 0 0 0 2 0 16 0 9 0 5 1 6 71 90
0 0 0 0 0 1 0 10 0 14 1 5 0 4 115 50
0 0 0 0 0 4 0 18 0 14 3 22 1 7 73 58
0 0 0 0 0 0 0 43 0 22 0 12 1 15 59 48
0 0 0 0 0 6 0 10 0 62 0 13 0 9 54 46
0 0 0 0 0 8 0 37 0 12 0 44 0 15 35 49
0 0 0 0 0 7 0 55 0 49 0 3 0 29 24 33
0 0 0 0 0 12 0 31 1 76 1 28 0 5 13 33
0 0 0 0 0 7 1 63 5 30 26 26 5 8 23 6
0 0 0 0 0 2 0 38 6 59 10 17 18 8 31 11

# Average weight-at-age
70
94
115
134
150
160
165
168

# Maturity logistic function parameter age-at-50%
3

# Maturity logistic function parameter age-at-95%
4

# Infection prevalence index (avg of 3 different samples)
0.0388888888888889
0.0833333333333333
0.0666666666666667
0.0333333333333333
0.0111111111111111
0
0
0
0
0.0444444444444444
0.0222222222222222
0.0777777777777778
0.0722222222222222
0
0
0
0.00555555555555556
0.1
0
0.0111111111111111
0
0.00555555555555556
0
0
0
0
0
0
0
0.0222222222222222
0.0166666666666667
0.0333333333333333
0
0
0
0
0
0
0
0
0
0
0
0
0
0
0
0.0722222222222222
0.0166666666666667
0.0222222222222222

