# Simulated data from SIR age-structured hybrid model
# random seed = 5458721
# Flag=0 if no issues, =1 if negative pop #'s, =2 if NaN, or=3 if NA. Flag:
0

# True SSB
64420.1990164612
65599.5107033361
51250.1728935792
51247.6089611681
55864.1672327525
52273.7531197423
48436.761921177
74058.0925822565
74890.5672036044
62708.3486169521
54622.546305792
52341.4239515445
46704.2595295817
40049.3079691644
44177.4268656694
70698.7991134521
74571.9282478638
50521.7890330613
43672.1683452161
40130.8558778495
51384.2009176745
53065.0468094764
55609.7932456135
71386.2902226512
59658.9739185962
37180.143308693
34248.8400284461
29868.120351997
29866.5257941812
33676.2754336016
30562.8698445746
27395.2248096239
27935.3733638134
28424.5148507752
23379.9798945649
20442.6436944193
18611.0122397113
13392.3396506266
13618.1200192653
12678.0315028474
12768.548491686
19522.7136665205
41874.630389681
45524.4851299262
35107.1305745214
31327.7197507905
29116.8958801427
26193.4658351182
23155.9411994733
22554.8169509254

# True R (numbers)
542.464927019378
364.358391717055
262.012251326722
211.961222348328
924.333543694938
834.69617131332
321.503680320104
290.093120219964
418.358016499162
64.7726187634996
145.743300225267
166.24132424276
1127.33321142977
325.91875980998
21.4998834925426
65.2357062050208
60.2258947802227
569.078293690839
459.454771862633
409.752923508301
929.316932905904
107.459293555795
139.971639853249
27.8550028753571
34.6296526226245
165.791558244775
160.268689959726
282.62023885727
99.8838065598892
167.402669586758
51.702757961521
10.7086151893497
54.4394097225337
24.6861826964347
94.9964910799954
12.4267511475141
40.4346935135707
33.029335839185
190.240095610865
836.36480624711
269.436271927379
126.889107366764
61.3773271135955
70.6794265759277
32.8356153542676
34.9982496654768
111.304328837874
34.174546249487
20.1906190231457
29.1901373842892

# True infection rate given (selected) susceptible
-999 -999 0.49467522263439 0.49467522263439 0.49467522263439 0.494675222634391 0.49467522263439 0.49467522263439
-999 -999 0.791522698701706 0.791522698701706 0.791522698701706 0.791522698701706 0.791522698701706 0.791522698701706
-999 -999 0.599825441199194 0.599825441199194 0.599825441199194 0.599825441199194 0.599825441199194 0.599825441199194
-999 -999 0.67910454317706 0.67910454317706 0.67910454317706 0.679104543177061 0.67910454317706 0.67910454317706
-999 -999 0.713543199766053 0.713543199766052 0.713543199766052 0.713543199766052 0.713543199766053 0.713543199766052
-999 -999 0.569764743679837 0.569764743679837 0.569764743679837 0.569764743679837 0.569764743679837 0.569764743679837
-999 -999 0.0178313769611092 0.0178313769611086 0.0178313769611091 0.0178313769611101 0.01783137696111 0.0178313769611101
-999 -999 0.896586756268967 0.896586756268967 0.896586756268966 0.896586756268967 0.896586756268967 0.896586756268966
-999 -999 0.909934596949427 0.909934596949427 0.909934596949427 0.909934596949427 0.909934596949427 0.909934596949427
-999 -999 0.729392879696231 0.729392879696231 0.729392879696231 0.729392879696231 0.729392879696231 0.729392879696231
-999 -999 0.603300698396328 0.603300698396327 0.603300698396328 0.603300698396328 0.603300698396328 0.603300698396328
-999 -999 0.592412059565787 0.592412059565786 0.592412059565787 0.592412059565786 0.592412059565787 0.592412059565787
-999 -999 0.371621880475969 0.37162188047597 0.37162188047597 0.371621880475969 0.37162188047597 0.37162188047597
-999 -999 0.0287087847383108 0.02870878473831 0.0287087847383114 0.028708784738311 0.0287087847383104 0.0287087847383115
-999 -999 0.225448411022554 0.225448411022553 0.225448411022553 0.225448411022554 0.225448411022554 0.225448411022554
-999 -999 0.911231877867523 0.911231877867523 0.911231877867523 0.911231877867523 0.911231877867523 0.911231877867523
-999 -999 0.858076760120309 0.85807676012031 0.85807676012031 0.85807676012031 0.85807676012031 0.85807676012031
-999 -999 0.00887240827406886 0.0088724082740691 0.00887240827406903 0.00887240827406845 0.0088724082740699 0.00887240827406925
-999 -999 0.00244530973183877 0.00244530973183763 0.00244530973183815 0.00244530973183884 0.00244530973183747 0.0024453097318382
-999 -999 0.00310181360178164 0.0031018136017815 0.00310181360178055 0.00310181360178213 0.00310181360178128 0.00310181360178222
-999 -999 0.792627535179253 0.792627535179253 0.792627535179253 0.792627535179253 0.792627535179253 0.792627535179254
-999 -999 0.792635467256831 0.792635467256831 0.792635467256832 0.792635467256832 0.792635467256831 0.792635467256832
-999 -999 0.721937380595135 0.721937380595136 0.721937380595135 0.721937380595136 0.721937380595136 0.721937380595135
-999 -999 0.903341423205325 0.903341423205325 0.903341423205324 0.903341423205325 0.903341423205325 0.903341423205325
-999 -999 0.842380938441803 0.842380938441803 0.842380938441803 0.842380938441803 0.842380938441803 0.842380938441803
-999 -999 0.00150165159983189 0.00150165159983184 0.00150165159983171 0.00150165159983244 0.00150165159983165 0.00150165159983188
-999 -999 0.002657029172019 0.00265702917201861 0.00265702917201826 0.00265702917201904 0.0026570291720186 0.00265702917201878
-999 -999 0.00296407581968561 0.00296407581968487 0.00296407581968429 0.00296407581968542 0.00296407581968446 0.00296407581968507
-999 -999 0.0074524341130633 0.00745243411306262 0.00745243411306293 0.00745243411306291 0.00745243411306306 0.00745243411306366
-999 -999 0.601408963013988 0.601408963013987 0.601408963013988 0.601408963013988 0.601408963013987 0.601408963013988
-999 -999 0.637163699386054 0.637163699386054 0.637163699386054 0.637163699386054 0.637163699386053 0.637163699386054
-999 -999 0.287535981232984 0.287535981232984 0.287535981232984 0.287535981232984 0.287535981232984 0.287535981232984
-999 -999 0.0148595962094992 0.0148595962094988 0.0148595962094998 0.0148595962094998 0.0148595962094995 0.0148595962095006
-999 -999 0.130669566635799 0.130669566635799 0.1306695666358 0.1306695666358 0.130669566635799 0.130669566635799
-999 -999 0.0218110720976538 0.0218110720976549 0.021811072097654 0.0218110720976542 0.0218110720976546 0.0218110720976542
-999 -999 0.00492113013488388 0.00492113013488265 0.00492113013488224 0.00492113013488295 0.00492113013488258 0.00492113013488343
-999 -999 0.497249034942661 0.497249034942661 0.497249034942662 0.497249034942662 0.497249034942662 0.497249034942661
-999 -999 0.00304738455420645 0.0030473845542064 0.00304738455420611 0.00304738455420625 0.00304738455420591 0.00304738455420623
-999 -999 0.00963213196829062 0.00963213196828983 0.00963213196829034 0.00963213196829073 0.00963213196829078 0.00963213196829134
-999 -999 0.00220627479836771 0.00220627479836799 0.00220627479836758 0.00220627479836829 0.00220627479836805 0.00220627479836763
-999 -999 0.0011123720071497 0.00111237200714966 0.00111237200714962 0.00111237200715001 0.00111237200714984 0.00111237200714979
-999 -999 0.486291853780662 0.486291853780663 0.486291853780663 0.486291853780663 0.486291853780662 0.486291853780663
-999 -999 0.907875990038097 0.907875990038096 0.907875990038097 0.907875990038096 0.907875990038097 0.907875990038097
-999 -999 0.81173162728263 0.81173162728263 0.81173162728263 0.81173162728263 0.81173162728263 0.81173162728263
-999 -999 0.232519102515798 0.232519102515797 0.232519102515798 0.232519102515798 0.232519102515797 0.232519102515797
-999 -999 0.00282815068220527 0.0028281506822065 0.0028281506822058 0.00282815068220603 0.00282815068220591 0.00282815068220706
-999 -999 0.00214164700957978 0.00214164700957994 0.00214164700957863 0.00214164700957961 0.00214164700957994 0.00214164700957947
-999 -999 0.00325706441500031 0.00325706441499977 0.00325706441499962 0.00325706441500055 0.00325706441500108 0.00325706441500065
-999 -999 0.00702161065915509 0.00702161065915502 0.00702161065915508 0.00702161065915513 0.00702161065915581 0.0070216106591558
-999 -999 0.0160401909359509 0.0160401909359508 0.0160401909359505 0.0160401909359499 0.0160401909359503 0.0160401909359503

# Duration of outbreak (days) based on incidence
0
0
0
0
0
0
0
1
2
0
0
0
0
0
0
3
0
0
0
0
0
0
0
0
0
0
0
0
0
0
0
0
0
0
0
0
0
0
0
0
0
0
4
0
0
0
0
0
0
0

# Duration of outbreak (days) based on prevalence
0
23
0
10
12
0
0
22
20
11
0
0
0
0
0
18
15
0
0
0
21
18
16
23
18
0
0
0
0
11
18
0
0
0
0
0
0
0
0
0
0
0
22
15
0
0
0
0
0
0

# Peak (point) prevalence
0.0445776939029475
0.189430157987852
0.071625677491981
0.117047008769408
0.140904055648088
0.0667940952488743
0.000913988930950405
0.405691073035551
0.413671519159788
0.146580704618985
0.0791481818631568
0.0809245389987978
0.0235170292724881
0.00244895093483213
0.0215182593177438
0.439488331002356
0.247667348373632
0.000194446993810002
3.99235769768081e-05
8.30860013794899e-05
0.223474048541674
0.223906050078928
0.152146279910864
0.355855666291907
0.214112967171435
3.97174508006176e-05
9.86847927882889e-05
9.95734001531332e-05
0.000323659265316671
0.107482769294936
0.122620808259326
0.0240794428068282
0.00105153941215562
0.0132009120937566
0.00182241782479797
0.000193025191789562
0.077779280258702
0.000160796228584189
0.00101676961692119
0.000123681231765023
6.3024654805301e-05
0.0894390658622659
0.491591797853141
0.249600923453142
0.0215032933113292
7.86481794855631e-05
6.96552497715182e-05
9.51141676826453e-05
0.000249884134317576
0.00085156265623994

# Day of peak prevalence
61
41
62
44
36
65
119
24
20
30
67
54
71
119
109
18
20
97
45
61
32
30
40
22
27
78
119
78
109
65
67
98
119
119
119
82
86
97
119
100
83
88
20
23
114
68
66
52
75
119

# Total immunity
0.148784798765275
0.1304902589528
0.13906152432551
0.130957361721229
0.0850376261840796
0.0789804843753683
0.075408374
0.0634559356052821
0.0810203548642087
0.157893061294608
0.199033611997467
0.190703370631773
0.0891291738010127
0.0822680934285842
0.0815648417878568
0.0921400120619449
0.290996099790509
0.223897880306504
0.140145067334487
0.098065063587414
0.0523089864204422
0.0707954806064598
0.113230730820706
0.178123893424731
0.321749709418566
0.324233741233441
0.226473145296478
0.134638789909687
0.113884076604788
0.0858419414216391
0.119948045870462
0.188681472769353
0.203061351214326
0.187145398803621
0.145222984721289
0.141644657101997
0.117048001934588
0.148304451367336
0.0628771419668165
0.0149304209590348
0.0113622198259681
0.00995249668583645
0.0363288760931383
0.150548319005937
0.305524055225596
0.299627174812077
0.206549818678091
0.184233645575912
0.170622378709882
0.150517433402316

# Observed immunity (based on survey selectivity)
0.492801387902072
0.420886222366757
0.511068590838306
0.419214321067127
0.38714691280851
0.47843485277427
0.443206917145968
0.219711862103119
0.240204039181258
0.395715500640981
0.478685989746808
0.421232099339107
0.494290263218782
0.514914233808006
0.354209964434881
0.19097600518418
0.404821402870759
0.687683023684647
0.635680403651585
0.532175525542009
0.30535790581164
0.300868186850953
0.36609751145126
0.323237513737602
0.45935505322069
0.657833414801297
0.565801401618339
0.508568029177246
0.38548498168997
0.262779878392323
0.299080755745396
0.369164297293159
0.350577080145786
0.278976317312284
0.294901021641538
0.269114960883622
0.230378491946975
0.309941521488339
0.241289220354254
0.205182553284621
0.156225794986939
0.0735370771173145
0.0901909514983413
0.268785111503081
0.50943636619009
0.47730713375363
0.406013145541429
0.355084366168901
0.31342854608532
0.247463583653998

# True total proportion of susceptible
1 1 1 0.991045438070906 0.849783471678806 0.302615416349014 0.0396070715793535 0.0032191660410306
1 1 1 0.994202052326552 0.918579266259707 0.642425086192238 0.167273789331026 0.00389849663867097
1 1 1 0.992573222486149 0.884480503884356 0.504548274198931 0.212165134596409 0.0150071961475595
1 1 1 0.995362027700372 0.928967507380069 0.653238851925888 0.259819634722068 0.0197419747408441
1 1 1 0.988861995860358 0.851695269332379 0.543500204616713 0.287524034715731 0.0158519656000592
1 1 1 0.98490933601479 0.799943054033046 0.4032048789448 0.192511425237072 0.021076130459014
1 1 1 0.995085285106672 0.917488418854972 0.561152598958829 0.205054042372727 0.0133482644715744
1 1 1 0.999705373133135 0.992103572809712 0.911352405177891 0.554602983727997 0.0836872755617996
1 1 1 0.993488077396266 0.896701316385282 0.518915356056557 0.291173928958307 0.0240044126632352
1 1 1 0.988060782674256 0.815939786755975 0.274040265525555 0.0647610167261814 0.00474080984730306
1 1 1 0.988827970366445 0.838736228970061 0.405144887130545 0.0823418122789975 0.00268238062640931
1 1 1 0.996179386111385 0.933982922703078 0.604780306091397 0.193766590566268 0.0133891152847947
1 1 1 0.988359737452821 0.854602777661577 0.592257672967444 0.304993348062792 0.0339557791254265
1 1 1 0.993318104259737 0.911999789680856 0.680968443221738 0.426913511829784 0.0509717704946052
1 1 1 0.99966371130975 0.989860747067148 0.904208636913665 0.67107559926147 0.126970666735937
1 1 1 0.99499865509382 0.946257149119846 0.880757096632945 0.787445868144761 0.265673550870224
1 1 1 0.977805866388567 0.709022976381712 0.211748141339012 0.123047963680529 0.0291957350789446
1 1 1 0.986563190760283 0.787205376598799 0.210418187362796 0.032059260334366 0.00602713991915837
1 1 1 0.999775797290255 0.984310687278128 0.783067786597081 0.208673544208421 0.0107985689057929
1 1 1 0.999956591526478 0.99934135008627 0.983472944209138 0.782101815790478 0.132001884581191
1 1 1 0.999961019175568 0.999566420741965 0.99859845849354 0.982664931401789 0.299995774774981
1 1 1 0.992254773045336 0.888308656388707 0.619555636674865 0.55951693730013 0.0779898365881117
1 1 1 0.985406733119359 0.799130744419834 0.370816438978069 0.176742684608541 0.0207985883998281
1 1 1 0.985556758103132 0.801589057361444 0.363717451638895 0.1160877659417 0.00729809842367636
1 1 1 0.988947033992992 0.817303464577749 0.225589142570096 0.0416996726519714 0.00451487828792024
1 1 1 0.99540499027063 0.91178393172781 0.3785486967524 0.0394280777510442 0.00243375949322859
1 1 1 0.9999811816055 0.995213333733648 0.911363891317514 0.378125777017113 0.0112863247695484
1 1 1 0.999959373109403 0.999574658720367 0.994435102398205 0.910462608691233 0.151457797433716
1 1 1 0.999938898050677 0.999347998688431 0.998412197530283 0.99320810366099 0.239036453926937
1 1 1 0.999827550051435 0.998211477475617 0.996059928066516 0.994949602150697 0.415808380251713
1 1 1 0.993242505778654 0.912241455506063 0.761279762813125 0.733524917166147 0.216315885793157
1 1 1 0.991162105014657 0.877765591023368 0.586641524583025 0.408564276144531 0.0941504045339031
1 1 1 0.993090875339214 0.916299727354916 0.72502522360433 0.452295040371631 0.114693767628217
1 1 1 0.999699886673241 0.990062466566165 0.910318244598788 0.718693533595904 0.193159959337324
1 1 1 0.998259150432652 0.98142093650598 0.952867642396305 0.866051822985757 0.396522735917918
1 1 1 0.999505367252976 0.993281326353629 0.971862238133573 0.942733031516325 0.492151581600547
1 1 1 0.999928862883446 0.998792280090162 0.991911201668337 0.970373367809002 0.645530512882753
1 1 1 0.995613594625636 0.944985796838581 0.858654240384815 0.835242862155772 0.467643536133303
1 1 1 0.999979785256011 0.995404553294963 0.944482486598966 0.857967603346858 0.47705006005101
1 1 1 0.999834883457857 0.998323945080192 0.992233968235009 0.940982298836844 0.534680658543444
1 1 1 0.999982018444717 0.999654777022237 0.997979313179573 0.991861633501725 0.579084754843176
1 1 1 0.999974190417034 0.999723919659534 0.999164356911885 0.997462878132574 0.746698731378925
1 1 1 0.98870274861152 0.869702260724344 0.707460256751669 0.685231618579187 0.477112393666638
1 1 1 0.984579626003924 0.770783736126476 0.227512655154696 0.103039841718262 0.0625596696687611
1 1 1 0.985231905852171 0.786912704367564 0.276823173610993 0.0459062137316349 0.0126334963291534
1 1 1 0.998124672265957 0.963133258484365 0.714302127667718 0.221260124451822 0.0224565675685059
1 1 1 0.999941065153702 0.99753383647243 0.961992593207354 0.713097032221276 0.172356214024506
1 1 1 0.9999661690078 0.999602575734022 0.996888396133465 0.96128409450427 0.347226483908636
1 1 1 0.999940404366863 0.999369775743491 0.998468310666284 0.995691627449777 0.482022834427879
1 1 1 0.999856181910274 0.998499701716457 0.996626920838139 0.995579147821584 0.548594521907009

# True vulnerable proportion of susceptible
0 0 0.05 0.495522719035453 0.807294298094866 0.302615416349014 0.0396070715793535 0.0032191660410306
0 0 0.05 0.497101026163276 0.872650302946722 0.642425086192238 0.167273789331026 0.00389849663867097
0 0 0.05 0.496286611243074 0.840256478690138 0.504548274198931 0.212165134596409 0.0150071961475595
0 0 0.05 0.497681013850186 0.882519132011066 0.653238851925888 0.259819634722068 0.0197419747408441
0 0 0.05 0.494430997930179 0.80911050586576 0.543500204616713 0.287524034715731 0.0158519656000592
0 0 0.05 0.492454668007395 0.759945901331393 0.4032048789448 0.192511425237072 0.021076130459014
0 0 0.05 0.497542642553336 0.871613997912223 0.561152598958829 0.205054042372727 0.0133482644715744
0 0 0.05 0.499852686566568 0.942498394169226 0.911352405177891 0.554602983727997 0.0836872755617996
0 0 0.05 0.496744038698133 0.851866250566018 0.518915356056557 0.291173928958307 0.0240044126632352
0 0 0.05 0.494030391337128 0.775142797418176 0.274040265525555 0.0647610167261814 0.00474080984730306
0 0 0.05 0.494413985183222 0.796799417521557 0.405144887130545 0.0823418122789975 0.00268238062640931
0 0 0.05 0.498089693055693 0.887283776567924 0.604780306091397 0.193766590566268 0.0133891152847947
0 0 0.05 0.494179868726411 0.811872638778498 0.592257672967444 0.304993348062792 0.0339557791254265
0 0 0.05 0.496659052129869 0.866399800196813 0.680968443221738 0.426913511829784 0.0509717704946052
0 0 0.05 0.499831855654875 0.940367709713791 0.904208636913665 0.67107559926147 0.126970666735937
0 0 0.05 0.49749932754691 0.898944291663854 0.880757096632945 0.787445868144761 0.265673550870224
0 0 0.05 0.488902933194283 0.673571827562626 0.211748141339012 0.123047963680529 0.0291957350789446
0 0 0.05 0.493281595380142 0.747845107768859 0.210418187362796 0.032059260334366 0.00602713991915837
0 0 0.05 0.499887898645128 0.935095152914222 0.783067786597081 0.208673544208421 0.0107985689057929
0 0 0.05 0.499978295763239 0.949374282581957 0.983472944209138 0.782101815790478 0.132001884581191
0 0 0.05 0.499980509587784 0.949588099704867 0.99859845849354 0.982664931401789 0.299995774774981
0 0 0.05 0.496127386522668 0.843893223569271 0.619555636674865 0.55951693730013 0.0779898365881117
0 0 0.05 0.492703366559679 0.759174207198843 0.370816438978069 0.176742684608541 0.0207985883998281
0 0 0.05 0.492778379051566 0.761509604493372 0.363717451638895 0.1160877659417 0.00729809842367636
0 0 0.05 0.494473516996496 0.776438291348861 0.225589142570096 0.0416996726519714 0.00451487828792024
0 0 0.05 0.497702495135315 0.86619473514142 0.3785486967524 0.0394280777510442 0.00243375949322859
0 0 0.05 0.49999059080275 0.945452667046965 0.911363891317514 0.378125777017113 0.0112863247695484
0 0 0.05 0.499979686554702 0.949595925784349 0.994435102398205 0.910462608691233 0.151457797433716
0 0 0.05 0.499969449025339 0.94938059875401 0.998412197530283 0.99320810366099 0.239036453926937
0 0 0.05 0.499913775025718 0.948300903601836 0.996059928066516 0.994949602150697 0.415808380251713
0 0 0.05 0.496621252889327 0.86662938273076 0.761279762813125 0.733524917166147 0.216315885793157
0 0 0.05 0.495581052507329 0.8338773114722 0.586641524583025 0.408564276144531 0.0941504045339031
0 0 0.05 0.496545437669607 0.87048474098717 0.72502522360433 0.452295040371631 0.114693767628217
0 0 0.05 0.49984994333662 0.940559343237856 0.910318244598788 0.718693533595904 0.193159959337324
0 0 0.05 0.499129575216326 0.932349889680681 0.952867642396305 0.866051822985757 0.396522735917918
0 0 0.05 0.499752683626488 0.943617260035948 0.971862238133573 0.942733031516325 0.492151581600547
0 0 0.05 0.499964431441723 0.948852666085654 0.991911201668337 0.970373367809002 0.645530512882753
0 0 0.05 0.497806797312818 0.897736506996651 0.858654240384815 0.835242862155772 0.467643536133303
0 0 0.05 0.499989892628006 0.945634325630214 0.944482486598966 0.857967603346858 0.47705006005101
0 0 0.05 0.499917441728929 0.948407747826182 0.992233968235009 0.940982298836844 0.534680658543444
0 0 0.05 0.499991009222359 0.949672038171125 0.997979313179573 0.991861633501725 0.579084754843176
0 0 0.05 0.499987095208517 0.949737723676558 0.999164356911885 0.997462878132574 0.746698731378925
0 0 0.05 0.49435137430576 0.826217147688127 0.707460256751669 0.685231618579187 0.477112393666638
0 0 0.05 0.492289813001962 0.732244549320152 0.227512655154696 0.103039841718262 0.0625596696687611
0 0 0.05 0.492615952926085 0.747567069149185 0.276823173610993 0.0459062137316349 0.0126334963291534
0 0 0.05 0.499062336132978 0.914976595560146 0.714302127667718 0.221260124451822 0.0224565675685059
0 0 0.05 0.499970532576851 0.947657144648809 0.961992593207354 0.713097032221276 0.172356214024506
0 0 0.05 0.4999830845039 0.949622446947321 0.996888396133465 0.96128409450427 0.347226483908636
0 0 0.05 0.499970202183431 0.949401286956316 0.998468310666284 0.995691627449777 0.482022834427879
0 0 0.05 0.499928090955137 0.948574716630634 0.996626920838139 0.995579147821584 0.548594521907009

# True survival by age
0.778267540515681 0.778267540515681 0.762690645701958 0.623898210024667 0.526844875058318 0.684363245463797 0.766440559137903 0.777796174258893
0.778267540515681 0.778267540515681 0.752282663229817 0.519928448957518 0.324796736804973 0.44459147407526 0.691779807790309 0.776772665091985
0.778267540515681 0.778267540515681 0.757523182280612 0.572368555771612 0.429717512361314 0.569201133522818 0.690663056451605 0.772566487535994
0.778267540515681 0.778267540515681 0.759570162700233 0.592163414729243 0.448289545252146 0.53417537595275 0.681503318699953 0.771407792599283
0.778267540515681 0.778267540515681 0.761380680913113 0.611285742869388 0.505079912598937 0.594950732646674 0.681539902888132 0.773438531778492
0.778267540515681 0.778267540515681 0.758913219247245 0.58765307040479 0.48420947697286 0.622510641789303 0.704179568349346 0.770631260381746
0.778267540515681 0.778267540515681 0.777788272317106 0.773501033930596 0.769956801789445 0.773122700720809 0.776725921899815 0.778665717235391
0.778267540515681 0.778267540515681 0.747779880394769 0.473480921251945 0.203580337107974 0.222614763596929 0.440334099760097 0.727727573179235
0.778267540515681 0.778267540515681 0.751446941314881 0.511811557603754 0.321371358187357 0.500171659642075 0.622456331815109 0.76591172827522
0.778267540515681 0.778267540515681 0.757836673476031 0.57640452223534 0.461628900638338 0.666677048570582 0.752303775299628 0.776861077956831
0.778267540515681 0.778267540515681 0.756680860284614 0.564818365918961 0.434348448534324 0.603670080061575 0.743207147486713 0.777641278855094
0.778267540515681 0.778267540515681 0.763305378570319 0.6292196048133 0.512789072500673 0.597501870853234 0.720714116326372 0.774787041201423
0.778267540515681 0.778267540515681 0.768282550370803 0.679586125218422 0.616214266560124 0.660211225520054 0.717731036145794 0.772001714006378
0.778267540515681 0.778267540515681 0.777369110856118 0.76934683912437 0.762746480422019 0.766201616786043 0.770902099397364 0.777857711745977
0.778267540515681 0.778267540515681 0.772821335238229 0.723823982037006 0.67584423552907 0.679828503541427 0.705346627598439 0.764902910603394
0.778267540515681 0.778267540515681 0.759310726602231 0.58965016395816 0.437473805378249 0.444404158229808 0.479831587637481 0.677932633316703
0.778267540515681 0.778267540515681 0.754631002363715 0.547159918711119 0.460004577841948 0.678588009523997 0.720566610899641 0.764983492541647
0.778267540515681 0.778267540515681 0.778106656214478 0.776687480298808 0.775974680913088 0.778011519478719 0.778680531075566 0.778778175700023
0.778267540515681 0.778267540515681 0.778228788451348 0.777880226309956 0.777551169374431 0.777776308138709 0.778527778845181 0.778786655478182
0.778267540515681 0.778267540515681 0.778198559776194 0.77757778621155 0.776958120934611 0.776919539626024 0.777304733868181 0.778548282296867
0.778267540515681 0.778267540515681 0.752657934087713 0.52218147985796 0.291896221676128 0.266794017845364 0.274963541436653 0.624985338116945
0.778267540515681 0.778267540515681 0.757922788240543 0.57639989508599 0.43495112748951 0.526376290663979 0.550837755167485 0.747025517464345
0.778267540515681 0.778267540515681 0.76045758950684 0.602774865860239 0.507957543803163 0.646518595736338 0.715750965269575 0.771381255569887
0.778267540515681 0.778267540515681 0.750980153074139 0.509342551227002 0.362781189308498 0.580108853005513 0.715384243204918 0.774813970629278
0.778267540515681 0.778267540515681 0.748421203547708 0.483108970227207 0.314888184514456 0.644020298031214 0.753886897402886 0.77610332397115
0.778267540515681 0.778267540515681 0.778247796208749 0.77807345495392 0.777972532783117 0.778449441163735 0.778764188741076 0.77879852422938
0.778267540515681 0.778267540515681 0.778217220850703 0.777764363370028 0.777318595740678 0.777397614547131 0.778218607067304 0.77878340624111
0.778267540515681 0.778267540515681 0.778221185822723 0.777804034082557 0.777387402774272 0.777348573279131 0.77747120136954 0.77857960373449
0.778267540515681 0.778267540515681 0.778123796142383 0.776830217195474 0.775538525806743 0.775398064486986 0.775415800715538 0.777986115756497
0.778267540515681 0.778267540515681 0.759026180677178 0.585887215803455 0.413336515804408 0.394958691596899 0.395386567279614 0.618564682982266
0.778267540515681 0.778267540515681 0.759133157831082 0.58822032185739 0.446665972008485 0.487062470070932 0.497698706894983 0.695904015445136
0.778267540515681 0.778267540515681 0.771747725894362 0.713650321413673 0.66959821134987 0.701992081056556 0.725307652385499 0.7664737143874
0.778267540515681 0.778267540515681 0.777915245723708 0.774772617321592 0.772178828248142 0.773305716561704 0.775372776364969 0.777931503133481
0.778267540515681 0.778267540515681 0.774219842571987 0.7378028687929 0.702130837240497 0.70462149690875 0.720236458333129 0.763060718556749
0.778267540515681 0.778267540515681 0.777779994365325 0.773401494752241 0.769186175673006 0.769001334477523 0.769894162737814 0.77472287760579
0.778267540515681 0.778267540515681 0.778149064554255 0.777083630681556 0.776035203956373 0.775979698507006 0.776064253654779 0.777372184268279
0.778267540515681 0.778267540515681 0.761230572187349 0.607910014773713 0.454956728116234 0.440288659260347 0.447638932016366 0.558498900671805
0.778267540515681 0.778267540515681 0.778185718801668 0.777455251425628 0.776827789635293 0.776937780855929 0.776988575980971 0.77778614772356
0.778267540515681 0.778267540515681 0.778025737200488 0.775849567023033 0.773696840705472 0.773729564888385 0.774194090017517 0.776239353957505
0.778267540515681 0.778267540515681 0.77821818805344 0.777774185429514 0.777332309108213 0.777292297905272 0.777370215398022 0.777987912450308
0.778267540515681 0.778267540515681 0.778269008465679 0.778282229340231 0.778295606024595 0.778297917706501 0.77830100030469 0.778508991786044
0.778267540515681 0.778267540515681 0.766951470412909 0.665109773881228 0.563321714526042 0.552135707976013 0.552521696339807 0.609408707732828
0.778267540515681 0.778267540515681 0.75416944823443 0.540015063943217 0.38013187942837 0.437454684105638 0.448179892840807 0.548596396617094
0.778267540515681 0.778267540515681 0.757439863281898 0.573210696701644 0.473370705793314 0.683908260678451 0.735824226532302 0.752707971439002
0.778267540515681 0.778267540515681 0.770112130725044 0.697925716181606 0.656446851831863 0.733501040767979 0.771288624226307 0.776733419560476
0.778267540515681 0.778267540515681 0.778225081837973 0.777844749982511 0.777510225503519 0.777813320302788 0.778494909510883 0.778769738750622
0.778267540515681 0.778267540515681 0.778233489357949 0.777927080432933 0.777623479120871 0.777632668451862 0.777934893797024 0.778591496830746
0.778267540515681 0.778267540515681 0.778208355846889 0.777675731890654 0.777143690639227 0.777089189564338 0.777150319869123 0.778204617444794
0.778267540515681 0.778267540515681 0.778120270308957 0.776794957993989 0.775471506102209 0.77532746458725 0.77533712368713 0.777123995933826
0.778267540515681 0.778267540515681 0.777821233946035 0.773805193378729 0.769801237981924 0.769373316339911 0.769383227616688 0.773611422342507

# True Numbers-at-age
542.464927019378 73.9491058690283 301.021476830675 146.226650390108 115.092146919323 104.559993496425 15.4921765936284 102.414886399805
364.358391717055 422.18284456739 57.5521887480224 229.586264534145 91.2305454362911 60.6357077639045 71.5570164948869 91.5317393196115
262.012251326722 283.568309387882 328.571204089376 43.2955138260673 119.368430421188 29.6313834546452 26.958118696351 120.60105220868
211.961222348328 203.915630425024 220.692010715496 248.900304127557 24.780990720016 51.2947049750677 16.8662170502333 111.791307953012
924.333543694938 164.962539201731 158.700916163588 167.631066485811 147.389654019321 11.1090590607736 27.4003683144422 97.7310689934674
834.69617131332 719.378793667603 128.384989661752 120.831811610168 102.470481004767 74.4435535700663 6.60934282722243 94.2634188715739
321.503680320104 649.616936325873 559.869164446822 97.4330658072247 71.0071850952882 49.6171780124755 46.3419043099783 77.2965014720398
290.093120219964 250.215878549467 505.575775311669 435.459670138716 75.3645771409161 54.6724651400392 38.3601666671503 96.1830941062732
418.358016499162 225.770059194111 194.734896396664 378.059392793052 206.181845785347 15.3427460203476 12.1708979024112 86.8863791108551
64.7726187634996 325.594464555821 175.70950869108 146.332942264543 193.495166692141 66.2609398136132 7.6740067404641 74.123149251602
145.743300225267 50.4104266978287 253.399603135379 133.159109564556 84.3469696732857 89.3229610789252 44.1746477904527 63.3565738716805
166.24132424276 113.427279812957 39.2327988024651 191.742629696258 75.2107106714764 36.6359754161633 53.9215990658517 82.0996011050234
1127.33321142977 129.380226550483 88.276770087414 29.9466063422888 120.648221683343 38.5672305673428 21.8900638516907 102.471764645628
325.91875980998 877.36684580109 100.692430708806 67.8215020612554 20.3512981675975 74.3451554363842 25.4625185577799 94.8195561532548
21.4998834925426 253.651991605234 682.826137211615 78.2751853300456 52.1782582354937 15.5228810493541 56.9633782955672 93.3852319902768
65.2357062050208 16.7326614471148 197.409111653509 527.702607095442 56.6574563402782 35.2643750484057 10.5528969944339 111.609562534128
60.2258947802227 50.7708326219851 13.0224872707276 149.894856007527 311.159928794976 24.7861530282335 15.671634908887 80.727377951101
569.078293690839 46.8718590059601 39.5132910346456 9.82717262237789 82.0164572282935 143.134991686664 16.8195862471862 73.047568382316
459.454771862633 442.895163991629 36.4788464279663 30.7455547629976 7.63264194253611 63.642694227347 111.360672372715 69.9849363955329
409.752923508301 357.578735275725 344.690929986054 28.388888459739 23.9163590970658 5.93476966783528 49.4997797561467 141.200711462366
929.316932905904 318.897399997915 278.291922843746 268.237985283065 22.0745690415305 18.5820094236536 4.61083851812108 148.407984498006
107.459293555795 723.257203732254 248.187495173223 209.458623720871 140.068908109228 6.44348329835157 4.95756895377696 94.0206268586757
139.971639853249 83.6320801012209 562.88760510895 188.106958348125 120.731928737566 60.9231295083334 3.3916968375416 72.9666235850108
27.8550028753571 108.935383890535 65.0881332885876 428.05215134443 113.386146585669 61.3266939801525 39.3879361375908 58.7126960010731
34.6296526226245 21.6786445788614 84.7808732956181 48.8798963003735 218.025174823979 41.1343611094565 35.5761581034464 73.6689260001352
165.791558244775 26.9511345755223 16.8717853981041 63.4518032297323 23.6143163664861 68.6535514787696 26.4913635010357 83.9950977962114
160.268689959726 129.030188273423 20.9751932201989 13.1304298041814 49.3701637620141 18.371289513577 53.4433187825539 86.0457834117209
282.62023885727 124.731919156626 100.420007279833 16.3232565746297 10.212380377424 38.3763463669761 14.2817966440095 108.601613398078
99.8838065598892 219.954158195402 97.0748039458283 78.1489771456377 12.6962948131116 7.9389758577486 29.8317980960346 95.6586867189352
167.402669586758 77.7363244687089 171.183181724932 75.5362149561054 60.7084868896499 9.84646576256837 6.15586651410718 97.5531777262529
51.702757961521 130.284063935045 60.499658052991 129.932516620843 44.2557026729639 25.0930344507255 3.88894723443766 62.7768973837967
10.7086151893497 40.2385782765905 101.395858007115 45.9272964654678 76.4289467464528 19.7675164513379 12.2218753411453 45.6222189763338
54.4394097225337 8.33416760574404 31.3163793491698 78.2520228320988 32.7760298842421 51.1766860367793 13.8766400109944 43.8328513488202
24.6861826964347 42.3684255118817 6.48621212476788 24.3614889365863 60.6275245403342 25.3089563506402 39.575223866925 44.8585248283561
94.9964910799954 19.212454691875 32.973970318654 5.0217541301263 17.9739764254798 42.5684545653236 17.8332347089863 62.7332972645759
12.4267511475141 73.9326854704479 14.9524298603145 25.6464944486451 3.88383215051792 13.8253341883516 32.7351983673796 62.3306238836937
40.4346935135707 9.67133705217619 57.5394092848048 11.6352193086168 19.9294710204075 3.01399047505949 10.7281786552357 73.8587105244931
33.029335839185 31.469009472312 7.52688770109533 43.800757453194 7.07316634179665 9.06704692853191 1.3270258252874 46.052359068677
190.240095610865 25.7056599684289 24.4913086044809 5.85731651601631 34.0531288984059 5.49463217502064 7.04453131957014 36.8499708598884
836.36480624711 148.057691318536 20.0058807609616 19.0548684320059 4.54439648286811 26.3467982448329 4.25135936200044 34.0582320881872
269.436271927379 650.915580731812 115.228495276907 15.5689402762087 14.82038477317 3.53250621153111 20.4791633501727 29.8017730270095
126.889107366764 209.693504678636 506.586468099483 89.6787667661503 12.1170295466326 11.534640348552 2.74934222871994 39.1399015935363
61.3773271135955 98.7536735085613 163.197648148355 388.527236600181 59.6462242857816 6.8257858591718 6.36868681509644 25.371268082938
70.6794265759277 47.7679814161244 76.8567785983966 123.078680257202 209.810560516328 22.6734313385603 2.98597199679673 16.7729036222327
32.8356153542676 55.0075034863059 37.1762694121259 58.2143878738566 70.5500160593494 99.3181731145048 15.506546990367 14.8222487956227
34.9982496654768 25.5548936030848 42.810554448195 28.6298960493805 40.6293183489352 46.3123359388473 72.8499833466636 23.4729592873009
111.304328837874 27.2380016895044 19.8885441926127 33.3162472389755 22.2696143345557 31.5897104715349 36.022351787573 74.9933715652055
34.174546249487 86.6245462534007 21.1984525834525 15.4779311452668 25.917610945598 17.3173749775172 24.5651908496014 86.4122458315223
20.1906190231457 26.5969400578276 67.417072560921 16.4968129314669 12.0368114315485 20.1417078228137 13.4571448866606 86.3372546362791
29.1901373842892 15.7137034086327 20.6995351240485 52.4585907245424 12.8146411081335 9.33420428949118 15.6164192587193 77.5285763303658

