# Simulated data from SIR age-structured hybrid model
# random seed = 6647104
# Flag=0 if no issues, =1 if negative pop #'s, =2 if NaN, or=3 if NA. Flag:
0

# True SSB
15696.8790909544
13576.3657014689
11281.5312202508
9482.7052658415
6709.40555659114
5655.82552247534
4840.70477166904
4340.69376412343
4700.91186975042
5453.75231034986
5598.90075158662
5755.66161472528
8785.92399486604
17929.4170622324
23818.6213403562
35981.3707673154
28162.9573300951
14269.0792980889
16065.6887358181
17661.2937956632
22675.0946612428
28819.9306055137
21069.3688664373
10216.6695447739
9360.22291101167
10105.1746630854
11001.0545787122
10767.1123641427
10250.1191348767
12155.2893759213
15038.1428878933
26896.9925185135
59133.7094118694
52577.8837356798
42306.6406632719
74793.8827835644
63180.7448523598
30274.9826171729
26923.2768645815
24772.4802245977
26810.5485172759
23482.8217577951
22140.3748203339
19350.8076139771
14986.1255442194
24788.1746548283
26817.0092965174
24742.4084429133
32843.6017258735
41752.5684631988

# True R (numbers)
16.4233295848878
9.69605680300559
3.3016501232493
9.24282166868473
5.525882391446
35.6104704834668
24.8657676579505
14.4435420638359
16.6658622695129
99.9127589175225
240.904334848108
363.646427245706
691.037408648632
65.5608255011048
65.5794348768953
91.9108564045276
52.8225564797633
191.560274709437
456.744991269654
37.1166606409954
14.0198636461547
18.8132589964629
70.4525452369516
33.1112940992991
30.4466311839219
12.7883453724508
117.860501580976
56.3580653496267
464.857649949479
1369.89890390301
159.355184479916
568.561696668967
1457.81177685984
205.447494368964
53.7821525635036
27.2353331428655
65.967342860214
182.336806231647
54.5220101981098
223.150931111514
57.7555844269568
61.8817699920013
351.858470059348
285.081238818743
208.030301660154
493.347244463997
595.745304837045
202.552166621156
77.958407845582
53.6632768577009

# True infection rate given (selected) susceptible
-999 -999 0.0728010327171382 0.0728010327171392 0.0728010327171386 0.0728010327171386 0.0728010327171387 0.0728010327171378
-999 -999 0.0255695857207403 0.0255695857207402 0.02556958572074 0.0255695857207398 0.0255695857207399 0.0255695857207397
-999 -999 0.0312843135025062 0.0312843135025061 0.0312843135025055 0.0312843135025056 0.0312843135025058 0.0312843135025052
-999 -999 0.263484557546997 0.263484557546998 0.263484557546997 0.263484557546997 0.263484557546997 0.263484557546997
-999 -999 0.0122836646190517 0.0122836646190519 0.0122836646190518 0.0122836646190522 0.0122836646190524 0.0122836646190518
-999 -999 0.00279350151633056 0.00279350151633215 0.00279350151633203 0.00279350151633171 0.00279350151633154 0.0027935015163316
-999 -999 0.00118512597857037 0.00118512597857218 0.00118512597857112 0.00118512597857099 0.00118512597857059 0.00118512597857072
-999 -999 0.000881988164873153 0.00088198816487438 0.000881988164873941 0.000881988164873896 0.000881988164873219 0.00088198816487445
-999 -999 0.000532116799675081 0.000532116799673945 0.000532116799674614 0.000532116799674399 0.000532116799674874 0.000532116799675125
-999 -999 0.000358275009782864 0.000358275009781686 0.000358275009782062 0.000358275009782115 0.00035827500978129 0.000358275009781744
-999 -999 0.000215826125368227 0.000215826125367535 0.000215826125368119 0.000215826125368049 0.00021582612536685 0.000215826125367065
-999 -999 9.37818839834223e-05 9.37818839828366e-05 9.37818839829202e-05 9.37818839829468e-05 9.37818839835093e-05 9.37818839839005e-05
-999 -999 0.00248390487166508 0.0024839048716669 0.00248390487166656 0.00248390487166623 0.00248390487166634 0.00248390487166598
-999 -999 0.817032116048012 0.817032116048012 0.817032116048012 0.817032116048012 0.817032116048012 0.817032116048012
-999 -999 0.880841511967972 0.880841511967972 0.880841511967973 0.880841511967973 0.880841511967973 0.880841511967972
-999 -999 0.941570929090946 0.941570929090947 0.941570929090946 0.941570929090946 0.941570929090946 0.941570929090947
-999 -999 0.90788954630145 0.907889546301451 0.90788954630145 0.90788954630145 0.90788954630145 0.90788954630145
-999 -999 0.000882396447161043 0.000882396447160951 0.000882396447161991 0.000882396447162466 0.000882396447161923 0.000882396447161731
-999 -999 0.00262485895667464 0.0026248589566755 0.00262485895667507 0.00262485895667494 0.00262485895667494 0.00262485895667488
-999 -999 0.0235486948102402 0.023548694810239 0.0235486948102397 0.0235486948102397 0.0235486948102387 0.0235486948102394
-999 -999 0.597432682326152 0.597432682326153 0.597432682326153 0.597432682326153 0.597432682326152 0.597432682326153
-999 -999 0.894856356550367 0.894856356550366 0.894856356550367 0.894856356550366 0.894856356550367 0.894856356550367
-999 -999 0.851296086703596 0.851296086703596 0.851296086703595 0.851296086703596 0.851296086703596 0.851296086703596
-999 -999 0.000529877389876513 0.000529877389874973 0.00052987738987558 0.000529877389875531 0.000529877389875819 0.000529877389877136
-999 -999 0.00035241742654344 0.000352417426545722 0.000352417426544365 0.000352417426544248 0.000352417426544233 0.000352417426544232
-999 -999 0.00076212919769445 0.000762129197694192 0.000762129197694348 0.000762129197694396 0.000762129197693331 0.000762129197694948
-999 -999 0.00378034799826902 0.00378034799826914 0.00378034799826903 0.00378034799826873 0.00378034799826881 0.00378034799826911
-999 -999 0.00192063205900841 0.00192063205900868 0.00192063205900927 0.00192063205900896 0.00192063205900858 0.00192063205900845
-999 -999 0.0010629768029436 0.00106297680294314 0.00106297680294279 0.00106297680294315 0.00106297680294345 0.00106297680294293
-999 -999 0.136248156522602 0.136248156522601 0.136248156522602 0.136248156522601 0.136248156522602 0.136248156522602
-999 -999 0.538439231487581 0.538439231487581 0.538439231487582 0.538439231487581 0.538439231487581 0.538439231487581
-999 -999 0.904943945309554 0.904943945309553 0.904943945309554 0.904943945309553 0.904943945309553 0.904943945309553
-999 -999 0.972844928039515 0.972844928039515 0.972844928039515 0.972844928039515 0.972844928039515 0.972844928039515
-999 -999 0.955973746182191 0.955973746182191 0.955973746182191 0.955973746182191 0.955973746182191 0.955973746182191
-999 -999 0.881888746275605 0.881888746275605 0.881888746275605 0.881888746275605 0.881888746275604 0.881888746275605
-999 -999 0.968670570962307 0.968670570962306 0.968670570962306 0.968670570962306 0.968670570962307 0.968670570962307
-999 -999 0.951907368667705 0.951907368667705 0.951907368667705 0.951907368667705 0.951907368667705 0.951907368667705
-999 -999 0.00353085096627913 0.00353085096627965 0.00353085096627917 0.00353085096628043 0.00353085096627924 0.00353085096627937
-999 -999 0.00203783931952396 0.00203783931952334 0.00203783931952301 0.00203783931952364 0.00203783931952342 0.00203783931952271
-999 -999 0.00208956227915562 0.00208956227915608 0.0020895622791573 0.00208956227915637 0.00208956227915679 0.0020895622791558
-999 -999 0.421462611141632 0.421462611141632 0.421462611141632 0.421462611141632 0.421462611141633 0.421462611141632
-999 -999 0.473762680262391 0.473762680262391 0.473762680262391 0.473762680262391 0.473762680262391 0.473762680262391
-999 -999 0.5797973336286 0.579797333628599 0.5797973336286 0.5797973336286 0.579797333628599 0.579797333628599
-999 -999 0.611776109598547 0.611776109598548 0.611776109598547 0.611776109598547 0.611776109598547 0.611776109598548
-999 -999 0.000852894505270234 0.000852894505270469 0.000852894505270463 0.000852894505270511 0.000852894505270477 0.000852894505270453
-999 -999 0.835606484803074 0.835606484803074 0.835606484803075 0.835606484803075 0.835606484803075 0.835606484803075
-999 -999 0.851078253286364 0.851078253286364 0.851078253286364 0.851078253286364 0.851078253286364 0.851078253286364
-999 -999 0.745458313798402 0.745458313798401 0.745458313798402 0.745458313798401 0.745458313798402 0.745458313798402
-999 -999 0.887100265968816 0.887100265968816 0.887100265968816 0.887100265968817 0.887100265968816 0.887100265968816
-999 -999 0.922379680260839 0.922379680260839 0.922379680260839 0.922379680260839 0.922379680260839 0.922379680260839

# Duration of outbreak (days) based on incidence
0
0
0
0
0
0
0
0
0
0
0
0
0
0
0
3
0
0
0
0
0
0
0
0
0
0
0
0
0
0
0
0
4
4
0
4
2
0
0
0
0
0
0
0
0
0
0
0
0
0

# Duration of outbreak (days) based on prevalence
0
0
0
0
0
0
0
0
0
0
0
0
0
54
47
42
37
0
0
0
38
43
36
0
0
0
0
0
0
0
33
46
41
36
35
37
33
0
0
0
0
0
20
21
0
42
40
38
40
38

# Peak (point) prevalence
0.0216275618574426
0.00645700952439706
0.00787238275757663
0.0748426696995413
0.00230117528375297
0.000355135453401094
0.000121338946223617
8.99514830772766e-05
5.67857434445891e-05
4.28954649771773e-05
2.45783484515403e-05
9.59708271963567e-06
0.000771287853069417
0.393458329149138
0.464037496269437
0.599378091077543
0.418673923311083
4.12953711350335e-05
0.000301857944012806
0.00551017508890532
0.157844782015296
0.456880394978651
0.30604061524587
1.88423616007293e-05
1.57131780483397e-05
5.02433562357868e-05
0.000542342681401739
0.000247839836520764
0.000118127003596576
0.0455754551697298
0.160889677795834
0.528813470944198
0.748856637589139
0.575490420716302
0.353111761350405
0.64524499100805
0.493649725241328
0.000164479948198371
0.000105300402397961
0.000124186521159676
0.0702384681269713
0.0818076397220302
0.114700056264404
0.119101332840272
6.06911038857321e-05
0.337037157063992
0.344865825020929
0.209310771461983
0.409740118315509
0.487327313666558

# Day of peak prevalence
119
119
119
119
119
119
119
119
119
119
119
96
119
70
42
25
28
86
119
119
96
36
39
67
65
95
119
119
119
119
106
37
16
18
34
16
18
119
119
117
105
101
92
86
119
51
43
64
37
27

# Total immunity
0.12617201125482
0.126608974166691
0.126189421669389
0.116300356701814
0.150434801771652
0.0851679636507106
0.0611793632627519
0.0505645023335375
0.0402141698928611
0.0155746360113223
0.00537838558578903
0.00237155809333031
0.00100320692843827
0.000955943252804411
0.0167567475451231
0.0444213882945098
0.123372615212899
0.128881616526632
0.0517665344130829
0.0487918674635943
0.0480701596834764
0.0786805266021251
0.162797510138888
0.245693874754787
0.1990293744107
0.180586164573512
0.0859382234007205
0.0651674477297049
0.0182154461375824
0.00489026997831916
0.0051601851358659
0.00702737602907429
0.0107435472175492
0.0327153900956223
0.0572676889579129
0.0838872795434736
0.197769313785342
0.275491356168495
0.238996504566869
0.140560228868906
0.123740909994793
0.129410775755991
0.0730751426477855
0.0583382222815314
0.0530009715118117
0.0286680502708723
0.0279114147032872
0.0376342524285151
0.0492118990013239
0.0827180760473584

# Observed immunity (based on survey selectivity)
0.177210394905688
0.172960983582027
0.167780827072856
0.159287881608641
0.212923747622171
0.199188194121562
0.180986311431733
0.155495168930183
0.107596396317793
0.0720331374594338
0.0555386804179563
0.0416201245773889
0.0199166132058995
0.0075699688714039
0.0706714809955702
0.097728442387884
0.239227658723015
0.547042842885246
0.379914213210392
0.270208400836412
0.159341932324517
0.138014809934162
0.28381811219662
0.637648186211503
0.544088558715041
0.382587700663566
0.274736983810533
0.221751565512655
0.181756751156001
0.115076710827109
0.0818350840948886
0.0610580925003063
0.0622712714563673
0.184609603524177
0.280026887258136
0.161448432080801
0.277067291258048
0.653297933947464
0.585425235895315
0.492180678268563
0.344792007414983
0.34367890440646
0.315044571438959
0.341334293050182
0.401333238164295
0.180798030511338
0.201216197848317
0.256270273587336
0.193507825669098
0.183368696416167

# True total proportion of susceptible
1 1 1 0.997955174697314 0.975499321136315 0.931298167571008 0.901219849542972 0.455097598329165
1 1 1 0.999425011676487 0.991970962091979 0.962579638702468 0.915397014395615 0.583675689929045
1 1 1 0.999799114131631 0.997389717103019 0.987926601255784 0.957773900320549 0.684078846005014
1 1 1 0.999754205052781 0.997307537157113 0.99254010086319 0.982590790962223 0.768661690333157
1 1 1 0.997904524763479 0.976207234207443 0.945771093535436 0.936295446667919 0.720832713711481
1 1 1 0.999904020932599 0.996929818493402 0.974161860546277 0.94336217570187 0.727007813138438
1 1 1 0.999978350302044 0.999687213239069 0.996511646347602 0.973676035251378 0.739702183600778
1 1 1 0.999990857345644 0.999886891397811 0.99951317268231 0.996325679104414 0.771079160439499
1 1 1 0.999993200603414 0.999922854097157 0.999757616833681 0.999376853840513 0.794260548413101
1 1 1 0.9999958986838 0.999952187639231 0.999844912290886 0.999675511459053 0.803193858452503
1 1 1 0.999997234495904 0.99996824622769 0.999899646597514 0.999789580202712 0.830110052043958
1 1 1 0.999998336257309 0.999980599585025 0.999936643210121 0.999866371277509 0.846265850380882
1 1 1 0.999999279124276 0.999991128823527 0.99996690841847 0.99992222954862 0.914081147786764
1 1 1 0.99998049043583 0.999804043948216 0.999619903902184 0.999576069388643 0.937939430816089
1 1 1 0.993493076717593 0.901484499751972 0.614903738454979 0.540470367627448 0.451799742730033
1 1 1 0.993097583683581 0.88275554993899 0.378188394527401 0.114410072197433 0.0717627106711781
1 1 1 0.992684197325278 0.87149390886942 0.260812963945162 0.0252506557872768 0.00482128156493224
1 1 1 0.992938679993126 0.877561899119136 0.310074036405694 0.0256239969339207 0.00141608798961095
1 1 1 0.999993223682131 0.992866234890864 0.877365002624375 0.309863960181552 0.0148837291172719
1 1 1 0.999979597510462 0.999789035346204 0.992464585409053 0.876751564993769 0.204294184621396
1 1 1 0.999814822941884 0.998110146750706 0.996199952467273 0.98855165780334 0.323537155437886
1 1 1 0.99521611319518 0.936029647726046 0.815490887574014 0.791388270483438 0.257970010789884
1 1 1 0.993006810733512 0.882967187397072 0.403008360320204 0.193741255972298 0.0488302979502496
1 1 1 0.993344332292549 0.888107480802618 0.404384682344208 0.0742533418316135 0.00845146387031091
1 1 1 0.99999593853021 0.993300170119682 0.887991098379067 0.404238437882756 0.0275206824481878
1 1 1 0.999997299213026 0.999968933261977 0.993247008349804 0.887912004963136 0.238168165528861
1 1 1 0.999994141607387 0.99993871375108 0.999857606709162 0.993126075095494 0.326438059932592
1 1 1 0.999970578672557 0.999699556507397 0.999378166185093 0.999267248749881 0.388636929385592
1 1 1 0.999985103445047 0.999821512071517 0.999415837583111 0.99907905060044 0.476547441947607
1 1 1 0.999991786657693 0.999902949157985 0.999665281209761 0.999251068720032 0.69077297420028
1 1 1 0.998920203697933 0.988552199641636 0.976786075370294 0.975132769002338 0.708729141067801
1 1 1 0.995681639172267 0.942923860565073 0.832782519663776 0.798352132121994 0.514518825943367
1 1 1 0.992921922202239 0.881491880769289 0.391809762794463 0.184152795829756 0.0706244795561821
1 1 1 0.992471987452466 0.8654515281316 0.201992278101319 0.0114891603555183 0.00246423543498387
1 1 1 0.992599105697008 0.868275071200413 0.224007750937097 0.00862111596674186 0.000145297703679986
1 1 1 0.993117430335054 0.881966213166132 0.344038156092282 0.0271951720116183 0.000573882893181244
1 1 1 0.992503796771869 0.86662271744665 0.211460014765457 0.0114211568619305 0.000472931870139818
1 1 1 0.992630892663515 0.869184180489761 0.233065712874357 0.010118395454018 6.07481056369813e-05
1 1 1 0.999972718874788 0.992345698001468 0.86838647788279 0.232372975273641 0.00314112869645324
1 1 1 0.999984279156602 0.999815399932933 0.992035556367468 0.867904628147022 0.13031054397879
1 1 1 0.999983900325329 0.999823179174456 0.999508902817586 0.991701002029924 0.304608159786298
1 1 1 0.996643359831859 0.959299791691352 0.901665906489069 0.892863671818194 0.250092618587211
1 1 1 0.996220809787392 0.948870508953034 0.822647499051153 0.731074229027494 0.161839243015277
1 1 1 0.995369443641328 0.934160787314076 0.749656078408928 0.55876487796834 0.0984910546730473
1 1 1 0.995120638960103 0.928599305427445 0.706929714921402 0.453019460005312 0.0841755020406754
1 1 1 0.999993426784693 0.995051710917697 0.928433033564222 0.70667885444652 0.114364727747422
1 1 1 0.993419681363338 0.899811016373303 0.591707890144276 0.404803749342454 0.0656123938398076
1 1 1 0.993329608300507 0.888338981977967 0.422742430937366 0.134553157637576 0.0135786030267964
1 1 1 0.994101407611045 0.905723643359741 0.529751553585767 0.13194148319611 0.00579524270200442
1 1 1 0.993066581868347 0.882856682069723 0.376721543448034 0.0844365332391047 0.00577906507280179

# True vulnerable proportion of susceptible
0 0 0.05 0.498977587348657 0.926724355079499 0.931298167571008 0.901219849542972 0.455097598329165
0 0 0.05 0.499712505838243 0.94237241398738 0.962579638702468 0.915397014395615 0.583675689929045
0 0 0.05 0.499899557065815 0.947520231247868 0.987926601255784 0.957773900320549 0.684078846005014
0 0 0.05 0.499877102526391 0.947442160299258 0.99254010086319 0.982590790962223 0.768661690333157
0 0 0.05 0.49895226238174 0.927396872497071 0.945771093535436 0.936295446667919 0.720832713711481
0 0 0.05 0.4999520104663 0.947083327568732 0.974161860546277 0.94336217570187 0.727007813138438
0 0 0.05 0.499989175151022 0.949702852577115 0.996511646347602 0.973676035251378 0.739702183600778
0 0 0.05 0.499995428672822 0.949892546827921 0.99951317268231 0.996325679104414 0.771079160439499
0 0 0.05 0.499996600301707 0.949926711392299 0.999757616833681 0.999376853840513 0.794260548413101
0 0 0.05 0.4999979493419 0.949954578257269 0.999844912290886 0.999675511459053 0.803193858452503
0 0 0.05 0.499998617247952 0.949969833916305 0.999899646597514 0.999789580202712 0.830110052043958
0 0 0.05 0.499999168128654 0.949981569605773 0.999936643210121 0.999866371277509 0.846265850380882
0 0 0.05 0.499999639562138 0.949991572382351 0.99996690841847 0.99992222954862 0.914081147786764
0 0 0.05 0.499990245217915 0.949813841750805 0.999619903902184 0.999576069388643 0.937939430816089
0 0 0.05 0.496746538358797 0.856410274764373 0.614903738454979 0.540470367627448 0.451799742730033
0 0 0.05 0.496548791841791 0.83861777244204 0.378188394527401 0.114410072197433 0.0717627106711781
0 0 0.05 0.496342098662639 0.827919213425949 0.260812963945162 0.0252506557872768 0.00482128156493224
0 0 0.05 0.496469339996563 0.83368380416318 0.310074036405694 0.0256239969339207 0.00141608798961095
0 0 0.05 0.499996611841065 0.943222923146321 0.877365002624375 0.309863960181552 0.0148837291172719
0 0 0.05 0.499989798755231 0.949799583578894 0.992464585409053 0.876751564993769 0.204294184621396
0 0 0.05 0.499907411470942 0.94820463941317 0.996199952467273 0.98855165780334 0.323537155437886
0 0 0.05 0.49760805659759 0.889228165339744 0.815490887574014 0.791388270483438 0.257970010789884
0 0 0.05 0.496503405366756 0.838818828027219 0.403008360320204 0.193741255972298 0.0488302979502496
0 0 0.05 0.496672166146274 0.843702106762487 0.404384682344208 0.0742533418316135 0.00845146387031091
0 0 0.05 0.499997969265105 0.943635161613698 0.887991098379067 0.404238437882756 0.0275206824481878
0 0 0.05 0.499998649606513 0.949970486598878 0.993247008349804 0.887912004963136 0.238168165528861
0 0 0.05 0.499997070803694 0.949941778063526 0.999857606709162 0.993126075095494 0.326438059932592
0 0 0.05 0.499985289336279 0.949714578682027 0.999378166185093 0.999267248749881 0.388636929385592
0 0 0.05 0.499992551722524 0.949830436467942 0.999415837583111 0.99907905060044 0.476547441947607
0 0 0.05 0.499995893328847 0.949907801700085 0.999665281209761 0.999251068720032 0.69077297420028
0 0 0.05 0.499460101848966 0.939124589659554 0.976786075370294 0.975132769002338 0.708729141067801
0 0 0.05 0.497840819586133 0.89577766753682 0.832782519663776 0.798352132121994 0.514518825943367
0 0 0.05 0.49646096110112 0.837417286730824 0.391809762794463 0.184152795829756 0.0706244795561821
0 0 0.05 0.496235993726233 0.82217895172502 0.201992278101319 0.0114891603555183 0.00246423543498387
0 0 0.05 0.496299552848504 0.824861317640392 0.224007750937097 0.00862111596674186 0.000145297703679986
0 0 0.05 0.496558715167527 0.837867902507825 0.344038156092282 0.0271951720116183 0.000573882893181244
0 0 0.05 0.496251898385935 0.823291581574317 0.211460014765457 0.0114211568619305 0.000472931870139818
0 0 0.05 0.496315446331757 0.825724971465273 0.233065712874357 0.010118395454018 6.07481056369813e-05
0 0 0.05 0.499986359437394 0.942728413101394 0.86838647788279 0.232372975273641 0.00314112869645324
0 0 0.05 0.499992139578301 0.949824629936286 0.992035556367468 0.867904628147022 0.13031054397879
0 0 0.05 0.499991950162665 0.949832020215733 0.999508902817586 0.991701002029924 0.304608159786298
0 0 0.05 0.49832167991593 0.911334802106785 0.901665906489069 0.892863671818194 0.250092618587211
0 0 0.05 0.498110404893696 0.901426983505382 0.822647499051153 0.731074229027494 0.161839243015277
0 0 0.05 0.497684721820664 0.887452747948372 0.749656078408928 0.55876487796834 0.0984910546730473
0 0 0.05 0.497560319480051 0.882169340156073 0.706929714921402 0.453019460005312 0.0841755020406754
0 0 0.05 0.499996713392347 0.945299125371812 0.928433033564222 0.70667885444652 0.114364727747422
0 0 0.05 0.496709840681669 0.854820465554637 0.591707890144276 0.404803749342454 0.0656123938398076
0 0 0.05 0.496664804150254 0.843922032879068 0.422742430937366 0.134553157637576 0.0135786030267964
0 0 0.05 0.497050703805522 0.860437461191754 0.529751553585767 0.13194148319611 0.00579524270200442
0 0 0.05 0.496533290934173 0.838713847966237 0.376721543448034 0.0844365332391047 0.00577906507280179

# True survival by age
0.778267540515681 0.778267540515681 0.775707455460923 0.752720129622943 0.730830741893913 0.73062012484995 0.732176224938244 0.755256334466193
0.778267540515681 0.778267540515681 0.777388502381048 0.769482520144235 0.761704196161969 0.761364610443976 0.762219276748302 0.768228078560684
0.778267540515681 0.778267540515681 0.777186316602731 0.767457580533123 0.757779301789025 0.756910581255343 0.757578696384476 0.763643154986368
0.778267540515681 0.778267540515681 0.768949247885779 0.685107649177437 0.601698110259947 0.593295936316247 0.595155453334142 0.635138608668773
0.778267540515681 0.778267540515681 0.777861214866059 0.774213915869401 0.770743725097428 0.770610636596872 0.770692693382405 0.772558547979546
0.778267540515681 0.778267540515681 0.778196492847886 0.777557183208746 0.776923416434494 0.776897079946271 0.776957268564473 0.777380067375255
0.778267540515681 0.778267540515681 0.778252936863011 0.778121518695166 0.777990324694916 0.777978346454999 0.77799719304128 0.778190295313174
0.778267540515681 0.778267540515681 0.778263512844994 0.778227269052303 0.778191083742676 0.778187285914594 0.778189242385305 0.778327497790594
0.778267540515681 0.778267540515681 0.778275690627648 0.778349044706921 0.778422421834327 0.778430632495042 0.778430773468853 0.778506715794669
0.778267540515681 0.778267540515681 0.77828171995506 0.778409336514926 0.778536962478375 0.778551168021497 0.778551210313054 0.778600262698095
0.778267540515681 0.778267540515681 0.778286692940503 0.778459065708927 0.778631441964694 0.77865060408461 0.778650620615931 0.77867610547304
0.778267540515681 0.778267540515681 0.778290948779638 0.778501623652978 0.778712299247522 0.778735709917912 0.778735714491017 0.778745710394598
0.778267540515681 0.778267540515681 0.778206150644379 0.777653642629604 0.777101148038834 0.777039801365234 0.77703988004651 0.777191049623571
0.778267540515681 0.778267540515681 0.749991430108154 0.495511963389651 0.241126823888934 0.212960487833113 0.212985300598432 0.247875055825637
0.778267540515681 0.778267540515681 0.748337390964563 0.480917046642503 0.265670321156578 0.410389673200405 0.454985402650532 0.508111186880584
0.778267540515681 0.778267540515681 0.746616298311276 0.46394349964002 0.247464175596254 0.539196467443728 0.706315356637216 0.733334937406197
0.778267540515681 0.778267540515681 0.747674873374894 0.474582869366084 0.271770927116101 0.619082422660415 0.76333762019544 0.775848294916738
0.778267540515681 0.778267540515681 0.778263617009137 0.778232347897922 0.778267410444288 0.778611106849546 0.778785108547395 0.778799916832411
0.778267540515681 0.778267540515681 0.778202121104772 0.777613354453045 0.777037242783069 0.777185000682635 0.778230128066611 0.778773372737828
0.778267540515681 0.778267540515681 0.777459250067167 0.770184811821393 0.762913374382828 0.762227565821929 0.764159863512073 0.775389263955947
0.778267540515681 0.778267540515681 0.757283697392241 0.568468065288951 0.380329000218592 0.360187496419721 0.363401387123711 0.642847201005517
0.778267540515681 0.778267540515681 0.747958787344187 0.476632496216444 0.239273712701364 0.284035688124679 0.298658946109522 0.622288234829984
0.778267540515681 0.778267540515681 0.749368490960009 0.491301739256729 0.293508609804002 0.545654710338499 0.666718708842489 0.750551760672877
0.778267540515681 0.778267540515681 0.778275870477226 0.778353834801832 0.778467766490685 0.778652518126963 0.778773558579273 0.778797684398588
0.778267540515681 0.778267540515681 0.778282012064922 0.778412257586083 0.778544230404228 0.778584280566762 0.778702225062843 0.778794073210582
0.778267540515681 0.778267540515681 0.778267760022043 0.778269737013549 0.778271727573103 0.778275501978959 0.778331208651304 0.778674827258675
0.778267540515681 0.778267540515681 0.778161423777611 0.777206382475662 0.776251478739231 0.776145583890679 0.776163459993341 0.777933901564001
0.778267540515681 0.778267540515681 0.778226968618117 0.777861849165545 0.777497066272928 0.77745693873223 0.777457087880742 0.778278190568163
0.778267540515681 0.778267540515681 0.77825713115483 0.778163456401287 0.778069893137836 0.778059786414075 0.77806003611797 0.77844745660982
0.778267540515681 0.778267540515681 0.773450567827529 0.730098213648324 0.686753993526291 0.681960511864368 0.682000637745096 0.711883742516496
0.778267540515681 0.778267540515681 0.759278301527237 0.588580771524974 0.421608419510618 0.407311434652373 0.407940216860531 0.50925831777669
0.778267540515681 0.778267540515681 0.747605073444292 0.472969288502384 0.228962911259479 0.267653376255882 0.288786148488829 0.462998088575725
0.778267540515681 0.778267540515681 0.745735855252059 0.455257080203636 0.233478821963181 0.523667215703254 0.658886569076915 0.73281245627685
0.778267540515681 0.778267540515681 0.74626300988187 0.460635553516122 0.252070258547541 0.649399711147054 0.771440552871071 0.777222135066843
0.778267540515681 0.778267540515681 0.748420220151675 0.482007251979832 0.285939781783593 0.644960710480992 0.773649841722397 0.778713970650284
0.778267540515681 0.778267540515681 0.745867697439128 0.45650272160027 0.235394709951157 0.555681681891051 0.761163895336048 0.778428602738952
0.778267540515681 0.778267540515681 0.746394945752696 0.461934824657909 0.253529883932799 0.64389243640881 0.77151425473683 0.778499059567053
0.778267540515681 0.778267540515681 0.778171081012513 0.777313983209955 0.776744316667586 0.77822687445763 0.778775867204383 0.778800633483285
0.778267540515681 0.778267540515681 0.778223248618563 0.77782464817529 0.777436517517583 0.777568472755848 0.778471027113911 0.778796325556925
0.778267540515681 0.778267540515681 0.778221538971483 0.777807540688563 0.777393770958422 0.777359084146132 0.777539480327155 0.778611406218928
0.778267540515681 0.778267540515681 0.763432370502874 0.629918237386751 0.496449244733903 0.481710112337336 0.484030906554868 0.688260076283423
0.778267540515681 0.778267540515681 0.761601617402211 0.612169514353983 0.474524528747961 0.477778083007342 0.480716724058485 0.695306935991883
0.778267540515681 0.778267540515681 0.757939502428443 0.575757410094162 0.411809963864939 0.4439059185549 0.48118484773572 0.712916997579353
0.778267540515681 0.778267540515681 0.756875920433956 0.565344359932059 0.398621608293839 0.457673874122653 0.539445106169628 0.736610598989408
0.778267540515681 0.778267540515681 0.778264533699296 0.778240220948212 0.778252563980014 0.778381305906508 0.778531970890058 0.778750835105989
0.778267540515681 0.778267540515681 0.7496839222154 0.492433239880766 0.237868791569657 0.247546194092341 0.374435179105404 0.713360644432736
0.778267540515681 0.778267540515681 0.749306883412207 0.490570181903554 0.28319771778618 0.43576027300606 0.544117272907393 0.740762234956168
0.778267540515681 0.778267540515681 0.752549925791936 0.522810415852795 0.344253848953046 0.561136819492591 0.709521308242014 0.771809356759823
0.778267540515681 0.778267540515681 0.748208042838962 0.47944879637109 0.261031455367932 0.460036985114079 0.69940853210577 0.775313651110632
0.778267540515681 0.778267540515681 0.747201552787845 0.46976529525683 0.257220524156225 0.544535362201421 0.726293671810879 0.77520705413537

# True Numbers-at-age
16.4233295848878 7.54293045918589 5.35131941941308 20.589222900436 31.5334205486546 19.7076726546913 13.5785452645124 26.1870895737207
9.69605680300559 12.7817443231091 5.87041793675142 4.15105837019154 15.4979225304519 23.045593134026 14.3988222554725 29.7198532937099
3.3016501232493 7.54612628077549 9.94761671784637 4.56359540820203 3.19416685596081 11.8048326232383 17.5460990389381 33.8066856765258
9.24282166868473 2.56956712106453 5.87290514095988 7.73115159591877 3.5023658905108 2.42047352990763 8.93520272247734 39.1087949462062
5.525882391446 7.1933880875123 1.99981068350085 4.51596599104563 5.2966710953143 2.10736693775924 1.43605710925524 30.1573402357742
35.6104704834668 4.30061489796959 5.59838045484299 1.55557516777009 3.49632371386047 4.08237601061842 1.62395937744985 24.4050697048578
24.8657676579505 27.7144732797739 3.34702897934789 4.35664003558697 1.20954864572079 2.71637576473342 3.17158600189215 20.2337617736232
14.4435420638359 19.3522198381875 21.5692749561372 2.6048351329431 3.3899953608991 0.941017143618611 2.11328152579774 18.2132020568734
16.6658622695129 11.2409399583564 15.061204536985 16.7865796968829 2.0271537318418 2.63806416378071 0.73228757699167 15.8203689331882
99.9127589175225 12.9704996390669 8.74845869447444 11.7217693627062 13.0658182709654 1.57798191737079 2.05354995557432 12.8862986457956
240.904334848108 77.7588571488764 10.0945188533561 6.80876547969137 9.12433471240515 10.1722224689719 1.22853966488583 11.6320693141733
363.646427245706 187.488024181803 60.5171945065662 7.85642969520408 5.30034521395173 7.10449389408854 7.92060717034799 10.0142176046675
691.037408648632 283.01421054983 145.915843456116 47.0999847299973 6.11624327383185 4.12744400836196 5.53252309622051 13.9665886865965
65.5608255011048 537.8119844333 220.260773575603 113.552606854012 36.6274746930811 4.75293966977952 3.2071882724037 15.1536988040384
65.5794348768953 51.0238624169225 418.561610384762 165.193692570695 56.2666751702447 8.83186663981497 1.0121883507176 4.43930789528956
91.9108564045276 51.0383454900496 39.7102159108288 313.225303473259 79.4444627550682 14.9483856628917 3.62450686406323 2.71619292791335
52.8225564797633 71.5312361606416 39.7214876165305 29.6482944084845 145.318843469191 19.6596584813702 8.06011674341769 4.55192402909935
191.560274709437 41.110081115256 55.6704392367888 29.6987582239518 14.070572632189 39.4934368170616 12.1709490013231 9.68419282998514
456.744991269654 149.085143858621 31.9946417199704 43.3262774009106 23.1125343422788 10.950668125922 30.750028553425 17.0206024097016
37.1166606409954 355.46980099829 116.028128238276 24.8982980504682 33.6910919056853 17.9592999590533 8.51069501492002 37.1857906038168
14.0198636461547 28.8866921892227 276.650607750537 90.2071415668269 19.1762909986728 25.7033846124083 13.689073491655 35.3369943469076
18.8132589964629 10.911204798258 22.4815748837398 209.502995123138 51.2798792417406 7.29329958342603 9.25803775305654 27.6909162031632
70.4525452369516 14.6417488082617 8.49183652240317 16.8152914876296 99.8559355303627 12.2699270930489 2.07155736587785 19.9967271632615
33.1112940992991 54.8309291046321 11.3951978338542 6.36351472027235 8.26138195398129 29.3085768181948 6.69514351383211 16.3897248323523
30.4466311839219 25.7694454219529 42.6731323384516 8.86860751340309 4.95306608534189 6.43121955784226 22.8211971422049 17.9782804868319
12.7883453724508 23.6956247684989 20.0555229089964 33.2117312974828 6.90343279615299 3.85618102355379 5.00724645260951 31.772295282895
117.860501580976 9.95275410028235 18.4415356095621 15.6085668904554 25.8476853826566 5.3727465684468 3.00117122182806 28.6375827244943
56.3580653496267 91.7270026893708 7.7459054549841 14.3504916065824 12.1310778085602 20.0643040002736 4.17003352246379 24.6075458997942
464.857649949479 43.861652907876 71.3881487819319 6.02807252143482 11.1626999375308 9.43187740688419 15.5991323658455 22.3935384159547
1369.89890390301 361.783619916081 34.1361007315651 55.5583358694805 4.69082574871734 8.68536074752431 7.33856452068405 29.569254516373
159.355184479916 1066.14785069572 281.564448070948 26.4025864942468 40.5630417715813 3.22144331586759 5.92307306110837 26.0547772517785
568.561696668967 124.020967493607 829.748265587039 213.785775901763 15.5400547290386 17.1017199318596 1.31213069863733 15.6848717423164
1457.81177685984 442.493113297979 96.5214933436248 620.324013034472 101.114106320187 3.55809617189232 4.57733307954472 7.64099080702132
205.447494368964 1134.5675861115 344.378026981545 71.9795383888139 282.406898954276 23.6080024274971 1.86325831553926 8.61535652998561
53.7821525635036 159.893116147643 882.997124791813 256.996582952428 33.1563345075662 71.1863800350135 15.3310299571756 8.13343882167871
27.2353331428655 41.856903599237 124.439622249614 660.852902529985 123.874216717107 9.48071505383731 45.9124182439522 18.1944713396808
65.967342860214 21.1963757402231 32.5758694177802 92.8154945175146 301.681148582376 29.1593353145501 5.26825968664613 49.1099720173862
182.336806231647 51.3402416821734 16.4964512151897 24.3144642869309 42.8747091854853 76.4851865848032 18.7754754597471 42.2966044768023
54.5220101981098 141.906817731388 39.9564436234658 12.8370612749943 18.8999730844905 33.3026866886012 59.5228276982 47.5625095440648
223.150931111514 42.4327107808538 110.441470018215 31.095033359898 9.98498266982711 14.6935292559823 25.8951192271222 83.3783044821259
57.7555844269568 173.671126319942 33.0240014568283 85.9479307638479 24.1859514252911 7.76226333065139 11.4221484453048 85.0537764478443
61.8817699920013 44.9492966430134 135.16260033961 25.2115917156768 54.1401690538016 12.0070973182566 3.73916074100007 64.0677915329717
351.858470059348 48.1605729344319 34.9825785462678 102.940055030935 15.4337678566768 25.6908382065901 5.73672793919925 46.3442569286989
285.081238818743 273.840026102699 37.4818106475064 26.5146781770221 59.2684994795617 6.35577938335792 11.4043151325417 35.800035064579
208.030301660154 221.869474582627 213.120803609698 28.3690799333626 14.9899237627931 23.6257045837054 2.9088741734503 32.5226872602272
493.347244463997 161.903231225783 172.673810298927 165.86436284292 22.0779590354376 11.6659466022587 18.389806786826 27.5917214071203
595.745304837045 383.956146569183 126.004029567632 129.450779368778 81.6771255754982 5.25165743608394 2.88786068187361 26.5686387619308
202.552166621156 463.649233169291 298.820605856276 94.4156866927018 63.5046923824982 23.1307755583163 2.28846367808225 21.2523791077885
77.958407845582 157.639776542369 360.843148360646 224.877424762242 49.3615044228387 21.8617347792542 12.9795298291906 18.0264987915354
53.6632768577009 60.6724983364994 122.685921177071 269.985745806768 107.817210633287 12.8849053386442 10.0572065572117 23.054184500064

