# Simulated data from SIR age-structured hybrid model
# random seed = 8335601
# Flag=0 if no issues, =1 if negative pop #'s, =2 if NaN, or=3 if NA. Flag:
0

# True SSB
27669.2516127876
27390.3536124127
25200.9927932532
20921.2708225416
15139.9792220938
13331.5493524981
13175.1481283602
13772.6837448925
13494.9921551337
13853.2920495176
14716.8469695718
17826.7345186565
19157.2848269929
16426.8666312512
17570.6988996001
20783.0602029421
22468.8538661567
22503.1858447147
23329.4843374844
40702.4017450076
35172.5382539222
23136.3328555821
24787.4695958687
29221.7741755265
27097.5322574815
20222.8962591444
22109.545007772
22424.6878667159
17532.1398578513
18096.0719179689
17550.0655297325
13557.9088677935
11438.8160784633
10010.462766375
9367.51638789282
15885.950957384
34803.5774289278
30748.8757972199
23434.8632600675
36487.3144486857
55950.1030802533
54908.23540843
36381.4314137646
30581.1184449577
26214.6700504005
22591.6832389458
19816.4868521097
18533.0096923741
18950.8462048957
19081.9784123953

# True R (numbers)
54.3161622143442
15.4690343088476
17.535878027324
67.3595369535629
49.4711128513428
27.7853228353676
73.8526441652032
35.979306670797
177.970984700992
63.7608874868513
27.306927076734
132.880689628105
85.7012845985235
220.104812008104
58.6388831367481
158.018847647577
598.379539755612
146.10448744902
101.119357976275
91.0522578221562
213.055130786456
167.831883485243
22.082156742652
179.921143577456
63.9220802774004
40.3630367272013
100.198775561863
12.5816210354844
4.68293046043293
18.2872889258607
16.7747471915661
10.6429390171087
207.98116103405
629.872924455774
192.874286620194
227.866032331456
421.572192455793
1030.51404246815
75.763204000104
17.9164339549795
25.1215161158498
42.1583047813244
24.5152067684418
38.7039387049309
53.1486649998376
91.4148014442097
48.8484555192383
20.0773632213195
23.553349556936
37.4580496583596

# True infection rate given (selected) susceptible
-999 -999 0.0945661431142535 0.0945661431142535 0.0945661431142524 0.0945661431142525 0.0945661431142542 0.0945661431142535
-999 -999 0.465571710602277 0.465571710602277 0.465571710602277 0.465571710602277 0.465571710602277 0.465571710602277
-999 -999 0.571459219931489 0.571459219931489 0.571459219931489 0.571459219931489 0.571459219931489 0.571459219931489
-999 -999 0.473025263175139 0.473025263175138 0.473025263175139 0.473025263175139 0.473025263175139 0.473025263175139
-999 -999 0.00120061450694034 0.00120061450693985 0.00120061450693988 0.00120061450694045 0.00120061450693938 0.00120061450693994
-999 -999 0.00098075663634298 0.000980756636343325 0.000980756636342639 0.000980756636342834 0.00098075663634218 0.000980756636343382
-999 -999 0.00125496360046681 0.00125496360046728 0.00125496360046702 0.00125496360046768 0.00125496360046677 0.00125496360046653
-999 -999 0.00327001728997587 0.00327001728997646 0.00327001728997723 0.00327001728997637 0.00327001728997606 0.0032700172899764
-999 -999 0.00213079840491048 0.00213079840491087 0.00213079840491149 0.00213079840491169 0.00213079840491138 0.00213079840491057
-999 -999 0.000701698290431232 0.000701698290432218 0.000701698290431889 0.000701698290431911 0.000701698290431734 0.000701698290431463
-999 -999 0.042733851475441 0.0427338514754421 0.0427338514754415 0.0427338514754418 0.0427338514754418 0.0427338514754415
-999 -999 0.207636777415154 0.207636777415154 0.207636777415153 0.207636777415153 0.207636777415153 0.207636777415153
-999 -999 0.245273711819237 0.245273711819238 0.245273711819237 0.245273711819238 0.245273711819238 0.245273711819237
-999 -999 0.0633861839842531 0.0633861839842526 0.0633861839842535 0.0633861839842535 0.0633861839842537 0.0633861839842531
-999 -999 0.0100771045176303 0.0100771045176292 0.010077104517631 0.0100771045176294 0.0100771045176301 0.0100771045176296
-999 -999 0.401823790327183 0.401823790327184 0.401823790327184 0.401823790327184 0.401823790327184 0.401823790327183
-999 -999 0.350153872152143 0.350153872152142 0.350153872152142 0.350153872152143 0.350153872152143 0.350153872152143
-999 -999 0.463764817777332 0.463764817777332 0.463764817777332 0.463764817777332 0.463764817777332 0.463764817777331
-999 -999 0.00196220807779253 0.00196220807779342 0.00196220807779307 0.00196220807779328 0.00196220807779293 0.0019622080777935
-999 -999 0.849881803140871 0.849881803140871 0.849881803140871 0.849881803140871 0.849881803140871 0.849881803140871
-999 -999 0.805554028022948 0.805554028022948 0.805554028022948 0.805554028022948 0.805554028022948 0.805554028022948
-999 -999 0.00177953693004134 0.00177953693004126 0.00177953693004191 0.0017795369300421 0.00177953693004134 0.00177953693004176
-999 -999 0.0038773878695553 0.00387738786955407 0.00387738786955399 0.00387738786955544 0.00387738786955521 0.00387738786955381
-999 -999 0.498872444639612 0.498872444639612 0.498872444639612 0.498872444639612 0.498872444639612 0.498872444639612
-999 -999 0.516399367250032 0.516399367250032 0.516399367250032 0.516399367250032 0.516399367250032 0.516399367250032
-999 -999 0.0477007625268318 0.0477007625268314 0.047700762526831 0.0477007625268307 0.0477007625268307 0.0477007625268309
-999 -999 0.205174860802303 0.205174860802302 0.205174860802303 0.205174860802303 0.205174860802303 0.205174860802303
-999 -999 0.464237854066614 0.464237854066614 0.464237854066614 0.464237854066613 0.464237854066614 0.464237854066614
-999 -999 0.00154652060365237 0.00154652060365408 0.0015465206036528 0.00154652060365235 0.00154652060365284 0.00154652060365225
-999 -999 0.00234213422574927 0.00234213422574914 0.00234213422574916 0.00234213422574864 0.00234213422574874 0.00234213422574856
-999 -999 0.145602630289967 0.145602630289966 0.145602630289967 0.145602630289967 0.145602630289967 0.145602630289966
-999 -999 0.0027505682621942 0.00275056826219415 0.0027505682621937 0.00275056826219467 0.0027505682621942 0.00275056826219458
-999 -999 0.00202784083526215 0.00202784083526223 0.00202784083526162 0.00202784083526209 0.00202784083526178 0.00202784083526259
-999 -999 0.00577311637786174 0.00577311637786078 0.0057731163778615 0.00577311637786032 0.0057731163778613 0.00577311637786148
-999 -999 0.00266918935396485 0.00266918935396482 0.00266918935396464 0.0026691893539642 0.00266918935396461 0.00266918935396432
-999 -999 0.268676554188177 0.268676554188177 0.268676554188177 0.268676554188177 0.268676554188177 0.268676554188178
-999 -999 0.919786365435504 0.919786365435505 0.919786365435504 0.919786365435504 0.919786365435504 0.919786365435504
-999 -999 0.863109080927164 0.863109080927164 0.863109080927164 0.863109080927164 0.863109080927164 0.863109080927164
-999 -999 0.469827587327415 0.469827587327415 0.469827587327415 0.469827587327415 0.469827587327416 0.469827587327415
-999 -999 0.777003071990242 0.777003071990242 0.777003071990242 0.777003071990243 0.777003071990242 0.777003071990242
-999 -999 0.920091929349365 0.920091929349365 0.920091929349365 0.920091929349365 0.920091929349365 0.920091929349365
-999 -999 0.86382837105309 0.86382837105309 0.86382837105309 0.86382837105309 0.863828371053091 0.86382837105309
-999 -999 0.00187607587905613 0.00187607587905519 0.0018760758790555 0.0018760758790554 0.0018760758790563 0.00187607587905571
-999 -999 0.00128528771314938 0.00128528771314987 0.00128528771315068 0.00128528771314952 0.00128528771315072 0.00128528771314973
-999 -999 0.00160155599740189 0.00160155599740374 0.00160155599740241 0.00160155599740217 0.00160155599740304 0.00160155599740312
-999 -999 0.00176457423507492 0.00176457423507599 0.00176457423507577 0.00176457423507589 0.00176457423507517 0.00176457423507656
-999 -999 0.00150568942885245 0.00150568942885144 0.00150568942885276 0.00150568942885213 0.00150568942885164 0.0015056894288516
-999 -999 0.00131223144455318 0.00131223144455285 0.00131223144455387 0.00131223144455303 0.00131223144455265 0.00131223144455285
-999 -999 0.00174681898185929 0.00174681898186033 0.00174681898186098 0.00174681898186001 0.00174681898185917 0.00174681898185944
-999 -999 0.0022195675734287 0.00221956757342799 0.00221956757342851 0.00221956757342853 0.00221956757342993 0.00221956757342964

# Duration of outbreak (days) based on incidence
0
0
0
0
0
0
0
0
0
0
0
0
0
0
0
0
0
0
0
0
0
0
0
0
0
0
0
0
0
0
0
0
0
0
0
0
4
0
0
0
4
0
0
0
0
0
0
0
0
0

# Duration of outbreak (days) based on prevalence
0
0
6
0
0
0
0
0
0
0
0
0
0
0
0
0
0
0
0
22
21
0
0
0
0
0
0
0
0
0
0
0
0
0
0
0
33
28
0
24
20
17
0
0
0
0
0
0
0
0

# Peak (point) prevalence
0.010203729453818
0.085148942444507
0.101745982339898
0.0587770892263222
3.61260617254745e-05
4.12412200711368e-05
3.8236832439189e-05
0.000178156763626394
0.000128135795932245
2.78887605966719e-05
0.0104013726405027
0.0343313967060275
0.0258024294850964
0.0126762418899544
0.00126614159986778
0.0606054413725207
0.0433740721805405
0.063360473096751
6.58365731414335e-05
0.363572543500379
0.242277911593486
5.34769115443771e-05
0.000248177971821767
0.0830706035736428
0.0765478019710026
0.00750667841501779
0.0341461378170351
0.0659443017287088
5.4290008501896e-05
0.000143662467266956
0.0283401685076506
0.000119338302268701
8.29474020536295e-05
0.000255626544319151
0.000140602606248346
0.0360557588438758
0.564370425333324
0.364289955170301
0.0648741879114937
0.245106297468815
0.489235822105132
0.250615775189656
2.1049537362742e-05
1.41178157526052e-05
3.76288815735734e-05
3.23266901904376e-05
3.43949991359381e-05
3.08693396158077e-05
5.44724601821371e-05
8.27832649629432e-05

# Day of peak prevalence
119
98
78
75
52
63
39
101
101
50
119
118
104
119
119
93
98
79
66
30
31
65
119
91
84
119
119
84
56
113
119
79
65
94
90
109
26
30
87
41
18
21
39
31
52
35
38
34
47
66

# Total immunity
0.0798315297939025
0.084245998051145
0.125246501414394
0.154016768472009
0.19305907253527
0.165324465440847
0.110740518914805
0.0918949968672566
0.0440827825165492
0.0356676744935633
0.0322974491624001
0.0213403179196242
0.0372070010785181
0.0373059742470664
0.0348608853100352
0.0243268374786672
0.0297982406633604
0.0377741353089777
0.0615682676606663
0.0534160781511838
0.109787243608341
0.129234906775599
0.123174189131934
0.0821721449159634
0.111150276456869
0.131144692583177
0.0973998422578683
0.117319122860636
0.216876984898982
0.193730936932948
0.172213617136665
0.190012720947412
0.0585973417079877
0.0159005740208139
0.0124293531117108
0.00934208293006897
0.0116474992813117
0.0216260953509312
0.0332691062138288
0.047882689903697
0.081446008080838
0.331045624227723
0.598247768072569
0.514406111707772
0.412395381444283
0.286749648433114
0.237324854510281
0.217653922829814
0.193474180238844
0.15773726696041

# Observed immunity (based on survey selectivity)
0.231705228720249
0.195395536721472
0.216054622136825
0.272713072105705
0.429435615780668
0.384546785286371
0.297392498631588
0.220493053080507
0.176514595814576
0.132963079157356
0.0970522308919502
0.0635772217400138
0.102387228756959
0.168836174364822
0.129705770863384
0.0876456321282528
0.186781047809209
0.221151339124416
0.293312184640235
0.129332183753961
0.283715920296426
0.481702137150273
0.353491123391593
0.230965868966301
0.271043503141176
0.334211894632544
0.240402166887523
0.223801073271971
0.376296510229119
0.283570462610232
0.23270714887741
0.271385812325174
0.251911551095066
0.224030101998238
0.181714240923485
0.0756555640094125
0.0493951229049074
0.174952242652628
0.273712886813545
0.188036661318511
0.143121886157962
0.413891572426208
0.799437049714074
0.757232055376947
0.690731526545442
0.622543075676454
0.549118161037796
0.450852644473195
0.337977733019214
0.263239158950626

# True total proportion of susceptible
1 1 1 0.999973336820086 0.999715857138387 0.999287278253786 0.993058930064795 0.398847190959508
1 1 1 0.998883825185545 0.98840433752173 0.97688968704609 0.975133238009128 0.439078315097379
1 1 1 0.995542532658897 0.943884858435026 0.848724652173515 0.820288774469518 0.36586425542195
1 1 1 0.995543390486225 0.935966066252396 0.751917077879864 0.601555138054423 0.262488095567731
1 1 1 0.992136985356185 0.901930124332479 0.710648911136227 0.50974182165718 0.184642904476759
1 1 1 0.999974675843274 0.991880148763374 0.901430481565579 0.710135751213499 0.235718965447001
1 1 1 0.999991742277511 0.999892074739122 0.991717659833823 0.901205336479132 0.479215867903914
1 1 1 0.999979616474775 0.999787882452663 0.999504658705242 0.991305892036601 0.553228549972994
1 1 1 0.999976402912071 0.999743371737502 0.999338110311456 0.999030463649998 0.58409501991828
1 1 1 0.999972023271341 0.999696489798699 0.999211059740543 0.99877731220082 0.623681277888441
1 1 1 0.999989288940734 0.999864906928701 0.999492912573971 0.998996633733915 0.744998012893122
1 1 1 0.999730109440803 0.997241136729847 0.994542506922958 0.993865430600583 0.793520604292562
1 1 1 0.99584237639353 0.955359872424824 0.906764456899563 0.898408031778753 0.722744463853419
1 1 1 0.995536702432574 0.947259959029081 0.851907492305802 0.794420658840281 0.66575875190944
1 1 1 0.999252442868198 0.987794413010134 0.930551776579775 0.831649319191591 0.665069541165133
1 1 1 0.999778536900379 0.997031291201635 0.983544670383312 0.926002653241056 0.749953363833742
1 1 1 0.989870500344724 0.886929691325708 0.755121097035758 0.725867760160315 0.551227201892781
1 1 1 0.994350220967917 0.92503270170379 0.734920908178167 0.59054181901963 0.421584143556411
1 1 1 0.988092104546355 0.859868182645392 0.638187225734628 0.462406734628618 0.287502202880726
1 1 1 0.999965087644065 0.987735050197399 0.859138599327559 0.637429305070876 0.332407707092095
1 1 1 0.989227659581329 0.844878280116587 0.459075302222247 0.266494433904734 0.0965857085071759
1 1 1 0.9921299746584 0.871484744821226 0.401821592619485 0.118804994281678 0.0229228872286552
1 1 1 0.999967305767106 0.991798153584392 0.870811197674854 0.401269499568138 0.0464524978359942
1 1 1 0.999922141777916 0.999188050043691 0.990308718383993 0.869168378142432 0.25369501469099
1 1 1 0.993721399761063 0.922812233826787 0.809197681117361 0.780674876652435 0.241612768968434
1 1 1 0.997119495281241 0.954854756885512 0.779065464537294 0.609624724948114 0.195513356998531
1 1 1 0.9993882492526 0.990855965009388 0.941739407548949 0.762400438609546 0.250554136178732
1 1 1 0.99678380749197 0.964770519857853 0.918968041524618 0.86140252768666 0.366201614180293
1 1 1 0.990194573397812 0.883269271394601 0.70862835516315 0.64475135981138 0.329013654470994
1 1 1 0.999964462489061 0.989834942477239 0.882580873124606 0.707938374415475 0.348969093072235
1 1 1 0.99997416585873 0.999705937516529 0.989329624089044 0.881923077616196 0.50353101371283
1 1 1 0.997972196297195 0.978587074722246 0.956701779355545 0.94297002842133 0.523848649482332
1 1 1 0.999935425527409 0.997325202627397 0.977353189950821 0.955399502476064 0.586237303123032
1 1 1 0.999959631637963 0.999531589929982 0.996556412682857 0.976534638079571 0.707344159252002
1 1 1 0.999924731061549 0.999205555369089 0.998095115479498 0.995035038127802 0.719708159654281
1 1 1 0.999940177952814 0.999326223549782 0.998067671721903 0.99689687648062 0.725733199571552
1 1 1 0.996002359317748 0.95581101384418 0.905693508144033 0.898053573081177 0.641172729639068
1 1 1 0.992048424120182 0.868977594277577 0.37224219081385 0.20644911336849 0.0940410615869587
1 1 1 0.994216239789711 0.898138156278106 0.393092742653339 0.0636551630709936 0.0132710642222005
1 1 1 0.991830557671362 0.897235687998059 0.665353102764938 0.228197846562742 0.0207744389815341
1 1 1 0.993586957128082 0.895502048424325 0.511466176097537 0.244905982340421 0.0373911490449141
1 1 1 0.978826404737877 0.715643530759756 0.187250827347515 0.0491504529972313 0.0069449333162678
1 1 1 0.98057709523247 0.727311393584222 0.18294111550511 0.025969472968918 0.00257659442997194
1 1 1 0.999968221160569 0.98024631098709 0.726616882525795 0.182627916246725 0.0142661520369789
1 1 1 0.999976637316312 0.999734557474279 0.979794432719597 0.72610435676213 0.130637008867888
1 1 1 0.999987482574692 0.999851400102058 0.999496265723254 0.979520880863527 0.185067590966146
1 1 1 0.999963346128428 0.999620868022038 0.999154655985434 0.998762709314495 0.212942674211278
1 1 1 0.999976279513089 0.999726073706518 0.999169776994291 0.998679539191298 0.260969269699467
1 1 1 0.999976029450454 0.999736539239931 0.999270434953772 0.998689936055644 0.347003749662743
1 1 1 0.999964347439767 0.999619423015149 0.999058774851831 0.998556809764473 0.398892224518488

# True vulnerable proportion of susceptible
0 0 0.05 0.499986668410043 0.949730064281467 0.999287278253786 0.993058930064795 0.398847190959508
0 0 0.05 0.499441912592772 0.938984120645643 0.97688968704609 0.975133238009128 0.439078315097379
0 0 0.05 0.497771266329449 0.896690615513274 0.848724652173515 0.820288774469518 0.36586425542195
0 0 0.05 0.497771695243113 0.889167762939776 0.751917077879864 0.601555138054423 0.262488095567731
0 0 0.05 0.496068492678092 0.856833618115855 0.710648911136227 0.50974182165718 0.184642904476759
0 0 0.05 0.499987337921637 0.942286141325205 0.901430481565579 0.710135751213499 0.235718965447001
0 0 0.05 0.499995871138755 0.949897471002165 0.991717659833823 0.901205336479132 0.479215867903914
0 0 0.05 0.499989808237388 0.949798488330029 0.999504658705242 0.991305892036601 0.553228549972994
0 0 0.05 0.499988201456035 0.949756203150627 0.999338110311456 0.999030463649998 0.58409501991828
0 0 0.05 0.499986011635671 0.949711665308764 0.999211059740543 0.99877731220082 0.623681277888441
0 0 0.05 0.499994644470367 0.949871661582266 0.999492912573971 0.998996633733915 0.744998012893122
0 0 0.05 0.499865054720401 0.947379079893354 0.994542506922958 0.993865430600583 0.793520604292562
0 0 0.05 0.497921188196765 0.907591878803583 0.906764456899563 0.898408031778753 0.722744463853419
0 0 0.05 0.497768351216287 0.899896961077627 0.851907492305802 0.794420658840281 0.66575875190944
0 0 0.05 0.499626221434099 0.938404692359627 0.930551776579775 0.831649319191591 0.665069541165133
0 0 0.05 0.499889268450189 0.947179726641553 0.983544670383312 0.926002653241056 0.749953363833742
0 0 0.05 0.494935250172362 0.842583206759423 0.755121097035758 0.725867760160315 0.551227201892781
0 0 0.05 0.497175110483958 0.8787810666186 0.734920908178167 0.59054181901963 0.421584143556411
0 0 0.05 0.494046052273177 0.816874773513123 0.638187225734628 0.462406734628618 0.287502202880726
0 0 0.05 0.499982543822033 0.938348297687529 0.859138599327559 0.637429305070876 0.332407707092095
0 0 0.05 0.494613829790665 0.802634366110757 0.459075302222247 0.266494433904734 0.0965857085071759
0 0 0.05 0.4960649873292 0.827910507580165 0.401821592619485 0.118804994281678 0.0229228872286552
0 0 0.05 0.499983652883553 0.942208245905173 0.870811197674854 0.401269499568138 0.0464524978359942
0 0 0.05 0.499961070888958 0.949228647541507 0.990308718383993 0.869168378142432 0.25369501469099
0 0 0.05 0.496860699880531 0.876671622135448 0.809197681117361 0.780674876652435 0.241612768968434
0 0 0.05 0.498559747640621 0.907112019041236 0.779065464537294 0.609624724948114 0.195513356998531
0 0 0.05 0.4996941246263 0.941313166758919 0.941739407548949 0.762400438609546 0.250554136178732
0 0 0.05 0.498391903745985 0.916531993864961 0.918968041524618 0.86140252768666 0.366201614180293
0 0 0.05 0.495097286698906 0.839105807824871 0.70862835516315 0.64475135981138 0.329013654470994
0 0 0.05 0.49998223124453 0.940343195353377 0.882580873124606 0.707938374415475 0.348969093072235
0 0 0.05 0.499987082929365 0.949720640640702 0.989329624089044 0.881923077616196 0.50353101371283
0 0 0.05 0.498986098148598 0.929657720986134 0.956701779355545 0.94297002842133 0.523848649482332
0 0 0.05 0.499967712763704 0.947458942496027 0.977353189950821 0.955399502476064 0.586237303123032
0 0 0.05 0.499979815818981 0.949555010433483 0.996556412682857 0.976534638079571 0.707344159252002
0 0 0.05 0.499962365530775 0.949245277600634 0.998095115479498 0.995035038127802 0.719708159654281
0 0 0.05 0.499970088976407 0.949359912372293 0.998067671721903 0.99689687648062 0.725733199571552
0 0 0.05 0.498001179658874 0.908020463151971 0.905693508144033 0.898053573081177 0.641172729639068
0 0 0.05 0.496024212060091 0.825528714563698 0.37224219081385 0.20644911336849 0.0940410615869587
0 0 0.05 0.497108119894856 0.8532312484642 0.393092742653339 0.0636551630709936 0.0132710642222005
0 0 0.05 0.495915278835681 0.852373903598156 0.665353102764938 0.228197846562742 0.0207744389815341
0 0 0.05 0.496793478564041 0.850726946003109 0.511466176097537 0.244905982340421 0.0373911490449141
0 0 0.05 0.489413202368938 0.679861354221768 0.187250827347515 0.0491504529972313 0.0069449333162678
0 0 0.05 0.490288547616235 0.690945823905011 0.18294111550511 0.025969472968918 0.00257659442997194
0 0 0.05 0.499984110580284 0.931233995437736 0.726616882525795 0.182627916246725 0.0142661520369789
0 0 0.05 0.499988318658156 0.949747829600565 0.979794432719597 0.72610435676213 0.130637008867888
0 0 0.05 0.499993741287346 0.949858830096955 0.999496265723254 0.979520880863527 0.185067590966146
0 0 0.05 0.499981673064214 0.949639824620936 0.999154655985434 0.998762709314495 0.212942674211278
0 0 0.05 0.499988139756545 0.949739770021192 0.999169776994291 0.998679539191298 0.260969269699467
0 0 0.05 0.499988014725227 0.949749712277934 0.999270434953772 0.998689936055644 0.347003749662743
0 0 0.05 0.499982173719884 0.949638451864392 0.999058774851831 0.998556809764473 0.398892224518488

# True survival by age
0.778267540515681 0.778267540515681 0.775240900413743 0.748001960712747 0.720777870061353 0.717778261574875 0.718158602163133 0.754444762721891
0.778267540515681 0.778267540515681 0.762470939381806 0.62047844205224 0.481618571318748 0.469649129156766 0.470204984267117 0.639847747625955
0.778267540515681 0.778267540515681 0.758314559342571 0.579629503315227 0.42046444410837 0.439656466849326 0.451019240718802 0.632604036673832
0.778267540515681 0.778267540515681 0.764981558064739 0.646002196818023 0.542032340246955 0.578600686861605 0.618634988122886 0.708912568622597
0.778267540515681 0.778267540515681 0.778265190057368 0.778248413643457 0.778279556512811 0.778388427816991 0.77850500450162 0.778693643708126
0.778267540515681 0.778267540515681 0.778260808461654 0.778200235184169 0.77814499994167 0.778198732403546 0.778326495023649 0.778643350231625
0.778267540515681 0.778267540515681 0.778259179064658 0.778183931099283 0.778108747642406 0.778106113039088 0.778169514348893 0.778465105977078
0.778267540515681 0.778267540515681 0.778179133544006 0.777383499688757 0.776588277464698 0.776500541051726 0.776519409545671 0.777527592850576
0.778267540515681 0.778267540515681 0.778229050279113 0.777882659815548 0.77753655054197 0.777498598257886 0.777498999136033 0.778039679640301
0.778267540515681 0.778267540515681 0.778274060278531 0.778332751238548 0.778391540256912 0.778398253595135 0.778398428329159 0.778549534753343
0.778267540515681 0.778267540515681 0.776726974885953 0.762862054940891 0.74900081986333 0.747472122350912 0.747487677990385 0.755449151769425
0.778267540515681 0.778267540515681 0.77287344465048 0.724341283936295 0.676063940106366 0.670977298196039 0.671050703533766 0.692771119905023
0.778267540515681 0.778267540515681 0.771578046303087 0.711652939402119 0.656864732118327 0.657001345942664 0.658123807093825 0.681719486803734
0.778267540515681 0.778267540515681 0.776240743306586 0.758092410435464 0.741817490766215 0.743813635186719 0.746174572685269 0.751458612567029
0.778267540515681 0.778267540515681 0.778050220511633 0.776096363695664 0.774195366823233 0.774260022946761 0.774742631594705 0.775555481381972
0.778267540515681 0.778267540515681 0.769513640442536 0.690748044536226 0.612438789990982 0.606079279957518 0.616184305171209 0.647100539892619
0.778267540515681 0.778267540515681 0.76816607259894 0.678281490986367 0.608101289810766 0.625841489668532 0.631767121670748 0.667142767374392
0.778267540515681 0.778267540515681 0.768456736587797 0.680716802682649 0.605876541466785 0.634205593315305 0.662612081090218 0.695854389034504
0.778267540515681 0.778267540515681 0.778241590769738 0.778017482921475 0.77791831090731 0.778129258556687 0.778314221376728 0.778498262479506
0.778267540515681 0.778267540515681 0.752728395234771 0.52288502264064 0.298981810734136 0.3395093437157 0.452872886069385 0.608835354657748
0.778267540515681 0.778267540515681 0.752258676621454 0.520986409201469 0.360838098317975 0.539755443529993 0.640034327698438 0.728507588527539
0.778267540515681 0.778267540515681 0.778247339384173 0.778071315667199 0.778001575737995 0.778424169681704 0.778689431286353 0.778779298247242
0.778267540515681 0.778267540515681 0.778195809218236 0.777550268427189 0.776920197690391 0.777087141142033 0.778011137461339 0.778709370663949
0.778267540515681 0.778267540515681 0.762539721563458 0.621001637910984 0.479682047226037 0.466764783728444 0.504934847695672 0.698864116890568
0.778267540515681 0.778267540515681 0.759295424076126 0.589740907485081 0.445662378429252 0.471325431856321 0.482163400779295 0.686993833137936
0.778267540515681 0.778267540515681 0.776788445260536 0.763520729380556 0.751457512215534 0.755339111571142 0.760441844463253 0.77291286945616
0.778267540515681 0.778267540515681 0.772246760385975 0.7180968975976 0.664923624299223 0.664898489296269 0.686589330479852 0.74849654965307
0.778267540515681 0.778267540515681 0.766749446385103 0.66345875830111 0.567152290793251 0.566615542098846 0.57990713862178 0.694246615528783
0.778267540515681 0.778267540515681 0.778259080129326 0.778188994899853 0.778187803121207 0.778303006882912 0.778347877296361 0.77856966733677
0.778267540515681 0.778267540515681 0.778218677706103 0.777778948734641 0.777354004747085 0.777467645768174 0.777731443043696 0.778273665693476
0.778267540515681 0.778267540515681 0.77381279750071 0.73372127498644 0.693652469520955 0.690129045765914 0.699755690760497 0.733670253583596
0.778267540515681 0.778267540515681 0.778232503451573 0.77791896166872 0.77762750925532 0.777620228538017 0.777637173296737 0.778154362304451
0.778267540515681 0.778267540515681 0.778243207508604 0.778024260591684 0.777807876328421 0.777803977916805 0.777826368541876 0.778202878064718
0.778267540515681 0.778267540515681 0.77811715316746 0.776763749268507 0.77541176909168 0.77527198725786 0.775342884151904 0.776296084816355
0.778267540515681 0.778267540515681 0.778231976946009 0.777911971723885 0.777592793136053 0.777558639777601 0.777562448086551 0.777905096227389
0.778267540515681 0.778267540515681 0.770221080914841 0.697807789963808 0.625488176170758 0.61765034692707 0.617839386377113 0.661622133818484
0.778267540515681 0.778267540515681 0.747903198589716 0.475840110253896 0.226862227585203 0.228302081522176 0.232945787471489 0.38908312255909
0.778267540515681 0.778267540515681 0.748441629600509 0.482384301420872 0.285894489268299 0.556553039252577 0.655540038341665 0.722653429870161
0.778267540515681 0.778267540515681 0.765229842270965 0.648647711419019 0.555838426576799 0.676090678074638 0.762168503272805 0.775333223760891
0.778267540515681 0.778267540515681 0.752094003193305 0.51867475562315 0.332129535251148 0.430153103126899 0.659224201190577 0.767914894175772
0.778267540515681 0.778267540515681 0.758159525561379 0.578480346299745 0.436194660225286 0.572836657188718 0.680178725673483 0.763743608836449
0.778267540515681 0.778267540515681 0.758995401639711 0.589638047101987 0.516371522786739 0.706526453976035 0.759829886838641 0.776120205350301
0.778267540515681 0.778267540515681 0.778242898521652 0.778036263885802 0.778072424027741 0.778613070405904 0.778774136251307 0.77879813927311
0.778267540515681 0.778267540515681 0.778260304849542 0.778195203099536 0.778143312057539 0.778308168884483 0.778676969402005 0.778791111249763
0.778267540515681 0.778267540515681 0.778239012673433 0.777982281216044 0.777725796935763 0.777719286563771 0.777999309517572 0.778656586019305
0.778267540515681 0.778267540515681 0.778251212284529 0.778104266922857 0.777957429464676 0.777941409006985 0.777958583986287 0.778641660628131
0.778267540515681 0.778267540515681 0.778251632734171 0.778108488076803 0.777965609428119 0.777950104609841 0.777950438312526 0.778619484064873
0.778267540515681 0.778267540515681 0.778259671076742 0.778188860641739 0.778118208202285 0.778110725114934 0.778111063688523 0.778620549516407
0.778267540515681 0.778267540515681 0.778251077501866 0.778102927105926 0.777954966151495 0.777938909491305 0.777939410173249 0.778501491354598
0.778267540515681 0.778267540515681 0.778229296078952 0.777885128794977 0.777541375701774 0.777503873614922 0.777504525231507 0.778282968593297

# True Numbers-at-age
54.3161622143442 207.225905084508 49.2940436131695 52.3898963784915 50.405089726562 23.2029126096513 9.29889248343032 68.1320192934981
15.4690343088476 42.2725059768084 161.277195481256 38.2147587557079 39.1877452126492 36.3308732133628 16.6545462764293 58.079924757212
17.535878027324 12.0390472856995 32.8993192580051 122.969174739457 23.7114339761438 18.8735458625192 17.0627629661607 44.9933597080715
67.3595369535629 13.6476046631084 9.36959972119332 24.9480327858047 71.2765616773146 9.96981490579163 8.29787649083393 36.1586153724065
49.4711128513428 52.4237411551245 10.6214877150877 7.16757099316142 16.1164839859179 38.6342015307113 5.7685417523741 30.7666536258414
27.7853228353676 38.5017613253883 40.7996960934294 8.26633415527474 5.57815075510473 12.543130009106 30.0724153894551 28.4486362395121
73.8526441652032 21.6244148655157 29.9646710922317 31.7528044666622 6.43286318374573 4.3406101190056 9.76104787345916 45.5574990980244
35.979306670797 57.4771157350324 16.8295801724756 23.3202803251827 24.7095222032941 5.00546711565933 3.37745526791758 43.0606732466202
177.970984700992 28.0015265121406 44.7325734990388 13.0964281165265 18.1288011329134 19.1891252848318 3.88674792352609 36.1035211863801
63.7608874868513 138.509040546395 21.7926791692883 34.8121881906976 10.1874843373667 14.0958054983468 14.9195180107517 31.1119146781735
27.306927076734 49.6230290854888 107.79709032523 16.9606769014293 27.0954662110997 7.92985162470606 10.9721503829299 35.8354960689754
132.880689628105 21.2520949750508 38.6199927993014 83.7289078698233 12.9386568342129 20.2945264066928 5.92734302384687 35.2734423208416
85.7012845985235 103.416727498893 16.5398156870385 29.8483668671728 60.6483046290116 8.74735931902213 13.6171664965309 28.4139698457531
220.104812008104 66.6985279835273 80.4858821587436 12.7617586740183 21.2416780173764 39.8377323735664 5.74702684604165 28.332138397831
58.6388831367481 171.300430697213 51.9092993297561 62.4764209925894 9.67459239458221 15.757448286514 29.631848534378 25.578714712547
158.018847647577 45.6367393574234 133.317564887997 40.3880417901211 48.4877231490681 7.49002460778883 12.2003622718987 42.7947687145613
598.379539755612 122.980939913801 35.5175928968571 102.589684691896 27.8979608891735 29.695762494833 4.53954872115275 35.2101896891193
146.10448744902 465.699372700505 95.712073637021 27.2834098437467 69.5846842926408 16.9647859997967 18.5848402366092 26.3581610182231
101.119357976275 113.708380105253 362.438705411318 73.5505877591561 18.5722755151156 42.1597278582833 10.7591621704683 30.6559816973176
91.0522578221562 78.6979140307203 88.4955413205375 282.064874655828 57.2236431557736 14.4477131984239 32.8057177793177 32.2396374133392
213.055130786456 70.8630167536491 61.2480319964032 66.6131068036406 147.487498370542 17.1088284475172 4.90513362618956 34.4854511688849
167.831883485243 165.813892631422 55.150385762384 46.0743634952827 34.7045233193827 53.2191084377019 9.23458328696823 28.2623667730378
22.082156742652 130.618107180174 129.047570401588 42.9206409855861 35.8491406233034 27.0001738277157 41.4270402968187 29.2010185702083
179.921143577456 17.1858258173855 101.655833021928 100.424278476311 33.3729559194095 27.8519214200875 20.9814878901175 54.9698055365378
63.9220802774004 140.026785898795 13.3751703906275 77.5166106078422 62.3636414198179 16.0084078174066 13.0002960780688 49.0107089941638
40.3630367272013 49.7484802021383 108.978302267771 10.155705673842 45.7147162850365 27.7931287626651 7.54516972787128 39.9383218048479
100.198775561863 31.4132413214231 38.7176273313112 84.6530859857149 7.75409180346607 34.3526669711925 20.9932371873738 36.6065056920992
12.5816210354844 77.9814546192141 24.4479060628495 29.8995622764366 60.7891184184047 5.15587882510956 22.8410363724437 41.8135758704755
4.68293046043293 9.79186725898678 60.6904348923309 18.7454184389648 19.8371264616713 34.4766877663005 2.92140107548542 42.2746135771334
18.2872889258607 3.6445727718471 7.62069244870766 47.2328820319542 14.5874783339952 15.4370098614456 26.833309755875 35.1875981553747
16.7747471915661 14.2324033750293 2.83645268737586 5.93056520063816 36.7367413325207 11.3396347020925 12.0017757146782 48.2546897214076
10.6429390171087 13.0552412395525 11.0766175703111 2.19488338899672 4.35138186040244 25.4825313474555 7.82581127628915 43.80134130008
207.98116103405 8.28305397270359 10.1604704903454 8.62018382151889 1.70744140695225 3.38375423792353 19.8157318501355 40.1698465670906
629.872924455774 161.864986671566 6.44643204329466 7.90731714420293 6.70671214390163 1.32806137469674 2.63189750654977 46.6734889549186
192.874286620194 490.209651753614 125.974265072483 5.01607934961593 6.14211731158621 5.20046352829141 1.02960878116155 38.2730697439432
227.866032331456 150.107796676615 381.514260007334 98.0372013516791 3.90206817718319 4.77606615608563 4.0436653472713 30.5734011265311
421.572192455793 177.340736549669 116.824025731737 293.850325727274 68.4111228094521 2.44069750744027 2.94993891825293 22.7263746082964
1030.51404246815 328.095953372373 138.01853886775 87.3730625168933 139.825771392209 15.5198997121572 0.557216321314599 9.52962464134881
75.763204000104 802.015629298559 255.346430684264 103.29882014526 42.1473937252137 39.9754174987216 8.63764735369626 7.2518935410851
17.9164339549795 58.9640424387487 624.182731269326 195.398708876974 67.0045432795078 23.4271410125356 27.0270071230274 12.2059767529453
25.1215161158498 13.9437789889535 45.8898002876672 469.444089084478 101.348377575843 22.2541878191384 10.0772574039337 27.1900085277997
42.1583047813244 19.5512605615074 10.8519905792271 34.7917892142042 271.564179221957 44.207621121079 12.7480145587651 27.6205313366068
24.5152067684418 32.8104401744718 15.2161114711856 8.2366109482708 20.5145626474473 140.228008759173 31.233853789392 31.1231749124555
38.7039387049309 19.0793896769086 25.5353005778231 11.8418306955641 6.40838200927351 15.9618154869683 109.183360456886 48.5627882167253
53.1486649998376 30.1220191841562 14.8488696783879 19.8731108121213 9.21525584320479 4.98663960162603 12.4232113837343 122.838836030385
91.4148014442097 41.3638807911154 23.4429897858194 11.5559696778251 15.4609280844733 7.1669421946234 3.87820579332724 105.314518572541
48.8484555192383 71.1451726867144 32.1921657694852 18.2445352203878 8.99174931474684 12.0279438697351 5.57546110915694 85.0193551169596
20.0773632213195 38.0171673349473 55.3699785664526 25.0536055713509 14.1962277159999 6.9952717354719 9.35714019170171 70.5351588303583
23.553349556936 15.6255600942963 29.5875273191425 43.0922213066537 19.4964367745371 11.0463432736055 5.44309596246404 62.2010184363683
37.4580496583596 18.3308074305827 12.160866223768 23.0265250167385 33.5301835342036 15.1673498110098 8.59338024013525 52.6579844790432

